-0.134811 4.00815e-07
-0.134721 3.98446e-07
-0.134631 3.96256e-07
-0.134542 3.94566e-07
-0.134452 3.93078e-07
-0.134362 3.91737e-07
-0.134272 3.9042e-07
-0.134182 3.89371e-07
-0.134092 3.88399e-07
-0.134002 3.87509e-07
-0.133912 3.86548e-07
-0.133822 3.85765e-07
-0.133732 3.8497e-07
-0.133642 3.84102e-07
-0.133553 3.83309e-07
-0.133463 3.82527e-07
-0.133373 3.81809e-07
-0.133283 3.8111e-07
-0.133193 3.80404e-07
-0.133103 3.79746e-07
-0.133013 3.79113e-07
-0.132923 3.78531e-07
-0.132833 3.7795e-07
-0.132743 3.77402e-07
-0.132654 3.76889e-07
-0.132564 3.76312e-07
-0.132474 3.75753e-07
-0.132384 3.7519e-07
-0.132294 3.74602e-07
-0.132204 3.7401e-07
-0.132114 3.73414e-07
-0.132024 3.72787e-07
-0.131934 3.72111e-07
-0.131844 3.71419e-07
-0.131754 3.70666e-07
-0.131665 3.69941e-07
-0.131575 3.691e-07
-0.131485 3.68252e-07
-0.131395 3.67269e-07
-0.131305 3.6624e-07
-0.131215 3.65204e-07
-0.131125 3.6402e-07
-0.131035 3.62808e-07
-0.130945 3.61386e-07
-0.130855 3.59865e-07
-0.130766 3.58221e-07
-0.130676 3.56372e-07
-0.130586 3.54408e-07
-0.130496 3.52067e-07
-0.130406 3.49461e-07
-0.130316 3.46697e-07
-0.130226 3.43975e-07
-0.130136 3.41351e-07
-0.130046 3.38748e-07
-0.129956 3.3625e-07
-0.129867 3.34007e-07
-0.129777 3.31946e-07
-0.129687 3.30211e-07
-0.129597 3.28725e-07
-0.129507 3.27278e-07
-0.129417 3.26079e-07
-0.129327 3.24974e-07
-0.129237 3.24012e-07
-0.129147 3.23106e-07
-0.129057 3.22279e-07
-0.128967 3.21499e-07
-0.128878 3.20729e-07
-0.128788 3.20021e-07
-0.128698 3.19309e-07
-0.128608 3.1859e-07
-0.128518 3.17837e-07
-0.128428 3.17195e-07
-0.128338 3.16533e-07
-0.128248 3.15882e-07
-0.128158 3.15237e-07
-0.128068 3.14629e-07
-0.127979 3.13972e-07
-0.127889 3.13316e-07
-0.127799 3.1272e-07
-0.127709 3.12097e-07
-0.127619 3.11418e-07
-0.127529 3.10764e-07
-0.127439 3.10019e-07
-0.127349 3.09337e-07
-0.127259 3.08578e-07
-0.127169 3.07818e-07
-0.127079 3.06944e-07
-0.12699 3.06089e-07
-0.1269 3.05128e-07
-0.12681 3.04228e-07
-0.12672 3.03189e-07
-0.12663 3.02147e-07
-0.12654 3.01049e-07
-0.12645 3.00012e-07
-0.12636 2.9889e-07
-0.12627 2.97721e-07
-0.12618 2.96598e-07
-0.126091 2.95441e-07
-0.126001 2.94102e-07
-0.125911 2.9264e-07
-0.125821 2.91072e-07
-0.125731 2.895e-07
-0.125641 2.87635e-07
-0.125551 2.85922e-07
-0.125461 2.84077e-07
-0.125371 2.82215e-07
-0.125281 2.80317e-07
-0.125191 2.78343e-07
-0.125102 2.76326e-07
-0.125012 2.74349e-07
-0.124922 2.7246e-07
-0.124832 2.70871e-07
-0.124742 2.69349e-07
-0.124652 2.67961e-07
-0.124562 2.66619e-07
-0.124472 2.6532e-07
-0.124382 2.64021e-07
-0.124292 2.62861e-07
-0.124203 2.61606e-07
-0.124113 2.60417e-07
-0.124023 2.59288e-07
-0.123933 2.5825e-07
-0.123843 2.57283e-07
-0.123753 2.56333e-07
-0.123663 2.55296e-07
-0.123573 2.54341e-07
-0.123483 2.5343e-07
-0.123393 2.52607e-07
-0.123304 2.51806e-07
-0.123214 2.5104e-07
-0.123124 2.50435e-07
-0.123034 2.4979e-07
-0.122944 2.49251e-07
-0.122854 2.48642e-07
-0.122764 2.48106e-07
-0.122674 2.47573e-07
-0.122584 2.46944e-07
-0.122494 2.46341e-07
-0.122404 2.45757e-07
-0.122315 2.45127e-07
-0.122225 2.44391e-07
-0.122135 2.43606e-07
-0.122045 2.42915e-07
-0.121955 2.42134e-07
-0.121865 2.41285e-07
-0.121775 2.40507e-07
-0.121685 2.39566e-07
-0.121595 2.38663e-07
-0.121505 2.37827e-07
-0.121416 2.36956e-07
-0.121326 2.36012e-07
-0.121236 2.35127e-07
-0.121146 2.3413e-07
-0.121056 2.33155e-07
-0.120966 2.32085e-07
-0.120876 2.30989e-07
-0.120786 2.29791e-07
-0.120696 2.2843e-07
-0.120606 2.27047e-07
-0.120516 2.25552e-07
-0.120427 2.23826e-07
-0.120337 2.21995e-07
-0.120247 2.20226e-07
-0.120157 2.18494e-07
-0.120067 2.16816e-07
-0.119977 2.15051e-07
-0.119887 2.1342e-07
-0.119797 2.11938e-07
-0.119707 2.10557e-07
-0.119617 2.09182e-07
-0.119528 2.0792e-07
-0.119438 2.06691e-07
-0.119348 2.05512e-07
-0.119258 2.04417e-07
-0.119168 2.03281e-07
-0.119078 2.02227e-07
-0.118988 2.01189e-07
-0.118898 2.0012e-07
-0.118808 1.99024e-07
-0.118718 1.97912e-07
-0.118628 1.96903e-07
-0.118539 1.95978e-07
-0.118449 1.95095e-07
-0.118359 1.94314e-07
-0.118269 1.93577e-07
-0.118179 1.92831e-07
-0.118089 1.92044e-07
-0.117999 1.91373e-07
-0.117909 1.9059e-07
-0.117819 1.89862e-07
-0.117729 1.89111e-07
-0.11764 1.8837e-07
-0.11755 1.87667e-07
-0.11746 1.86968e-07
-0.11737 1.86249e-07
-0.11728 1.85478e-07
-0.11719 1.84643e-07
-0.1171 1.83854e-07
-0.11701 1.83197e-07
-0.11692 1.82473e-07
-0.11683 1.8175e-07
-0.116741 1.81014e-07
-0.116651 1.80361e-07
-0.116561 1.79512e-07
-0.116471 1.78812e-07
-0.116381 1.78133e-07
-0.116291 1.77325e-07
-0.116201 1.76568e-07
-0.116111 1.75762e-07
-0.116021 1.74978e-07
-0.115931 1.74021e-07
-0.115841 1.73158e-07
-0.115752 1.72296e-07
-0.115662 1.71324e-07
-0.115572 1.70382e-07
-0.115482 1.69465e-07
-0.115392 1.68412e-07
-0.115302 1.67389e-07
-0.115212 1.66185e-07
-0.115122 1.64953e-07
-0.115032 1.6375e-07
-0.114942 1.62564e-07
-0.114853 1.61217e-07
-0.114763 1.5996e-07
-0.114673 1.58762e-07
-0.114583 1.57526e-07
-0.114493 1.56297e-07
-0.114403 1.55111e-07
-0.114313 1.53814e-07
-0.114223 1.52495e-07
-0.114133 1.51211e-07
-0.114043 1.49881e-07
-0.113953 1.48704e-07
-0.113864 1.47665e-07
-0.113774 1.46539e-07
-0.113684 1.45467e-07
-0.113594 1.44541e-07
-0.113504 1.43529e-07
-0.113414 1.4267e-07
-0.113324 1.41769e-07
-0.113234 1.40928e-07
-0.113144 1.4027e-07
-0.113054 1.3962e-07
-0.112965 1.38973e-07
-0.112875 1.38175e-07
-0.112785 1.37558e-07
-0.112695 1.36931e-07
-0.112605 1.36203e-07
-0.112515 1.35385e-07
-0.112425 1.34721e-07
-0.112335 1.33954e-07
-0.112245 1.33177e-07
-0.112155 1.32449e-07
-0.112065 1.31799e-07
-0.111976 1.31128e-07
-0.111886 1.30526e-07
-0.111796 1.29821e-07
-0.111706 1.29227e-07
-0.111616 1.28567e-07
-0.111526 1.27861e-07
-0.111436 1.27253e-07
-0.111346 1.26428e-07
-0.111256 1.25681e-07
-0.111166 1.2492e-07
-0.111077 1.24105e-07
-0.110987 1.23113e-07
-0.110897 1.22292e-07
-0.110807 1.21376e-07
-0.110717 1.20538e-07
-0.110627 1.19686e-07
-0.110537 1.18907e-07
-0.110447 1.181e-07
-0.110357 1.17464e-07
-0.110267 1.16713e-07
-0.110178 1.15955e-07
-0.110088 1.15417e-07
-0.109998 1.14588e-07
-0.109908 1.13876e-07
-0.109818 1.12999e-07
-0.109728 1.12161e-07
-0.109638 1.11252e-07
-0.109548 1.10297e-07
-0.109458 1.09394e-07
-0.109368 1.08449e-07
-0.109278 1.07538e-07
-0.109189 1.06596e-07
-0.109099 1.05708e-07
-0.109009 1.04727e-07
-0.108919 1.03842e-07
-0.108829 1.02913e-07
-0.108739 1.02067e-07
-0.108649 1.01236e-07
-0.108559 1.00283e-07
-0.108469 9.92525e-08
-0.108379 9.83312e-08
-0.10829 9.73636e-08
-0.1082 9.64972e-08
-0.10811 9.55426e-08
-0.10802 9.44851e-08
-0.10793 9.35544e-08
-0.10784 9.27699e-08
-0.10775 9.18947e-08
-0.10766 9.10812e-08
-0.10757 9.04193e-08
-0.10748 8.98426e-08
-0.10739 8.91875e-08
-0.107301 8.86572e-08
-0.107211 8.80994e-08
-0.107121 8.74589e-08
-0.107031 8.69396e-08
-0.106941 8.6262e-08
-0.106851 8.56939e-08
-0.106761 8.50956e-08
-0.106671 8.44739e-08
-0.106581 8.38918e-08
-0.106491 8.33908e-08
-0.106402 8.28504e-08
-0.106312 8.21857e-08
-0.106222 8.14859e-08
-0.106132 8.07863e-08
-0.106042 8.00497e-08
-0.105952 7.94633e-08
-0.105862 7.88327e-08
-0.105772 7.82703e-08
-0.105682 7.76555e-08
-0.105592 7.70458e-08
-0.105502 7.63493e-08
-0.105413 7.57407e-08
-0.105323 7.51205e-08
-0.105233 7.44321e-08
-0.105143 7.38145e-08
-0.105053 7.31417e-08
-0.104963 7.24752e-08
-0.104873 7.17957e-08
-0.104783 7.10708e-08
-0.104693 7.02543e-08
-0.104603 6.94866e-08
-0.104514 6.87882e-08
-0.104424 6.81631e-08
-0.104334 6.74606e-08
-0.104244 6.67251e-08
-0.104154 6.60176e-08
-0.104064 6.53498e-08
-0.103974 6.47162e-08
-0.103884 6.40669e-08
-0.103794 6.3583e-08
-0.103704 6.2903e-08
-0.103614 6.21994e-08
-0.103525 6.16077e-08
-0.103435 6.08789e-08
-0.103345 6.01797e-08
-0.103255 5.94456e-08
-0.103165 5.88781e-08
-0.103075 5.81242e-08
-0.102985 5.74487e-08
-0.102895 5.67302e-08
-0.102805 5.60414e-08
-0.102715 5.54374e-08
-0.102626 5.48251e-08
-0.102536 5.41167e-08
-0.102446 5.34442e-08
-0.102356 5.28142e-08
-0.102266 5.21053e-08
-0.102176 5.14132e-08
-0.102086 5.07935e-08
-0.101996 5.01575e-08
-0.101906 4.9521e-08
-0.101816 4.89513e-08
-0.101727 4.81665e-08
-0.101637 4.74268e-08
-0.101547 4.68716e-08
-0.101457 4.62984e-08
-0.101367 4.57032e-08
-0.101277 4.51389e-08
-0.101187 4.46226e-08
-0.101097 4.41443e-08
-0.101007 4.36247e-08
-0.100917 4.32545e-08
-0.100827 4.27566e-08
-0.100738 4.23681e-08
-0.100648 4.19392e-08
-0.100558 4.1503e-08
-0.100468 4.10738e-08
-0.100378 4.05327e-08
-0.100288 4.00497e-08
-0.100198 3.97045e-08
-0.100108 3.93102e-08
-0.100018 3.89038e-08
-0.0999284 3.83092e-08
-0.0998385 3.77052e-08
-0.0997486 3.71555e-08
-0.0996587 3.66386e-08
-0.0995688 3.61835e-08
-0.0994789 3.56944e-08
-0.099389 3.50426e-08
-0.0992991 3.4515e-08
-0.0992092 3.3836e-08
-0.0991193 3.32744e-08
-0.0990294 3.26574e-08
-0.0989395 3.21033e-08
-0.0988496 3.15952e-08
-0.0987597 3.10963e-08
-0.0986698 3.05505e-08
-0.0985799 2.99585e-08
-0.09849 2.93282e-08
-0.0984001 2.87305e-08
-0.0983102 2.82135e-08
-0.0982202 2.76566e-08
-0.0981303 2.71811e-08
-0.0980404 2.65798e-08
-0.0979505 2.60386e-08
-0.0978606 2.55912e-08
-0.0977707 2.50833e-08
-0.0976808 2.45929e-08
-0.0975909 2.41381e-08
-0.097501 2.37162e-08
-0.0974111 2.32848e-08
-0.0973212 2.27838e-08
-0.0972313 2.23679e-08
-0.0971414 2.19023e-08
-0.0970515 2.14556e-08
-0.0969616 2.10277e-08
-0.0968717 2.06285e-08
-0.0967818 2.01694e-08
-0.0966919 1.97166e-08
-0.096602 1.92397e-08
-0.0965121 1.87983e-08
-0.0964222 1.82991e-08
-0.0963323 1.78518e-08
-0.0962424 1.74433e-08
-0.0961525 1.69432e-08
-0.0960626 1.64764e-08
-0.0959726 1.59831e-08
-0.0958827 1.55585e-08
-0.0957928 1.51069e-08
-0.0957029 1.46535e-08
-0.095613 1.41797e-08
-0.0955231 1.37005e-08
-0.0954332 1.3212e-08
-0.0953433 1.27189e-08
-0.0952534 1.23409e-08
-0.0951635 1.1946e-08
-0.0950736 1.15462e-08
-0.0949837 1.11356e-08
-0.0948938 1.07896e-08
-0.0948039 1.04398e-08
-0.094714 1.00615e-08
-0.0946241 9.74235e-09
-0.0945342 9.43145e-09
-0.0944443 9.08976e-09
-0.0943544 8.77961e-09
-0.0942645 8.48265e-09
-0.0941746 8.10611e-09
-0.0940847 7.69545e-09
-0.0939948 7.30827e-09
-0.0939049 6.93692e-09
-0.0938149 6.6618e-09
-0.093725 6.29038e-09
-0.0936351 5.94114e-09
-0.0935452 5.51485e-09
-0.0934553 5.08732e-09
-0.0933654 4.72261e-09
-0.0932755 4.4199e-09
-0.0931856 4.05037e-09
-0.0930957 3.65837e-09
-0.0930058 3.26606e-09
-0.0929159 2.93389e-09
-0.092826 2.52091e-09
-0.0927361 2.11229e-09
-0.0926462 1.76072e-09
-0.0925563 1.3873e-09
-0.0924664 9.33408e-10
-0.0923765 4.66915e-10
-0.0922866 6.89103e-11
-0.0921967 -2.73057e-10
-0.0921068 -6.49781e-10
-0.0920169 -9.51028e-10
-0.091927 -1.36181e-09
-0.0918371 -1.75188e-09
-0.0917472 -2.16537e-09
-0.0916572 -2.60694e-09
-0.0915673 -2.97428e-09
-0.0914774 -3.31318e-09
-0.0913875 -3.64216e-09
-0.0912976 -3.92149e-09
-0.0912077 -4.24233e-09
-0.0911178 -4.63146e-09
-0.0910279 -4.97396e-09
-0.090938 -5.3074e-09
-0.0908481 -5.64518e-09
-0.0907582 -5.89303e-09
-0.0906683 -6.2148e-09
-0.0905784 -6.54169e-09
-0.0904885 -6.88146e-09
-0.0903986 -7.20995e-09
-0.0903087 -7.48239e-09
-0.0902188 -7.75574e-09
-0.0901289 -8.02489e-09
-0.090039 -8.29113e-09
-0.0899491 -8.55913e-09
-0.0898592 -8.7944e-09
-0.0897693 -8.9566e-09
-0.0896794 -9.19297e-09
-0.0895895 -9.33007e-09
-0.0894995 -9.5543e-09
-0.0894096 -9.78008e-09
-0.0893197 -1.00143e-08
-0.0892298 -1.03345e-08
-0.0891399 -1.06015e-08
-0.08905 -1.08979e-08
-0.0889601 -1.10987e-08
-0.0888702 -1.13528e-08
-0.0887803 -1.16376e-08
-0.0886904 -1.19563e-08
-0.0886005 -1.22746e-08
-0.0885106 -1.25825e-08
-0.0884207 -1.29067e-08
-0.0883308 -1.32151e-08
-0.0882409 -1.34803e-08
-0.088151 -1.37442e-08
-0.0880611 -1.40589e-08
-0.0879712 -1.43588e-08
-0.0878813 -1.46789e-08
-0.0877914 -1.4961e-08
-0.0877015 -1.52877e-08
-0.0876116 -1.55698e-08
-0.0875217 -1.58841e-08
-0.0874318 -1.61064e-08
-0.0873418 -1.63789e-08
-0.0872519 -1.662e-08
-0.087162 -1.68747e-08
-0.0870721 -1.7081e-08
-0.0869822 -1.72203e-08
-0.0868923 -1.73815e-08
-0.0868024 -1.76027e-08
-0.0867125 -1.78295e-08
-0.0866226 -1.80365e-08
-0.0865327 -1.82219e-08
-0.0864428 -1.84136e-08
-0.0863529 -1.85904e-08
-0.086263 -1.87674e-08
-0.0861731 -1.90148e-08
-0.0860832 -1.91536e-08
-0.0859933 -1.93563e-08
-0.0859034 -1.954e-08
-0.0858135 -1.97094e-08
-0.0857236 -1.98719e-08
-0.0856337 -2.00531e-08
-0.0855438 -2.02752e-08
-0.0854539 -2.04945e-08
-0.085364 -2.07554e-08
-0.0852741 -2.09452e-08
-0.0851841 -2.1141e-08
-0.0850942 -2.13929e-08
-0.0850043 -2.16031e-08
-0.0849144 -2.18447e-08
-0.0848245 -2.2103e-08
-0.0847346 -2.23058e-08
-0.0846447 -2.25008e-08
-0.0845548 -2.27051e-08
-0.0844649 -2.29734e-08
-0.084375 -2.31839e-08
-0.0842851 -2.33967e-08
-0.0841952 -2.36132e-08
-0.0841053 -2.37842e-08
-0.0840154 -2.39538e-08
-0.0839255 -2.41365e-08
-0.0838356 -2.43178e-08
-0.0837457 -2.44826e-08
-0.0836558 -2.46365e-08
-0.0835659 -2.4785e-08
-0.083476 -2.49675e-08
-0.0833861 -2.5092e-08
-0.0832962 -2.51908e-08
-0.0832063 -2.53307e-08
-0.0831164 -2.5459e-08
-0.0830264 -2.55861e-08
-0.0829365 -2.57627e-08
-0.0828466 -2.58691e-08
-0.0827567 -2.59584e-08
-0.0826668 -2.60662e-08
-0.0825769 -2.62183e-08
-0.082487 -2.63402e-08
-0.0823971 -2.64655e-08
-0.0823072 -2.66289e-08
-0.0822173 -2.67743e-08
-0.0821274 -2.69444e-08
-0.0820375 -2.70844e-08
-0.0819476 -2.71802e-08
-0.0818577 -2.73441e-08
-0.0817678 -2.75043e-08
-0.0816779 -2.76591e-08
-0.081588 -2.78232e-08
-0.0814981 -2.79721e-08
-0.0814082 -2.81341e-08
-0.0813183 -2.82918e-08
-0.0812284 -2.85198e-08
-0.0811385 -2.87359e-08
-0.0810486 -2.88892e-08
-0.0809587 -2.9048e-08
-0.0808687 -2.92377e-08
-0.0807788 -2.9359e-08
-0.0806889 -2.95585e-08
-0.080599 -2.97227e-08
-0.0805091 -2.98787e-08
-0.0804192 -3.0046e-08
-0.0803293 -3.017e-08
-0.0802394 -3.02587e-08
-0.0801495 -3.03475e-08
-0.0800596 -3.0473e-08
-0.0799697 -3.05263e-08
-0.0798798 -3.06176e-08
-0.0797899 -3.07193e-08
-0.0797 -3.08566e-08
-0.0796101 -3.09574e-08
-0.0795202 -3.10654e-08
-0.0794303 -3.11174e-08
-0.0793404 -3.1227e-08
-0.0792505 -3.12909e-08
-0.0791606 -3.13351e-08
-0.0790707 -3.13194e-08
-0.0789808 -3.13419e-08
-0.0788909 -3.14238e-08
-0.078801 -3.15295e-08
-0.078711 -3.15728e-08
-0.0786211 -3.16874e-08
-0.0785312 -3.17562e-08
-0.0784413 -3.17927e-08
-0.0783514 -3.18692e-08
-0.0782615 -3.19277e-08
-0.0781716 -3.20206e-08
-0.0780817 -3.21652e-08
-0.0779918 -3.22639e-08
-0.0779019 -3.23898e-08
-0.077812 -3.24813e-08
-0.0777221 -3.25786e-08
-0.0776322 -3.26821e-08
-0.0775423 -3.27674e-08
-0.0774524 -3.28571e-08
-0.0773625 -3.29773e-08
-0.0772726 -3.30774e-08
-0.0771827 -3.3208e-08
-0.0770928 -3.33442e-08
-0.0770029 -3.35206e-08
-0.076913 -3.36795e-08
-0.0768231 -3.38091e-08
-0.0767332 -3.39258e-08
-0.0766433 -3.40506e-08
-0.0765534 -3.41403e-08
-0.0764634 -3.42424e-08
-0.0763735 -3.43404e-08
-0.0762836 -3.44445e-08
-0.0761937 -3.45012e-08
-0.0761038 -3.45882e-08
-0.0760139 -3.46357e-08
-0.075924 -3.465e-08
-0.0758341 -3.46661e-08
-0.0757442 -3.46613e-08
-0.0756543 -3.46747e-08
-0.0755644 -3.4693e-08
-0.0754745 -3.47127e-08
-0.0753846 -3.47921e-08
-0.0752947 -3.48182e-08
-0.0752048 -3.48715e-08
-0.0751149 -3.49094e-08
-0.075025 -3.49372e-08
-0.0749351 -3.49122e-08
-0.0748452 -3.49371e-08
-0.0747553 -3.49934e-08
-0.0746654 -3.50622e-08
-0.0745755 -3.51115e-08
-0.0744856 -3.52063e-08
-0.0743957 -3.52443e-08
-0.0743057 -3.52924e-08
-0.0742158 -3.53287e-08
-0.0741259 -3.53909e-08
-0.074036 -3.54245e-08
-0.0739461 -3.55092e-08
-0.0738562 -3.55722e-08
-0.0737663 -3.5653e-08
-0.0736764 -3.57213e-08
-0.0735865 -3.5783e-08
-0.0734966 -3.5839e-08
-0.0734067 -3.58883e-08
-0.0733168 -3.59319e-08
-0.0732269 -3.59938e-08
-0.073137 -3.60579e-08
-0.0730471 -3.61373e-08
-0.0729572 -3.62058e-08
-0.0728673 -3.62742e-08
-0.0727774 -3.63553e-08
-0.0726875 -3.64016e-08
-0.0725976 -3.64471e-08
-0.0725077 -3.65077e-08
-0.0724178 -3.65623e-08
-0.0723279 -3.65976e-08
-0.072238 -3.66265e-08
-0.072148 -3.66629e-08
-0.0720581 -3.66868e-08
-0.0719682 -3.67204e-08
-0.0718783 -3.67201e-08
-0.0717884 -3.67541e-08
-0.0716985 -3.68003e-08
-0.0716086 -3.67764e-08
-0.0715187 -3.6796e-08
-0.0714288 -3.68179e-08
-0.0713389 -3.68308e-08
-0.071249 -3.6844e-08
-0.0711591 -3.6861e-08
-0.0710692 -3.68575e-08
-0.0709793 -3.68538e-08
-0.0708894 -3.68664e-08
-0.0707995 -3.68698e-08
-0.0707096 -3.68475e-08
-0.0706197 -3.68372e-08
-0.0705298 -3.68468e-08
-0.0704399 -3.68814e-08
-0.07035 -3.6878e-08
-0.0702601 -3.68744e-08
-0.0701702 -3.69126e-08
-0.0700803 -3.69376e-08
-0.0699903 -3.69442e-08
-0.0699004 -3.69552e-08
-0.0698105 -3.69456e-08
-0.0697206 -3.69688e-08
-0.0696307 -3.69759e-08
-0.0695408 -3.70037e-08
-0.0694509 -3.70035e-08
-0.069361 -3.70239e-08
-0.0692711 -3.70259e-08
-0.0691812 -3.70372e-08
-0.0690913 -3.70101e-08
-0.0690014 -3.70278e-08
-0.0689115 -3.70313e-08
-0.0688216 -3.70272e-08
-0.0687317 -3.70412e-08
-0.0686418 -3.70521e-08
-0.0685519 -3.70654e-08
-0.068462 -3.70812e-08
-0.0683721 -3.70789e-08
-0.0682822 -3.7097e-08
-0.0681923 -3.71195e-08
-0.0681024 -3.71281e-08
-0.0680125 -3.71074e-08
-0.0679226 -3.7118e-08
-0.0678326 -3.70793e-08
-0.0677427 -3.70735e-08
-0.0676528 -3.70397e-08
-0.0675629 -3.70096e-08
-0.067473 -3.69682e-08
-0.0673831 -3.69235e-08
-0.0672932 -3.69189e-08
-0.0672033 -3.68943e-08
-0.0671134 -3.68932e-08
-0.0670235 -3.68962e-08
-0.0669336 -3.68919e-08
-0.0668437 -3.68702e-08
-0.0667538 -3.68455e-08
-0.0666639 -3.68185e-08
-0.066574 -3.68005e-08
-0.0664841 -3.67818e-08
-0.0663942 -3.67652e-08
-0.0663043 -3.67427e-08
-0.0662144 -3.66931e-08
-0.0661245 -3.66407e-08
-0.0660346 -3.66191e-08
-0.0659447 -3.66072e-08
-0.0658548 -3.6559e-08
-0.0657649 -3.65316e-08
-0.0656749 -3.65002e-08
-0.065585 -3.64622e-08
-0.0654951 -3.64597e-08
-0.0654052 -3.64396e-08
-0.0653153 -3.64429e-08
-0.0652254 -3.64016e-08
-0.0651355 -3.63707e-08
-0.0650456 -3.6338e-08
-0.0649557 -3.62791e-08
-0.0648658 -3.62375e-08
-0.0647759 -3.62064e-08
-0.064686 -3.61479e-08
-0.0645961 -3.61253e-08
-0.0645062 -3.61111e-08
-0.0644163 -3.60991e-08
-0.0643264 -3.60631e-08
-0.0642365 -3.6028e-08
-0.0641466 -3.59854e-08
-0.0640567 -3.59699e-08
-0.0639668 -3.59315e-08
-0.0638769 -3.58974e-08
-0.063787 -3.58689e-08
-0.0636971 -3.58173e-08
-0.0636072 -3.57691e-08
-0.0635172 -3.57262e-08
-0.0634273 -3.56612e-08
-0.0633374 -3.56282e-08
-0.0632475 -3.55743e-08
-0.0631576 -3.55306e-08
-0.0630677 -3.54831e-08
-0.0629778 -3.54527e-08
-0.0628879 -3.54046e-08
-0.062798 -3.53937e-08
-0.0627081 -3.53554e-08
-0.0626182 -3.52865e-08
-0.0625283 -3.52382e-08
-0.0624384 -3.51849e-08
-0.0623485 -3.51225e-08
-0.0622586 -3.50533e-08
-0.0621687 -3.50122e-08
-0.0620788 -3.49629e-08
-0.0619889 -3.48921e-08
-0.061899 -3.48369e-08
-0.0618091 -3.47897e-08
-0.0617192 -3.47461e-08
-0.0616293 -3.46861e-08
-0.0615394 -3.46212e-08
-0.0614495 -3.45624e-08
-0.0613595 -3.45058e-08
-0.0612696 -3.44525e-08
-0.0611797 -3.43774e-08
-0.0610898 -3.43382e-08
-0.0609999 -3.42659e-08
-0.06091 -3.42032e-08
-0.0608201 -3.41329e-08
-0.0607302 -3.40555e-08
-0.0606403 -3.39919e-08
-0.0605504 -3.39548e-08
-0.0604605 -3.38949e-08
-0.0603706 -3.38386e-08
-0.0602807 -3.37956e-08
-0.0601908 -3.37664e-08
-0.0601009 -3.37268e-08
-0.060011 -3.36793e-08
-0.0599211 -3.36411e-08
-0.0598312 -3.35711e-08
-0.0597413 -3.35362e-08
-0.0596514 -3.34728e-08
-0.0595615 -3.34347e-08
-0.0594716 -3.34155e-08
-0.0593817 -3.3381e-08
-0.0592918 -3.3342e-08
-0.0592018 -3.32972e-08
-0.0591119 -3.32533e-08
-0.059022 -3.31933e-08
-0.0589321 -3.31311e-08
-0.0588422 -3.31031e-08
-0.0587523 -3.30784e-08
-0.0586624 -3.30259e-08
-0.0585725 -3.30064e-08
-0.0584826 -3.29643e-08
-0.0583927 -3.29249e-08
-0.0583028 -3.28443e-08
-0.0582129 -3.27479e-08
-0.058123 -3.26705e-08
-0.0580331 -3.25812e-08
-0.0579432 -3.25084e-08
-0.0578533 -3.24123e-08
-0.0577634 -3.23267e-08
-0.0576735 -3.22548e-08
-0.0575836 -3.21573e-08
-0.0574937 -3.20732e-08
-0.0574038 -3.19961e-08
-0.0573139 -3.19141e-08
-0.057224 -3.18441e-08
-0.0571341 -3.17622e-08
-0.0570442 -3.16827e-08
-0.0569542 -3.16051e-08
-0.0568643 -3.15071e-08
-0.0567744 -3.14129e-08
-0.0566845 -3.13157e-08
-0.0565946 -3.1218e-08
-0.0565047 -3.11045e-08
-0.0564148 -3.09989e-08
-0.0563249 -3.09052e-08
-0.056235 -3.08074e-08
-0.0561451 -3.07394e-08
-0.0560552 -3.06633e-08
-0.0559653 -3.05992e-08
-0.0558754 -3.0535e-08
-0.0557855 -3.0457e-08
-0.0556956 -3.03834e-08
-0.0556057 -3.02935e-08
-0.0555158 -3.02056e-08
-0.0554259 -3.01377e-08
-0.055336 -3.00589e-08
-0.0552461 -2.99917e-08
-0.0551562 -2.99143e-08
-0.0550663 -2.98292e-08
-0.0549764 -2.97509e-08
-0.0548865 -2.96783e-08
-0.0547965 -2.96027e-08
-0.0547066 -2.95517e-08
-0.0546167 -2.94872e-08
-0.0545268 -2.94184e-08
-0.0544369 -2.93631e-08
-0.054347 -2.93222e-08
-0.0542571 -2.92573e-08
-0.0541672 -2.92082e-08
-0.0540773 -2.91472e-08
-0.0539874 -2.90827e-08
-0.0538975 -2.90026e-08
-0.0538076 -2.89188e-08
-0.0537177 -2.88556e-08
-0.0536278 -2.87813e-08
-0.0535379 -2.87201e-08
-0.053448 -2.86612e-08
-0.0533581 -2.85861e-08
-0.0532682 -2.84919e-08
-0.0531783 -2.84171e-08
-0.0530884 -2.83489e-08
-0.0529985 -2.82697e-08
-0.0529086 -2.81959e-08
-0.0528187 -2.81158e-08
-0.0527288 -2.80436e-08
-0.0526388 -2.79535e-08
-0.0525489 -2.78614e-08
-0.052459 -2.77639e-08
-0.0523691 -2.76624e-08
-0.0522792 -2.75581e-08
-0.0521893 -2.7451e-08
-0.0520994 -2.7341e-08
-0.0520095 -2.72303e-08
-0.0519196 -2.71154e-08
-0.0518297 -2.70034e-08
-0.0517398 -2.6906e-08
-0.0516499 -2.67934e-08
-0.05156 -2.66761e-08
-0.0514701 -2.65428e-08
-0.0513802 -2.64185e-08
-0.0512903 -2.63025e-08
-0.0512004 -2.62091e-08
-0.0511105 -2.60973e-08
-0.0510206 -2.59822e-08
-0.0509307 -2.58783e-08
-0.0508408 -2.57803e-08
-0.0507509 -2.568e-08
-0.050661 -2.55726e-08
-0.0505711 -2.54804e-08
-0.0504811 -2.53861e-08
-0.0503912 -2.52866e-08
-0.0503013 -2.51924e-08
-0.0502114 -2.51005e-08
-0.0501215 -2.50116e-08
-0.0500316 -2.49337e-08
-0.0499417 -2.4859e-08
-0.0498518 -2.47913e-08
-0.0497619 -2.47234e-08
-0.049672 -2.46528e-08
-0.0495821 -2.45808e-08
-0.0494922 -2.45105e-08
-0.0494023 -2.44482e-08
-0.0493124 -2.43808e-08
-0.0492225 -2.43152e-08
-0.0491326 -2.42333e-08
-0.0490427 -2.41636e-08
-0.0489528 -2.4104e-08
-0.0488629 -2.40382e-08
-0.048773 -2.39752e-08
-0.0486831 -2.39025e-08
-0.0485932 -2.38395e-08
-0.0485033 -2.37714e-08
-0.0484134 -2.37044e-08
-0.0483234 -2.36358e-08
-0.0482335 -2.35544e-08
-0.0481436 -2.34898e-08
-0.0480537 -2.34293e-08
-0.0479638 -2.33525e-08
-0.0478739 -2.32732e-08
-0.047784 -2.31955e-08
-0.0476941 -2.31077e-08
-0.0476042 -2.30174e-08
-0.0475143 -2.29236e-08
-0.0474244 -2.28397e-08
-0.0473345 -2.27389e-08
-0.0472446 -2.26388e-08
-0.0471547 -2.25458e-08
-0.0470648 -2.24355e-08
-0.0469749 -2.23292e-08
-0.046885 -2.2214e-08
-0.0467951 -2.20847e-08
-0.0467052 -2.19636e-08
-0.0466153 -2.18482e-08
-0.0465254 -2.17303e-08
-0.0464355 -2.16101e-08
-0.0463456 -2.14895e-08
-0.0462557 -2.1369e-08
-0.0461657 -2.12512e-08
-0.0460758 -2.1135e-08
-0.0459859 -2.09963e-08
-0.045896 -2.08607e-08
-0.0458061 -2.07421e-08
-0.0457162 -2.05937e-08
-0.0456263 -2.04615e-08
-0.0455364 -2.0333e-08
-0.0454465 -2.02267e-08
-0.0453566 -2.01154e-08
-0.0452667 -1.99933e-08
-0.0451768 -1.98741e-08
-0.0450869 -1.97489e-08
-0.044997 -1.96419e-08
-0.0449071 -1.95449e-08
-0.0448172 -1.94405e-08
-0.0447273 -1.93447e-08
-0.0446374 -1.92397e-08
-0.0445475 -1.91516e-08
-0.0444576 -1.90531e-08
-0.0443677 -1.8961e-08
-0.0442778 -1.88773e-08
-0.0441879 -1.87851e-08
-0.044098 -1.86974e-08
-0.044008 -1.86125e-08
-0.0439181 -1.85394e-08
-0.0438282 -1.84776e-08
-0.0437383 -1.84153e-08
-0.0436484 -1.83594e-08
-0.0435585 -1.82984e-08
-0.0434686 -1.82363e-08
-0.0433787 -1.81603e-08
-0.0432888 -1.80981e-08
-0.0431989 -1.80247e-08
-0.043109 -1.79681e-08
-0.0430191 -1.79092e-08
-0.0429292 -1.78511e-08
-0.0428393 -1.7788e-08
-0.0427494 -1.77241e-08
-0.0426595 -1.76692e-08
-0.0425696 -1.76027e-08
-0.0424797 -1.754e-08
-0.0423898 -1.74624e-08
-0.0422999 -1.74026e-08
-0.04221 -1.73317e-08
-0.0421201 -1.72569e-08
-0.0420302 -1.71794e-08
-0.0419403 -1.71016e-08
-0.0418503 -1.70337e-08
-0.0417604 -1.69653e-08
-0.0416705 -1.68686e-08
-0.0415806 -1.67639e-08
-0.0414907 -1.66722e-08
-0.0414008 -1.65829e-08
-0.0413109 -1.64857e-08
-0.041221 -1.63865e-08
-0.0411311 -1.62794e-08
-0.0410412 -1.6172e-08
-0.0409513 -1.60663e-08
-0.0408614 -1.5962e-08
-0.0407715 -1.5851e-08
-0.0406816 -1.57374e-08
-0.0405917 -1.56071e-08
-0.0405018 -1.54796e-08
-0.0404119 -1.53518e-08
-0.040322 -1.52299e-08
-0.0402321 -1.51041e-08
-0.0401422 -1.49789e-08
-0.0400523 -1.48553e-08
-0.0399624 -1.47269e-08
-0.0398725 -1.45975e-08
-0.0397826 -1.44742e-08
-0.0396927 -1.43421e-08
-0.0396027 -1.4206e-08
-0.0395128 -1.40717e-08
-0.0394229 -1.39302e-08
-0.039333 -1.37949e-08
-0.0392431 -1.36663e-08
-0.0391532 -1.35536e-08
-0.0390633 -1.34355e-08
-0.0389734 -1.33109e-08
-0.0388835 -1.31872e-08
-0.0387936 -1.30639e-08
-0.0387037 -1.29462e-08
-0.0386138 -1.2846e-08
-0.0385239 -1.27355e-08
-0.038434 -1.26204e-08
-0.0383441 -1.25134e-08
-0.0382542 -1.24033e-08
-0.0381643 -1.23056e-08
-0.0380744 -1.22045e-08
-0.0379845 -1.21087e-08
-0.0378946 -1.20165e-08
-0.0378047 -1.19271e-08
-0.0377148 -1.18426e-08
-0.0376249 -1.17613e-08
-0.037535 -1.16829e-08
-0.037445 -1.16134e-08
-0.0373551 -1.15531e-08
-0.0372652 -1.14948e-08
-0.0371753 -1.14297e-08
-0.0370854 -1.13661e-08
-0.0369955 -1.12925e-08
-0.0369056 -1.12372e-08
-0.0368157 -1.11821e-08
-0.0367258 -1.113e-08
-0.0366359 -1.10789e-08
-0.036546 -1.10172e-08
-0.0364561 -1.09587e-08
-0.0363662 -1.09066e-08
-0.0362763 -1.08529e-08
-0.0361864 -1.0816e-08
-0.0360965 -1.07685e-08
-0.0360066 -1.07204e-08
-0.0359167 -1.06749e-08
-0.0358268 -1.06273e-08
-0.0357369 -1.05791e-08
-0.035647 -1.05315e-08
-0.0355571 -1.04755e-08
-0.0354672 -1.04244e-08
-0.0353773 -1.03663e-08
-0.0352873 -1.02973e-08
-0.0351974 -1.02369e-08
-0.0351075 -1.01771e-08
-0.0350176 -1.01133e-08
-0.0349277 -1.00362e-08
-0.0348378 -9.96802e-09
-0.0347479 -9.89537e-09
-0.034658 -9.81921e-09
-0.0345681 -9.73623e-09
-0.0344782 -9.65299e-09
-0.0343883 -9.56311e-09
-0.0342984 -9.48033e-09
-0.0342085 -9.39534e-09
-0.0341186 -9.30886e-09
-0.0340287 -9.21461e-09
-0.0339388 -9.12351e-09
-0.0338489 -9.01782e-09
-0.033759 -8.91199e-09
-0.0336691 -8.80499e-09
-0.0335792 -8.69483e-09
-0.0334893 -8.58001e-09
-0.0333994 -8.46961e-09
-0.0333095 -8.35106e-09
-0.0332196 -8.23732e-09
-0.0331296 -8.11923e-09
-0.0330397 -8.00044e-09
-0.0329498 -7.87314e-09
-0.0328599 -7.75915e-09
-0.03277 -7.63484e-09
-0.0326801 -7.50564e-09
-0.0325902 -7.36711e-09
-0.0325003 -7.23815e-09
-0.0324104 -7.11699e-09
-0.0323205 -7.0001e-09
-0.0322306 -6.87762e-09
-0.0321407 -6.75074e-09
-0.0320508 -6.63518e-09
-0.0319609 -6.49758e-09
-0.031871 -6.37927e-09
-0.0317811 -6.25706e-09
-0.0316912 -6.14581e-09
-0.0316013 -6.02526e-09
-0.0315114 -5.90117e-09
-0.0314215 -5.80022e-09
-0.0313316 -5.69155e-09
-0.0312417 -5.58102e-09
-0.0311518 -5.47889e-09
-0.0310619 -5.38249e-09
-0.0309719 -5.28032e-09
-0.030882 -5.18557e-09
-0.0307921 -5.09943e-09
-0.0307022 -5.01975e-09
-0.0306123 -4.93464e-09
-0.0305224 -4.84459e-09
-0.0304325 -4.76479e-09
-0.0303426 -4.68427e-09
-0.0302527 -4.60288e-09
-0.0301628 -4.53757e-09
-0.0300729 -4.47197e-09
-0.029983 -4.40371e-09
-0.0298931 -4.33815e-09
-0.0298032 -4.27999e-09
-0.0297133 -4.21962e-09
-0.0296234 -4.16286e-09
-0.0295335 -4.10457e-09
-0.0294436 -4.05163e-09
-0.0293537 -4.00488e-09
-0.0292638 -3.95497e-09
-0.0291739 -3.90681e-09
-0.029084 -3.86705e-09
-0.0289941 -3.818e-09
-0.0289042 -3.77395e-09
-0.0288142 -3.73487e-09
-0.0287243 -3.70117e-09
-0.0286344 -3.65747e-09
-0.0285445 -3.61729e-09
-0.0284546 -3.57981e-09
-0.0283647 -3.5471e-09
-0.0282748 -3.51986e-09
-0.0281849 -3.48978e-09
-0.028095 -3.44526e-09
-0.0280051 -3.4151e-09
-0.0279152 -3.38195e-09
-0.0278253 -3.3541e-09
-0.0277354 -3.32777e-09
-0.0276455 -3.29728e-09
-0.0275556 -3.2705e-09
-0.0274657 -3.23463e-09
-0.0273758 -3.20108e-09
-0.0272859 -3.17357e-09
-0.027196 -3.14605e-09
-0.0271061 -3.11205e-09
-0.0270162 -3.08558e-09
-0.0269263 -3.05082e-09
-0.0268364 -3.01705e-09
-0.0267465 -2.98076e-09
-0.0266565 -2.94441e-09
-0.0265666 -2.8957e-09
-0.0264767 -2.84831e-09
-0.0263868 -2.80494e-09
-0.0262969 -2.75659e-09
-0.026207 -2.71734e-09
-0.0261171 -2.66572e-09
-0.0260272 -2.6084e-09
-0.0259373 -2.55102e-09
-0.0258474 -2.49668e-09
-0.0257575 -2.43837e-09
-0.0256676 -2.38526e-09
-0.0255777 -2.32336e-09
-0.0254878 -2.26074e-09
-0.0253979 -2.20493e-09
-0.025308 -2.13449e-09
-0.0252181 -2.06603e-09
-0.0251282 -1.99871e-09
-0.0250383 -1.93027e-09
-0.0249484 -1.85081e-09
-0.0248585 -1.77373e-09
-0.0247686 -1.68593e-09
-0.0246787 -1.60528e-09
-0.0245888 -1.52824e-09
-0.0244988 -1.43393e-09
-0.0244089 -1.35034e-09
-0.024319 -1.25986e-09
-0.0242291 -1.16479e-09
-0.0241392 -1.07197e-09
-0.0240493 -9.84974e-10
-0.0239594 -8.95363e-10
-0.0238695 -8.01621e-10
-0.0237796 -7.09329e-10
-0.0236897 -6.05113e-10
-0.0235998 -5.09819e-10
-0.0235099 -4.11731e-10
-0.02342 -3.07313e-10
-0.0233301 -2.02113e-10
-0.0232402 -9.73682e-11
-0.0231503 1.53723e-11
-0.0230604 1.24616e-10
-0.0229705 2.26687e-10
-0.0228806 3.31039e-10
-0.0227907 4.37138e-10
-0.0227008 5.34824e-10
-0.0226109 6.42531e-10
-0.022521 7.3922e-10
-0.0224311 8.39658e-10
-0.0223411 9.30492e-10
-0.0222512 1.02758e-09
-0.0221613 1.13022e-09
-0.0220714 1.2269e-09
-0.0219815 1.32586e-09
-0.0218916 1.41847e-09
-0.0218017 1.50029e-09
-0.0217118 1.58563e-09
-0.0216219 1.68338e-09
-0.021532 1.77595e-09
-0.0214421 1.86167e-09
-0.0213522 1.94617e-09
-0.0212623 2.03217e-09
-0.0211724 2.10883e-09
-0.0210825 2.18414e-09
-0.0209926 2.25904e-09
-0.0209027 2.34079e-09
-0.0208128 2.41325e-09
-0.0207229 2.4902e-09
-0.020633 2.55435e-09
-0.0205431 2.62572e-09
-0.0204532 2.68817e-09
-0.0203633 2.74419e-09
-0.0202734 2.79932e-09
-0.0201835 2.84362e-09
-0.0200935 2.8866e-09
-0.0200036 2.93271e-09
-0.0199137 2.98175e-09
-0.0198238 3.03171e-09
-0.0197339 3.07466e-09
-0.019644 3.11503e-09
-0.0195541 3.15484e-09
-0.0194642 3.19386e-09
-0.0193743 3.22324e-09
-0.0192844 3.25762e-09
-0.0191945 3.28521e-09
-0.0191046 3.31146e-09
-0.0190147 3.32742e-09
-0.0189248 3.34253e-09
-0.0188349 3.35952e-09
-0.018745 3.37269e-09
-0.0186551 3.38509e-09
-0.0185652 3.39674e-09
-0.0184753 3.40972e-09
-0.0183854 3.41332e-09
-0.0182955 3.41963e-09
-0.0182056 3.42515e-09
-0.0181157 3.42859e-09
-0.0180258 3.43197e-09
-0.0179358 3.42443e-09
-0.0178459 3.41393e-09
-0.017756 3.40871e-09
-0.0176661 3.40418e-09
-0.0175762 3.39868e-09
-0.0174863 3.39094e-09
-0.0173964 3.37686e-09
-0.0173065 3.36478e-09
-0.0172166 3.34926e-09
-0.0171267 3.33414e-09
-0.0170368 3.31757e-09
-0.0169469 3.29969e-09
-0.016857 3.27465e-09
-0.0167671 3.24618e-09
-0.0166772 3.22569e-09
-0.0165873 3.20444e-09
-0.0164974 3.17915e-09
-0.0164075 3.15885e-09
-0.0163176 3.13069e-09
-0.0162277 3.11341e-09
-0.0161378 3.08155e-09
-0.0160479 3.06188e-09
-0.015958 3.0402e-09
-0.0158681 3.00874e-09
-0.0157781 2.97849e-09
-0.0156882 2.9495e-09
-0.0155983 2.91474e-09
-0.0155084 2.88709e-09
-0.0154185 2.86165e-09
-0.0153286 2.82618e-09
-0.0152387 2.79178e-09
-0.0151488 2.75351e-09
-0.0150589 2.71742e-09
-0.014969 2.68174e-09
-0.0148791 2.64796e-09
-0.0147892 2.61371e-09
-0.0146993 2.58111e-09
-0.0146094 2.54974e-09
-0.0145195 2.51669e-09
-0.0144296 2.47691e-09
-0.0143397 2.44062e-09
-0.0142498 2.40577e-09
-0.0141599 2.35964e-09
-0.01407 2.32003e-09
-0.0139801 2.28535e-09
-0.0138902 2.2576e-09
-0.0138003 2.222e-09
-0.0137104 2.18702e-09
-0.0136204 2.14658e-09
-0.0135305 2.11177e-09
-0.0134406 2.08041e-09
-0.0133507 2.04874e-09
-0.0132608 2.01353e-09
-0.0131709 1.97668e-09
-0.013081 1.93599e-09
-0.0129911 1.90213e-09
-0.0129012 1.86728e-09
-0.0128113 1.82318e-09
-0.0127214 1.78665e-09
-0.0126315 1.75202e-09
-0.0125416 1.71103e-09
-0.0124517 1.67915e-09
-0.0123618 1.64443e-09
-0.0122719 1.60783e-09
-0.012182 1.57476e-09
-0.0120921 1.54429e-09
-0.0120022 1.51259e-09
-0.0119123 1.47731e-09
-0.0118224 1.4495e-09
-0.0117325 1.41523e-09
-0.0116426 1.37741e-09
-0.0115527 1.34801e-09
-0.0114627 1.3145e-09
-0.0113728 1.28512e-09
-0.0112829 1.25694e-09
-0.011193 1.22473e-09
-0.0111031 1.19366e-09
-0.0110132 1.16734e-09
-0.0109233 1.13507e-09
-0.0108334 1.10168e-09
-0.0107435 1.06865e-09
-0.0106536 1.0357e-09
-0.0105637 1.00326e-09
-0.0104738 9.81578e-10
-0.0103839 9.48497e-10
-0.010294 9.24292e-10
-0.0102041 8.8831e-10
-0.0101142 8.62636e-10
-0.0100243 8.4031e-10
-0.00993438 8.14071e-10
-0.00984447 7.90215e-10
-0.00975457 7.62413e-10
-0.00966466 7.40524e-10
-0.00957476 7.14716e-10
-0.00948486 6.93064e-10
-0.00939495 6.70787e-10
-0.00930505 6.42755e-10
-0.00921514 6.25079e-10
-0.00912524 6.02707e-10
-0.00903534 5.87333e-10
-0.00894543 5.6772e-10
-0.00885553 5.46994e-10
-0.00876562 5.26168e-10
-0.00867572 5.0047e-10
-0.00858582 4.8199e-10
-0.00849591 4.68799e-10
-0.00840601 4.51274e-10
-0.0083161 4.31662e-10
-0.0082262 4.11584e-10
-0.00813629 3.9513e-10
-0.00804639 3.77794e-10
-0.00795649 3.65813e-10
-0.00786658 3.54166e-10
-0.00777668 3.36739e-10
-0.00768677 3.24533e-10
-0.00759687 3.07665e-10
-0.00750697 2.97596e-10
-0.00741706 2.87479e-10
-0.00732716 2.76163e-10
-0.00723725 2.62113e-10
-0.00714735 2.49419e-10
-0.00705744 2.34506e-10
-0.00696754 2.18839e-10
-0.00687764 2.11059e-10
-0.00678773 1.98332e-10
-0.00669783 1.88933e-10
-0.00660792 1.80374e-10
-0.00651802 1.69648e-10
-0.00642812 1.57319e-10
-0.00633821 1.48706e-10
-0.00624831 1.39324e-10
-0.0061584 1.30969e-10
-0.0060685 1.22037e-10
-0.00597859 1.14144e-10
-0.00588869 1.02032e-10
-0.00579879 9.59624e-11
-0.00570888 8.82322e-11
-0.00561898 8.43882e-11
-0.00552907 7.34135e-11
-0.00543917 6.38061e-11
-0.00534927 6.42582e-11
-0.00525936 6.01096e-11
-0.00516946 5.1979e-11
-0.00507955 4.76847e-11
-0.00498965 3.61939e-11
-0.00489975 3.30289e-11
-0.00480984 2.31934e-11
-0.00471994 2.23363e-11
-0.00463003 2.07963e-11
-0.00454013 1.76091e-11
-0.00445022 1.08054e-11
-0.00436032 1.03769e-11
-0.00427042 1.88162e-11
-0.00418051 1.79451e-11
-0.00409061 1.45663e-11
-0.0040007 6.65692e-12
-0.0039108 6.85968e-12
-0.0038209 5.71914e-12
-0.00373099 -5.61878e-12
-0.00364109 -1.58337e-12
-0.00355118 -2.148e-12
-0.00346128 5.196e-13
-0.00337137 -1.00925e-11
-0.00328147 -7.86249e-12
-0.00319157 -9.60194e-12
-0.00310166 -9.72425e-12
-0.00301176 -1.08428e-11
-0.00292185 -1.41333e-11
-0.00283195 -1.44183e-11
-0.00274205 -1.29617e-11
-0.00265214 -2.2481e-11
-0.00256224 -1.7386e-11
-0.00247233 -1.52502e-11
-0.00238243 -1.161e-11
-0.00229252 -8.07684e-12
-0.00220262 -1.20091e-11
-0.00211272 -1.68547e-11
-0.00202281 -1.10569e-11
-0.00193291 -1.33104e-11
-0.001843 -1.31368e-11
-0.0017531 -8.72101e-12
-0.0016632 -1.10108e-11
-0.00157329 -1.68693e-11
-0.00148339 -1.40749e-11
-0.00139348 -7.39053e-12
-0.00130358 -8.03736e-12
-0.00121368 -4.48123e-12
-0.00112377 -6.19481e-12
-0.00103387 -8.23076e-13
-0.000943963 3.8014e-12
-0.000854059 1.59792e-12
-0.000764154 -5.50099e-12
-0.00067425 -1.20314e-11
-0.000584346 -1.5659e-11
-0.000494442 -2.19644e-11
-0.000404538 -1.65399e-11
-0.000314634 -1.13877e-11
-0.00022473 -2.21869e-12
-0.000134825 -1.85551e-12
-4.49212e-05 3.50708e-13
4.49829e-05 0
0.000134887 -9.65531e-13
0.000224791 -1.04875e-12
0.000314695 -2.1349e-13
0.0004046 -7.51715e-12
0.000494504 -1.14983e-11
0.000584408 -8.70169e-12
0.000674312 -5.15389e-12
0.000764216 -2.26638e-12
0.00085412 -4.58887e-12
0.000944024 -2.74407e-12
0.00103393 -8.34602e-12
0.00112383 -1.37408e-11
0.00121374 -1.088e-11
0.00130364 -1.60857e-11
0.00139355 -2.16757e-11
0.00148345 -2.3188e-11
0.00157335 -2.63084e-11
0.00166326 -1.44918e-11
0.00175316 -1.45267e-11
0.00184307 -1.12187e-11
0.00193297 -6.47732e-12
0.00202287 -4.83253e-12
0.00211278 -1.04711e-11
0.00220268 -5.14452e-12
0.00229259 -4.42368e-12
0.00238249 -3.42025e-12
0.00247239 -5.39341e-12
0.0025623 -1.14758e-11
0.0026522 -1.61395e-11
0.00274211 -8.86492e-12
0.00283201 -7.0531e-12
0.00292192 -1.4562e-11
0.00301182 -1.03475e-11
0.00310172 -7.98424e-12
0.00319163 -8.0698e-12
0.00328153 -6.66068e-12
0.00337144 -6.51901e-12
0.00346134 -3.38638e-12
0.00355124 -4.58125e-12
0.00364115 -4.66815e-12
0.00373105 -1.02725e-11
0.00382096 -1.25074e-12
0.00391086 -1.33765e-12
0.00400077 3.35347e-12
0.00409067 7.55185e-12
0.00418057 1.05323e-11
0.00427048 1.2302e-11
0.00436038 3.71414e-12
0.00445029 5.2165e-12
0.00454019 1.95465e-11
0.00463009 2.08596e-11
0.00472 2.65393e-11
0.0048099 2.78026e-11
0.00489981 4.09737e-11
0.00498971 4.17674e-11
0.00507962 5.13294e-11
0.00516952 5.75851e-11
0.00525942 6.52849e-11
0.00534933 6.85502e-11
0.00543923 6.85147e-11
0.00552914 7.45673e-11
0.00561904 8.10671e-11
0.00570894 8.54553e-11
0.00579885 9.0572e-11
0.00588875 9.87155e-11
0.00597866 1.08938e-10
0.00606856 1.21391e-10
0.00615846 1.30866e-10
0.00624837 1.40402e-10
0.00633827 1.49415e-10
0.00642818 1.58965e-10
0.00651808 1.70328e-10
0.00660799 1.84176e-10
0.00669789 1.92945e-10
0.00678779 2.02683e-10
0.0068777 2.13359e-10
0.0069676 2.19496e-10
0.00705751 2.35227e-10
0.00714741 2.47532e-10
0.00723731 2.59654e-10
0.00732722 2.7251e-10
0.00741712 2.84582e-10
0.00750703 2.94504e-10
0.00759693 3.06251e-10
0.00768684 3.23695e-10
0.00777674 3.3778e-10
0.00786664 3.556e-10
0.00795655 3.69726e-10
0.00804645 3.8116e-10
0.00813636 3.9723e-10
0.00822626 4.12333e-10
0.00831616 4.32179e-10
0.00840607 4.51749e-10
0.00849597 4.68933e-10
0.00858588 4.81597e-10
0.00867578 4.96872e-10
0.00876569 5.18887e-10
0.00885559 5.38161e-10
0.00894549 5.58752e-10
0.0090354 5.78614e-10
0.0091253 5.95454e-10
0.00921521 6.2233e-10
0.00930511 6.4348e-10
0.00939501 6.72228e-10
0.00948492 6.94639e-10
0.00957482 7.16538e-10
0.00966473 7.43313e-10
0.00975463 7.71036e-10
0.00984453 8.02375e-10
0.00993444 8.26616e-10
0.0100243 8.51898e-10
0.0101142 8.73638e-10
0.0102042 8.98039e-10
0.0102941 9.26876e-10
0.010384 9.48965e-10
0.0104739 9.81928e-10
0.0105638 1.00362e-09
0.0106537 1.03608e-09
0.0107436 1.06755e-09
0.0108335 1.09278e-09
0.0109234 1.12631e-09
0.0110133 1.15817e-09
0.0111032 1.18594e-09
0.0111931 1.21447e-09
0.011283 1.24946e-09
0.0113729 1.28453e-09
0.0114628 1.31318e-09
0.0115527 1.34607e-09
0.0116426 1.37624e-09
0.0117325 1.41243e-09
0.0118224 1.45094e-09
0.0119123 1.48565e-09
0.0120022 1.5177e-09
0.0120921 1.5507e-09
0.012182 1.57972e-09
0.0122719 1.61667e-09
0.0123619 1.64578e-09
0.0124518 1.67563e-09
0.0125417 1.70937e-09
0.0126316 1.75001e-09
0.0127215 1.78397e-09
0.0128114 1.8234e-09
0.0129013 1.85905e-09
0.0129912 1.89075e-09
0.0130811 1.92775e-09
0.013171 1.96824e-09
0.0132609 2.00708e-09
0.0133508 2.0412e-09
0.0134407 2.08529e-09
0.0135306 2.11829e-09
0.0136205 2.15288e-09
0.0137104 2.19416e-09
0.0138003 2.22867e-09
0.0138902 2.26282e-09
0.0139801 2.3023e-09
0.01407 2.33561e-09
0.0141599 2.37502e-09
0.0142498 2.41822e-09
0.0143397 2.45265e-09
0.0144296 2.48466e-09
0.0145196 2.5125e-09
0.0146095 2.54664e-09
0.0146994 2.57685e-09
0.0147893 2.60876e-09
0.0148792 2.64413e-09
0.0149691 2.67472e-09
0.015059 2.69922e-09
0.0151489 2.73886e-09
0.0152388 2.77379e-09
0.0153287 2.81186e-09
0.0154186 2.84406e-09
0.0155085 2.87749e-09
0.0155984 2.91086e-09
0.0156883 2.94345e-09
0.0157782 2.9734e-09
0.0158681 3.00438e-09
0.015958 3.03552e-09
0.0160479 3.06515e-09
0.0161378 3.09118e-09
0.0162277 3.12109e-09
0.0163176 3.14368e-09
0.0164075 3.17065e-09
0.0164974 3.19605e-09
0.0165873 3.21283e-09
0.0166773 3.23474e-09
0.0167672 3.25584e-09
0.0168571 3.28486e-09
0.016947 3.30817e-09
0.0170369 3.32513e-09
0.0171268 3.33217e-09
0.0172167 3.34695e-09
0.0173066 3.3605e-09
0.0173965 3.36984e-09
0.0174864 3.38266e-09
0.0175763 3.38953e-09
0.0176662 3.40095e-09
0.0177561 3.40498e-09
0.017846 3.4106e-09
0.0179359 3.42047e-09
0.0180258 3.42957e-09
0.0181157 3.42791e-09
0.0182056 3.42957e-09
0.0182955 3.42247e-09
0.0183854 3.41827e-09
0.0184753 3.4137e-09
0.0185652 3.40079e-09
0.0186551 3.38714e-09
0.018745 3.37309e-09
0.0188349 3.35825e-09
0.0189249 3.34167e-09
0.0190148 3.32615e-09
0.0191047 3.30945e-09
0.0191946 3.28372e-09
0.0192845 3.25694e-09
0.0193744 3.22241e-09
0.0194643 3.19372e-09
0.0195542 3.15531e-09
0.0196441 3.11715e-09
0.019734 3.07283e-09
0.0198239 3.02791e-09
0.0199138 2.97851e-09
0.0200037 2.92921e-09
0.0200936 2.88344e-09
0.0201835 2.84039e-09
0.0202734 2.78802e-09
0.0203633 2.73032e-09
0.0204532 2.67458e-09
0.0205431 2.61224e-09
0.020633 2.54165e-09
0.0207229 2.47932e-09
0.0208128 2.41526e-09
0.0209027 2.34508e-09
0.0209926 2.26364e-09
0.0210826 2.18865e-09
0.0211725 2.11326e-09
0.0212624 2.03912e-09
0.0213523 1.96866e-09
0.0214422 1.88356e-09
0.0215321 1.80043e-09
0.021622 1.70563e-09
0.0217119 1.61011e-09
0.0218018 1.51699e-09
0.0218917 1.4232e-09
0.0219816 1.33279e-09
0.0220715 1.23405e-09
0.0221614 1.13561e-09
0.0222513 1.0342e-09
0.0223412 9.28633e-10
0.0224311 8.23728e-10
0.022521 7.25972e-10
0.0226109 6.23079e-10
0.0227008 5.16769e-10
0.0227907 4.13553e-10
0.0228806 3.17785e-10
0.0229705 2.1642e-10
0.0230604 1.10393e-10
0.0231503 2.09928e-12
0.0232403 -1.08677e-10
0.0233302 -2.14216e-10
0.0234201 -3.08565e-10
0.02351 -4.07845e-10
0.0235999 -5.05816e-10
0.0236898 -5.9611e-10
0.0237797 -7.01255e-10
0.0238696 -7.90578e-10
0.0239595 -8.92493e-10
0.0240494 -9.8051e-10
0.0241393 -1.06852e-09
0.0242292 -1.16132e-09
0.0243191 -1.25804e-09
0.024409 -1.34844e-09
0.0244989 -1.43683e-09
0.0245888 -1.5304e-09
0.0246787 -1.61021e-09
0.0247686 -1.68989e-09
0.0248585 -1.77644e-09
0.0249484 -1.8526e-09
0.0250383 -1.93254e-09
0.0251282 -1.99951e-09
0.0252181 -2.06565e-09
0.025308 -2.13433e-09
0.025398 -2.20343e-09
0.0254879 -2.26182e-09
0.0255778 -2.32927e-09
0.0256677 -2.38928e-09
0.0257576 -2.4425e-09
0.0258475 -2.50007e-09
0.0259374 -2.55716e-09
0.0260273 -2.60737e-09
0.0261172 -2.65759e-09
0.0262071 -2.71022e-09
0.026297 -2.74866e-09
0.0263869 -2.79811e-09
0.0264768 -2.84229e-09
0.0265667 -2.8792e-09
0.0266566 -2.92132e-09
0.0267465 -2.96115e-09
0.0268364 -2.99646e-09
0.0269263 -3.03371e-09
0.0270162 -3.06623e-09
0.0271061 -3.1102e-09
0.027196 -3.14848e-09
0.0272859 -3.17699e-09
0.0273758 -3.20401e-09
0.0274657 -3.23692e-09
0.0275557 -3.27388e-09
0.0276456 -3.31687e-09
0.0277355 -3.3483e-09
0.0278254 -3.37486e-09
0.0279153 -3.40308e-09
0.0280052 -3.43827e-09
0.0280951 -3.46776e-09
0.028185 -3.49915e-09
0.0282749 -3.53241e-09
0.0283648 -3.55933e-09
0.0284547 -3.59241e-09
0.0285446 -3.62946e-09
0.0286345 -3.66592e-09
0.0287244 -3.6979e-09
0.0288143 -3.73404e-09
0.0289042 -3.76938e-09
0.0289941 -3.81233e-09
0.029084 -3.85639e-09
0.0291739 -3.89802e-09
0.0292638 -3.94763e-09
0.0293537 -3.99442e-09
0.0294436 -4.04112e-09
0.0295335 -4.09459e-09
0.0296234 -4.15387e-09
0.0297134 -4.21183e-09
0.0298033 -4.27344e-09
0.0298932 -4.33221e-09
0.0299831 -4.39898e-09
0.030073 -4.4681e-09
0.0301629 -4.53331e-09
0.0302528 -4.60324e-09
0.0303427 -4.68629e-09
0.0304326 -4.76509e-09
0.0305225 -4.84521e-09
0.0306124 -4.93555e-09
0.0307023 -5.01769e-09
0.0307922 -5.10725e-09
0.0308821 -5.1934e-09
0.030972 -5.28609e-09
0.0310619 -5.38765e-09
0.0311518 -5.48472e-09
0.0312417 -5.58623e-09
0.0313316 -5.68182e-09
0.0314215 -5.79046e-09
0.0315114 -5.89242e-09
0.0316013 -6.01501e-09
0.0316912 -6.13747e-09
0.0317811 -6.24876e-09
0.0318711 -6.35448e-09
0.031961 -6.47979e-09
0.0320509 -6.616e-09
0.0321408 -6.73879e-09
0.0322307 -6.86315e-09
0.0323206 -6.99619e-09
0.0324105 -7.12698e-09
0.0325004 -7.2482e-09
0.0325903 -7.37799e-09
0.0326802 -7.51715e-09
0.0327701 -7.64135e-09
0.03286 -7.77071e-09
0.0329499 -7.89128e-09
0.0330398 -8.01212e-09
0.0331297 -8.13346e-09
0.0332196 -8.24548e-09
0.0333095 -8.36344e-09
0.0333994 -8.47518e-09
0.0334893 -8.58598e-09
0.0335792 -8.70185e-09
0.0336691 -8.81245e-09
0.033759 -8.91995e-09
0.0338489 -9.02978e-09
0.0339388 -9.13805e-09
0.0340288 -9.23321e-09
0.0341187 -9.328e-09
0.0342086 -9.41438e-09
0.0342985 -9.49849e-09
0.0343884 -9.57817e-09
0.0344783 -9.65736e-09
0.0345682 -9.73692e-09
0.0346581 -9.81812e-09
0.034748 -9.89404e-09
0.0348379 -9.96629e-09
0.0349278 -1.00293e-08
0.0350177 -1.00889e-08
0.0351076 -1.01523e-08
0.0351975 -1.02085e-08
0.0352874 -1.02686e-08
0.0353773 -1.03341e-08
0.0354672 -1.03979e-08
0.0355571 -1.04643e-08
0.035647 -1.0516e-08
0.0357369 -1.05652e-08
0.0358268 -1.06134e-08
0.0359167 -1.06612e-08
0.0360066 -1.07172e-08
0.0360965 -1.07828e-08
0.0361865 -1.08254e-08
0.0362764 -1.08685e-08
0.0363663 -1.09195e-08
0.0364562 -1.09783e-08
0.0365461 -1.10245e-08
0.036636 -1.10795e-08
0.0367259 -1.11325e-08
0.0368158 -1.11839e-08
0.0369057 -1.12373e-08
0.0369956 -1.12923e-08
0.0370855 -1.13575e-08
0.0371754 -1.14169e-08
0.0372653 -1.14839e-08
0.0373552 -1.15427e-08
0.0374451 -1.16054e-08
0.037535 -1.16751e-08
0.0376249 -1.17564e-08
0.0377148 -1.18394e-08
0.0378047 -1.19265e-08
0.0378946 -1.20156e-08
0.0379845 -1.21098e-08
0.0380744 -1.22051e-08
0.0381643 -1.22984e-08
0.0382542 -1.23957e-08
0.0383441 -1.25065e-08
0.0384341 -1.26145e-08
0.038524 -1.27284e-08
0.0386139 -1.28435e-08
0.0387038 -1.29609e-08
0.0387937 -1.30785e-08
0.0388836 -1.32021e-08
0.0389735 -1.33261e-08
0.0390634 -1.34489e-08
0.0391533 -1.35724e-08
0.0392432 -1.37037e-08
0.0393331 -1.38261e-08
0.039423 -1.39646e-08
0.0395129 -1.41e-08
0.0396028 -1.424e-08
0.0396927 -1.43611e-08
0.0397826 -1.44816e-08
0.0398725 -1.46064e-08
0.0399624 -1.47355e-08
0.0400523 -1.48635e-08
0.0401422 -1.49912e-08
0.0402321 -1.51077e-08
0.040322 -1.52274e-08
0.0404119 -1.53532e-08
0.0405018 -1.54755e-08
0.0405918 -1.56031e-08
0.0406817 -1.5728e-08
0.0407716 -1.58435e-08
0.0408615 -1.59486e-08
0.0409514 -1.6051e-08
0.0410413 -1.61564e-08
0.0411312 -1.62615e-08
0.0412211 -1.63669e-08
0.041311 -1.6458e-08
0.0414009 -1.65531e-08
0.0414908 -1.66419e-08
0.0415807 -1.67346e-08
0.0416706 -1.68384e-08
0.0417605 -1.69376e-08
0.0418504 -1.70224e-08
0.0419403 -1.70911e-08
0.0420302 -1.71683e-08
0.0421201 -1.7248e-08
0.04221 -1.73225e-08
0.0422999 -1.73994e-08
0.0423898 -1.74823e-08
0.0424797 -1.75541e-08
0.0425696 -1.7623e-08
0.0426595 -1.76853e-08
0.0427495 -1.77465e-08
0.0428394 -1.77989e-08
0.0429293 -1.78467e-08
0.0430192 -1.79091e-08
0.0431091 -1.79667e-08
0.043199 -1.80216e-08
0.0432889 -1.80967e-08
0.0433788 -1.81484e-08
0.0434687 -1.82141e-08
0.0435586 -1.82819e-08
0.0436485 -1.8341e-08
0.0437384 -1.8405e-08
0.0438283 -1.84642e-08
0.0439182 -1.85345e-08
0.0440081 -1.86112e-08
0.044098 -1.8698e-08
0.0441879 -1.87858e-08
0.0442778 -1.88811e-08
0.0443677 -1.89647e-08
0.0444576 -1.90503e-08
0.0445475 -1.91447e-08
0.0446374 -1.92349e-08
0.0447273 -1.93388e-08
0.0448172 -1.94347e-08
0.0449072 -1.95413e-08
0.0449971 -1.96586e-08
0.045087 -1.97659e-08
0.0451769 -1.98925e-08
0.0452668 -2.00112e-08
0.0453567 -2.01312e-08
0.0454466 -2.02463e-08
0.0455365 -2.03786e-08
0.0456264 -2.05024e-08
0.0457163 -2.06372e-08
0.0458062 -2.07812e-08
0.0458961 -2.09051e-08
0.045986 -2.10311e-08
0.0460759 -2.11514e-08
0.0461658 -2.12711e-08
0.0462557 -2.13877e-08
0.0463456 -2.15078e-08
0.0464355 -2.16318e-08
0.0465254 -2.17469e-08
0.0466153 -2.18564e-08
0.0467052 -2.19766e-08
0.0467951 -2.20919e-08
0.046885 -2.22195e-08
0.0469749 -2.23296e-08
0.0470649 -2.24327e-08
0.0471548 -2.25365e-08
0.0472447 -2.2627e-08
0.0473346 -2.2725e-08
0.0474245 -2.28241e-08
0.0475144 -2.29057e-08
0.0476043 -2.29847e-08
0.0476942 -2.30677e-08
0.0477841 -2.31577e-08
0.047874 -2.32315e-08
0.0479639 -2.33126e-08
0.0480538 -2.33849e-08
0.0481437 -2.34697e-08
0.0482336 -2.35364e-08
0.0483235 -2.36178e-08
0.0484134 -2.3688e-08
0.0485033 -2.37567e-08
0.0485932 -2.38265e-08
0.0486831 -2.39175e-08
0.048773 -2.39886e-08
0.0488629 -2.40549e-08
0.0489528 -2.41195e-08
0.0490427 -2.41819e-08
0.0491326 -2.4245e-08
0.0492226 -2.43103e-08
0.0493125 -2.43783e-08
0.0494024 -2.44429e-08
0.0494923 -2.45056e-08
0.0495822 -2.45736e-08
0.0496721 -2.46436e-08
0.049762 -2.47076e-08
0.0498519 -2.47765e-08
0.0499418 -2.48445e-08
0.0500317 -2.4922e-08
0.0501216 -2.50018e-08
0.0502115 -2.50851e-08
0.0503014 -2.51683e-08
0.0503913 -2.52663e-08
0.0504812 -2.53672e-08
0.0505711 -2.54631e-08
0.050661 -2.55618e-08
0.0507509 -2.56528e-08
0.0508408 -2.5741e-08
0.0509307 -2.58461e-08
0.0510206 -2.59498e-08
0.0511105 -2.60727e-08
0.0512004 -2.61805e-08
0.0512903 -2.63084e-08
0.0513803 -2.64299e-08
0.0514702 -2.65536e-08
0.0515601 -2.66848e-08
0.05165 -2.68024e-08
0.0517399 -2.69091e-08
0.0518298 -2.70286e-08
0.0519197 -2.71361e-08
0.0520096 -2.72507e-08
0.0520995 -2.73587e-08
0.0521894 -2.74709e-08
0.0522793 -2.7583e-08
0.0523692 -2.76847e-08
0.0524591 -2.77919e-08
0.052549 -2.78913e-08
0.0526389 -2.79836e-08
0.0527288 -2.80769e-08
0.0528187 -2.8159e-08
0.0529086 -2.82572e-08
0.0529985 -2.83328e-08
0.0530884 -2.84161e-08
0.0531783 -2.84817e-08
0.0532682 -2.85629e-08
0.0533581 -2.86388e-08
0.053448 -2.86943e-08
0.053538 -2.87568e-08
0.0536279 -2.88146e-08
0.0537178 -2.8885e-08
0.0538077 -2.89471e-08
0.0538976 -2.90044e-08
0.0539875 -2.90635e-08
0.0540774 -2.91337e-08
0.0541673 -2.91796e-08
0.0542572 -2.923e-08
0.0543471 -2.92836e-08
0.054437 -2.9342e-08
0.0545269 -2.9401e-08
0.0546168 -2.94682e-08
0.0547067 -2.95348e-08
0.0547966 -2.95864e-08
0.0548865 -2.96636e-08
0.0549764 -2.97406e-08
0.0550663 -2.98208e-08
0.0551562 -2.99097e-08
0.0552461 -2.99897e-08
0.055336 -3.00559e-08
0.0554259 -3.01338e-08
0.0555158 -3.02181e-08
0.0556057 -3.03049e-08
0.0556956 -3.03936e-08
0.0557856 -3.04693e-08
0.0558755 -3.05435e-08
0.0559654 -3.06102e-08
0.0560553 -3.07039e-08
0.0561452 -3.07676e-08
0.0562351 -3.08364e-08
0.056325 -3.09222e-08
0.0564149 -3.10184e-08
0.0565048 -3.11054e-08
0.0565947 -3.11916e-08
0.0566846 -3.12893e-08
0.0567745 -3.13832e-08
0.0568644 -3.14767e-08
0.0569543 -3.15789e-08
0.0570442 -3.16507e-08
0.0571341 -3.17219e-08
0.057224 -3.18118e-08
0.0573139 -3.18842e-08
0.0574038 -3.19736e-08
0.0574937 -3.20476e-08
0.0575836 -3.21277e-08
0.0576735 -3.22165e-08
0.0577634 -3.22877e-08
0.0578533 -3.23741e-08
0.0579433 -3.24707e-08
0.0580332 -3.25454e-08
0.0581231 -3.26059e-08
0.058213 -3.26673e-08
0.0583029 -3.27652e-08
0.0583928 -3.28404e-08
0.0584827 -3.28814e-08
0.0585726 -3.29232e-08
0.0586625 -3.29827e-08
0.0587524 -3.30345e-08
0.0588423 -3.30588e-08
0.0589322 -3.30841e-08
0.0590221 -3.31494e-08
0.059112 -3.32091e-08
0.0592019 -3.32867e-08
0.0592918 -3.33287e-08
0.0593817 -3.3376e-08
0.0594716 -3.34143e-08
0.0595615 -3.34433e-08
0.0596514 -3.34851e-08
0.0597413 -3.35523e-08
0.0598312 -3.35962e-08
0.0599211 -3.36702e-08
0.060011 -3.37112e-08
0.060101 -3.3758e-08
0.0601909 -3.38109e-08
0.0602808 -3.38604e-08
0.0603707 -3.3898e-08
0.0604606 -3.39606e-08
0.0605505 -3.40147e-08
0.0606404 -3.40663e-08
0.0607303 -3.40984e-08
0.0608202 -3.41569e-08
0.0609101 -3.42334e-08
0.061 -3.42909e-08
0.0610899 -3.43586e-08
0.0611798 -3.44009e-08
0.0612697 -3.4444e-08
0.0613596 -3.44828e-08
0.0614495 -3.45473e-08
0.0615394 -3.45999e-08
0.0616293 -3.46713e-08
0.0617192 -3.47274e-08
0.0618091 -3.47914e-08
0.061899 -3.48424e-08
0.0619889 -3.49043e-08
0.0620788 -3.49767e-08
0.0621687 -3.50297e-08
0.0622587 -3.50688e-08
0.0623486 -3.5128e-08
0.0624385 -3.51932e-08
0.0625284 -3.52498e-08
0.0626183 -3.5305e-08
0.0627082 -3.5372e-08
0.0627981 -3.54172e-08
0.062888 -3.54687e-08
0.0629779 -3.55126e-08
0.0630678 -3.55443e-08
0.0631577 -3.55916e-08
0.0632476 -3.56295e-08
0.0633375 -3.56932e-08
0.0634274 -3.57582e-08
0.0635173 -3.58055e-08
0.0636072 -3.58529e-08
0.0636971 -3.5885e-08
0.063787 -3.59458e-08
0.0638769 -3.59599e-08
0.0639668 -3.59826e-08
0.0640567 -3.60231e-08
0.0641466 -3.60367e-08
0.0642365 -3.60795e-08
0.0643264 -3.61214e-08
0.0644164 -3.61682e-08
0.0645063 -3.6198e-08
0.0645962 -3.62124e-08
0.0646861 -3.62419e-08
0.064776 -3.62971e-08
0.0648659 -3.63284e-08
0.0649558 -3.63292e-08
0.0650457 -3.63742e-08
0.0651356 -3.64076e-08
0.0652255 -3.64387e-08
0.0653154 -3.64748e-08
0.0654053 -3.64675e-08
0.0654952 -3.64333e-08
0.0655851 -3.64245e-08
0.065675 -3.64527e-08
0.0657649 -3.64706e-08
0.0658548 -3.64909e-08
0.0659447 -3.65317e-08
0.0660346 -3.65633e-08
0.0661245 -3.65737e-08
0.0662144 -3.66217e-08
0.0663043 -3.66678e-08
0.0663942 -3.6693e-08
0.0664841 -3.67103e-08
0.0665741 -3.67171e-08
0.066664 -3.67413e-08
0.0667539 -3.67687e-08
0.0668438 -3.67958e-08
0.0669337 -3.68113e-08
0.0670236 -3.68391e-08
0.0671135 -3.68672e-08
0.0672034 -3.68665e-08
0.0672933 -3.68959e-08
0.0673832 -3.69053e-08
0.0674731 -3.69403e-08
0.067563 -3.70146e-08
0.0676529 -3.70796e-08
0.0677428 -3.70963e-08
0.0678327 -3.71113e-08
0.0679226 -3.71333e-08
0.0680125 -3.71308e-08
0.0681024 -3.71145e-08
0.0681923 -3.70949e-08
0.0682822 -3.70669e-08
0.0683721 -3.70472e-08
0.068462 -3.70439e-08
0.0685519 -3.70263e-08
0.0686418 -3.70217e-08
0.0687318 -3.70099e-08
0.0688217 -3.6992e-08
0.0689116 -3.69922e-08
0.0690015 -3.69858e-08
0.0690914 -3.69679e-08
0.0691813 -3.69472e-08
0.0692712 -3.69313e-08
0.0693611 -3.69277e-08
0.069451 -3.69088e-08
0.0695409 -3.69154e-08
0.0696308 -3.6889e-08
0.0697207 -3.68307e-08
0.0698106 -3.68247e-08
0.0699005 -3.68342e-08
0.0699904 -3.68377e-08
0.0700803 -3.68205e-08
0.0701702 -3.6806e-08
0.0702601 -3.6785e-08
0.07035 -3.67807e-08
0.0704399 -3.67862e-08
0.0705298 -3.67509e-08
0.0706197 -3.67323e-08
0.0707096 -3.67229e-08
0.0707995 -3.67228e-08
0.0708895 -3.67122e-08
0.0709794 -3.66939e-08
0.0710693 -3.67068e-08
0.0711592 -3.66994e-08
0.0712491 -3.67296e-08
0.071339 -3.67431e-08
0.0714289 -3.6722e-08
0.0715188 -3.67037e-08
0.0716087 -3.6695e-08
0.0716986 -3.67222e-08
0.0717885 -3.67298e-08
0.0718784 -3.6724e-08
0.0719683 -3.6725e-08
0.0720582 -3.67168e-08
0.0721481 -3.6701e-08
0.072238 -3.66844e-08
0.0723279 -3.66451e-08
0.0724178 -3.66225e-08
0.0725077 -3.65704e-08
0.0725976 -3.65132e-08
0.0726875 -3.64689e-08
0.0727774 -3.64257e-08
0.0728673 -3.63703e-08
0.0729572 -3.63011e-08
0.0730472 -3.62301e-08
0.0731371 -3.61484e-08
0.073227 -3.60927e-08
0.0733169 -3.60128e-08
0.0734068 -3.59097e-08
0.0734967 -3.58698e-08
0.0735866 -3.58067e-08
0.0736765 -3.5736e-08
0.0737664 -3.56671e-08
0.0738563 -3.55633e-08
0.0739462 -3.54517e-08
0.0740361 -3.5379e-08
0.074126 -3.5333e-08
0.0742159 -3.5291e-08
0.0743058 -3.52534e-08
0.0743957 -3.52233e-08
0.0744856 -3.51925e-08
0.0745755 -3.51068e-08
0.0746654 -3.50603e-08
0.0747553 -3.49998e-08
0.0748452 -3.49552e-08
0.0749351 -3.49058e-08
0.075025 -3.49135e-08
0.0751149 -3.49073e-08
0.0752048 -3.48651e-08
0.0752948 -3.48319e-08
0.0753847 -3.4798e-08
0.0754746 -3.47973e-08
0.0755645 -3.47982e-08
0.0756544 -3.47842e-08
0.0757443 -3.47694e-08
0.0758342 -3.47692e-08
0.0759241 -3.47391e-08
0.076014 -3.47645e-08
0.0761039 -3.47054e-08
0.0761938 -3.46154e-08
0.0762837 -3.4549e-08
0.0763736 -3.44463e-08
0.0764635 -3.43589e-08
0.0765534 -3.42754e-08
0.0766433 -3.41983e-08
0.0767332 -3.40836e-08
0.0768231 -3.39677e-08
0.076913 -3.38386e-08
0.0770029 -3.37094e-08
0.0770928 -3.36078e-08
0.0771827 -3.34644e-08
0.0772726 -3.33598e-08
0.0773625 -3.32535e-08
0.0774525 -3.31589e-08
0.0775424 -3.30374e-08
0.0776323 -3.29141e-08
0.0777222 -3.28275e-08
0.0778121 -3.27352e-08
0.077902 -3.26437e-08
0.0779919 -3.25215e-08
0.0780818 -3.24035e-08
0.0781717 -3.22441e-08
0.0782616 -3.21539e-08
0.0783515 -3.20751e-08
0.0784414 -3.19823e-08
0.0785313 -3.19327e-08
0.0786212 -3.18218e-08
0.0787111 -3.16819e-08
0.078801 -3.16356e-08
0.0788909 -3.15188e-08
0.0789808 -3.14252e-08
0.0790707 -3.14021e-08
0.0791606 -3.13326e-08
0.0792505 -3.12712e-08
0.0793404 -3.12121e-08
0.0794303 -3.1093e-08
0.0795202 -3.10373e-08
0.0796102 -3.09254e-08
0.0797001 -3.0884e-08
0.07979 -3.0746e-08
0.0798799 -3.06566e-08
0.0799698 -3.05716e-08
0.0800597 -3.05314e-08
0.0801496 -3.04161e-08
0.0802395 -3.03281e-08
0.0803294 -3.02543e-08
0.0804193 -3.01432e-08
0.0805092 -2.99907e-08
0.0805991 -2.98277e-08
0.080689 -2.96959e-08
0.0807789 -2.95529e-08
0.0808688 -2.94219e-08
0.0809587 -2.92345e-08
0.0810486 -2.90816e-08
0.0811385 -2.89129e-08
0.0812284 -2.87299e-08
0.0813183 -2.85509e-08
0.0814082 -2.83624e-08
0.0814981 -2.81998e-08
0.081588 -2.80171e-08
0.0816779 -2.78638e-08
0.0817679 -2.76663e-08
0.0818578 -2.74977e-08
0.0819477 -2.73222e-08
0.0820376 -2.72159e-08
0.0821275 -2.70764e-08
0.0822174 -2.69169e-08
0.0823073 -2.68166e-08
0.0823972 -2.66797e-08
0.0824871 -2.65556e-08
0.082577 -2.6447e-08
0.0826669 -2.62888e-08
0.0827568 -2.61847e-08
0.0828467 -2.59915e-08
0.0829366 -2.58793e-08
0.0830265 -2.56986e-08
0.0831164 -2.55688e-08
0.0832063 -2.54359e-08
0.0832962 -2.52966e-08
0.0833861 -2.51244e-08
0.083476 -2.50067e-08
0.0835659 -2.48046e-08
0.0836558 -2.46463e-08
0.0837457 -2.44776e-08
0.0838356 -2.42838e-08
0.0839256 -2.40591e-08
0.0840155 -2.38526e-08
0.0841054 -2.36637e-08
0.0841953 -2.34735e-08
0.0842852 -2.32402e-08
0.0843751 -2.29718e-08
0.084465 -2.26687e-08
0.0845549 -2.24095e-08
0.0846448 -2.21549e-08
0.0847347 -2.19671e-08
0.0848246 -2.17273e-08
0.0849145 -2.15357e-08
0.0850044 -2.13322e-08
0.0850943 -2.11081e-08
0.0851842 -2.08596e-08
0.0852741 -2.06801e-08
0.085364 -2.05e-08
0.0854539 -2.02796e-08
0.0855438 -2.00864e-08
0.0856337 -1.98846e-08
0.0857236 -1.97277e-08
0.0858135 -1.95782e-08
0.0859034 -1.94128e-08
0.0859933 -1.93088e-08
0.0860833 -1.91255e-08
0.0861732 -1.89924e-08
0.0862631 -1.87562e-08
0.086353 -1.85771e-08
0.0864429 -1.83883e-08
0.0865328 -1.83019e-08
0.0866227 -1.8099e-08
0.0867126 -1.78826e-08
0.0868025 -1.76256e-08
0.0868924 -1.73988e-08
0.0869823 -1.72122e-08
0.0870722 -1.7008e-08
0.0871621 -1.67854e-08
0.087252 -1.65128e-08
0.0873419 -1.62547e-08
0.0874318 -1.59596e-08
0.0875217 -1.5736e-08
0.0876116 -1.54578e-08
0.0877015 -1.51436e-08
0.0877914 -1.48051e-08
0.0878813 -1.4484e-08
0.0879712 -1.41789e-08
0.0880611 -1.37968e-08
0.088151 -1.34056e-08
0.088241 -1.31399e-08
0.0883309 -1.28701e-08
0.0884208 -1.25592e-08
0.0885107 -1.22542e-08
0.0886006 -1.18838e-08
0.0886905 -1.15261e-08
0.0887804 -1.1226e-08
0.0888703 -1.09256e-08
0.0889602 -1.06632e-08
0.0890501 -1.04234e-08
0.08914 -1.01048e-08
0.0892299 -9.80248e-09
0.0893198 -9.46162e-09
0.0894097 -9.21928e-09
0.0894996 -8.97233e-09
0.0895895 -8.71196e-09
0.0896794 -8.43479e-09
0.0897693 -8.15212e-09
0.0898592 -7.96597e-09
0.0899491 -7.70079e-09
0.090039 -7.40579e-09
0.0901289 -7.12864e-09
0.0902188 -6.95902e-09
0.0903087 -6.66524e-09
0.0903987 -6.39036e-09
0.0904886 -6.07715e-09
0.0905785 -5.75003e-09
0.0906684 -5.44338e-09
0.0907583 -5.16264e-09
0.0908482 -4.92468e-09
0.0909381 -4.61594e-09
0.091028 -4.31658e-09
0.0911179 -3.98809e-09
0.0912078 -3.67405e-09
0.0912977 -3.44386e-09
0.0913876 -3.17364e-09
0.0914775 -2.875e-09
0.0915674 -2.58184e-09
0.0916573 -2.22069e-09
0.0917472 -1.88794e-09
0.0918371 -1.57606e-09
0.091927 -1.16324e-09
0.0920169 -7.92774e-10
0.0921068 -4.61436e-10
0.0921967 -1.00803e-10
0.0922866 3.14594e-10
0.0923765 7.53286e-10
0.0924664 1.24319e-09
0.0925564 1.72434e-09
0.0926463 2.12496e-09
0.0927362 2.52457e-09
0.0928261 2.91236e-09
0.092916 3.36637e-09
0.0930059 3.74759e-09
0.0930958 4.18416e-09
0.0931857 4.60984e-09
0.0932756 5.0295e-09
0.0933655 5.50851e-09
0.0934554 5.92236e-09
0.0935453 6.36944e-09
0.0936352 6.82706e-09
0.0937251 7.16728e-09
0.093815 7.55138e-09
0.0939049 7.92062e-09
0.0939948 8.28557e-09
0.0940847 8.67703e-09
0.0941746 9.07941e-09
0.0942645 9.4543e-09
0.0943544 9.78353e-09
0.0944443 1.0133e-08
0.0945342 1.04971e-08
0.0946241 1.07897e-08
0.094714 1.11134e-08
0.094804 1.14701e-08
0.0948939 1.18945e-08
0.0949838 1.23502e-08
0.0950737 1.27453e-08
0.0951636 1.31782e-08
0.0952535 1.35565e-08
0.0953434 1.39795e-08
0.0954333 1.43864e-08
0.0955232 1.48444e-08
0.0956131 1.53581e-08
0.095703 1.5825e-08
0.0957929 1.6294e-08
0.0958828 1.67562e-08
0.0959727 1.71915e-08
0.0960626 1.7685e-08
0.0961525 1.81395e-08
0.0962424 1.86158e-08
0.0963323 1.89917e-08
0.0964222 1.94016e-08
0.0965121 1.97309e-08
0.096602 2.01083e-08
0.0966919 2.05501e-08
0.0967818 2.09431e-08
0.0968717 2.13507e-08
0.0969617 2.168e-08
0.0970516 2.19159e-08
0.0971415 2.23084e-08
0.0972314 2.2717e-08
0.0973213 2.30642e-08
0.0974112 2.3522e-08
0.0975011 2.39201e-08
0.097591 2.43444e-08
0.0976809 2.47759e-08
0.0977708 2.52717e-08
0.0978607 2.57644e-08
0.0979506 2.6246e-08
0.0980405 2.67573e-08
0.0981304 2.72872e-08
0.0982203 2.78442e-08
0.0983102 2.84395e-08
0.0984001 2.90479e-08
0.09849 2.96666e-08
0.0985799 3.04657e-08
0.0986698 3.12391e-08
0.0987597 3.18271e-08
0.0988496 3.24237e-08
0.0989395 3.3004e-08
0.0990294 3.36235e-08
0.0991194 3.43378e-08
0.0992093 3.49869e-08
0.0992992 3.56785e-08
0.0993891 3.62578e-08
0.099479 3.69098e-08
0.0995689 3.74294e-08
0.0996588 3.7983e-08
0.0997487 3.85457e-08
0.0998386 3.90652e-08
0.0999285 3.96809e-08
0.100018 4.02348e-08
0.100108 4.06335e-08
0.100198 4.11639e-08
0.100288 4.1494e-08
0.100378 4.19247e-08
0.100468 4.24142e-08
0.100558 4.28031e-08
0.100648 4.32213e-08
0.100738 4.35277e-08
0.100828 4.39134e-08
0.100917 4.43563e-08
0.101007 4.47199e-08
0.101097 4.51895e-08
0.101187 4.56984e-08
0.101277 4.62756e-08
0.101367 4.68012e-08
0.101457 4.73719e-08
0.101547 4.78859e-08
0.101637 4.84287e-08
0.101727 4.90105e-08
0.101816 4.95985e-08
0.101906 5.01414e-08
0.101996 5.07041e-08
0.102086 5.12804e-08
0.102176 5.18353e-08
0.102266 5.23997e-08
0.102356 5.29574e-08
0.102446 5.35403e-08
0.102536 5.40876e-08
0.102626 5.47064e-08
0.102716 5.52153e-08
0.102805 5.56971e-08
0.102895 5.62612e-08
0.102985 5.69114e-08
0.103075 5.753e-08
0.103165 5.8225e-08
0.103255 5.87829e-08
0.103345 5.93118e-08
0.103435 5.99596e-08
0.103525 6.06981e-08
0.103615 6.1281e-08
0.103704 6.20172e-08
0.103794 6.27385e-08
0.103884 6.34421e-08
0.103974 6.41545e-08
0.104064 6.48869e-08
0.104154 6.56576e-08
0.104244 6.64992e-08
0.104334 6.73647e-08
0.104424 6.81662e-08
0.104514 6.8961e-08
0.104604 6.97877e-08
0.104693 7.06849e-08
0.104783 7.1563e-08
0.104873 7.24488e-08
0.104963 7.33412e-08
0.105053 7.40396e-08
0.105143 7.47491e-08
0.105233 7.54068e-08
0.105323 7.60419e-08
0.105413 7.6719e-08
0.105503 7.73922e-08
0.105592 7.79941e-08
0.105682 7.85471e-08
0.105772 7.90481e-08
0.105862 7.95402e-08
0.105952 8.0077e-08
0.106042 8.05782e-08
0.106132 8.11691e-08
0.106222 8.17283e-08
0.106312 8.22843e-08
0.106402 8.27862e-08
0.106491 8.33384e-08
0.106581 8.37743e-08
0.106671 8.42146e-08
0.106761 8.46971e-08
0.106851 8.51516e-08
0.106941 8.56169e-08
0.107031 8.60263e-08
0.107121 8.64408e-08
0.107211 8.6971e-08
0.107301 8.74176e-08
0.107391 8.78951e-08
0.10748 8.84843e-08
0.10757 8.90297e-08
0.10766 8.96255e-08
0.10775 9.03456e-08
0.10784 9.10775e-08
0.10793 9.17941e-08
0.10802 9.25281e-08
0.10811 9.33134e-08
0.1082 9.41822e-08
0.10829 9.49922e-08
0.108379 9.58768e-08
0.108469 9.67792e-08
0.108559 9.76423e-08
0.108649 9.84469e-08
0.108739 9.92897e-08
0.108829 1.00094e-07
0.108919 1.00981e-07
0.109009 1.01852e-07
0.109099 1.02804e-07
0.109189 1.03726e-07
0.109279 1.04696e-07
0.109368 1.05699e-07
0.109458 1.06684e-07
0.109548 1.07716e-07
0.109638 1.08622e-07
0.109728 1.09605e-07
0.109818 1.10597e-07
0.109908 1.11593e-07
0.109998 1.12455e-07
0.110088 1.13399e-07
0.110178 1.1424e-07
0.110267 1.15147e-07
0.110357 1.15973e-07
0.110447 1.16734e-07
0.110537 1.17576e-07
0.110627 1.18425e-07
0.110717 1.193e-07
0.110807 1.20158e-07
0.110897 1.21003e-07
0.110987 1.2179e-07
0.111077 1.22619e-07
0.111167 1.23359e-07
0.111256 1.24079e-07
0.111346 1.24698e-07
0.111436 1.25325e-07
0.111526 1.2582e-07
0.111616 1.26323e-07
0.111706 1.26847e-07
0.111796 1.27352e-07
0.111886 1.27805e-07
0.111976 1.28183e-07
0.112066 1.28594e-07
0.112155 1.29006e-07
0.112245 1.29458e-07
0.112335 1.2994e-07
0.112425 1.30431e-07
0.112515 1.3085e-07
0.112605 1.31427e-07
0.112695 1.31867e-07
0.112785 1.32415e-07
0.112875 1.329e-07
0.112965 1.3346e-07
0.113054 1.33984e-07
0.113144 1.3448e-07
0.113234 1.35043e-07
0.113324 1.35615e-07
0.113414 1.36288e-07
0.113504 1.37036e-07
0.113594 1.37888e-07
0.113684 1.38744e-07
0.113774 1.3978e-07
0.113864 1.40921e-07
0.113954 1.42048e-07
0.114043 1.4328e-07
0.114133 1.44674e-07
0.114223 1.46131e-07
0.114313 1.47534e-07
0.114403 1.48858e-07
0.114493 1.50215e-07
0.114583 1.51649e-07
0.114673 1.53067e-07
0.114763 1.5446e-07
0.114853 1.55777e-07
0.114942 1.57051e-07
0.115032 1.58348e-07
0.115122 1.59566e-07
0.115212 1.60781e-07
0.115302 1.61928e-07
0.115392 1.62947e-07
0.115482 1.63977e-07
0.115572 1.64814e-07
0.115662 1.65688e-07
0.115752 1.66524e-07
0.115842 1.67314e-07
0.115931 1.67959e-07
0.116021 1.68685e-07
0.116111 1.69356e-07
0.116201 1.69989e-07
0.116291 1.70601e-07
0.116381 1.71189e-07
0.116471 1.7182e-07
0.116561 1.7241e-07
0.116651 1.73007e-07
0.116741 1.73516e-07
0.11683 1.7403e-07
0.11692 1.74582e-07
0.11701 1.75132e-07
0.1171 1.75636e-07
0.11719 1.76202e-07
0.11728 1.76796e-07
0.11737 1.77322e-07
0.11746 1.77841e-07
0.11755 1.78447e-07
0.11764 1.78963e-07
0.11773 1.79505e-07
0.117819 1.8008e-07
0.117909 1.80594e-07
0.117999 1.81151e-07
0.118089 1.81711e-07
0.118179 1.82265e-07
0.118269 1.82787e-07
0.118359 1.8329e-07
0.118449 1.83865e-07
0.118539 1.84546e-07
0.118629 1.85254e-07
0.118718 1.86036e-07
0.118808 1.86888e-07
0.118898 1.87823e-07
0.118988 1.88767e-07
0.119078 1.8983e-07
0.119168 1.90994e-07
0.119258 1.9218e-07
0.119348 1.93454e-07
0.119438 1.94863e-07
0.119528 1.96383e-07
0.119617 1.97806e-07
0.119707 1.99395e-07
0.119797 2.01094e-07
0.119887 2.02812e-07
0.119977 2.04708e-07
0.120067 2.06698e-07
0.120157 2.08612e-07
0.120247 2.10454e-07
0.120337 2.12254e-07
0.120427 2.14014e-07
0.120517 2.15576e-07
0.120606 2.16895e-07
0.120696 2.18021e-07
0.120786 2.19104e-07
0.120876 2.20076e-07
0.120966 2.20896e-07
0.121056 2.21622e-07
0.121146 2.22233e-07
0.121236 2.22736e-07
0.121326 2.23242e-07
0.121416 2.23742e-07
0.121505 2.24146e-07
0.121595 2.24567e-07
0.121685 2.25006e-07
0.121775 2.25447e-07
0.121865 2.25781e-07
0.121955 2.26195e-07
0.122045 2.26551e-07
0.122135 2.26878e-07
0.122225 2.27249e-07
0.122315 2.27601e-07
0.122405 2.27952e-07
0.122494 2.28247e-07
0.122584 2.28607e-07
0.122674 2.28983e-07
0.122764 2.29317e-07
0.122854 2.29659e-07
0.122944 2.30014e-07
0.123034 2.30332e-07
0.123124 2.3076e-07
0.123214 2.31236e-07
0.123304 2.31662e-07
0.123393 2.32246e-07
0.123483 2.32921e-07
0.123573 2.33729e-07
0.123663 2.34542e-07
0.123753 2.35523e-07
0.123843 2.36665e-07
0.123933 2.37986e-07
0.124023 2.39555e-07
0.124113 2.41309e-07
0.124203 2.43143e-07
0.124293 2.4521e-07
0.124382 2.47232e-07
0.124472 2.49507e-07
0.124562 2.51675e-07
0.124652 2.53936e-07
0.124742 2.56035e-07
0.124832 2.58117e-07
0.124922 2.60152e-07
0.125012 2.62122e-07
0.125102 2.63849e-07
0.125192 2.65398e-07
0.125281 2.66761e-07
0.125371 2.67985e-07
0.125461 2.69145e-07
0.125551 2.70109e-07
0.125641 2.71013e-07
0.125731 2.71914e-07
0.125821 2.72651e-07
0.125911 2.73333e-07
0.126001 2.73871e-07
0.126091 2.74416e-07
0.126181 2.74797e-07
0.12627 2.75206e-07
0.12636 2.75626e-07
0.12645 2.76115e-07
0.12654 2.76548e-07
0.12663 2.76995e-07
0.12672 2.77395e-07
0.12681 2.77759e-07
0.1269 2.78107e-07
0.12699 2.78467e-07
0.12708 2.78802e-07
0.127169 2.792e-07
0.127259 2.79645e-07
0.127349 2.80013e-07
0.127439 2.80361e-07
0.127529 2.80702e-07
0.127619 2.81045e-07
0.127709 2.81288e-07
0.127799 2.81493e-07
0.127889 2.81697e-07
0.127979 2.81979e-07
0.128068 2.82124e-07
0.128158 2.82344e-07
0.128248 2.82417e-07
0.128338 2.82685e-07
0.128428 2.82955e-07
0.128518 2.83296e-07
0.128608 2.83602e-07
0.128698 2.83922e-07
0.128788 2.84488e-07
0.128878 2.85215e-07
0.128968 2.86044e-07
0.129057 2.86937e-07
0.129147 2.8804e-07
0.129237 2.89743e-07
0.129327 2.92126e-07
0.129417 2.94969e-07
0.129507 2.98978e-07
0.129597 3.04258e-07
0.129687 3.1036e-07
0.129777 3.16213e-07
0.129867 3.2106e-07
0.129956 3.24828e-07
0.130046 3.27259e-07
0.130136 3.29267e-07
0.130226 3.30561e-07
0.130316 3.31308e-07
0.130406 3.32141e-07
0.130496 3.32648e-07
0.130586 3.32961e-07
0.130676 3.32995e-07
0.130766 3.33097e-07
0.130856 3.33047e-07
0.130945 3.32981e-07
0.131035 3.3291e-07
0.131125 3.32776e-07
0.131215 3.32619e-07
0.131305 3.325e-07
0.131395 3.32361e-07
0.131485 3.32097e-07
0.131575 3.31875e-07
0.131665 3.31679e-07
0.131755 3.31474e-07
0.131844 3.31282e-07
0.131934 3.31081e-07
0.132024 3.30884e-07
0.132114 3.30649e-07
0.132204 3.30457e-07
0.132294 3.30269e-07
0.132384 3.29959e-07
0.132474 3.29642e-07
0.132564 3.29331e-07
0.132654 3.28957e-07
0.132744 3.28536e-07
0.132833 3.27981e-07
0.132923 3.27506e-07
0.133013 3.26942e-07
0.133103 3.26343e-07
0.133193 3.25655e-07
0.133283 3.24972e-07
0.133373 3.2426e-07
0.133463 3.23421e-07
0.133553 3.22533e-07
0.133643 3.21545e-07
0.133732 3.20436e-07
0.133822 3.19161e-07
0.133912 3.17811e-07
0.134002 3.16307e-07
0.134092 3.14628e-07
0.134182 3.12651e-07
0.134272 3.10405e-07
0.134362 3.07496e-07
0.134452 3.04172e-07
0.134542 3.0069e-07
0.134631 2.96932e-07
0.134721 2.93548e-07
0.134811 2.90061e-07
