-0.04470553813498349 7.737278092017232e-09
-0.044408491369966996 1.5495486486229354e-08
-0.04411144460495049 2.1526215957381064e-08
-0.04381439783993399 2.6608156316333774e-08
-0.04351735107491749 3.10949824578807e-08
-0.04322030430990099 3.5163765994829156e-08
-0.042923257544884484 3.8863984947503063e-08
-0.04262621077986798 4.237099058768994e-08
-0.042329164014851484 4.5519673718264456e-08
-0.04203211724983498 4.84017757591119e-08
-0.041735070484818476 5.0931758779452666e-08
-0.04143802371980198 5.324048378278514e-08
-0.041140976954785476 5.542301476665267e-08
-0.04084393018976897 5.739969044213146e-08
-0.040546883424752475 5.921245293999512e-08
-0.04024983665973597 6.087415434818447e-08
-0.03995278989471947 6.2389318008221e-08
-0.039655743129702964 6.381533766468937e-08
-0.03935869636468647 6.511260986297324e-08
-0.03906164959966996 6.61846090200963e-08
-0.03876460283465346 6.72386752258498e-08
-0.03846755606963696 6.819174298045298e-08
-0.03817050930462046 6.908586982197089e-08
-0.037873462539603955 6.990811969196819e-08
-0.03757641577458746 7.057164004253153e-08
-0.037279369009570955 7.117687072054649e-08
-0.03698232224455445 7.171773463153018e-08
-0.036685275479537954 7.219159542047801e-08
-0.03638822871452145 7.261066398037103e-08
-0.03609118194950495 7.295588093716367e-08
-0.03579413518448844 7.324521096161169e-08
-0.035497088419471946 7.348592367986775e-08
-0.03520004165445544 7.36777613407269e-08
-0.03490299488943894 7.385132341363644e-08
-0.03460594812442244 7.392148032743218e-08
-0.03430890135940594 7.39468743580879e-08
-0.034011854594389435 7.397347874241688e-08
-0.03371480782937293 7.39196215032357e-08
-0.033417761064356434 7.38448064043011e-08
-0.03312071429933993 7.374492659934335e-08
-0.032823667534323434 7.365270909613786e-08
-0.03252662076930693 7.348762555236713e-08
-0.032229574004290426 7.326147747980363e-08
-0.03193252723927392 7.301526552723002e-08
-0.031635480474257426 7.279913415673807e-08
-0.03133843370924092 7.247910118556875e-08
-0.031041386944224418 7.21624707314008e-08
-0.030744340179207918 7.184398999135191e-08
-0.030447293414191418 7.151690360862161e-08
-0.030150246649174914 7.116153816802933e-08
-0.029853199884158414 7.078336313889352e-08
-0.029556153119141913 7.034508796821907e-08
-0.02925910635412541 6.989906296749825e-08
-0.02896205958910891 6.9439319389977e-08
-0.02866501282409241 6.899304637631262e-08
-0.028367966059075905 6.855293301813367e-08
-0.028070919294059405 6.80153256119127e-08
-0.0277738725290429 6.753800680201516e-08
-0.0274768257640264 6.70915950265201e-08
-0.0271797789990099 6.655034811319072e-08
-0.026882732233993397 6.603985327682425e-08
-0.026585685468976897 6.550903476429531e-08
-0.026288638703960393 6.497070638710463e-08
-0.025991591938943893 6.434993029762892e-08
-0.025694545173927393 6.379767953096217e-08
-0.02539749840891089 6.329376941642627e-08
-0.02510045164389439 6.269274391311769e-08
-0.024803404878877885 6.212132915733104e-08
-0.024506358113861385 6.155730453812297e-08
-0.024209311348844884 6.097691134162529e-08
-0.02391226458382838 6.039052543402087e-08
-0.02361521781881188 5.983541081450794e-08
-0.023318171053795377 5.923618679747163e-08
-0.023021124288778876 5.864226628708936e-08
-0.022724077523762376 5.805573211400705e-08
-0.022427030758745872 5.7470292723629443e-08
-0.022129983993729372 5.686889797592443e-08
-0.021832937228712872 5.6263380648857116e-08
-0.021535890463696368 5.572785826354236e-08
-0.021238843698679868 5.5138646242406286e-08
-0.020941796933663364 5.4547447047058244e-08
-0.020644750168646864 5.396657291537361e-08
-0.020347703403630363 5.343824769875227e-08
-0.02005065663861386 5.284323277965441e-08
-0.01975360987359736 5.2285545027320306e-08
-0.019456563108580856 5.174571615332609e-08
-0.019159516343564355 5.11513985702831e-08
-0.018862469578547855 5.059482327621694e-08
-0.01856542281353135 5.0066490260101634e-08
-0.01826837604851485 4.9557085209570307e-08
-0.017971329283498347 4.902826616657136e-08
-0.017674282518481847 4.848558452751651e-08
-0.017377235753465347 4.797019887867352e-08
-0.017080188988448843 4.7431459330656404e-08
-0.016783142223432343 4.700955583228321e-08
-0.01648609545841584 4.649458882236359e-08
-0.01618904869339934 4.5973426018938665e-08
-0.01589200192838284 4.554109383908409e-08
-0.015594955163366335 4.502654476858684e-08
-0.015297908398349835 4.45749287319048e-08
-0.015000861633333334 4.4126487112645887e-08
-0.01470381486831683 4.366751296463066e-08
-0.01440676810330033 4.328462537656556e-08
-0.014109721338283827 4.2829753566718025e-08
-0.013812674573267326 4.243836623465685e-08
-0.013515627808250823 4.208014569902729e-08
-0.013218581043234326 4.170329399159877e-08
-0.012921534278217822 4.130982328500236e-08
-0.012624487513201318 4.094515233373327e-08
-0.012327440748184822 4.0604993407997374e-08
-0.012030393983168318 4.029995753787094e-08
-0.011733347218151814 3.997467570757402e-08
-0.01143630045313531 3.965507416038874e-08
-0.011139253688118814 3.937266818480152e-08
-0.01084220692310231 3.909849302014587e-08
-0.010545160158085806 3.886545772196606e-08
-0.01024811339306931 3.861177322316899e-08
-0.009951066628052806 3.842262628290818e-08
-0.009654019863036302 3.821333532293693e-08
-0.009356973098019805 3.797400450598765e-08
-0.009059926333003301 3.775293152156888e-08
-0.008762879567986798 3.762769342669914e-08
-0.008465832802970294 3.747368938638539e-08
-0.008168786037953797 3.731206512618735e-08
-0.007871739272937293 3.724964685175123e-08
-0.00757469250792079 3.715649825934667e-08
-0.007277645742904293 3.709737131209515e-08
-0.006980598977887789 3.709000009529407e-08
-0.006683552212871285 3.7079745060103804e-08
-0.006386505447854789 3.709284978061841e-08
-0.006089458682838285 3.7110889683934134e-08
-0.005792411917821781 3.7188565217649556e-08
-0.005495365152805284 3.726658030633139e-08
-0.005198318387788781 3.733201424099876e-08
-0.004901271622772277 3.751662637539169e-08
-0.004604224857755773 3.776802056426403e-08
-0.004307178092739276 3.7963112295566505e-08
-0.004010131327722773 3.822418492711804e-08
-0.003713084562706269 3.851027439378673e-08
-0.003416037797689772 3.8873438909874164e-08
-0.0031189910326732684 3.9223850391863646e-08
-0.0028219442676567646 3.966738562561875e-08
-0.002524897502640268 4.0061033297946034e-08
-0.002227850737623764 4.0486133506945787e-08
-0.0019308039726072604 4.097805585332668e-08
-0.0016337572075907567 4.1759542169731973e-08
-0.0013367104425742599 4.2724852351874016e-08
-0.0010396636775577561 4.363871986311821e-08
-0.0007426169125412524 4.475621734059244e-08
-0.0004455701475247556 4.543583353482828e-08
-0.00014852338250825187 4.552647773527626e-08
0.00014852338250825187 4.552678009157421e-08
0.00044557014752474866 4.5435899672242406e-08
0.0007426169125412524 4.4756197235394487e-08
0.0010396636775577561 4.3638837316958513e-08
0.001336710442574253 4.27248426850103e-08
0.0016337572075907567 4.175950355771854e-08
0.0019308039726072604 4.097764836518558e-08
0.002227850737623764 4.0485990544815436e-08
0.002524897502640261 4.006078431376926e-08
0.0028219442676567646 3.966656458297384e-08
0.0031189910326732684 3.9224297213383706e-08
0.003416037797689765 3.8873069230865353e-08
0.003713084562706269 3.851055025615705e-08
0.004010131327722773 3.8224672530068654e-08
0.0043071780927392694 3.796298809144504e-08
0.004604224857755773 3.776799837529342e-08
0.004901271622772277 3.751652693081304e-08
0.005198318387788781 3.733132473366842e-08
0.005495365152805277 3.726696448665033e-08
0.005792411917821781 3.718813716301809e-08
0.006089458682838285 3.7111089231682516e-08
0.006386505447854782 3.7092973155207586e-08
0.006683552212871285 3.7079470645463585e-08
0.006980598977887789 3.708965092886293e-08
0.007277645742904286 3.7096941118976315e-08
0.00757469250792079 3.7156774840629696e-08
0.007871739272937293 3.724978033670317e-08
0.00816878603795379 3.731252131535481e-08
0.008465832802970294 3.7474017111652803e-08
0.008762879567986798 3.762775390582896e-08
0.009059926333003301 3.775363030936166e-08
0.009356973098019798 3.797433248437424e-08
0.009654019863036302 3.8213863906985324e-08
0.009951066628052806 3.842227284332389e-08
0.010248113393069302 3.861199949948086e-08
0.010545160158085806 3.8864816263867484e-08
0.01084220692310231 3.909817533229133e-08
0.011139253688118807 3.937276359201958e-08
0.01143630045313531 3.965500716487383e-08
0.011733347218151814 3.997524823418336e-08
0.012030393983168318 4.030042900703842e-08
0.012327440748184815 4.060572292842255e-08
0.012624487513201318 4.0945073381513976e-08
0.012921534278217822 4.131047826115169e-08
0.013218581043234319 4.170320614008684e-08
0.013515627808250823 4.208019259896649e-08
0.013812674573267326 4.243791387378514e-08
0.014109721338283823 4.2829592258786144e-08
0.014406768103300327 4.328412261677218e-08
0.01470381486831683 4.3667416849608473e-08
0.015000861633333328 4.41267712773168e-08
0.015297908398349831 4.4574986656936575e-08
0.015594955163366335 4.502677322283091e-08
0.01589200192838284 4.554124662655064e-08
0.016189048693399335 4.5973237599391705e-08
0.01648609545841584 4.649451438636625e-08
0.016783142223432343 4.700922493117303e-08
0.01708018898844884 4.743095012084719e-08
0.017377235753465343 4.7970265071294075e-08
0.017674282518481847 4.8485167296958744e-08
0.01797132928349835 4.902832216109386e-08
0.018268376048514855 4.955720007875391e-08
0.018565422813531345 5.0066254156579984e-08
0.01886246957854785 5.0594479595003985e-08
0.019159516343564352 5.115093173110121e-08
0.019456563108580856 5.174494691000668e-08
0.01975360987359736 5.228538363353122e-08
0.020050656638613863 5.284285421784019e-08
0.020347703403630353 5.343861739684104e-08
0.020644750168646857 5.396696720161492e-08
0.02094179693366336 5.454759097145034e-08
0.021238843698679864 5.513865332994276e-08
0.021535890463696368 5.5727664601839785e-08
0.021832937228712872 5.626398150262734e-08
0.022129983993729375 5.686886393002113e-08
0.022427030758745865 5.747098440376207e-08
0.02272407752376237 5.8055522768055874e-08
0.023021124288778873 5.864201525551444e-08
0.023318171053795377 5.923617166739738e-08
0.02361521781881188 5.983488833353923e-08
0.023912264583828384 6.039041647512335e-08
0.024209311348844888 6.097666666492356e-08
0.024506358113861378 6.155705508327488e-08
0.02480340487887788 6.212114622161539e-08
0.025100451643894385 6.269271895279285e-08
0.02539749840891089 6.329380027844548e-08
0.025694545173927393 6.379807078619382e-08
0.025991591938943896 6.43503619609074e-08
0.026288638703960386 6.497125915853906e-08
0.02658568546897689 6.550920806390107e-08
0.026882732233993394 6.60399286033147e-08
0.027179778999009897 6.655026453832189e-08
0.0274768257640264 6.709168948291667e-08
0.027773872529042905 6.753790368082269e-08
0.02807091929405941 6.801584292020077e-08
0.0283679660590759 6.855295620169271e-08
0.028665012824092402 6.899358936257161e-08
0.028962059589108906 6.943920999849814e-08
0.02925910635412541 6.989921865082954e-08
0.029556153119141913 7.034508850886052e-08
0.029853199884158417 7.0784001178375e-08
0.030150246649174907 7.116204460132174e-08
0.03044729341419141 7.15171119653798e-08
0.030744340179207914 7.18439880152708e-08
0.031041386944224418 7.216243794810515e-08
0.03133843370924092 7.247964412446738e-08
0.031635480474257426 7.279887063487976e-08
0.03193252723927393 7.301610540564239e-08
0.03222957400429042 7.326148625979649e-08
0.03252662076930692 7.348788147538982e-08
0.03282366753432343 7.36522438298467e-08
0.03312071429933993 7.374460229782236e-08
0.033417761064356434 7.3844170362097e-08
0.03371480782937294 7.391951720518948e-08
0.03401185459438943 7.397321046142321e-08
0.03430890135940593 7.394732447750407e-08
0.034605948124422435 7.392161728208186e-08
0.03490299488943894 7.385157835705764e-08
0.03520004165445544 7.367728074821384e-08
0.035497088419471946 7.348569053060418e-08
0.03579413518448845 7.324459903415863e-08
0.03609118194950494 7.295583700994544e-08
0.036388228714521444 7.261103552020807e-08
0.03668527547953795 7.219138317807645e-08
0.03698232224455445 7.171790989783468e-08
0.037279369009570955 7.11769277649308e-08
0.03757641577458746 7.057246979458347e-08
0.03787346253960395 6.990813719828906e-08
0.03817050930462045 6.908630046756607e-08
0.038467556069636956 6.819112876628612e-08
0.03876460283465346 6.723874664495733e-08
0.03906164959966996 6.618441667605101e-08
0.03935869636468647 6.51132642252083e-08
0.03965574312970297 6.381597472778061e-08
0.03995278989471946 6.238946024259156e-08
0.040249836659735964 6.087401824109467e-08
0.04054688342475247 5.921256384137799e-08
0.04084393018976897 5.739972033502949e-08
0.041140976954785476 5.542301891458882e-08
0.04143802371980198 5.324049321415058e-08
0.04173507048481848 5.093176328026881e-08
0.04203211724983497 4.840174557874779e-08
0.04232916401485148 4.551979102461212e-08
0.04262621077986798 4.237097266283132e-08
0.042923257544884484 3.886391179850538e-08
0.04322030430990099 3.516298653194048e-08
0.04351735107491749 3.1094801406537494e-08
0.04381439783993398 2.660779858961465e-08
0.044111444604950485 2.1526264165412037e-08
0.04440849136996699 1.549550020149986e-08
