-0.134811 -3.00184e-08
-0.134721 -3.01092e-08
-0.134631 -3.06349e-08
-0.134542 -3.09858e-08
-0.134452 -3.08891e-08
-0.134362 -3.06039e-08
-0.134272 -3.32357e-08
-0.134182 -3.79507e-08
-0.134092 -4.23622e-08
-0.134002 -4.42852e-08
-0.133912 -4.51104e-08
-0.133822 -4.30309e-08
-0.133732 -3.90541e-08
-0.133642 -3.53643e-08
-0.133553 -3.23855e-08
-0.133463 -2.90894e-08
-0.133373 -2.82497e-08
-0.133283 -2.79977e-08
-0.133193 -2.73988e-08
-0.133103 -2.66183e-08
-0.133013 -2.63387e-08
-0.132923 -2.63069e-08
-0.132833 -2.74003e-08
-0.132743 -2.81982e-08
-0.132654 -2.96601e-08
-0.132564 -3.09323e-08
-0.132474 -3.28212e-08
-0.132384 -3.58093e-08
-0.132294 -3.80055e-08
-0.132204 -4.02263e-08
-0.132114 -4.37957e-08
-0.132024 -4.93297e-08
-0.131934 -5.43655e-08
-0.131844 -5.75863e-08
-0.131754 -6.02263e-08
-0.131665 -6.13134e-08
-0.131575 -6.12383e-08
-0.131485 -6.13697e-08
-0.131395 -6.10123e-08
-0.131305 -5.95976e-08
-0.131215 -5.61559e-08
-0.131125 -5.13259e-08
-0.131035 -4.52548e-08
-0.130945 -4.00322e-08
-0.130855 -3.56625e-08
-0.130766 -3.35703e-08
-0.130676 -3.12448e-08
-0.130586 -2.84519e-08
-0.130496 -2.65578e-08
-0.130406 -2.55334e-08
-0.130316 -2.51058e-08
-0.130226 -2.45837e-08
-0.130136 -2.35168e-08
-0.130046 -2.298e-08
-0.129956 -2.1669e-08
-0.129867 -2.093e-08
-0.129777 -2.05743e-08
-0.129687 -2.11627e-08
-0.129597 -2.18001e-08
-0.129507 -2.3849e-08
-0.129417 -2.56931e-08
-0.129327 -2.71069e-08
-0.129237 -2.74002e-08
-0.129147 -2.89706e-08
-0.129057 -3.00008e-08
-0.128967 -3.07945e-08
-0.128878 -3.05017e-08
-0.128788 -3.0939e-08
-0.128698 -3.00118e-08
-0.128608 -3.00242e-08
-0.128518 -2.76367e-08
-0.128428 -2.5912e-08
-0.128338 -2.4224e-08
-0.128248 -2.33409e-08
-0.128158 -2.31904e-08
-0.128068 -2.19278e-08
-0.127979 -2.1339e-08
-0.127889 -2.01653e-08
-0.127799 -1.92589e-08
-0.127709 -1.75332e-08
-0.127619 -1.67632e-08
-0.127529 -1.45286e-08
-0.127439 -1.29073e-08
-0.127349 -1.10633e-08
-0.127259 -8.81059e-09
-0.127169 -5.3625e-09
-0.127079 -3.93223e-09
-0.12699 -3.84572e-09
-0.1269 -4.06987e-09
-0.12681 -3.59352e-09
-0.12672 -3.74863e-09
-0.12663 -3.71687e-09
-0.12654 -3.80721e-09
-0.12645 -4.35903e-09
-0.12636 -5.22021e-09
-0.12627 -6.34868e-09
-0.12618 -7.65338e-09
-0.126091 -9.27725e-09
-0.126001 -1.10367e-08
-0.125911 -1.23195e-08
-0.125821 -1.39136e-08
-0.125731 -1.54151e-08
-0.125641 -1.65241e-08
-0.125551 -1.75086e-08
-0.125461 -1.89223e-08
-0.125371 -1.9589e-08
-0.125281 -1.97013e-08
-0.125191 -2.00488e-08
-0.125102 -1.94676e-08
-0.125012 -1.84533e-08
-0.124922 -1.7535e-08
-0.124832 -1.67477e-08
-0.124742 -1.50455e-08
-0.124652 -1.33826e-08
-0.124562 -1.22734e-08
-0.124472 -1.09683e-08
-0.124382 -9.7911e-09
-0.124292 -9.27368e-09
-0.124203 -9.84624e-09
-0.124113 -9.53372e-09
-0.124023 -9.94356e-09
-0.123933 -9.94067e-09
-0.123843 -1.01855e-08
-0.123753 -1.10572e-08
-0.123663 -1.18517e-08
-0.123573 -1.26839e-08
-0.123483 -1.30997e-08
-0.123393 -1.38951e-08
-0.123304 -1.44992e-08
-0.123214 -1.43995e-08
-0.123124 -1.48076e-08
-0.123034 -1.53107e-08
-0.122944 -1.53889e-08
-0.122854 -1.57857e-08
-0.122764 -1.60424e-08
-0.122674 -1.59656e-08
-0.122584 -1.59306e-08
-0.122494 -1.60452e-08
-0.122404 -1.62297e-08
-0.122315 -1.62119e-08
-0.122225 -1.59526e-08
-0.122135 -1.60366e-08
-0.122045 -1.65035e-08
-0.121955 -1.69485e-08
-0.121865 -1.76773e-08
-0.121775 -1.79597e-08
-0.121685 -1.84219e-08
-0.121595 -1.91608e-08
-0.121505 -2.00003e-08
-0.121416 -2.04847e-08
-0.121326 -2.1038e-08
-0.121236 -2.14943e-08
-0.121146 -2.16348e-08
-0.121056 -2.15656e-08
-0.120966 -2.11948e-08
-0.120876 -2.06956e-08
-0.120786 -2.03919e-08
-0.120696 -1.96845e-08
-0.120606 -1.7922e-08
-0.120516 -1.58673e-08
-0.120427 -1.34303e-08
-0.120337 -1.18455e-08
-0.120247 -1.0392e-08
-0.120157 -8.97757e-09
-0.120067 -7.07098e-09
-0.119977 -5.9423e-09
-0.119887 -5.29719e-09
-0.119797 -4.8405e-09
-0.119707 -4.59042e-09
-0.119617 -4.5838e-09
-0.119528 -4.39548e-09
-0.119438 -4.5391e-09
-0.119348 -4.6222e-09
-0.119258 -4.19795e-09
-0.119168 -4.08195e-09
-0.119078 -3.86338e-09
-0.118988 -4.09677e-09
-0.118898 -4.00862e-09
-0.118808 -3.86502e-09
-0.118718 -4.01697e-09
-0.118628 -4.03238e-09
-0.118539 -4.0293e-09
-0.118449 -4.5171e-09
-0.118359 -4.97484e-09
-0.118269 -5.52398e-09
-0.118179 -6.01882e-09
-0.118089 -6.26257e-09
-0.117999 -6.45507e-09
-0.117909 -6.69798e-09
-0.117819 -7.28722e-09
-0.117729 -7.45486e-09
-0.11764 -7.47599e-09
-0.11755 -7.46504e-09
-0.11746 -6.84601e-09
-0.11737 -6.21832e-09
-0.11728 -5.68652e-09
-0.11719 -5.0741e-09
-0.1171 -4.63414e-09
-0.11701 -4.25814e-09
-0.11692 -3.76801e-09
-0.11683 -3.2651e-09
-0.116741 -2.67305e-09
-0.116651 -2.53571e-09
-0.116561 -2.46147e-09
-0.116471 -2.58199e-09
-0.116381 -2.89939e-09
-0.116291 -3.56099e-09
-0.116201 -4.22292e-09
-0.116111 -4.99402e-09
-0.116021 -5.55754e-09
-0.115931 -6.25436e-09
-0.115841 -6.85708e-09
-0.115752 -7.45462e-09
-0.115662 -7.81881e-09
-0.115572 -7.96417e-09
-0.115482 -7.87191e-09
-0.115392 -7.39131e-09
-0.115302 -7.04352e-09
-0.115212 -6.59447e-09
-0.115122 -6.37989e-09
-0.115032 -6.33085e-09
-0.114942 -6.11442e-09
-0.114853 -6.19722e-09
-0.114763 -6.31538e-09
-0.114673 -6.09157e-09
-0.114583 -6.18892e-09
-0.114493 -6.04372e-09
-0.114403 -6.25529e-09
-0.114313 -6.21445e-09
-0.114223 -6.26046e-09
-0.114133 -6.33086e-09
-0.114043 -5.97431e-09
-0.113953 -5.4936e-09
-0.113864 -5.4822e-09
-0.113774 -5.2007e-09
-0.113684 -5.06608e-09
-0.113594 -4.87544e-09
-0.113504 -4.31894e-09
-0.113414 -3.84649e-09
-0.113324 -3.18126e-09
-0.113234 -2.53869e-09
-0.113144 -2.14295e-09
-0.113054 -1.72632e-09
-0.112965 -1.62541e-09
-0.112875 -1.48576e-09
-0.112785 -1.32911e-09
-0.112695 -1.12485e-09
-0.112605 -4.35951e-10
-0.112515 -2.71966e-10
-0.112425 -4.82743e-11
-0.112335 -1.08491e-10
-0.112245 -2.66906e-10
-0.112155 -4.39912e-10
-0.112065 -3.9199e-10
-0.111976 -5.56923e-10
-0.111886 -9.1202e-10
-0.111796 -1.05371e-09
-0.111706 -1.52154e-09
-0.111616 -2.31911e-09
-0.111526 -2.99416e-09
-0.111436 -3.73837e-09
-0.111346 -4.5836e-09
-0.111256 -5.23475e-09
-0.111166 -6.19307e-09
-0.111077 -6.62807e-09
-0.110987 -6.67477e-09
-0.110897 -6.20996e-09
-0.110807 -5.42695e-09
-0.110717 -4.87318e-09
-0.110627 -4.1406e-09
-0.110537 -3.58009e-09
-0.110447 -2.74241e-09
-0.110357 -1.88919e-09
-0.110267 -1.01581e-09
-0.110178 -1.82335e-10
-0.110088 6.32368e-10
-0.109998 1.10157e-09
-0.109908 1.37479e-09
-0.109818 9.58415e-10
-0.109728 7.49722e-10
-0.109638 4.87556e-10
-0.109548 2.19342e-10
-0.109458 2.22355e-10
-0.109368 -8.1132e-11
-0.109278 -2.50343e-10
-0.109189 -2.4328e-10
-0.109099 -4.56833e-10
-0.109009 -4.67965e-10
-0.108919 -4.35968e-10
-0.108829 -2.08694e-10
-0.108739 3.67722e-10
-0.108649 6.86281e-10
-0.108559 1.27709e-09
-0.108469 1.73134e-09
-0.108379 1.96155e-09
-0.10829 2.23798e-09
-0.1082 2.4012e-09
-0.10811 2.41682e-09
-0.10802 2.19632e-09
-0.10793 2.00399e-09
-0.10784 1.78435e-09
-0.10775 1.36629e-09
-0.10766 8.96446e-10
-0.10757 4.24537e-10
-0.10748 -2.44319e-10
-0.10739 -8.21294e-10
-0.107301 -1.35588e-09
-0.107211 -1.77003e-09
-0.107121 -2.1776e-09
-0.107031 -2.40088e-09
-0.106941 -2.68075e-09
-0.106851 -2.863e-09
-0.106761 -3.01865e-09
-0.106671 -3.13507e-09
-0.106581 -3.2069e-09
-0.106491 -3.03762e-09
-0.106402 -2.76003e-09
-0.106312 -2.59451e-09
-0.106222 -2.45109e-09
-0.106132 -2.58621e-09
-0.106042 -2.74289e-09
-0.105952 -2.73461e-09
-0.105862 -2.64022e-09
-0.105772 -2.52855e-09
-0.105682 -2.29494e-09
-0.105592 -1.93299e-09
-0.105502 -1.67325e-09
-0.105413 -1.55071e-09
-0.105323 -1.62023e-09
-0.105233 -1.90656e-09
-0.105143 -1.88282e-09
-0.105053 -1.69044e-09
-0.104963 -1.59847e-09
-0.104873 -1.52893e-09
-0.104783 -1.67319e-09
-0.104693 -2.05346e-09
-0.104603 -2.34823e-09
-0.104514 -2.84948e-09
-0.104424 -3.21596e-09
-0.104334 -3.46972e-09
-0.104244 -3.52147e-09
-0.104154 -3.49025e-09
-0.104064 -3.51848e-09
-0.103974 -3.61085e-09
-0.103884 -3.58422e-09
-0.103794 -3.42683e-09
-0.103704 -3.19025e-09
-0.103614 -3.05246e-09
-0.103525 -2.94692e-09
-0.103435 -2.73045e-09
-0.103345 -2.6185e-09
-0.103255 -2.51103e-09
-0.103165 -2.3295e-09
-0.103075 -2.24073e-09
-0.102985 -2.19927e-09
-0.102895 -2.19303e-09
-0.102805 -2.26725e-09
-0.102715 -2.37076e-09
-0.102626 -2.57601e-09
-0.102536 -2.629e-09
-0.102446 -2.7853e-09
-0.102356 -2.78321e-09
-0.102266 -3.07783e-09
-0.102176 -3.31714e-09
-0.102086 -3.49756e-09
-0.101996 -3.63501e-09
-0.101906 -3.64547e-09
-0.101816 -3.57972e-09
-0.101727 -3.5632e-09
-0.101637 -3.49576e-09
-0.101547 -3.44061e-09
-0.101457 -3.47391e-09
-0.101367 -3.54432e-09
-0.101277 -3.66719e-09
-0.101187 -3.8346e-09
-0.101097 -4.01952e-09
-0.101007 -4.0265e-09
-0.100917 -4.34915e-09
-0.100827 -4.50603e-09
-0.100738 -4.72381e-09
-0.100648 -5.03925e-09
-0.100558 -5.22266e-09
-0.100468 -5.21163e-09
-0.100378 -5.14565e-09
-0.100288 -5.00631e-09
-0.100198 -4.91398e-09
-0.100108 -4.67069e-09
-0.100018 -4.58572e-09
-0.0999284 -4.57223e-09
-0.0998385 -4.4306e-09
-0.0997486 -4.34142e-09
-0.0996587 -4.24579e-09
-0.0995688 -4.25219e-09
-0.0994789 -4.27034e-09
-0.099389 -4.23632e-09
-0.0992991 -4.14734e-09
-0.0992092 -4.13976e-09
-0.0991193 -3.96932e-09
-0.0990294 -3.73822e-09
-0.0989395 -3.56445e-09
-0.0988496 -3.25948e-09
-0.0987597 -3.10686e-09
-0.0986698 -2.90566e-09
-0.0985799 -2.63917e-09
-0.09849 -2.44391e-09
-0.0984001 -2.18886e-09
-0.0983102 -2.10758e-09
-0.0982202 -2.10132e-09
-0.0981303 -2.16606e-09
-0.0980404 -2.27099e-09
-0.0979505 -2.30617e-09
-0.0978606 -2.31056e-09
-0.0977707 -2.2989e-09
-0.0976808 -2.3421e-09
-0.0975909 -2.53649e-09
-0.097501 -2.76567e-09
-0.0974111 -2.91446e-09
-0.0973212 -3.15283e-09
-0.0972313 -3.29523e-09
-0.0971414 -3.29472e-09
-0.0970515 -3.24055e-09
-0.0969616 -3.10158e-09
-0.0968717 -3.07373e-09
-0.0967818 -3.04987e-09
-0.0966919 -3.0209e-09
-0.096602 -2.96165e-09
-0.0965121 -2.82786e-09
-0.0964222 -2.54747e-09
-0.0963323 -2.34713e-09
-0.0962424 -2.13092e-09
-0.0961525 -1.97524e-09
-0.0960626 -1.82324e-09
-0.0959726 -1.76725e-09
-0.0958827 -1.78226e-09
-0.0957928 -1.76035e-09
-0.0957029 -1.70111e-09
-0.095613 -1.66579e-09
-0.0955231 -1.61037e-09
-0.0954332 -1.44659e-09
-0.0953433 -1.35495e-09
-0.0952534 -1.32091e-09
-0.0951635 -1.26075e-09
-0.0950736 -1.34756e-09
-0.0949837 -1.44311e-09
-0.0948938 -1.54695e-09
-0.0948039 -1.64852e-09
-0.094714 -1.79199e-09
-0.0946241 -1.95243e-09
-0.0945342 -2.0645e-09
-0.0944443 -2.21328e-09
-0.0943544 -2.30522e-09
-0.0942645 -2.29628e-09
-0.0941746 -2.21578e-09
-0.0940847 -2.10583e-09
-0.0939948 -1.90712e-09
-0.0939049 -1.71142e-09
-0.0938149 -1.65827e-09
-0.093725 -1.66259e-09
-0.0936351 -1.65927e-09
-0.0935452 -1.65576e-09
-0.0934553 -1.60346e-09
-0.0933654 -1.68019e-09
-0.0932755 -1.92303e-09
-0.0931856 -2.20264e-09
-0.0930957 -2.53893e-09
-0.0930058 -2.92672e-09
-0.0929159 -3.30917e-09
-0.092826 -3.72476e-09
-0.0927361 -3.99148e-09
-0.0926462 -4.22214e-09
-0.0925563 -4.42522e-09
-0.0924664 -4.59735e-09
-0.0923765 -4.81313e-09
-0.0922866 -5.04871e-09
-0.0921967 -5.27674e-09
-0.0921068 -5.36388e-09
-0.0920169 -5.42498e-09
-0.091927 -5.4879e-09
-0.0918371 -5.53997e-09
-0.0917472 -5.38059e-09
-0.0916572 -5.33975e-09
-0.0915673 -5.24379e-09
-0.0914774 -5.21105e-09
-0.0913875 -5.22698e-09
-0.0912976 -5.08061e-09
-0.0912077 -4.97954e-09
-0.0911178 -4.92508e-09
-0.0910279 -4.87324e-09
-0.090938 -4.74347e-09
-0.0908481 -4.60415e-09
-0.0907582 -4.56514e-09
-0.0906683 -4.47299e-09
-0.0905784 -4.34444e-09
-0.0904885 -4.25563e-09
-0.0903986 -4.08377e-09
-0.0903087 -3.88538e-09
-0.0902188 -3.59712e-09
-0.0901289 -3.19628e-09
-0.090039 -2.76821e-09
-0.0899491 -2.52297e-09
-0.0898592 -2.2315e-09
-0.0897693 -1.93796e-09
-0.0896794 -1.63973e-09
-0.0895895 -1.37763e-09
-0.0894995 -1.15238e-09
-0.0894096 -7.40333e-10
-0.0893197 -3.60793e-10
-0.0892298 -1.49944e-10
-0.0891399 9.31879e-11
-0.08905 3.20229e-10
-0.0889601 5.36777e-10
-0.0888702 8.88932e-10
-0.0887803 1.01039e-09
-0.0886904 1.17597e-09
-0.0886005 1.16713e-09
-0.0885106 1.29027e-09
-0.0884207 1.369e-09
-0.0883308 1.37215e-09
-0.0882409 1.32551e-09
-0.088151 1.27309e-09
-0.0880611 1.25145e-09
-0.0879712 1.25213e-09
-0.0878813 1.19693e-09
-0.0877914 1.15581e-09
-0.0877015 1.19971e-09
-0.0876116 1.26621e-09
-0.0875217 1.35242e-09
-0.0874318 1.3588e-09
-0.0873418 1.37425e-09
-0.0872519 1.37527e-09
-0.087162 1.5017e-09
-0.0870721 1.52004e-09
-0.0869822 1.58888e-09
-0.0868923 1.69687e-09
-0.0868024 1.80481e-09
-0.0867125 1.89056e-09
-0.0866226 2.14238e-09
-0.0865327 2.40786e-09
-0.0864428 2.60118e-09
-0.0863529 2.82226e-09
-0.086263 3.06014e-09
-0.0861731 3.16212e-09
-0.0860832 3.3349e-09
-0.0859933 3.55055e-09
-0.0859034 3.62517e-09
-0.0858135 3.75114e-09
-0.0857236 3.94146e-09
-0.0856337 3.98937e-09
-0.0855438 3.93217e-09
-0.0854539 3.88743e-09
-0.085364 3.93891e-09
-0.0852741 3.93632e-09
-0.0851841 3.85407e-09
-0.0850942 3.82378e-09
-0.0850043 3.75796e-09
-0.0849144 3.62477e-09
-0.0848245 3.56289e-09
-0.0847346 3.49592e-09
-0.0846447 3.49477e-09
-0.0845548 3.45383e-09
-0.0844649 3.38279e-09
-0.084375 3.29225e-09
-0.0842851 3.16487e-09
-0.0841952 3.01189e-09
-0.0841053 2.92806e-09
-0.0840154 2.7972e-09
-0.0839255 2.73529e-09
-0.0838356 2.67171e-09
-0.0837457 2.55963e-09
-0.0836558 2.45832e-09
-0.0835659 2.3981e-09
-0.083476 2.30579e-09
-0.0833861 2.2137e-09
-0.0832962 2.16423e-09
-0.0832063 2.11286e-09
-0.0831164 2.11831e-09
-0.0830264 2.26422e-09
-0.0829365 2.34687e-09
-0.0828466 2.43201e-09
-0.0827567 2.56108e-09
-0.0826668 2.66999e-09
-0.0825769 2.8354e-09
-0.082487 2.94636e-09
-0.0823971 3.07772e-09
-0.0823072 3.224e-09
-0.0822173 3.29715e-09
-0.0821274 3.40291e-09
-0.0820375 3.44334e-09
-0.0819476 3.40857e-09
-0.0818577 3.38969e-09
-0.0817678 3.38395e-09
-0.0816779 3.36781e-09
-0.081588 3.32758e-09
-0.0814981 3.26888e-09
-0.0814082 3.2731e-09
-0.0813183 3.27314e-09
-0.0812284 3.25898e-09
-0.0811385 3.23187e-09
-0.0810486 3.3097e-09
-0.0809587 3.31839e-09
-0.0808687 3.24404e-09
-0.0807788 3.0779e-09
-0.0806889 2.93396e-09
-0.080599 2.86961e-09
-0.0805091 2.8666e-09
-0.0804192 2.84568e-09
-0.0803293 2.85024e-09
-0.0802394 2.9451e-09
-0.0801495 3.06332e-09
-0.0800596 3.26855e-09
-0.0799697 3.53618e-09
-0.0798798 3.8777e-09
-0.0797899 4.32559e-09
-0.0797 4.80454e-09
-0.0796101 5.18711e-09
-0.0795202 5.7272e-09
-0.0794303 6.19053e-09
-0.0793404 6.6582e-09
-0.0792505 7.08676e-09
-0.0791606 7.49003e-09
-0.0790707 7.90741e-09
-0.0789808 8.18849e-09
-0.0788909 8.48594e-09
-0.078801 8.83129e-09
-0.078711 9.10173e-09
-0.0786211 9.35978e-09
-0.0785312 9.59924e-09
-0.0784413 9.76498e-09
-0.0783514 9.91926e-09
-0.0782615 1.00848e-08
-0.0781716 1.02496e-08
-0.0780817 1.04832e-08
-0.0779918 1.07356e-08
-0.0779019 1.09547e-08
-0.077812 1.11415e-08
-0.0777221 1.12366e-08
-0.0776322 1.13487e-08
-0.0775423 1.14536e-08
-0.0774524 1.15959e-08
-0.0773625 1.16781e-08
-0.0772726 1.17644e-08
-0.0771827 1.18285e-08
-0.0770928 1.18662e-08
-0.0770029 1.1851e-08
-0.076913 1.18188e-08
-0.0768231 1.18392e-08
-0.0767332 1.18839e-08
-0.0766433 1.19415e-08
-0.0765534 1.20203e-08
-0.0764634 1.20931e-08
-0.0763735 1.21434e-08
-0.0762836 1.22616e-08
-0.0761937 1.23816e-08
-0.0761038 1.25437e-08
-0.0760139 1.26868e-08
-0.075924 1.27865e-08
-0.0758341 1.28857e-08
-0.0757442 1.29541e-08
-0.0756543 1.3015e-08
-0.0755644 1.30501e-08
-0.0754745 1.30936e-08
-0.0753846 1.31541e-08
-0.0752947 1.32499e-08
-0.0752048 1.32993e-08
-0.0751149 1.32993e-08
-0.075025 1.33083e-08
-0.0749351 1.32883e-08
-0.0748452 1.32843e-08
-0.0747553 1.32396e-08
-0.0746654 1.31616e-08
-0.0745755 1.30279e-08
-0.0744856 1.29252e-08
-0.0743957 1.27797e-08
-0.0743057 1.26163e-08
-0.0742158 1.24245e-08
-0.0741259 1.22107e-08
-0.074036 1.1967e-08
-0.0739461 1.17667e-08
-0.0738562 1.15691e-08
-0.0737663 1.14257e-08
-0.0736764 1.12935e-08
-0.0735865 1.1131e-08
-0.0734966 1.09665e-08
-0.0734067 1.08347e-08
-0.0733168 1.07374e-08
-0.0732269 1.05907e-08
-0.073137 1.04431e-08
-0.0730471 1.03611e-08
-0.0729572 1.02794e-08
-0.0728673 1.01802e-08
-0.0727774 1.00902e-08
-0.0726875 1.00385e-08
-0.0725976 9.99105e-09
-0.0725077 9.94489e-09
-0.0724178 9.91758e-09
-0.0723279 9.88398e-09
-0.072238 9.88714e-09
-0.072148 9.91443e-09
-0.0720581 9.98994e-09
-0.0719682 1.0083e-08
-0.0718783 1.01707e-08
-0.0717884 1.02758e-08
-0.0716985 1.03386e-08
-0.0716086 1.04004e-08
-0.0715187 1.04561e-08
-0.0714288 1.05323e-08
-0.0713389 1.06352e-08
-0.071249 1.07286e-08
-0.0711591 1.08241e-08
-0.0710692 1.09319e-08
-0.0709793 1.10199e-08
-0.0708894 1.10939e-08
-0.0707995 1.11879e-08
-0.0707096 1.12813e-08
-0.0706197 1.1383e-08
-0.0705298 1.14941e-08
-0.0704399 1.16161e-08
-0.07035 1.17123e-08
-0.0702601 1.17933e-08
-0.0701702 1.18683e-08
-0.0700803 1.19282e-08
-0.0699903 1.19915e-08
-0.0699004 1.20879e-08
-0.0698105 1.2154e-08
-0.0697206 1.22051e-08
-0.0696307 1.22863e-08
-0.0695408 1.23656e-08
-0.0694509 1.245e-08
-0.069361 1.25093e-08
-0.0692711 1.2548e-08
-0.0691812 1.25638e-08
-0.0690913 1.25799e-08
-0.0690014 1.26117e-08
-0.0689115 1.26669e-08
-0.0688216 1.27209e-08
-0.0687317 1.27611e-08
-0.0686418 1.27811e-08
-0.0685519 1.27761e-08
-0.068462 1.28004e-08
-0.0683721 1.28097e-08
-0.0682822 1.2838e-08
-0.0681923 1.28592e-08
-0.0681024 1.2865e-08
-0.0680125 1.2877e-08
-0.0679226 1.29278e-08
-0.0678326 1.29862e-08
-0.0677427 1.30153e-08
-0.0676528 1.30606e-08
-0.0675629 1.31218e-08
-0.067473 1.31945e-08
-0.0673831 1.32673e-08
-0.0672932 1.34125e-08
-0.0672033 1.35584e-08
-0.0671134 1.37429e-08
-0.0670235 1.39323e-08
-0.0669336 1.41206e-08
-0.0668437 1.43343e-08
-0.0667538 1.45213e-08
-0.0666639 1.46971e-08
-0.066574 1.48437e-08
-0.0664841 1.49788e-08
-0.0663942 1.50764e-08
-0.0663043 1.51727e-08
-0.0662144 1.52633e-08
-0.0661245 1.53206e-08
-0.0660346 1.54088e-08
-0.0659447 1.54486e-08
-0.0658548 1.5493e-08
-0.0657649 1.555e-08
-0.0656749 1.55846e-08
-0.065585 1.5606e-08
-0.0654951 1.56222e-08
-0.0654052 1.56268e-08
-0.0653153 1.5607e-08
-0.0652254 1.55923e-08
-0.0651355 1.55395e-08
-0.0650456 1.54568e-08
-0.0649557 1.53663e-08
-0.0648658 1.52718e-08
-0.0647759 1.5172e-08
-0.064686 1.50748e-08
-0.0645961 1.49962e-08
-0.0645062 1.49126e-08
-0.0644163 1.48306e-08
-0.0643264 1.47617e-08
-0.0642365 1.46857e-08
-0.0641466 1.46283e-08
-0.0640567 1.4584e-08
-0.0639668 1.45161e-08
-0.0638769 1.44669e-08
-0.063787 1.44275e-08
-0.0636971 1.43848e-08
-0.0636072 1.43634e-08
-0.0635172 1.43413e-08
-0.0634273 1.43029e-08
-0.0633374 1.42456e-08
-0.0632475 1.4176e-08
-0.0631576 1.41137e-08
-0.0630677 1.40725e-08
-0.0629778 1.40354e-08
-0.0628879 1.40217e-08
-0.062798 1.39994e-08
-0.0627081 1.39781e-08
-0.0626182 1.39486e-08
-0.0625283 1.39376e-08
-0.0624384 1.39284e-08
-0.0623485 1.38938e-08
-0.0622586 1.38594e-08
-0.0621687 1.38055e-08
-0.0620788 1.3748e-08
-0.0619889 1.36782e-08
-0.061899 1.36024e-08
-0.0618091 1.35073e-08
-0.0617192 1.33836e-08
-0.0616293 1.32365e-08
-0.0615394 1.30822e-08
-0.0614495 1.29105e-08
-0.0613595 1.27382e-08
-0.0612696 1.25878e-08
-0.0611797 1.24469e-08
-0.0610898 1.23289e-08
-0.0609999 1.22153e-08
-0.06091 1.21006e-08
-0.0608201 1.19814e-08
-0.0607302 1.18836e-08
-0.0606403 1.17924e-08
-0.0605504 1.16667e-08
-0.0604605 1.15362e-08
-0.0603706 1.14096e-08
-0.0602807 1.13093e-08
-0.0601908 1.1189e-08
-0.0601009 1.10801e-08
-0.060011 1.09963e-08
-0.0599211 1.09201e-08
-0.0598312 1.08148e-08
-0.0597413 1.07697e-08
-0.0596514 1.0718e-08
-0.0595615 1.0648e-08
-0.0594716 1.05897e-08
-0.0593817 1.05547e-08
-0.0592918 1.05478e-08
-0.0592018 1.05391e-08
-0.0591119 1.05073e-08
-0.059022 1.0495e-08
-0.0589321 1.04852e-08
-0.0588422 1.04956e-08
-0.0587523 1.05066e-08
-0.0586624 1.05086e-08
-0.0585725 1.04833e-08
-0.0584826 1.04617e-08
-0.0583927 1.04563e-08
-0.0583028 1.04413e-08
-0.0582129 1.04174e-08
-0.058123 1.0417e-08
-0.0580331 1.04305e-08
-0.0579432 1.04304e-08
-0.0578533 1.04229e-08
-0.0577634 1.04352e-08
-0.0576735 1.04665e-08
-0.0575836 1.04996e-08
-0.0574937 1.05406e-08
-0.0574038 1.05828e-08
-0.0573139 1.06059e-08
-0.057224 1.06144e-08
-0.0571341 1.06036e-08
-0.0570442 1.06028e-08
-0.0569542 1.05864e-08
-0.0568643 1.0549e-08
-0.0567744 1.05301e-08
-0.0566845 1.05419e-08
-0.0565946 1.0559e-08
-0.0565047 1.05764e-08
-0.0564148 1.05852e-08
-0.0563249 1.05732e-08
-0.056235 1.0551e-08
-0.0561451 1.05372e-08
-0.0560552 1.05341e-08
-0.0559653 1.04855e-08
-0.0558754 1.04416e-08
-0.0557855 1.04128e-08
-0.0556956 1.03798e-08
-0.0556057 1.03544e-08
-0.0555158 1.03256e-08
-0.0554259 1.02761e-08
-0.055336 1.02129e-08
-0.0552461 1.01555e-08
-0.0551562 1.01124e-08
-0.0550663 1.00605e-08
-0.0549764 1.0006e-08
-0.0548865 9.97423e-09
-0.0547965 9.92573e-09
-0.0547066 9.90574e-09
-0.0546167 9.8427e-09
-0.0545268 9.77805e-09
-0.0544369 9.71054e-09
-0.054347 9.66288e-09
-0.0542571 9.628e-09
-0.0541672 9.59031e-09
-0.0540773 9.56372e-09
-0.0539874 9.52252e-09
-0.0538975 9.50658e-09
-0.0538076 9.49642e-09
-0.0537177 9.47659e-09
-0.0536278 9.47483e-09
-0.0535379 9.47206e-09
-0.053448 9.45246e-09
-0.0533581 9.43754e-09
-0.0532682 9.42845e-09
-0.0531783 9.41577e-09
-0.0530884 9.41212e-09
-0.0529985 9.38648e-09
-0.0529086 9.38899e-09
-0.0528187 9.36577e-09
-0.0527288 9.34859e-09
-0.0526388 9.32764e-09
-0.0525489 9.32744e-09
-0.052459 9.32786e-09
-0.0523691 9.30799e-09
-0.0522792 9.28429e-09
-0.0521893 9.25257e-09
-0.0520994 9.2154e-09
-0.0520095 9.16574e-09
-0.0519196 9.1028e-09
-0.0518297 9.0431e-09
-0.0517398 8.97641e-09
-0.0516499 8.92492e-09
-0.05156 8.88786e-09
-0.0514701 8.8569e-09
-0.0513802 8.81914e-09
-0.0512903 8.77859e-09
-0.0512004 8.73535e-09
-0.0511105 8.70322e-09
-0.0510206 8.64066e-09
-0.0509307 8.56839e-09
-0.0508408 8.47706e-09
-0.0507509 8.4058e-09
-0.050661 8.32887e-09
-0.0505711 8.25515e-09
-0.0504811 8.19111e-09
-0.0503912 8.11378e-09
-0.0503013 8.03878e-09
-0.0502114 7.97851e-09
-0.0501215 7.91992e-09
-0.0500316 7.86347e-09
-0.0499417 7.81051e-09
-0.0498518 7.73013e-09
-0.0497619 7.6478e-09
-0.049672 7.5614e-09
-0.0495821 7.44903e-09
-0.0494922 7.34436e-09
-0.0494023 7.23661e-09
-0.0493124 7.12399e-09
-0.0492225 6.99527e-09
-0.0491326 6.86838e-09
-0.0490427 6.73584e-09
-0.0489528 6.63698e-09
-0.0488629 6.54216e-09
-0.048773 6.43342e-09
-0.0486831 6.32288e-09
-0.0485932 6.2042e-09
-0.0485033 6.09235e-09
-0.0484134 5.97515e-09
-0.0483234 5.85934e-09
-0.0482335 5.72663e-09
-0.0481436 5.59932e-09
-0.0480537 5.45506e-09
-0.0479638 5.30007e-09
-0.0478739 5.17729e-09
-0.047784 5.07658e-09
-0.0476941 4.98287e-09
-0.0476042 4.90136e-09
-0.0475143 4.83738e-09
-0.0474244 4.77037e-09
-0.0473345 4.70598e-09
-0.0472446 4.63805e-09
-0.0471547 4.57608e-09
-0.0470648 4.52949e-09
-0.0469749 4.49406e-09
-0.046885 4.43293e-09
-0.0467951 4.39236e-09
-0.0467052 4.37694e-09
-0.0466153 4.36765e-09
-0.0465254 4.3679e-09
-0.0464355 4.35109e-09
-0.0463456 4.34755e-09
-0.0462557 4.34081e-09
-0.0461657 4.3374e-09
-0.0460758 4.31749e-09
-0.0459859 4.30314e-09
-0.045896 4.30599e-09
-0.0458061 4.2972e-09
-0.0457162 4.28629e-09
-0.0456263 4.26547e-09
-0.0455364 4.25978e-09
-0.0454465 4.24466e-09
-0.0453566 4.23088e-09
-0.0452667 4.25057e-09
-0.0451768 4.28587e-09
-0.0450869 4.31141e-09
-0.044997 4.3277e-09
-0.0449071 4.32846e-09
-0.0448172 4.3481e-09
-0.0447273 4.37954e-09
-0.0446374 4.39486e-09
-0.0445475 4.39997e-09
-0.0444576 4.41202e-09
-0.0443677 4.43416e-09
-0.0442778 4.46937e-09
-0.0441879 4.51035e-09
-0.044098 4.54976e-09
-0.044008 4.59811e-09
-0.0439181 4.63772e-09
-0.0438282 4.70004e-09
-0.0437383 4.77023e-09
-0.0436484 4.85001e-09
-0.0435585 4.92502e-09
-0.0434686 5.00284e-09
-0.0433787 5.06269e-09
-0.0432888 5.13127e-09
-0.0431989 5.19477e-09
-0.043109 5.25034e-09
-0.0430191 5.2959e-09
-0.0429292 5.32511e-09
-0.0428393 5.34148e-09
-0.0427494 5.37728e-09
-0.0426595 5.42892e-09
-0.0425696 5.47558e-09
-0.0424797 5.51543e-09
-0.0423898 5.57244e-09
-0.0422999 5.61789e-09
-0.04221 5.64793e-09
-0.0421201 5.65468e-09
-0.0420302 5.63435e-09
-0.0419403 5.58734e-09
-0.0418503 5.55108e-09
-0.0417604 5.48682e-09
-0.0416705 5.42485e-09
-0.0415806 5.36445e-09
-0.0414907 5.30805e-09
-0.0414008 5.2513e-09
-0.0413109 5.20584e-09
-0.041221 5.159e-09
-0.0411311 5.08354e-09
-0.0410412 4.98242e-09
-0.0409513 4.86341e-09
-0.0408614 4.74802e-09
-0.0407715 4.64358e-09
-0.0406816 4.52971e-09
-0.0405917 4.39949e-09
-0.0405018 4.27854e-09
-0.0404119 4.16052e-09
-0.040322 4.04541e-09
-0.0402321 3.92686e-09
-0.0401422 3.81985e-09
-0.0400523 3.70856e-09
-0.0399624 3.60117e-09
-0.0398725 3.49769e-09
-0.0397826 3.39546e-09
-0.0396927 3.29696e-09
-0.0396027 3.20036e-09
-0.0395128 3.09964e-09
-0.0394229 2.99629e-09
-0.039333 2.90507e-09
-0.0392431 2.82049e-09
-0.0391532 2.74543e-09
-0.0390633 2.68686e-09
-0.0389734 2.6383e-09
-0.0388835 2.60357e-09
-0.0387936 2.56452e-09
-0.0387037 2.5222e-09
-0.0386138 2.48331e-09
-0.0385239 2.44731e-09
-0.038434 2.40969e-09
-0.0383441 2.37825e-09
-0.0382542 2.36777e-09
-0.0381643 2.36211e-09
-0.0380744 2.37715e-09
-0.0379845 2.38157e-09
-0.0378946 2.40252e-09
-0.0378047 2.41894e-09
-0.0377148 2.41768e-09
-0.0376249 2.416e-09
-0.037535 2.41121e-09
-0.037445 2.40421e-09
-0.0373551 2.40423e-09
-0.0372652 2.39039e-09
-0.0371753 2.37866e-09
-0.0370854 2.3811e-09
-0.0369955 2.38436e-09
-0.0369056 2.39702e-09
-0.0368157 2.42636e-09
-0.0367258 2.4359e-09
-0.0366359 2.44804e-09
-0.036546 2.4544e-09
-0.0364561 2.44437e-09
-0.0363662 2.46956e-09
-0.0362763 2.47236e-09
-0.0361864 2.45333e-09
-0.0360965 2.43934e-09
-0.0360066 2.4461e-09
-0.0359167 2.45306e-09
-0.0358268 2.46076e-09
-0.0357369 2.47177e-09
-0.035647 2.47355e-09
-0.0355571 2.48975e-09
-0.0354672 2.50854e-09
-0.0353773 2.54074e-09
-0.0352873 2.58027e-09
-0.0351974 2.59127e-09
-0.0351075 2.60662e-09
-0.0350176 2.60844e-09
-0.0349277 2.62413e-09
-0.0348378 2.63292e-09
-0.0347479 2.63715e-09
-0.034658 2.64073e-09
-0.0345681 2.64346e-09
-0.0344782 2.65263e-09
-0.0343883 2.6827e-09
-0.0342984 2.72027e-09
-0.0342085 2.74646e-09
-0.0341186 2.76496e-09
-0.0340287 2.77522e-09
-0.0339388 2.77141e-09
-0.0338489 2.76272e-09
-0.033759 2.75137e-09
-0.0336691 2.73404e-09
-0.0335792 2.70952e-09
-0.0334893 2.67621e-09
-0.0333994 2.64684e-09
-0.0333095 2.61809e-09
-0.0332196 2.59782e-09
-0.0331296 2.56989e-09
-0.0330397 2.55512e-09
-0.0329498 2.51979e-09
-0.0328599 2.48175e-09
-0.03277 2.43374e-09
-0.0326801 2.38795e-09
-0.0325902 2.34964e-09
-0.0325003 2.2908e-09
-0.0324104 2.23614e-09
-0.0323205 2.19595e-09
-0.0322306 2.13855e-09
-0.0321407 2.0775e-09
-0.0320508 2.0324e-09
-0.0319609 1.98625e-09
-0.031871 1.93039e-09
-0.0317811 1.88236e-09
-0.0316912 1.83572e-09
-0.0316013 1.80411e-09
-0.0315114 1.75716e-09
-0.0314215 1.7075e-09
-0.0313316 1.67113e-09
-0.0312417 1.63714e-09
-0.0311518 1.58121e-09
-0.0310619 1.53364e-09
-0.0309719 1.4888e-09
-0.030882 1.43386e-09
-0.0307921 1.39753e-09
-0.0307022 1.36516e-09
-0.0306123 1.34958e-09
-0.0305224 1.33001e-09
-0.0304325 1.30353e-09
-0.0303426 1.28519e-09
-0.0302527 1.2791e-09
-0.0301628 1.27002e-09
-0.0300729 1.2592e-09
-0.029983 1.2564e-09
-0.0298931 1.24167e-09
-0.0298032 1.22463e-09
-0.0297133 1.2116e-09
-0.0296234 1.19894e-09
-0.0295335 1.18784e-09
-0.0294436 1.17466e-09
-0.0293537 1.16765e-09
-0.0292638 1.17003e-09
-0.0291739 1.19057e-09
-0.029084 1.20472e-09
-0.0289941 1.21589e-09
-0.0289042 1.23221e-09
-0.0288142 1.23531e-09
-0.0287243 1.24184e-09
-0.0286344 1.21735e-09
-0.0285445 1.20033e-09
-0.0284546 1.18514e-09
-0.0283647 1.17129e-09
-0.0282748 1.16607e-09
-0.0281849 1.17265e-09
-0.028095 1.17116e-09
-0.0280051 1.16984e-09
-0.0279152 1.17476e-09
-0.0278253 1.17153e-09
-0.0277354 1.17083e-09
-0.0276455 1.16711e-09
-0.0275556 1.15848e-09
-0.0274657 1.14301e-09
-0.0273758 1.12847e-09
-0.0272859 1.12447e-09
-0.027196 1.13502e-09
-0.0271061 1.15248e-09
-0.0270162 1.16227e-09
-0.0269263 1.17485e-09
-0.0268364 1.18279e-09
-0.0267465 1.1853e-09
-0.0266565 1.19464e-09
-0.0265666 1.21445e-09
-0.0264767 1.23086e-09
-0.0263868 1.2501e-09
-0.0262969 1.28265e-09
-0.026207 1.31858e-09
-0.0261171 1.35683e-09
-0.0260272 1.39837e-09
-0.0259373 1.44516e-09
-0.0258474 1.50245e-09
-0.0257575 1.55488e-09
-0.0256676 1.5934e-09
-0.0255777 1.6529e-09
-0.0254878 1.70892e-09
-0.0253979 1.76324e-09
-0.025308 1.82608e-09
-0.0252181 1.88915e-09
-0.0251282 1.94268e-09
-0.0250383 1.98584e-09
-0.0249484 2.04888e-09
-0.0248585 2.11369e-09
-0.0247686 2.19611e-09
-0.0246787 2.25565e-09
-0.0245888 2.3072e-09
-0.0244988 2.37495e-09
-0.0244089 2.44235e-09
-0.024319 2.48836e-09
-0.0242291 2.53238e-09
-0.0241392 2.56534e-09
-0.0240493 2.59672e-09
-0.0239594 2.63597e-09
-0.0238695 2.69275e-09
-0.0237796 2.73844e-09
-0.0236897 2.7901e-09
-0.0235998 2.81418e-09
-0.0235099 2.83727e-09
-0.02342 2.8752e-09
-0.0233301 2.89554e-09
-0.0232402 2.90938e-09
-0.0231503 2.91956e-09
-0.0230604 2.92283e-09
-0.0229705 2.9385e-09
-0.0228806 2.9551e-09
-0.0227907 2.96412e-09
-0.0227008 2.98999e-09
-0.0226109 3.00763e-09
-0.022521 3.01399e-09
-0.0224311 3.01951e-09
-0.0223411 3.04242e-09
-0.0222512 3.05489e-09
-0.0221613 3.06037e-09
-0.0220714 3.06029e-09
-0.0219815 3.07013e-09
-0.0218916 3.08036e-09
-0.0218017 3.09044e-09
-0.0217118 3.0942e-09
-0.0216219 3.10098e-09
-0.021532 3.10364e-09
-0.0214421 3.10092e-09
-0.0213522 3.10903e-09
-0.0212623 3.1147e-09
-0.0211724 3.12367e-09
-0.0210825 3.13398e-09
-0.0209926 3.13773e-09
-0.0209027 3.14793e-09
-0.0208128 3.14747e-09
-0.0207229 3.14698e-09
-0.020633 3.14334e-09
-0.0205431 3.14177e-09
-0.0204532 3.14467e-09
-0.0203633 3.15641e-09
-0.0202734 3.16814e-09
-0.0201835 3.17694e-09
-0.0200935 3.19182e-09
-0.0200036 3.20729e-09
-0.0199137 3.21594e-09
-0.0198238 3.21643e-09
-0.0197339 3.21897e-09
-0.019644 3.22525e-09
-0.0195541 3.23151e-09
-0.0194642 3.23193e-09
-0.0193743 3.25049e-09
-0.0192844 3.2702e-09
-0.0191945 3.28444e-09
-0.0191046 3.30108e-09
-0.0190147 3.31475e-09
-0.0189248 3.32755e-09
-0.0188349 3.33114e-09
-0.018745 3.33128e-09
-0.0186551 3.34027e-09
-0.0185652 3.34859e-09
-0.0184753 3.34705e-09
-0.0183854 3.35419e-09
-0.0182955 3.36453e-09
-0.0182056 3.37631e-09
-0.0181157 3.37707e-09
-0.0180258 3.3786e-09
-0.0179358 3.38542e-09
-0.0178459 3.38359e-09
-0.017756 3.37128e-09
-0.0176661 3.3632e-09
-0.0175762 3.343e-09
-0.0174863 3.3167e-09
-0.0173964 3.29745e-09
-0.0173065 3.28855e-09
-0.0172166 3.27556e-09
-0.0171267 3.27057e-09
-0.0170368 3.26097e-09
-0.0169469 3.23844e-09
-0.016857 3.2297e-09
-0.0167671 3.21322e-09
-0.0166772 3.18635e-09
-0.0165873 3.15706e-09
-0.0164974 3.12932e-09
-0.0164075 3.08388e-09
-0.0163176 3.05194e-09
-0.0162277 3.01672e-09
-0.0161378 2.98434e-09
-0.0160479 2.95667e-09
-0.015958 2.92125e-09
-0.0158681 2.89327e-09
-0.0157781 2.87203e-09
-0.0156882 2.85206e-09
-0.0155983 2.81999e-09
-0.0155084 2.77957e-09
-0.0154185 2.73749e-09
-0.0153286 2.70291e-09
-0.0152387 2.66935e-09
-0.0151488 2.63453e-09
-0.0150589 2.60186e-09
-0.014969 2.58013e-09
-0.0148791 2.55916e-09
-0.0147892 2.53025e-09
-0.0146993 2.50826e-09
-0.0146094 2.49009e-09
-0.0145195 2.46762e-09
-0.0144296 2.44149e-09
-0.0143397 2.41811e-09
-0.0142498 2.40363e-09
-0.0141599 2.39453e-09
-0.01407 2.39198e-09
-0.0139801 2.38709e-09
-0.0138902 2.38039e-09
-0.0138003 2.371e-09
-0.0137104 2.36215e-09
-0.0136204 2.35481e-09
-0.0135305 2.35938e-09
-0.0134406 2.35989e-09
-0.0133507 2.35406e-09
-0.0132608 2.359e-09
-0.0131709 2.37145e-09
-0.013081 2.39678e-09
-0.0129911 2.41835e-09
-0.0129012 2.43854e-09
-0.0128113 2.45569e-09
-0.0127214 2.45892e-09
-0.0126315 2.47099e-09
-0.0125416 2.48676e-09
-0.0124517 2.51377e-09
-0.0123618 2.5414e-09
-0.0122719 2.56662e-09
-0.012182 2.59332e-09
-0.0120921 2.63057e-09
-0.0120022 2.67933e-09
-0.0119123 2.72258e-09
-0.0118224 2.77048e-09
-0.0117325 2.81154e-09
-0.0116426 2.83667e-09
-0.0115527 2.88467e-09
-0.0114627 2.92602e-09
-0.0113728 2.98035e-09
-0.0112829 3.03591e-09
-0.011193 3.08215e-09
-0.0111031 3.1363e-09
-0.0110132 3.19725e-09
-0.0109233 3.26664e-09
-0.0108334 3.32905e-09
-0.0107435 3.39972e-09
-0.0106536 3.46504e-09
-0.0105637 3.52609e-09
-0.0104738 3.60262e-09
-0.0103839 3.67039e-09
-0.010294 3.74999e-09
-0.0102041 3.81361e-09
-0.0101142 3.87963e-09
-0.0100243 3.95095e-09
-0.00993438 4.02417e-09
-0.00984447 4.09654e-09
-0.00975457 4.15527e-09
-0.00966466 4.22716e-09
-0.00957476 4.29354e-09
-0.00948486 4.3633e-09
-0.00939495 4.4338e-09
-0.00930505 4.49886e-09
-0.00921514 4.56211e-09
-0.00912524 4.61905e-09
-0.00903534 4.67478e-09
-0.00894543 4.73162e-09
-0.00885553 4.78209e-09
-0.00876562 4.82942e-09
-0.00867572 4.86498e-09
-0.00858582 4.91035e-09
-0.00849591 4.95346e-09
-0.00840601 4.99507e-09
-0.0083161 5.03835e-09
-0.0082262 5.07837e-09
-0.00813629 5.11249e-09
-0.00804639 5.14058e-09
-0.00795649 5.1717e-09
-0.00786658 5.19529e-09
-0.00777668 5.21438e-09
-0.00768677 5.22704e-09
-0.00759687 5.2399e-09
-0.00750697 5.25201e-09
-0.00741706 5.2591e-09
-0.00732716 5.27478e-09
-0.00723725 5.295e-09
-0.00714735 5.31214e-09
-0.00705744 5.33107e-09
-0.00696754 5.33829e-09
-0.00687764 5.34373e-09
-0.00678773 5.34333e-09
-0.00669783 5.33731e-09
-0.00660792 5.32319e-09
-0.00651802 5.29727e-09
-0.00642812 5.28143e-09
-0.00633821 5.26791e-09
-0.00624831 5.26604e-09
-0.0061584 5.267e-09
-0.0060685 5.26202e-09
-0.00597859 5.25253e-09
-0.00588869 5.23791e-09
-0.00579879 5.21414e-09
-0.00570888 5.18792e-09
-0.00561898 5.14977e-09
-0.00552907 5.11331e-09
-0.00543917 5.06962e-09
-0.00534927 5.03024e-09
-0.00525936 4.99705e-09
-0.00516946 4.97602e-09
-0.00507955 4.95127e-09
-0.00498965 4.9271e-09
-0.00489975 4.89711e-09
-0.00480984 4.84655e-09
-0.00471994 4.79865e-09
-0.00463003 4.74271e-09
-0.00454013 4.68883e-09
-0.00445022 4.62417e-09
-0.00436032 4.55317e-09
-0.00427042 4.48353e-09
-0.00418051 4.42556e-09
-0.00409061 4.37942e-09
-0.0040007 4.3224e-09
-0.0039108 4.25929e-09
-0.0038209 4.18946e-09
-0.00373099 4.11689e-09
-0.00364109 4.04122e-09
-0.00355118 3.97204e-09
-0.00346128 3.90061e-09
-0.00337137 3.82721e-09
-0.00328147 3.73591e-09
-0.00319157 3.64201e-09
-0.00310166 3.56925e-09
-0.00301176 3.49497e-09
-0.00292185 3.41473e-09
-0.00283195 3.33409e-09
-0.00274205 3.24065e-09
-0.00265214 3.14578e-09
-0.00256224 3.05129e-09
-0.00247233 2.96675e-09
-0.00238243 2.86836e-09
-0.00229252 2.76984e-09
-0.00220262 2.66523e-09
-0.00211272 2.57058e-09
-0.00202281 2.48486e-09
-0.00193291 2.39561e-09
-0.001843 2.29649e-09
-0.0017531 2.18763e-09
-0.0016632 2.07903e-09
-0.00157329 1.96892e-09
-0.00148339 1.86721e-09
-0.00139348 1.76178e-09
-0.00130358 1.65867e-09
-0.00121368 1.5527e-09
-0.00112377 1.44295e-09
-0.00103387 1.34207e-09
-0.000943963 1.24223e-09
-0.000854059 1.13878e-09
-0.000764154 1.03018e-09
-0.00067425 9.12816e-10
-0.000584346 7.87657e-10
-0.000494442 6.73341e-10
-0.000404538 5.61538e-10
-0.000314634 4.52032e-10
-0.00022473 3.36416e-10
-0.000134825 2.23326e-10
-4.49212e-05 1.11296e-10
4.49829e-05 0
0.000134887 -1.07647e-10
0.000224791 -2.18043e-10
0.000314695 -3.38569e-10
0.0004046 -4.56438e-10
0.000494504 -5.79688e-10
0.000584408 -6.83113e-10
0.000674312 -7.8835e-10
0.000764216 -8.89505e-10
0.00085412 -9.85523e-10
0.000944024 -1.08847e-09
0.00103393 -1.19484e-09
0.00112383 -1.29651e-09
0.00121374 -1.39319e-09
0.00130364 -1.48222e-09
0.00139355 -1.56455e-09
0.00148345 -1.66155e-09
0.00157335 -1.74676e-09
0.00166326 -1.82089e-09
0.00175316 -1.89455e-09
0.00184307 -1.97011e-09
0.00193297 -2.04428e-09
0.00202287 -2.12183e-09
0.00211278 -2.20308e-09
0.00220268 -2.27549e-09
0.00229259 -2.3436e-09
0.00238249 -2.3981e-09
0.00247239 -2.44675e-09
0.0025623 -2.49372e-09
0.0026522 -2.53856e-09
0.00274211 -2.56973e-09
0.00283201 -2.60199e-09
0.00292192 -2.62618e-09
0.00301182 -2.66048e-09
0.00310172 -2.70103e-09
0.00319163 -2.7363e-09
0.00328153 -2.77337e-09
0.00337144 -2.80254e-09
0.00346134 -2.80713e-09
0.00355124 -2.81272e-09
0.00364115 -2.82468e-09
0.00373105 -2.831e-09
0.00382096 -2.81794e-09
0.00391086 -2.8064e-09
0.00400077 -2.80122e-09
0.00409067 -2.79511e-09
0.00418057 -2.78718e-09
0.00427048 -2.77544e-09
0.00436038 -2.7662e-09
0.00445029 -2.75462e-09
0.00454019 -2.73807e-09
0.00463009 -2.72249e-09
0.00472 -2.7058e-09
0.0048099 -2.6745e-09
0.00489981 -2.62949e-09
0.00498971 -2.57753e-09
0.00507962 -2.53415e-09
0.00516952 -2.49782e-09
0.00525942 -2.45699e-09
0.00534933 -2.41404e-09
0.00543923 -2.37629e-09
0.00552914 -2.33846e-09
0.00561904 -2.30237e-09
0.00570894 -2.27493e-09
0.00579885 -2.23212e-09
0.00588875 -2.18931e-09
0.00597866 -2.13328e-09
0.00606856 -2.08908e-09
0.00615846 -2.05308e-09
0.00624837 -2.02075e-09
0.00633827 -1.98901e-09
0.00642818 -1.96375e-09
0.00651808 -1.9395e-09
0.00660799 -1.92418e-09
0.00669789 -1.90377e-09
0.00678779 -1.89034e-09
0.0068777 -1.87237e-09
0.0069676 -1.86285e-09
0.00705751 -1.85668e-09
0.00714741 -1.85131e-09
0.00723731 -1.86106e-09
0.00732722 -1.87576e-09
0.00741712 -1.89891e-09
0.00750703 -1.92277e-09
0.00759693 -1.94557e-09
0.00768684 -1.96384e-09
0.00777674 -1.98964e-09
0.00786664 -2.02577e-09
0.00795655 -2.05708e-09
0.00804645 -2.10353e-09
0.00813636 -2.15217e-09
0.00822626 -2.21237e-09
0.00831616 -2.27357e-09
0.00840607 -2.34024e-09
0.00849597 -2.4158e-09
0.00858588 -2.47681e-09
0.00867578 -2.54545e-09
0.00876569 -2.61229e-09
0.00885559 -2.67368e-09
0.00894549 -2.74419e-09
0.0090354 -2.80615e-09
0.0091253 -2.87975e-09
0.00921521 -2.94977e-09
0.00930511 -3.03146e-09
0.00939501 -3.1036e-09
0.00948492 -3.18909e-09
0.00957482 -3.27494e-09
0.00966473 -3.34629e-09
0.00975463 -3.43032e-09
0.00984453 -3.51131e-09
0.00993444 -3.58979e-09
0.0100243 -3.6689e-09
0.0101142 -3.74297e-09
0.0102042 -3.81467e-09
0.0102941 -3.88677e-09
0.010384 -3.96079e-09
0.0104739 -4.03714e-09
0.0105638 -4.12495e-09
0.0106537 -4.2137e-09
0.0107436 -4.29339e-09
0.0108335 -4.38112e-09
0.0109234 -4.47499e-09
0.0110133 -4.5671e-09
0.0111032 -4.65531e-09
0.0111931 -4.74343e-09
0.011283 -4.82877e-09
0.0113729 -4.91482e-09
0.0114628 -5.00541e-09
0.0115527 -5.10049e-09
0.0116426 -5.2053e-09
0.0117325 -5.31449e-09
0.0118224 -5.41939e-09
0.0119123 -5.53345e-09
0.0120022 -5.64713e-09
0.0120921 -5.75403e-09
0.012182 -5.86241e-09
0.0122719 -5.98255e-09
0.0123619 -6.09085e-09
0.0124518 -6.19778e-09
0.0125417 -6.30662e-09
0.0126316 -6.42164e-09
0.0127215 -6.54491e-09
0.0128114 -6.66377e-09
0.0129013 -6.78368e-09
0.0129912 -6.91102e-09
0.0130811 -7.03578e-09
0.013171 -7.16055e-09
0.0132609 -7.29868e-09
0.0133508 -7.44111e-09
0.0134407 -7.58576e-09
0.0135306 -7.71097e-09
0.0136205 -7.84541e-09
0.0137104 -7.98995e-09
0.0138003 -8.1342e-09
0.0138902 -8.27528e-09
0.0139801 -8.43404e-09
0.01407 -8.58625e-09
0.0141599 -8.72794e-09
0.0142498 -8.88806e-09
0.0143397 -9.04999e-09
0.0144296 -9.21603e-09
0.0145196 -9.37172e-09
0.0146095 -9.52254e-09
0.0146994 -9.68784e-09
0.0147893 -9.85783e-09
0.0148792 -1.00311e-08
0.0149691 -1.01988e-08
0.015059 -1.03778e-08
0.0151489 -1.0553e-08
0.0152388 -1.07287e-08
0.0153287 -1.09203e-08
0.0154186 -1.11031e-08
0.0155085 -1.12926e-08
0.0155984 -1.14744e-08
0.0156883 -1.16524e-08
0.0157782 -1.18302e-08
0.0158681 -1.20097e-08
0.015958 -1.21922e-08
0.0160479 -1.23783e-08
0.0161378 -1.25583e-08
0.0162277 -1.2732e-08
0.0163176 -1.29154e-08
0.0164075 -1.30971e-08
0.0164974 -1.32731e-08
0.0165873 -1.34429e-08
0.0166773 -1.36114e-08
0.0167672 -1.37731e-08
0.0168571 -1.39266e-08
0.016947 -1.40787e-08
0.0170369 -1.42365e-08
0.0171268 -1.43878e-08
0.0172167 -1.45378e-08
0.0173066 -1.46837e-08
0.0173965 -1.483e-08
0.0174864 -1.49765e-08
0.0175763 -1.5118e-08
0.0176662 -1.52648e-08
0.0177561 -1.54013e-08
0.017846 -1.55288e-08
0.0179359 -1.56441e-08
0.0180258 -1.57575e-08
0.0181157 -1.58707e-08
0.0182056 -1.59849e-08
0.0182955 -1.60965e-08
0.0183854 -1.62038e-08
0.0184753 -1.63188e-08
0.0185652 -1.64325e-08
0.0186551 -1.65393e-08
0.018745 -1.66488e-08
0.0188349 -1.67525e-08
0.0189249 -1.68482e-08
0.0190148 -1.69267e-08
0.0191047 -1.70085e-08
0.0191946 -1.70879e-08
0.0192845 -1.71646e-08
0.0193744 -1.72299e-08
0.0194643 -1.72954e-08
0.0195542 -1.73667e-08
0.0196441 -1.74319e-08
0.019734 -1.74812e-08
0.0198239 -1.75295e-08
0.0199138 -1.75676e-08
0.0200037 -1.76012e-08
0.0200936 -1.76288e-08
0.0201835 -1.76619e-08
0.0202734 -1.76829e-08
0.0203633 -1.77011e-08
0.0204532 -1.77074e-08
0.0205431 -1.77129e-08
0.020633 -1.77159e-08
0.0207229 -1.77149e-08
0.0208128 -1.77109e-08
0.0209027 -1.7696e-08
0.0209926 -1.76685e-08
0.0210826 -1.76507e-08
0.0211725 -1.76326e-08
0.0212624 -1.76148e-08
0.0213523 -1.75933e-08
0.0214422 -1.75585e-08
0.0215321 -1.75087e-08
0.021622 -1.7464e-08
0.0217119 -1.74203e-08
0.0218018 -1.7375e-08
0.0218917 -1.73254e-08
0.0219816 -1.72745e-08
0.0220715 -1.72295e-08
0.0221614 -1.7197e-08
0.0222513 -1.71671e-08
0.0223412 -1.71294e-08
0.0224311 -1.70852e-08
0.022521 -1.70496e-08
0.0226109 -1.7e-08
0.0227008 -1.697e-08
0.0227907 -1.69356e-08
0.0228806 -1.69065e-08
0.0229705 -1.68719e-08
0.0230604 -1.68165e-08
0.0231503 -1.67784e-08
0.0232403 -1.67428e-08
0.0233302 -1.67115e-08
0.0234201 -1.668e-08
0.02351 -1.6653e-08
0.0235999 -1.66309e-08
0.0236898 -1.6614e-08
0.0237797 -1.66104e-08
0.0238696 -1.66003e-08
0.0239595 -1.65787e-08
0.0240494 -1.65566e-08
0.0241393 -1.6527e-08
0.0242292 -1.65048e-08
0.0243191 -1.64852e-08
0.024409 -1.64687e-08
0.0244989 -1.64487e-08
0.0245888 -1.64413e-08
0.0246787 -1.64326e-08
0.0247686 -1.64417e-08
0.0248585 -1.64506e-08
0.0249484 -1.64544e-08
0.0250383 -1.64613e-08
0.0251282 -1.64754e-08
0.0252181 -1.64942e-08
0.025308 -1.65208e-08
0.025398 -1.65643e-08
0.0254879 -1.6604e-08
0.0255778 -1.66438e-08
0.0256677 -1.66919e-08
0.0257576 -1.67509e-08
0.0258475 -1.68334e-08
0.0259374 -1.6913e-08
0.0260273 -1.70039e-08
0.0261172 -1.71124e-08
0.0262071 -1.7222e-08
0.026297 -1.73379e-08
0.0263869 -1.74664e-08
0.0264768 -1.76109e-08
0.0265667 -1.77617e-08
0.0266566 -1.78984e-08
0.0267465 -1.80267e-08
0.0268364 -1.81712e-08
0.0269263 -1.83292e-08
0.0270162 -1.8489e-08
0.0271061 -1.86494e-08
0.027196 -1.88397e-08
0.0272859 -1.90263e-08
0.0273758 -1.92023e-08
0.0274657 -1.93863e-08
0.0275557 -1.95735e-08
0.0276456 -1.97406e-08
0.0277355 -1.98891e-08
0.0278254 -2.00198e-08
0.0279153 -2.01537e-08
0.0280052 -2.02886e-08
0.0280951 -2.0411e-08
0.028185 -2.05567e-08
0.0282749 -2.06982e-08
0.0283648 -2.08303e-08
0.0284547 -2.0957e-08
0.0285446 -2.10881e-08
0.0286345 -2.12077e-08
0.0287244 -2.1313e-08
0.0288143 -2.13984e-08
0.0289042 -2.14747e-08
0.0289941 -2.15483e-08
0.029084 -2.16201e-08
0.0291739 -2.16918e-08
0.0292638 -2.17764e-08
0.0293537 -2.1858e-08
0.0294436 -2.19326e-08
0.0295335 -2.20242e-08
0.0296234 -2.21101e-08
0.0297134 -2.2188e-08
0.0298033 -2.22515e-08
0.0298932 -2.23067e-08
0.0299831 -2.23644e-08
0.030073 -2.24107e-08
0.0301629 -2.24763e-08
0.0302528 -2.25426e-08
0.0303427 -2.26187e-08
0.0304326 -2.26715e-08
0.0305225 -2.27515e-08
0.0306124 -2.28494e-08
0.0307023 -2.29395e-08
0.0307922 -2.30297e-08
0.0308821 -2.31189e-08
0.030972 -2.32165e-08
0.0310619 -2.3293e-08
0.0311518 -2.33735e-08
0.0312417 -2.34752e-08
0.0313316 -2.35857e-08
0.0314215 -2.36751e-08
0.0315114 -2.37578e-08
0.0316013 -2.38786e-08
0.0316912 -2.40003e-08
0.0317811 -2.41375e-08
0.0318711 -2.42734e-08
0.031961 -2.44089e-08
0.0320509 -2.45619e-08
0.0321408 -2.46845e-08
0.0322307 -2.48158e-08
0.0323206 -2.49649e-08
0.0324105 -2.51183e-08
0.0325004 -2.52737e-08
0.0325903 -2.54306e-08
0.0326802 -2.55971e-08
0.0327701 -2.576e-08
0.03286 -2.59103e-08
0.0329499 -2.60509e-08
0.0330398 -2.6227e-08
0.0331297 -2.64099e-08
0.0332196 -2.65785e-08
0.0333095 -2.67684e-08
0.0333994 -2.69622e-08
0.0334893 -2.717e-08
0.0335792 -2.73878e-08
0.0336691 -2.75899e-08
0.033759 -2.77848e-08
0.0338489 -2.79643e-08
0.0339388 -2.8126e-08
0.0340288 -2.82847e-08
0.0341187 -2.84398e-08
0.0342086 -2.86014e-08
0.0342985 -2.87748e-08
0.0343884 -2.89395e-08
0.0344783 -2.90907e-08
0.0345682 -2.92467e-08
0.0346581 -2.93987e-08
0.034748 -2.95357e-08
0.0348379 -2.96533e-08
0.0349278 -2.97641e-08
0.0350177 -2.98814e-08
0.0351076 -2.99714e-08
0.0351975 -3.00581e-08
0.0352874 -3.01469e-08
0.0353773 -3.02409e-08
0.0354672 -3.0326e-08
0.0355571 -3.04017e-08
0.035647 -3.04842e-08
0.0357369 -3.05533e-08
0.0358268 -3.0619e-08
0.0359167 -3.06783e-08
0.0360066 -3.07355e-08
0.0360965 -3.07797e-08
0.0361865 -3.08258e-08
0.0362764 -3.08621e-08
0.0363663 -3.08937e-08
0.0364562 -3.09347e-08
0.0365461 -3.09908e-08
0.036636 -3.10409e-08
0.0367259 -3.10867e-08
0.0368158 -3.11268e-08
0.0369057 -3.11766e-08
0.0369956 -3.1227e-08
0.0370855 -3.12773e-08
0.0371754 -3.13103e-08
0.0372653 -3.13407e-08
0.0373552 -3.1369e-08
0.0374451 -3.13963e-08
0.037535 -3.14227e-08
0.0376249 -3.14495e-08
0.0377148 -3.1456e-08
0.0378047 -3.14626e-08
0.0378946 -3.14694e-08
0.0379845 -3.1477e-08
0.0380744 -3.14878e-08
0.0381643 -3.15019e-08
0.0382542 -3.15073e-08
0.0383441 -3.15219e-08
0.0384341 -3.15393e-08
0.038524 -3.15525e-08
0.0386139 -3.15478e-08
0.0387038 -3.15364e-08
0.0387937 -3.15122e-08
0.0388836 -3.14839e-08
0.0389735 -3.14521e-08
0.0390634 -3.14296e-08
0.0391533 -3.14053e-08
0.0392432 -3.13737e-08
0.0393331 -3.13572e-08
0.039423 -3.13398e-08
0.0395129 -3.13431e-08
0.0396028 -3.13408e-08
0.0396927 -3.13304e-08
0.0397826 -3.132e-08
0.0398725 -3.12991e-08
0.0399624 -3.12827e-08
0.0400523 -3.12759e-08
0.0401422 -3.12759e-08
0.0402321 -3.12886e-08
0.040322 -3.12931e-08
0.0404119 -3.12981e-08
0.0405018 -3.13083e-08
0.0405918 -3.13379e-08
0.0406817 -3.13742e-08
0.0407716 -3.13975e-08
0.0408615 -3.14139e-08
0.0409514 -3.14483e-08
0.0410413 -3.14874e-08
0.0411312 -3.15238e-08
0.0412211 -3.15666e-08
0.041311 -3.16181e-08
0.0414009 -3.16674e-08
0.0414908 -3.17232e-08
0.0415807 -3.17823e-08
0.0416706 -3.18523e-08
0.0417605 -3.19214e-08
0.0418504 -3.19747e-08
0.0419403 -3.20339e-08
0.0420302 -3.21012e-08
0.0421201 -3.21543e-08
0.04221 -3.22235e-08
0.0422999 -3.22792e-08
0.0423898 -3.2335e-08
0.0424797 -3.24043e-08
0.0425696 -3.24533e-08
0.0426595 -3.24969e-08
0.0427495 -3.25365e-08
0.0428394 -3.25776e-08
0.0429293 -3.26124e-08
0.0430192 -3.2651e-08
0.0431091 -3.26925e-08
0.043199 -3.27442e-08
0.0432889 -3.28008e-08
0.0433788 -3.28612e-08
0.0434687 -3.29344e-08
0.0435586 -3.29891e-08
0.0436485 -3.30378e-08
0.0437384 -3.30654e-08
0.0438283 -3.31012e-08
0.0439182 -3.31355e-08
0.0440081 -3.3152e-08
0.044098 -3.31787e-08
0.0441879 -3.32176e-08
0.0442778 -3.32628e-08
0.0443677 -3.33091e-08
0.0444576 -3.33723e-08
0.0445475 -3.34606e-08
0.0446374 -3.35302e-08
0.0447273 -3.36051e-08
0.0448172 -3.36641e-08
0.0449072 -3.37363e-08
0.0449971 -3.38097e-08
0.045087 -3.38832e-08
0.0451769 -3.39413e-08
0.0452668 -3.40128e-08
0.0453567 -3.40783e-08
0.0454466 -3.41338e-08
0.0455365 -3.41899e-08
0.0456264 -3.42808e-08
0.0457163 -3.43575e-08
0.0458062 -3.44468e-08
0.0458961 -3.4516e-08
0.045986 -3.46077e-08
0.0460759 -3.4718e-08
0.0461658 -3.48188e-08
0.0462557 -3.49201e-08
0.0463456 -3.5025e-08
0.0464355 -3.51081e-08
0.0465254 -3.51974e-08
0.0466153 -3.52975e-08
0.0467052 -3.541e-08
0.0467951 -3.55348e-08
0.046885 -3.56726e-08
0.0469749 -3.57898e-08
0.0470649 -3.59069e-08
0.0471548 -3.60282e-08
0.0472447 -3.61666e-08
0.0473346 -3.6293e-08
0.0474245 -3.64112e-08
0.0475144 -3.65376e-08
0.0476043 -3.66812e-08
0.0476942 -3.68299e-08
0.0477841 -3.69786e-08
0.047874 -3.71279e-08
0.0479639 -3.728e-08
0.0480538 -3.74222e-08
0.0481437 -3.75707e-08
0.0482336 -3.77429e-08
0.0483235 -3.79296e-08
0.0484134 -3.81015e-08
0.0485033 -3.82565e-08
0.0485932 -3.84097e-08
0.0486831 -3.85476e-08
0.048773 -3.87053e-08
0.0488629 -3.88366e-08
0.0489528 -3.89552e-08
0.0490427 -3.90553e-08
0.0491326 -3.9166e-08
0.0492226 -3.92807e-08
0.0493125 -3.93892e-08
0.0494024 -3.95162e-08
0.0494923 -3.96453e-08
0.0495822 -3.97748e-08
0.0496721 -3.99014e-08
0.049762 -4.00295e-08
0.0498519 -4.01414e-08
0.0499418 -4.02395e-08
0.0500317 -4.03698e-08
0.0501216 -4.04992e-08
0.0502115 -4.06193e-08
0.0503014 -4.07731e-08
0.0503913 -4.09058e-08
0.0504812 -4.10627e-08
0.0505711 -4.12293e-08
0.050661 -4.13917e-08
0.0507509 -4.15542e-08
0.0508408 -4.16969e-08
0.0509307 -4.18276e-08
0.0510206 -4.19838e-08
0.0511105 -4.2173e-08
0.0512004 -4.23616e-08
0.0512903 -4.25403e-08
0.0513803 -4.27582e-08
0.0514702 -4.2973e-08
0.0515601 -4.31847e-08
0.05165 -4.33819e-08
0.0517399 -4.35597e-08
0.0518298 -4.37329e-08
0.0519197 -4.38999e-08
0.0520096 -4.41061e-08
0.0520995 -4.43164e-08
0.0521894 -4.44972e-08
0.0522793 -4.47078e-08
0.0523692 -4.48944e-08
0.0524591 -4.50724e-08
0.052549 -4.52152e-08
0.0526389 -4.53664e-08
0.0527288 -4.55149e-08
0.0528187 -4.56503e-08
0.0529086 -4.57951e-08
0.0529985 -4.59449e-08
0.0530884 -4.60755e-08
0.0531783 -4.61546e-08
0.0532682 -4.62157e-08
0.0533581 -4.62748e-08
0.053448 -4.63195e-08
0.053538 -4.63516e-08
0.0536279 -4.6412e-08
0.0537178 -4.64388e-08
0.0538077 -4.64505e-08
0.0538976 -4.64692e-08
0.0539875 -4.64915e-08
0.0540774 -4.65232e-08
0.0541673 -4.65382e-08
0.0542572 -4.6519e-08
0.0543471 -4.65154e-08
0.054437 -4.64904e-08
0.0545269 -4.64708e-08
0.0546168 -4.64789e-08
0.0547067 -4.64946e-08
0.0547966 -4.64977e-08
0.0548865 -4.64868e-08
0.0549764 -4.65214e-08
0.0550663 -4.654e-08
0.0551562 -4.65404e-08
0.0552461 -4.6535e-08
0.055336 -4.65328e-08
0.0554259 -4.6549e-08
0.0555158 -4.6549e-08
0.0556057 -4.65471e-08
0.0556956 -4.65475e-08
0.0557856 -4.653e-08
0.0558755 -4.65237e-08
0.0559654 -4.65099e-08
0.0560553 -4.64786e-08
0.0561452 -4.64597e-08
0.0562351 -4.64121e-08
0.056325 -4.64111e-08
0.0564149 -4.64238e-08
0.0565048 -4.64444e-08
0.0565947 -4.64618e-08
0.0566846 -4.64489e-08
0.0567745 -4.64115e-08
0.0568644 -4.63507e-08
0.0569543 -4.62762e-08
0.0570442 -4.61952e-08
0.0571341 -4.6108e-08
0.057224 -4.60443e-08
0.0573139 -4.59941e-08
0.0574038 -4.59312e-08
0.0574937 -4.58736e-08
0.0575836 -4.58128e-08
0.0576735 -4.57786e-08
0.0577634 -4.57259e-08
0.0578533 -4.5647e-08
0.0579433 -4.56049e-08
0.0580332 -4.55373e-08
0.0581231 -4.54878e-08
0.058213 -4.54573e-08
0.0583029 -4.54405e-08
0.0583928 -4.53873e-08
0.0584827 -4.53287e-08
0.0585726 -4.52518e-08
0.0586625 -4.51865e-08
0.0587524 -4.51669e-08
0.0588423 -4.51977e-08
0.0589322 -4.5271e-08
0.0590221 -4.53517e-08
0.059112 -4.54171e-08
0.0592019 -4.54811e-08
0.0592918 -4.55737e-08
0.0593817 -4.56782e-08
0.0594716 -4.57865e-08
0.0595615 -4.58745e-08
0.0596514 -4.59813e-08
0.0597413 -4.61263e-08
0.0598312 -4.62859e-08
0.0599211 -4.64377e-08
0.060011 -4.66148e-08
0.060101 -4.67981e-08
0.0601909 -4.69846e-08
0.0602808 -4.71479e-08
0.0603707 -4.73127e-08
0.0604606 -4.74825e-08
0.0605505 -4.76471e-08
0.0606404 -4.77922e-08
0.0607303 -4.79609e-08
0.0608202 -4.81291e-08
0.0609101 -4.82754e-08
0.061 -4.84223e-08
0.0610899 -4.85571e-08
0.0611798 -4.87034e-08
0.0612697 -4.8876e-08
0.0613596 -4.90263e-08
0.0614495 -4.91469e-08
0.0615394 -4.92593e-08
0.0616293 -4.93489e-08
0.0617192 -4.94174e-08
0.0618091 -4.94685e-08
0.061899 -4.95199e-08
0.0619889 -4.95426e-08
0.0620788 -4.9547e-08
0.0621687 -4.95337e-08
0.0622587 -4.95176e-08
0.0623486 -4.94903e-08
0.0624385 -4.94815e-08
0.0625284 -4.94718e-08
0.0626183 -4.94273e-08
0.0627082 -4.93945e-08
0.0627981 -4.93743e-08
0.062888 -4.93359e-08
0.0629779 -4.93357e-08
0.0630678 -4.93495e-08
0.0631577 -4.93614e-08
0.0632476 -4.93533e-08
0.0633375 -4.93281e-08
0.0634274 -4.92729e-08
0.0635173 -4.92401e-08
0.0636072 -4.92176e-08
0.0636971 -4.92456e-08
0.063787 -4.92722e-08
0.0638769 -4.92642e-08
0.0639668 -4.92713e-08
0.0640567 -4.93152e-08
0.0641466 -4.93515e-08
0.0642365 -4.94475e-08
0.0643264 -4.94971e-08
0.0644164 -4.95476e-08
0.0645063 -4.95795e-08
0.0645962 -4.95912e-08
0.0646861 -4.96292e-08
0.064776 -4.96965e-08
0.0648659 -4.97467e-08
0.0649558 -4.97805e-08
0.0650457 -4.97867e-08
0.0651356 -4.97714e-08
0.0652255 -4.97548e-08
0.0653154 -4.97376e-08
0.0654053 -4.9692e-08
0.0654952 -4.97e-08
0.0655851 -4.9728e-08
0.065675 -4.97616e-08
0.0657649 -4.97628e-08
0.0658548 -4.97491e-08
0.0659447 -4.97334e-08
0.0660346 -4.96932e-08
0.0661245 -4.9651e-08
0.0662144 -4.96233e-08
0.0663043 -4.95821e-08
0.0663942 -4.95434e-08
0.0664841 -4.95148e-08
0.0665741 -4.9479e-08
0.066664 -4.94681e-08
0.0667539 -4.94474e-08
0.0668438 -4.94021e-08
0.0669337 -4.9371e-08
0.0670236 -4.93344e-08
0.0671135 -4.93074e-08
0.0672034 -4.92981e-08
0.0672933 -4.92968e-08
0.0673832 -4.93012e-08
0.0674731 -4.9309e-08
0.067563 -4.93056e-08
0.0676529 -4.93053e-08
0.0677428 -4.93191e-08
0.0678327 -4.93308e-08
0.0679226 -4.93936e-08
0.0680125 -4.94502e-08
0.0681024 -4.95606e-08
0.0681923 -4.96799e-08
0.0682822 -4.98032e-08
0.0683721 -4.99271e-08
0.068462 -5.00758e-08
0.0685519 -5.02364e-08
0.0686418 -5.03982e-08
0.0687318 -5.0533e-08
0.0688217 -5.06919e-08
0.0689116 -5.08707e-08
0.0690015 -5.10235e-08
0.0690914 -5.11807e-08
0.0691813 -5.1356e-08
0.0692712 -5.14967e-08
0.0693611 -5.16379e-08
0.069451 -5.17217e-08
0.0695409 -5.17978e-08
0.0696308 -5.18517e-08
0.0697207 -5.19175e-08
0.0698106 -5.19489e-08
0.0699005 -5.19621e-08
0.0699904 -5.20149e-08
0.0700803 -5.20586e-08
0.0701702 -5.20661e-08
0.0702601 -5.20691e-08
0.07035 -5.2077e-08
0.0704399 -5.21024e-08
0.0705298 -5.214e-08
0.0706197 -5.21902e-08
0.0707096 -5.22265e-08
0.0707995 -5.22583e-08
0.0708895 -5.23388e-08
0.0709794 -5.24413e-08
0.0710693 -5.25288e-08
0.0711592 -5.25784e-08
0.0712491 -5.25431e-08
0.071339 -5.25154e-08
0.0714289 -5.24896e-08
0.0715188 -5.24663e-08
0.0716087 -5.24859e-08
0.0716986 -5.2551e-08
0.0717885 -5.25893e-08
0.0718784 -5.26251e-08
0.0719683 -5.26702e-08
0.0720582 -5.26898e-08
0.0721481 -5.27371e-08
0.072238 -5.28102e-08
0.0723279 -5.28697e-08
0.0724178 -5.29198e-08
0.0725077 -5.2985e-08
0.0725976 -5.29902e-08
0.0726875 -5.29948e-08
0.0727774 -5.29852e-08
0.0728673 -5.29835e-08
0.0729572 -5.29688e-08
0.0730472 -5.29901e-08
0.0731371 -5.29985e-08
0.073227 -5.30081e-08
0.0733169 -5.30164e-08
0.0734068 -5.30673e-08
0.0734967 -5.30631e-08
0.0735866 -5.30447e-08
0.0736765 -5.29781e-08
0.0737664 -5.28814e-08
0.0738563 -5.2777e-08
0.0739462 -5.26948e-08
0.0740361 -5.26181e-08
0.074126 -5.25073e-08
0.0742159 -5.23872e-08
0.0743058 -5.22993e-08
0.0743957 -5.22243e-08
0.0744856 -5.21951e-08
0.0745755 -5.21494e-08
0.0746654 -5.21598e-08
0.0747553 -5.22265e-08
0.0748452 -5.22917e-08
0.0749351 -5.2344e-08
0.075025 -5.24147e-08
0.0751149 -5.24594e-08
0.0752048 -5.25853e-08
0.0752948 -5.26891e-08
0.0753847 -5.28437e-08
0.0754746 -5.29786e-08
0.0755645 -5.32075e-08
0.0756544 -5.34472e-08
0.0757443 -5.36987e-08
0.0758342 -5.3986e-08
0.0759241 -5.4271e-08
0.076014 -5.45426e-08
0.0761039 -5.4763e-08
0.0761938 -5.49291e-08
0.0762837 -5.51142e-08
0.0763736 -5.52656e-08
0.0764635 -5.53858e-08
0.0765534 -5.54755e-08
0.0766433 -5.55073e-08
0.0767332 -5.55588e-08
0.0768231 -5.56064e-08
0.076913 -5.56666e-08
0.0770029 -5.57685e-08
0.0770928 -5.58742e-08
0.0771827 -5.6026e-08
0.0772726 -5.62091e-08
0.0773625 -5.6305e-08
0.0774525 -5.64562e-08
0.0775424 -5.66583e-08
0.0776323 -5.67713e-08
0.0777222 -5.69213e-08
0.0778121 -5.69719e-08
0.077902 -5.70053e-08
0.0779919 -5.70322e-08
0.0780818 -5.71095e-08
0.0781717 -5.71348e-08
0.0782616 -5.72327e-08
0.0783515 -5.72635e-08
0.0784414 -5.7365e-08
0.0785313 -5.73996e-08
0.0786212 -5.74491e-08
0.0787111 -5.74197e-08
0.078801 -5.74803e-08
0.0788909 -5.76081e-08
0.0789808 -5.77511e-08
0.0790707 -5.78506e-08
0.0791606 -5.79652e-08
0.0792505 -5.81244e-08
0.0793404 -5.82584e-08
0.0794303 -5.84609e-08
0.0795202 -5.8688e-08
0.0796102 -5.89717e-08
0.0797001 -5.925e-08
0.07979 -5.95853e-08
0.0798799 -5.9867e-08
0.0799698 -6.00882e-08
0.0800597 -6.03439e-08
0.0801496 -6.05224e-08
0.0802395 -6.07186e-08
0.0803294 -6.08688e-08
0.0804193 -6.09372e-08
0.0805092 -6.0917e-08
0.0805991 -6.09477e-08
0.080689 -6.09515e-08
0.0807789 -6.09899e-08
0.0808688 -6.099e-08
0.0809587 -6.10155e-08
0.0810486 -6.11124e-08
0.0811385 -6.11752e-08
0.0812284 -6.12424e-08
0.0813183 -6.12978e-08
0.0814082 -6.13493e-08
0.0814981 -6.14741e-08
0.081588 -6.15088e-08
0.0816779 -6.15879e-08
0.0817679 -6.15819e-08
0.0818578 -6.16184e-08
0.0819477 -6.16195e-08
0.0820376 -6.16754e-08
0.0821275 -6.17057e-08
0.0822174 -6.17023e-08
0.0823073 -6.16432e-08
0.0823972 -6.15631e-08
0.0824871 -6.15093e-08
0.082577 -6.15182e-08
0.0826669 -6.15727e-08
0.0827568 -6.15899e-08
0.0828467 -6.15958e-08
0.0829366 -6.15391e-08
0.0830265 -6.16051e-08
0.0831164 -6.15386e-08
0.0832063 -6.14177e-08
0.0832962 -6.12879e-08
0.0833861 -6.11963e-08
0.083476 -6.11235e-08
0.0835659 -6.10241e-08
0.0836558 -6.10132e-08
0.0837457 -6.09476e-08
0.0838356 -6.08951e-08
0.0839256 -6.09323e-08
0.0840155 -6.088e-08
0.0841054 -6.0736e-08
0.0841953 -6.07034e-08
0.0842852 -6.07705e-08
0.0843751 -6.08625e-08
0.084465 -6.09964e-08
0.0845549 -6.11467e-08
0.0846448 -6.12232e-08
0.0847347 -6.13338e-08
0.0848246 -6.13756e-08
0.0849145 -6.14416e-08
0.0850044 -6.15166e-08
0.0850943 -6.16055e-08
0.0851842 -6.17089e-08
0.0852741 -6.18042e-08
0.085364 -6.18988e-08
0.0854539 -6.19984e-08
0.0855438 -6.21011e-08
0.0856337 -6.21671e-08
0.0857236 -6.23335e-08
0.0858135 -6.24134e-08
0.0859034 -6.26385e-08
0.0859933 -6.27974e-08
0.0860833 -6.30586e-08
0.0861732 -6.32823e-08
0.0862631 -6.355e-08
0.086353 -6.37075e-08
0.0864429 -6.39917e-08
0.0865328 -6.42357e-08
0.0866227 -6.43969e-08
0.0867126 -6.4514e-08
0.0868025 -6.44992e-08
0.0868924 -6.4569e-08
0.0869823 -6.4536e-08
0.0870722 -6.44603e-08
0.0871621 -6.44541e-08
0.087252 -6.44599e-08
0.0873419 -6.44134e-08
0.0874318 -6.4383e-08
0.0875217 -6.4337e-08
0.0876116 -6.42808e-08
0.0877015 -6.42571e-08
0.0877914 -6.41605e-08
0.0878813 -6.41051e-08
0.0879712 -6.40698e-08
0.0880611 -6.40235e-08
0.088151 -6.39262e-08
0.088241 -6.37314e-08
0.0883309 -6.36121e-08
0.0884208 -6.36303e-08
0.0885107 -6.36207e-08
0.0886006 -6.36105e-08
0.0886905 -6.36444e-08
0.0887804 -6.38781e-08
0.0888703 -6.42337e-08
0.0889602 -6.46147e-08
0.0890501 -6.49444e-08
0.08914 -6.53311e-08
0.0892299 -6.56497e-08
0.0893198 -6.59858e-08
0.0894097 -6.61842e-08
0.0894996 -6.63576e-08
0.0895895 -6.64707e-08
0.0896794 -6.65538e-08
0.0897693 -6.66856e-08
0.0898592 -6.66063e-08
0.0899491 -6.63614e-08
0.090039 -6.61101e-08
0.0901289 -6.58628e-08
0.0902188 -6.5734e-08
0.0903087 -6.56181e-08
0.0903987 -6.54806e-08
0.0904886 -6.54136e-08
0.0905785 -6.53466e-08
0.0906684 -6.53003e-08
0.0907583 -6.51992e-08
0.0908482 -6.49742e-08
0.0909381 -6.4845e-08
0.091028 -6.48157e-08
0.0911179 -6.47217e-08
0.0912078 -6.46267e-08
0.0912977 -6.45016e-08
0.0913876 -6.43641e-08
0.0914775 -6.41702e-08
0.0915674 -6.39922e-08
0.0916573 -6.37879e-08
0.0917472 -6.35522e-08
0.0918371 -6.33025e-08
0.091927 -6.30521e-08
0.0920169 -6.28352e-08
0.0921068 -6.26095e-08
0.0921967 -6.25215e-08
0.0922866 -6.23652e-08
0.0923765 -6.2207e-08
0.0924664 -6.21645e-08
0.0925564 -6.21597e-08
0.0926463 -6.20679e-08
0.0927362 -6.20691e-08
0.0928261 -6.21389e-08
0.092916 -6.22286e-08
0.0930059 -6.22651e-08
0.0930958 -6.24256e-08
0.0931857 -6.25419e-08
0.0932756 -6.2646e-08
0.0933655 -6.25844e-08
0.0934554 -6.26129e-08
0.0935453 -6.26267e-08
0.0936352 -6.27858e-08
0.0937251 -6.29486e-08
0.093815 -6.30976e-08
0.0939049 -6.32029e-08
0.0939948 -6.33228e-08
0.0940847 -6.33865e-08
0.0941746 -6.33421e-08
0.0942645 -6.32995e-08
0.0943544 -6.31293e-08
0.0944443 -6.30948e-08
0.0945342 -6.29671e-08
0.0946241 -6.28198e-08
0.094714 -6.24925e-08
0.094804 -6.21851e-08
0.0948939 -6.1864e-08
0.0949838 -6.16846e-08
0.0950737 -6.16597e-08
0.0951636 -6.17674e-08
0.0952535 -6.19513e-08
0.0953434 -6.20969e-08
0.0954333 -6.23503e-08
0.0955232 -6.26771e-08
0.0956131 -6.31209e-08
0.095703 -6.34966e-08
0.0957929 -6.39033e-08
0.0958828 -6.43355e-08
0.0959727 -6.463e-08
0.0960626 -6.48836e-08
0.0961525 -6.51265e-08
0.0962424 -6.51796e-08
0.0963323 -6.52318e-08
0.0964222 -6.535e-08
0.0965121 -6.54388e-08
0.096602 -6.52689e-08
0.0966919 -6.5026e-08
0.0967818 -6.50305e-08
0.0968717 -6.49995e-08
0.0969617 -6.48472e-08
0.0970516 -6.47939e-08
0.0971415 -6.46745e-08
0.0972314 -6.46302e-08
0.0973213 -6.46598e-08
0.0974112 -6.47039e-08
0.0975011 -6.48245e-08
0.097591 -6.49758e-08
0.0976809 -6.50527e-08
0.0977708 -6.5035e-08
0.0978607 -6.48789e-08
0.0979506 -6.46869e-08
0.0980405 -6.46789e-08
0.0981304 -6.46885e-08
0.0982203 -6.48006e-08
0.0983102 -6.48718e-08
0.0984001 -6.49163e-08
0.09849 -6.48492e-08
0.0985799 -6.47064e-08
0.0986698 -6.47512e-08
0.0987597 -6.47633e-08
0.0988496 -6.4805e-08
0.0989395 -6.49897e-08
0.0990294 -6.51214e-08
0.0991194 -6.53477e-08
0.0992093 -6.54515e-08
0.0992992 -6.53152e-08
0.0993891 -6.54303e-08
0.099479 -6.54384e-08
0.0995689 -6.55197e-08
0.0996588 -6.55215e-08
0.0997487 -6.55067e-08
0.0998386 -6.55526e-08
0.0999285 -6.56491e-08
0.100018 -6.57246e-08
0.100108 -6.57074e-08
0.100198 -6.55569e-08
0.100288 -6.54385e-08
0.100378 -6.5291e-08
0.100468 -6.51785e-08
0.100558 -6.50691e-08
0.100648 -6.49812e-08
0.100738 -6.47712e-08
0.100828 -6.46927e-08
0.100917 -6.45749e-08
0.101007 -6.44107e-08
0.101097 -6.42692e-08
0.101187 -6.41085e-08
0.101277 -6.39697e-08
0.101367 -6.3967e-08
0.101457 -6.38661e-08
0.101547 -6.36094e-08
0.101637 -6.33638e-08
0.101727 -6.28522e-08
0.101816 -6.23422e-08
0.101906 -6.20321e-08
0.101996 -6.17111e-08
0.102086 -6.13477e-08
0.102176 -6.11489e-08
0.102266 -6.10545e-08
0.102356 -6.10048e-08
0.102446 -6.10118e-08
0.102536 -6.10965e-08
0.102626 -6.13707e-08
0.102716 -6.18408e-08
0.102805 -6.24976e-08
0.102895 -6.30895e-08
0.102985 -6.3593e-08
0.103075 -6.4107e-08
0.103165 -6.45035e-08
0.103255 -6.48669e-08
0.103345 -6.48222e-08
0.103435 -6.48287e-08
0.103525 -6.49795e-08
0.103615 -6.49992e-08
0.103704 -6.47516e-08
0.103794 -6.4403e-08
0.103884 -6.41992e-08
0.103974 -6.40493e-08
0.104064 -6.39613e-08
0.104154 -6.38662e-08
0.104244 -6.38545e-08
0.104334 -6.38215e-08
0.104424 -6.37662e-08
0.104514 -6.36548e-08
0.104604 -6.3596e-08
0.104693 -6.34289e-08
0.104783 -6.33055e-08
0.104873 -6.3201e-08
0.104963 -6.30875e-08
0.105053 -6.26968e-08
0.105143 -6.24734e-08
0.105233 -6.21396e-08
0.105323 -6.17735e-08
0.105413 -6.13619e-08
0.105503 -6.11382e-08
0.105592 -6.07927e-08
0.105682 -6.07389e-08
0.105772 -6.0831e-08
0.105862 -6.10798e-08
0.105952 -6.13804e-08
0.106042 -6.19131e-08
0.106132 -6.216e-08
0.106222 -6.22703e-08
0.106312 -6.26342e-08
0.106402 -6.28825e-08
0.106491 -6.36428e-08
0.106581 -6.43992e-08
0.106671 -6.50147e-08
0.106761 -6.53803e-08
0.106851 -6.57059e-08
0.106941 -6.60198e-08
0.107031 -6.64246e-08
0.107121 -6.67422e-08
0.107211 -6.73193e-08
0.107301 -6.80109e-08
0.107391 -6.85921e-08
0.10748 -6.91388e-08
0.10757 -6.94385e-08
0.10766 -6.94975e-08
0.10775 -6.93943e-08
0.10784 -6.93134e-08
0.10793 -6.91545e-08
0.10802 -6.8738e-08
0.10811 -6.81989e-08
0.1082 -6.75152e-08
0.10829 -6.68637e-08
0.108379 -6.59067e-08
0.108469 -6.49607e-08
0.108559 -6.42511e-08
0.108649 -6.3598e-08
0.108739 -6.31751e-08
0.108829 -6.29262e-08
0.108919 -6.27764e-08
0.109009 -6.27317e-08
0.109099 -6.30295e-08
0.109189 -6.3153e-08
0.109279 -6.36285e-08
0.109368 -6.39143e-08
0.109458 -6.45655e-08
0.109548 -6.48885e-08
0.109638 -6.53872e-08
0.109728 -6.57635e-08
0.109818 -6.59786e-08
0.109908 -6.61038e-08
0.109998 -6.62211e-08
0.110088 -6.61124e-08
0.110178 -6.59287e-08
0.110267 -6.5996e-08
0.110357 -6.61726e-08
0.110447 -6.62407e-08
0.110537 -6.639e-08
0.110627 -6.67915e-08
0.110717 -6.71562e-08
0.110807 -6.75025e-08
0.110897 -6.78924e-08
0.110987 -6.83047e-08
0.111077 -6.87695e-08
0.111167 -6.91295e-08
0.111256 -6.89734e-08
0.111346 -6.9114e-08
0.111436 -6.9125e-08
0.111526 -6.89312e-08
0.111616 -6.87264e-08
0.111706 -6.82975e-08
0.111796 -6.77825e-08
0.111886 -6.75846e-08
0.111976 -6.70631e-08
0.112066 -6.64728e-08
0.112155 -6.59794e-08
0.112245 -6.52717e-08
0.112335 -6.46601e-08
0.112425 -6.37864e-08
0.112515 -6.31707e-08
0.112605 -6.29208e-08
0.112695 -6.26167e-08
0.112785 -6.22903e-08
0.112875 -6.21105e-08
0.112965 -6.19527e-08
0.113054 -6.19428e-08
0.113144 -6.19573e-08
0.113234 -6.18856e-08
0.113324 -6.21845e-08
0.113414 -6.23799e-08
0.113504 -6.27975e-08
0.113594 -6.29713e-08
0.113684 -6.3013e-08
0.113774 -6.30769e-08
0.113864 -6.28491e-08
0.113954 -6.25284e-08
0.114043 -6.2553e-08
0.114133 -6.23199e-08
0.114223 -6.20884e-08
0.114313 -6.16577e-08
0.114403 -6.13361e-08
0.114493 -6.09252e-08
0.114583 -6.05863e-08
0.114673 -6.0243e-08
0.114763 -6.01028e-08
0.114853 -5.99617e-08
0.114942 -5.986e-08
0.115032 -5.98899e-08
0.115122 -5.96709e-08
0.115212 -5.98656e-08
0.115302 -5.99812e-08
0.115392 -6.04439e-08
0.115482 -6.06869e-08
0.115572 -6.0756e-08
0.115662 -6.07912e-08
0.115752 -6.085e-08
0.115842 -6.07153e-08
0.115931 -6.05347e-08
0.116021 -6.02313e-08
0.116111 -6.01569e-08
0.116201 -5.98951e-08
0.116291 -5.96052e-08
0.116381 -5.92111e-08
0.116471 -5.90592e-08
0.116561 -5.8971e-08
0.116651 -5.88139e-08
0.116741 -5.88263e-08
0.11683 -5.86212e-08
0.11692 -5.83876e-08
0.11701 -5.84813e-08
0.1171 -5.83926e-08
0.11719 -5.86197e-08
0.11728 -5.88442e-08
0.11737 -5.90657e-08
0.11746 -5.93542e-08
0.11755 -5.977e-08
0.11764 -6.00446e-08
0.11773 -6.0252e-08
0.117819 -6.04803e-08
0.117909 -6.10359e-08
0.117999 -6.15677e-08
0.118089 -6.20274e-08
0.118179 -6.2316e-08
0.118269 -6.22682e-08
0.118359 -6.25286e-08
0.118449 -6.25297e-08
0.118539 -6.27073e-08
0.118629 -6.292e-08
0.118718 -6.28937e-08
0.118808 -6.25715e-08
0.118898 -6.24305e-08
0.118988 -6.1991e-08
0.119078 -6.17134e-08
0.119168 -6.14216e-08
0.119258 -6.12445e-08
0.119348 -6.10673e-08
0.119438 -6.04681e-08
0.119528 -6.01065e-08
0.119617 -6.00577e-08
0.119707 -5.97618e-08
0.119797 -5.98804e-08
0.119887 -6.04761e-08
0.119977 -6.07303e-08
0.120067 -6.11485e-08
0.120157 -6.19471e-08
0.120247 -6.30312e-08
0.120337 -6.35101e-08
0.120427 -6.43825e-08
0.120517 -6.5316e-08
0.120606 -6.58901e-08
0.120696 -6.63136e-08
0.120786 -6.66708e-08
0.120876 -6.62364e-08
0.120966 -6.60004e-08
0.121056 -6.5891e-08
0.121146 -6.56799e-08
0.121236 -6.50894e-08
0.121326 -6.43681e-08
0.121416 -6.36533e-08
0.121505 -6.26473e-08
0.121595 -6.14358e-08
0.121685 -6.03767e-08
0.121775 -5.90773e-08
0.121865 -5.78345e-08
0.121955 -5.72028e-08
0.122045 -5.6665e-08
0.122135 -5.62787e-08
0.122225 -5.65125e-08
0.122315 -5.69133e-08
0.122405 -5.71382e-08
0.122494 -5.7411e-08
0.122584 -5.78095e-08
0.122674 -5.81486e-08
0.122764 -5.83653e-08
0.122854 -5.86998e-08
0.122944 -5.88813e-08
0.123034 -5.88427e-08
0.123124 -5.87979e-08
0.123214 -5.84644e-08
0.123304 -5.82841e-08
0.123393 -5.8218e-08
0.123483 -5.78198e-08
0.123573 -5.72952e-08
0.123663 -5.66315e-08
0.123753 -5.65315e-08
0.123843 -5.5927e-08
0.123933 -5.57336e-08
0.124023 -5.54778e-08
0.124113 -5.51874e-08
0.124203 -5.47928e-08
0.124293 -5.48835e-08
0.124382 -5.47531e-08
0.124472 -5.43002e-08
0.124562 -5.40944e-08
0.124652 -5.51041e-08
0.124742 -5.56633e-08
0.124832 -5.61043e-08
0.124922 -5.61687e-08
0.125012 -5.68552e-08
0.125102 -5.7323e-08
0.125192 -5.7679e-08
0.125281 -5.79653e-08
0.125371 -5.80066e-08
0.125461 -5.82441e-08
0.125551 -5.83731e-08
0.125641 -5.83396e-08
0.125731 -5.72753e-08
0.125821 -5.64872e-08
0.125911 -5.52771e-08
0.126001 -5.38429e-08
0.126091 -5.20947e-08
0.126181 -5.08717e-08
0.12627 -4.90532e-08
0.12636 -4.74379e-08
0.12645 -4.55991e-08
0.12654 -4.43297e-08
0.12663 -4.34325e-08
0.12672 -4.31746e-08
0.12681 -4.33417e-08
0.1269 -4.36834e-08
0.12699 -4.41146e-08
0.12708 -4.55829e-08
0.127169 -4.69233e-08
0.127259 -4.87808e-08
0.127349 -5.11651e-08
0.127439 -5.32577e-08
0.127529 -5.47931e-08
0.127619 -5.54989e-08
0.127709 -5.62428e-08
0.127799 -5.55407e-08
0.127889 -5.45688e-08
0.127979 -5.32885e-08
0.128068 -5.06375e-08
0.128158 -4.75585e-08
0.128248 -4.54764e-08
0.128338 -4.27855e-08
0.128428 -4.05466e-08
0.128518 -3.84272e-08
0.128608 -3.67381e-08
0.128698 -3.63074e-08
0.128788 -3.65184e-08
0.128878 -3.82819e-08
0.128968 -3.91884e-08
0.129057 -3.99435e-08
0.129147 -4.10896e-08
0.129237 -4.3348e-08
0.129327 -4.56881e-08
0.129417 -4.76189e-08
0.129507 -4.94008e-08
0.129597 -5.04139e-08
0.129687 -4.92835e-08
0.129777 -4.90973e-08
0.129867 -4.59747e-08
0.129956 -4.03983e-08
0.130046 -3.82257e-08
0.130136 -3.77224e-08
0.130226 -3.73144e-08
0.130316 -3.63822e-08
0.130406 -3.61426e-08
0.130496 -3.74871e-08
0.130586 -3.92679e-08
0.130676 -4.04757e-08
0.130766 -4.20451e-08
0.130856 -4.44513e-08
0.130945 -4.60283e-08
0.131035 -4.83415e-08
0.131125 -4.90677e-08
0.131215 -4.83486e-08
0.131305 -4.78183e-08
0.131395 -4.87303e-08
0.131485 -4.8086e-08
0.131575 -4.67694e-08
0.131665 -4.50101e-08
0.131755 -4.32361e-08
0.131844 -4.08085e-08
0.131934 -3.77682e-08
0.132024 -3.62833e-08
0.132114 -3.47617e-08
0.132204 -3.3114e-08
0.132294 -3.27474e-08
0.132384 -3.19578e-08
0.132474 -3.14118e-08
0.132564 -3.07543e-08
0.132654 -3.03084e-08
0.132744 -3.03742e-08
0.132833 -3.08378e-08
0.132923 -3.16841e-08
0.133013 -3.31403e-08
0.133103 -3.3857e-08
0.133193 -3.60607e-08
0.133283 -3.85898e-08
0.133373 -4.11513e-08
0.133463 -4.49067e-08
0.133553 -4.66304e-08
0.133643 -4.82694e-08
0.133732 -4.93142e-08
0.133822 -4.95711e-08
0.133912 -4.9663e-08
0.134002 -4.86074e-08
0.134092 -4.73439e-08
0.134182 -4.66821e-08
0.134272 -4.50152e-08
0.134362 -4.39919e-08
0.134452 -4.09934e-08
0.134542 -3.77654e-08
0.134631 -3.53625e-08
0.134721 -3.31011e-08
0.134811 -3.16648e-08
