-0.134811  7.24783e-07
-0.133456  6.90479e-07
-0.132101  7.26656e-07
-0.130746  7.20369e-07
-0.129391  7.09909e-07
-0.128037  7.05824e-07
-0.126682  6.11322e-07
-0.125327  5.88546e-07
-0.123972  4.72629e-07
-0.122617  4.11676e-07
-0.121262  3.51188e-07
-0.119907  3.62733e-07
-0.118552  3.387e-07
-0.117198  3.41973e-07
-0.115843  3.19202e-07
-0.114488  2.7489e-07
-0.113133  2.36036e-07
-0.111778  2.21367e-07
-0.110423  2.17652e-07
-0.109068  2.17323e-07
-0.107713  1.92719e-07
-0.106358  2.2886e-07
-0.105004  1.20822e-07
-0.103649  1.12501e-07
-0.102294  1.1297e-07
-0.100939  1.07118e-07
-0.099584  9.51391e-08
-0.0982291  2.8758e-08
-0.0968742  2.25812e-08
-0.0955194  1.10734e-08
-0.0941645  3.89294e-09
-0.0928096  2.41629e-08
-0.0914547  2.03333e-08
-0.0900998  1.61501e-08
-0.0887449  2.80285e-08
-0.08739  3.23959e-08
-0.0860352  2.96006e-08
-0.0846803  2.88359e-08
-0.0833254  2.38832e-08
-0.0819705  2.58912e-08
-0.0806156  2.63188e-08
-0.0792607  2.63512e-08
-0.0779059  1.90081e-08
-0.076551  1.7767e-08
-0.0751961  1.51058e-08
-0.0738412  1.53444e-08
-0.0724863  1.76353e-08
-0.0711314  1.49136e-08
-0.0697765  9.69582e-09
-0.0684217  6.84283e-09
-0.0670668  2.02486e-09
-0.0657119  -4.34476e-09
-0.064357  1.23724e-08
-0.0630021  1.29908e-08
-0.0616472  6.241e-09
-0.0602924  1.25737e-09
-0.0589375  -2.87772e-09
-0.0575826  -5.73632e-09
-0.0562277  -7.83193e-09
-0.0548728  -1.00723e-08
-0.0535179  -1.23576e-08
-0.0521631  -1.63306e-08
-0.0508082  -2.03196e-08
-0.0494533  -2.52519e-08
-0.0480984  -3.05434e-08
-0.0467435  -3.54594e-08
-0.0453886  -3.3076e-08
-0.0440337  -2.88738e-08
-0.0426789  -3.23208e-08
-0.041324  -3.48439e-08
-0.0399691  -2.8965e-08
-0.0386142  -3.28699e-08
-0.0372593  -4.02699e-08
-0.0359044  -4.41518e-08
-0.0345496  -4.28794e-08
-0.0331947  -4.19209e-08
-0.0318398  -4.52349e-08
-0.0304849  -4.71711e-08
-0.02913  -4.74403e-08
-0.0277751  -4.32487e-08
-0.0264202  -3.59516e-08
-0.0250654  -3.61314e-08
-0.0237105  -3.91847e-08
-0.0223556  -4.26188e-08
-0.0210007  -4.26879e-08
-0.0196458  -3.54045e-08
-0.0182909  -2.8907e-08
-0.0169361  -2.84136e-08
-0.0155812  -2.93588e-08
-0.0142263  -2.84238e-08
-0.0128714  -2.73183e-08
-0.0115165  -2.82099e-08
-0.0101616  -2.81464e-08
-0.00880675  -2.72697e-08
-0.00745186  -2.55792e-08
-0.00609698  -1.75653e-08
-0.0047421  -9.47417e-09
-0.00338721  -5.85175e-09
-0.00203233  -2.07145e-09
-0.000677442  -1.34351e-10
0.000677442  8.26418e-11
0.00203233  1.75744e-09
0.00338721  4.11963e-09
0.0047421  5.10018e-09
0.00609698  6.66899e-09
0.00745186  1.10349e-08
0.00880675  1.52058e-08
0.0101616  1.78859e-08
0.0115165  2.00768e-08
0.0128714  2.20661e-08
0.0142263  2.2292e-08
0.0155812  2.00425e-08
0.0169361  1.80438e-08
0.0182909  1.76722e-08
0.0196458  1.88642e-08
0.0210007  1.87674e-08
0.0223556  1.67586e-08
0.0237105  1.47625e-08
0.0250654  1.42489e-08
0.0264202  1.56063e-08
0.0277751  1.83462e-08
0.02913  2.08152e-08
0.0304849  2.02112e-08
0.0318398  1.28337e-08
0.0331947  -6.28771e-10
0.0345496  -3.71209e-09
0.0359044  3.56916e-10
0.0372593  5.90848e-09
0.0386142  7.94742e-09
0.0399691  5.9413e-09
0.041324  5.36356e-09
0.0426789  4.20167e-09
0.0440337  2.77447e-09
0.0453886  1.77963e-09
0.0467435  -2.37464e-09
0.0480984  -6.92466e-09
0.0494533  -5.46735e-09
0.0508082  -2.85613e-09
0.0521631  -1.89564e-09
0.0535179  -1.79112e-09
0.0548728  -8.14543e-09
0.0562277  -1.31906e-08
0.0575826  -7.90958e-09
0.0589375  -1.33492e-09
0.0602924  4.92033e-09
0.0616472  -1.16501e-08
0.0630021  -1.7886e-08
0.064357  -9.74854e-09
0.0657119  -2.14677e-09
0.0670668  -6.16146e-09
0.0684217  -1.86415e-08
0.0697765  -1.31494e-08
0.0711314  -1.05302e-08
0.0724863  -1.96829e-08
0.0738412  -1.15171e-08
0.0751961  -2.81238e-09
0.076551  -1.14727e-08
0.0779059  -1.14813e-08
0.0792607  -1.57861e-09
0.0806156  -4.30756e-10
0.0819705  -1.41431e-08
0.0833254  -5.02934e-09
0.0846803  2.23278e-09
0.0860352  -3.37246e-08
0.08739  -2.19339e-08
0.0887449  -1.78997e-08
0.0900998  -1.76808e-08
0.0914547  -1.08591e-08
0.0928096  6.46106e-09
0.0941645  6.15779e-08
0.0955194  7.68921e-08
0.0968742  8.59937e-08
0.0982291  9.68791e-08
0.099584  1.14332e-07
0.100939  1.64398e-07
0.102294  1.85823e-07
0.103649  1.95721e-07
0.105004  2.01118e-07
0.106358  2.22096e-07
0.107713  2.97856e-07
0.109068  3.16327e-07
0.110423  3.24142e-07
0.111778  3.14033e-07
0.113133  4.06772e-07
0.114488  4.38642e-07
0.115843  4.91508e-07
0.117198  5.38309e-07
0.118552  5.3969e-07
0.119907  5.54818e-07
0.121262  5.7209e-07
0.122617  6.76923e-07
0.123972  6.91577e-07
0.125327  6.7839e-07
0.126682  7.22765e-07
0.128037  7.84494e-07
0.129391  8.38412e-07
0.130746  1.21238e-06
0.132101  1.59772e-06
0.133456  1.76185e-06
0.134811  1.97438e-06
