-0.134811 7.3405e-09
-0.134721 2.75418e-09
-0.134631 7.35258e-10
-0.134542 -2.89972e-09
-0.134452 -4.34439e-09
-0.134362 -4.52844e-09
-0.134272 -4.23324e-09
-0.134182 -5.93304e-09
-0.134092 -7.86811e-09
-0.134002 -1.01703e-08
-0.133912 -1.10746e-08
-0.133822 -1.27619e-08
-0.133732 -1.27042e-08
-0.133642 -1.18608e-08
-0.133553 -1.2183e-08
-0.133463 -1.22887e-08
-0.133373 -1.21551e-08
-0.133283 -1.25942e-08
-0.133193 -1.22855e-08
-0.133103 -1.09675e-08
-0.133013 -9.07682e-09
-0.132923 -7.8462e-09
-0.132833 -7.03507e-09
-0.132743 -5.73077e-09
-0.132654 -6.02014e-09
-0.132564 -5.80305e-09
-0.132474 -4.60917e-09
-0.132384 -3.86355e-09
-0.132294 -3.92332e-09
-0.132204 -3.66208e-09
-0.132114 -5.35187e-09
-0.132024 -7.64954e-09
-0.131934 -1.09008e-08
-0.131844 -1.35449e-08
-0.131754 -1.5871e-08
-0.131665 -1.83131e-08
-0.131575 -1.93128e-08
-0.131485 -2.05401e-08
-0.131395 -2.21357e-08
-0.131305 -2.33505e-08
-0.131215 -2.43401e-08
-0.131125 -2.47931e-08
-0.131035 -2.4914e-08
-0.130945 -2.50302e-08
-0.130855 -2.52307e-08
-0.130766 -2.48708e-08
-0.130676 -2.51168e-08
-0.130586 -2.49201e-08
-0.130496 -2.42798e-08
-0.130406 -2.28346e-08
-0.130316 -2.13168e-08
-0.130226 -1.90372e-08
-0.130136 -1.75885e-08
-0.130046 -1.64613e-08
-0.129956 -1.52783e-08
-0.129867 -1.40606e-08
-0.129777 -1.36565e-08
-0.129687 -1.29101e-08
-0.129597 -1.26744e-08
-0.129507 -1.24858e-08
-0.129417 -1.25148e-08
-0.129327 -1.27274e-08
-0.129237 -1.30119e-08
-0.129147 -1.34959e-08
-0.129057 -1.39393e-08
-0.128967 -1.47413e-08
-0.128878 -1.61739e-08
-0.128788 -1.79346e-08
-0.128698 -2.01228e-08
-0.128608 -2.22408e-08
-0.128518 -2.50274e-08
-0.128428 -2.6023e-08
-0.128338 -2.7139e-08
-0.128248 -2.93865e-08
-0.128158 -3.06924e-08
-0.128068 -3.16127e-08
-0.127979 -3.2832e-08
-0.127889 -3.21998e-08
-0.127799 -3.09023e-08
-0.127709 -2.96297e-08
-0.127619 -2.88707e-08
-0.127529 -2.84999e-08
-0.127439 -2.85533e-08
-0.127349 -2.95143e-08
-0.127259 -2.8944e-08
-0.127169 -2.79301e-08
-0.127079 -2.7429e-08
-0.12699 -2.65138e-08
-0.1269 -2.6169e-08
-0.12681 -2.63888e-08
-0.12672 -2.72618e-08
-0.12663 -2.81557e-08
-0.12654 -2.8711e-08
-0.12645 -2.94067e-08
-0.12636 -2.93331e-08
-0.12627 -2.88024e-08
-0.12618 -3.03727e-08
-0.126091 -3.16725e-08
-0.126001 -3.29626e-08
-0.125911 -3.46467e-08
-0.125821 -3.59307e-08
-0.125731 -3.63246e-08
-0.125641 -3.5472e-08
-0.125551 -3.48143e-08
-0.125461 -3.33054e-08
-0.125371 -3.1966e-08
-0.125281 -3.14794e-08
-0.125191 -3.04496e-08
-0.125102 -2.82031e-08
-0.125012 -2.63565e-08
-0.124922 -2.46043e-08
-0.124832 -2.42963e-08
-0.124742 -2.37556e-08
-0.124652 -2.42941e-08
-0.124562 -2.48906e-08
-0.124472 -2.56117e-08
-0.124382 -2.63361e-08
-0.124292 -2.61373e-08
-0.124203 -2.5885e-08
-0.124113 -2.5959e-08
-0.124023 -2.63953e-08
-0.123933 -2.67529e-08
-0.123843 -2.68041e-08
-0.123753 -2.68973e-08
-0.123663 -2.64796e-08
-0.123573 -2.61057e-08
-0.123483 -2.57502e-08
-0.123393 -2.55791e-08
-0.123304 -2.54182e-08
-0.123214 -2.55712e-08
-0.123124 -2.64718e-08
-0.123034 -2.8058e-08
-0.122944 -2.96131e-08
-0.122854 -3.21433e-08
-0.122764 -3.42292e-08
-0.122674 -3.54913e-08
-0.122584 -3.5506e-08
-0.122494 -3.43517e-08
-0.122404 -3.35359e-08
-0.122315 -3.19973e-08
-0.122225 -3.04602e-08
-0.122135 -2.91454e-08
-0.122045 -2.79608e-08
-0.121955 -2.61225e-08
-0.121865 -2.45288e-08
-0.121775 -2.27459e-08
-0.121685 -2.18978e-08
-0.121595 -2.0852e-08
-0.121505 -2.08001e-08
-0.121416 -2.13898e-08
-0.121326 -2.2155e-08
-0.121236 -2.33741e-08
-0.121146 -2.47052e-08
-0.121056 -2.59161e-08
-0.120966 -2.72341e-08
-0.120876 -2.93359e-08
-0.120786 -3.16258e-08
-0.120696 -3.39267e-08
-0.120606 -3.56147e-08
-0.120516 -3.63995e-08
-0.120427 -3.64873e-08
-0.120337 -3.61255e-08
-0.120247 -3.57496e-08
-0.120157 -3.46873e-08
-0.120067 -3.3737e-08
-0.119977 -3.37941e-08
-0.119887 -3.31522e-08
-0.119797 -3.17631e-08
-0.119707 -3.0356e-08
-0.119617 -2.83438e-08
-0.119528 -2.61532e-08
-0.119438 -2.51754e-08
-0.119348 -2.48295e-08
-0.119258 -2.47613e-08
-0.119168 -2.50146e-08
-0.119078 -2.53509e-08
-0.118988 -2.50249e-08
-0.118898 -2.47742e-08
-0.118808 -2.50683e-08
-0.118718 -2.60432e-08
-0.118628 -2.69611e-08
-0.118539 -2.86858e-08
-0.118449 -2.9915e-08
-0.118359 -3.03149e-08
-0.118269 -3.08027e-08
-0.118179 -3.11307e-08
-0.118089 -3.0664e-08
-0.117999 -3.02524e-08
-0.117909 -3.01398e-08
-0.117819 -3.00833e-08
-0.117729 -3.01715e-08
-0.11764 -2.9639e-08
-0.11755 -2.85176e-08
-0.11746 -2.7311e-08
-0.11737 -2.70644e-08
-0.11728 -2.70904e-08
-0.11719 -2.68498e-08
-0.1171 -2.68773e-08
-0.11701 -2.73362e-08
-0.11692 -2.78446e-08
-0.11683 -2.8496e-08
-0.116741 -2.84526e-08
-0.116651 -2.83054e-08
-0.116561 -2.87772e-08
-0.116471 -2.90161e-08
-0.116381 -2.86526e-08
-0.116291 -2.84622e-08
-0.116201 -2.88233e-08
-0.116111 -2.89976e-08
-0.116021 -2.92054e-08
-0.115931 -2.91896e-08
-0.115841 -2.7825e-08
-0.115752 -2.65603e-08
-0.115662 -2.66311e-08
-0.115572 -2.6358e-08
-0.115482 -2.58217e-08
-0.115392 -2.52747e-08
-0.115302 -2.48373e-08
-0.115212 -2.40375e-08
-0.115122 -2.26971e-08
-0.115032 -2.19605e-08
-0.114942 -2.11715e-08
-0.114853 -2.05886e-08
-0.114763 -2.06706e-08
-0.114673 -2.08729e-08
-0.114583 -2.0392e-08
-0.114493 -2.03397e-08
-0.114403 -2.04027e-08
-0.114313 -2.0448e-08
-0.114223 -2.12205e-08
-0.114133 -2.25264e-08
-0.114043 -2.41451e-08
-0.113953 -2.574e-08
-0.113864 -2.75707e-08
-0.113774 -2.9248e-08
-0.113684 -2.96901e-08
-0.113594 -2.99e-08
-0.113504 -3.03068e-08
-0.113414 -3.06927e-08
-0.113324 -3.09833e-08
-0.113234 -3.08359e-08
-0.113144 -3.02973e-08
-0.113054 -3.00751e-08
-0.112965 -2.94358e-08
-0.112875 -2.86552e-08
-0.112785 -2.8237e-08
-0.112695 -2.83782e-08
-0.112605 -2.89079e-08
-0.112515 -2.98212e-08
-0.112425 -3.04126e-08
-0.112335 -3.08788e-08
-0.112245 -3.14097e-08
-0.112155 -3.24751e-08
-0.112065 -3.29989e-08
-0.111976 -3.31904e-08
-0.111886 -3.3895e-08
-0.111796 -3.42242e-08
-0.111706 -3.41635e-08
-0.111616 -3.41896e-08
-0.111526 -3.34745e-08
-0.111436 -3.2992e-08
-0.111346 -3.2572e-08
-0.111256 -3.1835e-08
-0.111166 -3.10896e-08
-0.111077 -3.00001e-08
-0.110987 -2.952e-08
-0.110897 -2.88887e-08
-0.110807 -2.75448e-08
-0.110717 -2.69965e-08
-0.110627 -2.64436e-08
-0.110537 -2.56798e-08
-0.110447 -2.52019e-08
-0.110357 -2.46035e-08
-0.110267 -2.41737e-08
-0.110178 -2.39959e-08
-0.110088 -2.36665e-08
-0.109998 -2.33505e-08
-0.109908 -2.30905e-08
-0.109818 -2.3004e-08
-0.109728 -2.3157e-08
-0.109638 -2.31424e-08
-0.109548 -2.35034e-08
-0.109458 -2.37465e-08
-0.109368 -2.43324e-08
-0.109278 -2.47719e-08
-0.109189 -2.54252e-08
-0.109099 -2.61917e-08
-0.109009 -2.72655e-08
-0.108919 -2.84176e-08
-0.108829 -2.92934e-08
-0.108739 -3.03215e-08
-0.108649 -3.10157e-08
-0.108559 -3.19465e-08
-0.108469 -3.26593e-08
-0.108379 -3.3148e-08
-0.10829 -3.32186e-08
-0.1082 -3.35003e-08
-0.10811 -3.33349e-08
-0.10802 -3.36527e-08
-0.10793 -3.33403e-08
-0.10784 -3.28304e-08
-0.10775 -3.22968e-08
-0.10766 -3.15735e-08
-0.10757 -3.08962e-08
-0.10748 -2.9506e-08
-0.10739 -2.86778e-08
-0.107301 -2.81458e-08
-0.107211 -2.77134e-08
-0.107121 -2.7274e-08
-0.107031 -2.66779e-08
-0.106941 -2.57858e-08
-0.106851 -2.55501e-08
-0.106761 -2.51939e-08
-0.106671 -2.52094e-08
-0.106581 -2.52863e-08
-0.106491 -2.55573e-08
-0.106402 -2.59136e-08
-0.106312 -2.63864e-08
-0.106222 -2.67981e-08
-0.106132 -2.72049e-08
-0.106042 -2.77835e-08
-0.105952 -2.85257e-08
-0.105862 -2.93732e-08
-0.105772 -3.0347e-08
-0.105682 -3.09709e-08
-0.105592 -3.1249e-08
-0.105502 -3.13856e-08
-0.105413 -3.13929e-08
-0.105323 -3.10783e-08
-0.105233 -3.0607e-08
-0.105143 -2.99198e-08
-0.105053 -2.913e-08
-0.104963 -2.82686e-08
-0.104873 -2.73636e-08
-0.104783 -2.60977e-08
-0.104693 -2.50501e-08
-0.104603 -2.44865e-08
-0.104514 -2.40715e-08
-0.104424 -2.36461e-08
-0.104334 -2.32782e-08
-0.104244 -2.3139e-08
-0.104154 -2.31999e-08
-0.104064 -2.34687e-08
-0.103974 -2.37957e-08
-0.103884 -2.40209e-08
-0.103794 -2.42578e-08
-0.103704 -2.47451e-08
-0.103614 -2.49529e-08
-0.103525 -2.50594e-08
-0.103435 -2.52437e-08
-0.103345 -2.55917e-08
-0.103255 -2.59184e-08
-0.103165 -2.6127e-08
-0.103075 -2.63671e-08
-0.102985 -2.65765e-08
-0.102895 -2.6649e-08
-0.102805 -2.67324e-08
-0.102715 -2.68232e-08
-0.102626 -2.69871e-08
-0.102536 -2.70884e-08
-0.102446 -2.71808e-08
-0.102356 -2.7208e-08
-0.102266 -2.73444e-08
-0.102176 -2.73886e-08
-0.102086 -2.73352e-08
-0.101996 -2.71147e-08
-0.101906 -2.69541e-08
-0.101816 -2.68429e-08
-0.101727 -2.68561e-08
-0.101637 -2.67231e-08
-0.101547 -2.65877e-08
-0.101457 -2.65764e-08
-0.101367 -2.66476e-08
-0.101277 -2.65757e-08
-0.101187 -2.64732e-08
-0.101097 -2.65302e-08
-0.101007 -2.66779e-08
-0.100917 -2.6928e-08
-0.100827 -2.71078e-08
-0.100738 -2.73292e-08
-0.100648 -2.74262e-08
-0.100558 -2.77236e-08
-0.100468 -2.79802e-08
-0.100378 -2.8124e-08
-0.100288 -2.81518e-08
-0.100198 -2.81667e-08
-0.100108 -2.80702e-08
-0.100018 -2.78618e-08
-0.0999284 -2.75997e-08
-0.0998385 -2.74272e-08
-0.0997486 -2.71997e-08
-0.0996587 -2.70124e-08
-0.0995688 -2.69935e-08
-0.0994789 -2.687e-08
-0.099389 -2.67414e-08
-0.0992991 -2.67186e-08
-0.0992092 -2.68319e-08
-0.0991193 -2.71355e-08
-0.0990294 -2.7367e-08
-0.0989395 -2.76576e-08
-0.0988496 -2.76345e-08
-0.0987597 -2.76476e-08
-0.0986698 -2.76744e-08
-0.0985799 -2.7632e-08
-0.09849 -2.74065e-08
-0.0984001 -2.70185e-08
-0.0983102 -2.683e-08
-0.0982202 -2.65335e-08
-0.0981303 -2.6231e-08
-0.0980404 -2.5833e-08
-0.0979505 -2.57182e-08
-0.0978606 -2.57454e-08
-0.0977707 -2.59314e-08
-0.0976808 -2.60595e-08
-0.0975909 -2.63066e-08
-0.097501 -2.65732e-08
-0.0974111 -2.71087e-08
-0.0973212 -2.76237e-08
-0.0972313 -2.80551e-08
-0.0971414 -2.84328e-08
-0.0970515 -2.87803e-08
-0.0969616 -2.91627e-08
-0.0968717 -2.94554e-08
-0.0967818 -2.97554e-08
-0.0966919 -3.00454e-08
-0.096602 -3.02646e-08
-0.0965121 -3.04752e-08
-0.0964222 -3.05386e-08
-0.0963323 -3.07392e-08
-0.0962424 -3.07332e-08
-0.0961525 -3.06584e-08
-0.0960626 -3.06168e-08
-0.0959726 -3.05565e-08
-0.0958827 -3.02548e-08
-0.0957928 -3.00103e-08
-0.0957029 -2.95522e-08
-0.095613 -2.91063e-08
-0.0955231 -2.85782e-08
-0.0954332 -2.79089e-08
-0.0953433 -2.7138e-08
-0.0952534 -2.62558e-08
-0.0951635 -2.56657e-08
-0.0950736 -2.51247e-08
-0.0949837 -2.46749e-08
-0.0948938 -2.43126e-08
-0.0948039 -2.41188e-08
-0.094714 -2.39053e-08
-0.0946241 -2.38841e-08
-0.0945342 -2.37082e-08
-0.0944443 -2.37083e-08
-0.0943544 -2.37876e-08
-0.0942645 -2.40766e-08
-0.0941746 -2.43752e-08
-0.0940847 -2.46132e-08
-0.0939948 -2.48664e-08
-0.0939049 -2.50031e-08
-0.0938149 -2.51615e-08
-0.093725 -2.51915e-08
-0.0936351 -2.51757e-08
-0.0935452 -2.52048e-08
-0.0934553 -2.53253e-08
-0.0933654 -2.5477e-08
-0.0932755 -2.55918e-08
-0.0931856 -2.56172e-08
-0.0930957 -2.56021e-08
-0.0930058 -2.54707e-08
-0.0929159 -2.54335e-08
-0.092826 -2.54451e-08
-0.0927361 -2.5445e-08
-0.0926462 -2.52829e-08
-0.0925563 -2.49811e-08
-0.0924664 -2.47896e-08
-0.0923765 -2.45697e-08
-0.0922866 -2.43646e-08
-0.0921967 -2.4245e-08
-0.0921068 -2.39155e-08
-0.0920169 -2.37358e-08
-0.091927 -2.35074e-08
-0.0918371 -2.31749e-08
-0.0917472 -2.2864e-08
-0.0916572 -2.27931e-08
-0.0915673 -2.29489e-08
-0.0914774 -2.3058e-08
-0.0913875 -2.30925e-08
-0.0912976 -2.30564e-08
-0.0912077 -2.28917e-08
-0.0911178 -2.2879e-08
-0.0910279 -2.29483e-08
-0.090938 -2.30436e-08
-0.0908481 -2.3204e-08
-0.0907582 -2.34095e-08
-0.0906683 -2.35228e-08
-0.0905784 -2.35673e-08
-0.0904885 -2.38024e-08
-0.0903986 -2.41079e-08
-0.0903087 -2.44056e-08
-0.0902188 -2.47744e-08
-0.0901289 -2.51122e-08
-0.090039 -2.55368e-08
-0.0899491 -2.58632e-08
-0.0898592 -2.61575e-08
-0.0897693 -2.64244e-08
-0.0896794 -2.67083e-08
-0.0895895 -2.69343e-08
-0.0894995 -2.70355e-08
-0.0894096 -2.71023e-08
-0.0893197 -2.71562e-08
-0.0892298 -2.72093e-08
-0.0891399 -2.73099e-08
-0.08905 -2.73393e-08
-0.0889601 -2.72862e-08
-0.0888702 -2.73277e-08
-0.0887803 -2.73274e-08
-0.0886904 -2.73071e-08
-0.0886005 -2.72209e-08
-0.0885106 -2.71837e-08
-0.0884207 -2.71671e-08
-0.0883308 -2.70081e-08
-0.0882409 -2.68615e-08
-0.088151 -2.66934e-08
-0.0880611 -2.6485e-08
-0.0879712 -2.63089e-08
-0.0878813 -2.6133e-08
-0.0877914 -2.6042e-08
-0.0877015 -2.60587e-08
-0.0876116 -2.60614e-08
-0.0875217 -2.61379e-08
-0.0874318 -2.62146e-08
-0.0873418 -2.63398e-08
-0.0872519 -2.66219e-08
-0.087162 -2.67917e-08
-0.0870721 -2.70394e-08
-0.0869822 -2.73339e-08
-0.0868923 -2.77076e-08
-0.0868024 -2.80231e-08
-0.0867125 -2.82889e-08
-0.0866226 -2.85153e-08
-0.0865327 -2.87328e-08
-0.0864428 -2.89402e-08
-0.0863529 -2.90243e-08
-0.086263 -2.91421e-08
-0.0861731 -2.92328e-08
-0.0860832 -2.9348e-08
-0.0859933 -2.93414e-08
-0.0859034 -2.93693e-08
-0.0858135 -2.92965e-08
-0.0857236 -2.91764e-08
-0.0856337 -2.89939e-08
-0.0855438 -2.88594e-08
-0.0854539 -2.8659e-08
-0.085364 -2.85767e-08
-0.0852741 -2.85395e-08
-0.0851841 -2.83848e-08
-0.0850942 -2.82723e-08
-0.0850043 -2.81217e-08
-0.0849144 -2.79429e-08
-0.0848245 -2.76382e-08
-0.0847346 -2.72751e-08
-0.0846447 -2.68576e-08
-0.0845548 -2.65437e-08
-0.0844649 -2.63006e-08
-0.084375 -2.60141e-08
-0.0842851 -2.57907e-08
-0.0841952 -2.56361e-08
-0.0841053 -2.53473e-08
-0.0840154 -2.51276e-08
-0.0839255 -2.49778e-08
-0.0838356 -2.47999e-08
-0.0837457 -2.47818e-08
-0.0836558 -2.49486e-08
-0.0835659 -2.52176e-08
-0.083476 -2.53882e-08
-0.0833861 -2.55387e-08
-0.0832962 -2.56596e-08
-0.0832063 -2.56906e-08
-0.0831164 -2.5795e-08
-0.0830264 -2.59537e-08
-0.0829365 -2.61161e-08
-0.0828466 -2.63531e-08
-0.0827567 -2.65443e-08
-0.0826668 -2.67624e-08
-0.0825769 -2.69632e-08
-0.082487 -2.71186e-08
-0.0823971 -2.72348e-08
-0.0823072 -2.73902e-08
-0.0822173 -2.75542e-08
-0.0821274 -2.75698e-08
-0.0820375 -2.75335e-08
-0.0819476 -2.74945e-08
-0.0818577 -2.73957e-08
-0.0817678 -2.73194e-08
-0.0816779 -2.71931e-08
-0.081588 -2.69246e-08
-0.0814981 -2.66361e-08
-0.0814082 -2.63929e-08
-0.0813183 -2.61366e-08
-0.0812284 -2.58313e-08
-0.0811385 -2.56127e-08
-0.0810486 -2.53963e-08
-0.0809587 -2.51432e-08
-0.0808687 -2.49437e-08
-0.0807788 -2.47416e-08
-0.0806889 -2.46555e-08
-0.080599 -2.45644e-08
-0.0805091 -2.45692e-08
-0.0804192 -2.45804e-08
-0.0803293 -2.45841e-08
-0.0802394 -2.45825e-08
-0.0801495 -2.45901e-08
-0.0800596 -2.46247e-08
-0.0799697 -2.46407e-08
-0.0798798 -2.46648e-08
-0.0797899 -2.46718e-08
-0.0797 -2.46245e-08
-0.0796101 -2.45997e-08
-0.0795202 -2.46041e-08
-0.0794303 -2.46612e-08
-0.0793404 -2.47444e-08
-0.0792505 -2.48429e-08
-0.0791606 -2.49928e-08
-0.0790707 -2.51021e-08
-0.0789808 -2.51977e-08
-0.0788909 -2.53613e-08
-0.078801 -2.55015e-08
-0.078711 -2.56201e-08
-0.0786211 -2.57585e-08
-0.0785312 -2.58349e-08
-0.0784413 -2.58865e-08
-0.0783514 -2.59029e-08
-0.0782615 -2.5935e-08
-0.0781716 -2.60086e-08
-0.0780817 -2.61203e-08
-0.0779918 -2.61774e-08
-0.0779019 -2.63121e-08
-0.077812 -2.64479e-08
-0.0777221 -2.65994e-08
-0.0776322 -2.67396e-08
-0.0775423 -2.68493e-08
-0.0774524 -2.69398e-08
-0.0773625 -2.6987e-08
-0.0772726 -2.70012e-08
-0.0771827 -2.69777e-08
-0.0770928 -2.69637e-08
-0.0770029 -2.69379e-08
-0.076913 -2.70436e-08
-0.0768231 -2.71348e-08
-0.0767332 -2.72109e-08
-0.0766433 -2.73233e-08
-0.0765534 -2.74308e-08
-0.0764634 -2.75141e-08
-0.0763735 -2.76809e-08
-0.0762836 -2.78755e-08
-0.0761937 -2.80808e-08
-0.0761038 -2.82488e-08
-0.0760139 -2.83767e-08
-0.075924 -2.85331e-08
-0.0758341 -2.86363e-08
-0.0757442 -2.87193e-08
-0.0756543 -2.88181e-08
-0.0755644 -2.89045e-08
-0.0754745 -2.90276e-08
-0.0753846 -2.92112e-08
-0.0752947 -2.94201e-08
-0.0752048 -2.96755e-08
-0.0751149 -2.99392e-08
-0.075025 -3.01773e-08
-0.0749351 -3.03902e-08
-0.0748452 -3.05678e-08
-0.0747553 -3.06842e-08
-0.0746654 -3.08536e-08
-0.0745755 -3.09731e-08
-0.0744856 -3.10608e-08
-0.0743957 -3.11099e-08
-0.0743057 -3.11349e-08
-0.0742158 -3.11538e-08
-0.0741259 -3.11737e-08
-0.074036 -3.1214e-08
-0.0739461 -3.12466e-08
-0.0738562 -3.12758e-08
-0.0737663 -3.12975e-08
-0.0736764 -3.13518e-08
-0.0735865 -3.14862e-08
-0.0734966 -3.16263e-08
-0.0734067 -3.17563e-08
-0.0733168 -3.18708e-08
-0.0732269 -3.19596e-08
-0.073137 -3.2e-08
-0.0730471 -3.20044e-08
-0.0729572 -3.20173e-08
-0.0728673 -3.20614e-08
-0.0727774 -3.21196e-08
-0.0726875 -3.22157e-08
-0.0725976 -3.22879e-08
-0.0725077 -3.23631e-08
-0.0724178 -3.24261e-08
-0.0723279 -3.24966e-08
-0.072238 -3.25773e-08
-0.072148 -3.26614e-08
-0.0720581 -3.27027e-08
-0.0719682 -3.27313e-08
-0.0718783 -3.27583e-08
-0.0717884 -3.27842e-08
-0.0716985 -3.28359e-08
-0.0716086 -3.28938e-08
-0.0715187 -3.29006e-08
-0.0714288 -3.2879e-08
-0.0713389 -3.28912e-08
-0.071249 -3.29183e-08
-0.0711591 -3.29741e-08
-0.0710692 -3.30411e-08
-0.0709793 -3.31065e-08
-0.0708894 -3.31662e-08
-0.0707995 -3.32727e-08
-0.0707096 -3.33774e-08
-0.0706197 -3.3436e-08
-0.0705298 -3.34622e-08
-0.0704399 -3.34873e-08
-0.07035 -3.353e-08
-0.0702601 -3.35971e-08
-0.0701702 -3.36857e-08
-0.0700803 -3.37492e-08
-0.0699903 -3.37908e-08
-0.0699004 -3.38698e-08
-0.0698105 -3.39373e-08
-0.0697206 -3.40167e-08
-0.0696307 -3.40475e-08
-0.0695408 -3.41065e-08
-0.0694509 -3.41824e-08
-0.069361 -3.43014e-08
-0.0692711 -3.44358e-08
-0.0691812 -3.46263e-08
-0.0690913 -3.47936e-08
-0.0690014 -3.49322e-08
-0.0689115 -3.50597e-08
-0.0688216 -3.52123e-08
-0.0687317 -3.53504e-08
-0.0686418 -3.548e-08
-0.0685519 -3.562e-08
-0.068462 -3.57736e-08
-0.0683721 -3.59114e-08
-0.0682822 -3.60558e-08
-0.0681923 -3.62206e-08
-0.0681024 -3.63601e-08
-0.0680125 -3.65111e-08
-0.0679226 -3.66695e-08
-0.0678326 -3.67756e-08
-0.0677427 -3.6874e-08
-0.0676528 -3.69464e-08
-0.0675629 -3.70281e-08
-0.067473 -3.71631e-08
-0.0673831 -3.73388e-08
-0.0672932 -3.74691e-08
-0.0672033 -3.75879e-08
-0.0671134 -3.76783e-08
-0.0670235 -3.77726e-08
-0.0669336 -3.79008e-08
-0.0668437 -3.8e-08
-0.0667538 -3.80861e-08
-0.0666639 -3.81773e-08
-0.066574 -3.82735e-08
-0.0664841 -3.83418e-08
-0.0663942 -3.83899e-08
-0.0663043 -3.84511e-08
-0.0662144 -3.84843e-08
-0.0661245 -3.85376e-08
-0.0660346 -3.85518e-08
-0.0659447 -3.86153e-08
-0.0658548 -3.86811e-08
-0.0657649 -3.87998e-08
-0.0656749 -3.89299e-08
-0.065585 -3.90576e-08
-0.0654951 -3.92399e-08
-0.0654052 -3.94148e-08
-0.0653153 -3.95443e-08
-0.0652254 -3.96521e-08
-0.0651355 -3.97461e-08
-0.0650456 -3.98645e-08
-0.0649557 -3.99674e-08
-0.0648658 -4.00639e-08
-0.0647759 -4.01308e-08
-0.064686 -4.02481e-08
-0.0645961 -4.0351e-08
-0.0645062 -4.04603e-08
-0.0644163 -4.0591e-08
-0.0643264 -4.07229e-08
-0.0642365 -4.08483e-08
-0.0641466 -4.10017e-08
-0.0640567 -4.1156e-08
-0.0639668 -4.1278e-08
-0.0638769 -4.13917e-08
-0.063787 -4.15034e-08
-0.0636971 -4.15821e-08
-0.0636072 -4.16468e-08
-0.0635172 -4.17186e-08
-0.0634273 -4.18176e-08
-0.0633374 -4.19264e-08
-0.0632475 -4.2068e-08
-0.0631576 -4.22163e-08
-0.0630677 -4.24e-08
-0.0629778 -4.25775e-08
-0.0628879 -4.27658e-08
-0.062798 -4.29652e-08
-0.0627081 -4.31802e-08
-0.0626182 -4.3369e-08
-0.0625283 -4.35333e-08
-0.0624384 -4.37231e-08
-0.0623485 -4.39051e-08
-0.0622586 -4.40922e-08
-0.0621687 -4.43107e-08
-0.0620788 -4.45259e-08
-0.0619889 -4.47236e-08
-0.061899 -4.49119e-08
-0.0618091 -4.50935e-08
-0.0617192 -4.526e-08
-0.0616293 -4.54841e-08
-0.0615394 -4.56869e-08
-0.0614495 -4.58922e-08
-0.0613595 -4.61081e-08
-0.0612696 -4.63094e-08
-0.0611797 -4.64974e-08
-0.0610898 -4.66837e-08
-0.0609999 -4.68441e-08
-0.06091 -4.69826e-08
-0.0608201 -4.71484e-08
-0.0607302 -4.73116e-08
-0.0606403 -4.75039e-08
-0.0605504 -4.77529e-08
-0.0604605 -4.79771e-08
-0.0603706 -4.82019e-08
-0.0602807 -4.84008e-08
-0.0601908 -4.86296e-08
-0.0601009 -4.88261e-08
-0.060011 -4.89885e-08
-0.0599211 -4.91245e-08
-0.0598312 -4.92923e-08
-0.0597413 -4.94521e-08
-0.0596514 -4.96209e-08
-0.0595615 -4.97617e-08
-0.0594716 -4.99462e-08
-0.0593817 -5.01176e-08
-0.0592918 -5.02577e-08
-0.0592018 -5.03872e-08
-0.0591119 -5.05171e-08
-0.059022 -5.06126e-08
-0.0589321 -5.07106e-08
-0.0588422 -5.07969e-08
-0.0587523 -5.08882e-08
-0.0586624 -5.09827e-08
-0.0585725 -5.1042e-08
-0.0584826 -5.10688e-08
-0.0583927 -5.11658e-08
-0.0583028 -5.12836e-08
-0.0582129 -5.14207e-08
-0.058123 -5.15331e-08
-0.0580331 -5.16563e-08
-0.0579432 -5.17797e-08
-0.0578533 -5.19322e-08
-0.0577634 -5.21053e-08
-0.0576735 -5.22556e-08
-0.0575836 -5.23921e-08
-0.0574937 -5.25127e-08
-0.0574038 -5.26386e-08
-0.0573139 -5.27832e-08
-0.057224 -5.29307e-08
-0.0571341 -5.30803e-08
-0.0570442 -5.32492e-08
-0.0569542 -5.34429e-08
-0.0568643 -5.3636e-08
-0.0567744 -5.38381e-08
-0.0566845 -5.40773e-08
-0.0565946 -5.43019e-08
-0.0565047 -5.45099e-08
-0.0564148 -5.47426e-08
-0.0563249 -5.49538e-08
-0.056235 -5.51312e-08
-0.0561451 -5.53028e-08
-0.0560552 -5.54758e-08
-0.0559653 -5.56677e-08
-0.0558754 -5.58685e-08
-0.0557855 -5.60581e-08
-0.0556956 -5.62463e-08
-0.0556057 -5.64348e-08
-0.0555158 -5.66433e-08
-0.0554259 -5.68643e-08
-0.055336 -5.7125e-08
-0.0552461 -5.73582e-08
-0.0551562 -5.76154e-08
-0.0550663 -5.78729e-08
-0.0549764 -5.80912e-08
-0.0548865 -5.83118e-08
-0.0547965 -5.85261e-08
-0.0547066 -5.87168e-08
-0.0546167 -5.89235e-08
-0.0545268 -5.9113e-08
-0.0544369 -5.93028e-08
-0.054347 -5.94833e-08
-0.0542571 -5.96824e-08
-0.0541672 -5.9857e-08
-0.0540773 -6.00486e-08
-0.0539874 -6.02369e-08
-0.0538975 -6.04378e-08
-0.0538076 -6.06041e-08
-0.0537177 -6.07347e-08
-0.0536278 -6.0836e-08
-0.0535379 -6.09123e-08
-0.053448 -6.09507e-08
-0.0533581 -6.1027e-08
-0.0532682 -6.10854e-08
-0.0531783 -6.11181e-08
-0.0530884 -6.11507e-08
-0.0529985 -6.11568e-08
-0.0529086 -6.1169e-08
-0.0528187 -6.11657e-08
-0.0527288 -6.11051e-08
-0.0526388 -6.10018e-08
-0.0525489 -6.08299e-08
-0.052459 -6.06552e-08
-0.0523691 -6.04668e-08
-0.0522792 -6.03041e-08
-0.0521893 -6.00557e-08
-0.0520994 -5.9843e-08
-0.0520095 -5.96674e-08
-0.0519196 -5.95149e-08
-0.0518297 -5.93684e-08
-0.0517398 -5.91933e-08
-0.0516499 -5.9081e-08
-0.05156 -5.89353e-08
-0.0514701 -5.88366e-08
-0.0513802 -5.8754e-08
-0.0512903 -5.86922e-08
-0.0512004 -5.86116e-08
-0.0511105 -5.85097e-08
-0.0510206 -5.8431e-08
-0.0509307 -5.83464e-08
-0.0508408 -5.82937e-08
-0.0507509 -5.82152e-08
-0.050661 -5.81738e-08
-0.0505711 -5.81934e-08
-0.0504811 -5.82447e-08
-0.0503912 -5.83058e-08
-0.0503013 -5.83767e-08
-0.0502114 -5.84407e-08
-0.0501215 -5.85188e-08
-0.0500316 -5.86026e-08
-0.0499417 -5.86333e-08
-0.0498518 -5.86842e-08
-0.0497619 -5.87032e-08
-0.049672 -5.87171e-08
-0.0495821 -5.87302e-08
-0.0494922 -5.87874e-08
-0.0494023 -5.88446e-08
-0.0493124 -5.88823e-08
-0.0492225 -5.89365e-08
-0.0491326 -5.89794e-08
-0.0490427 -5.90499e-08
-0.0489528 -5.90854e-08
-0.0488629 -5.91088e-08
-0.048773 -5.91563e-08
-0.0486831 -5.92151e-08
-0.0485932 -5.92617e-08
-0.0485033 -5.92899e-08
-0.0484134 -5.93325e-08
-0.0483234 -5.93787e-08
-0.0482335 -5.94177e-08
-0.0481436 -5.94613e-08
-0.0480537 -5.94955e-08
-0.0479638 -5.95662e-08
-0.0478739 -5.96044e-08
-0.047784 -5.9631e-08
-0.0476941 -5.96832e-08
-0.0476042 -5.97446e-08
-0.0475143 -5.97766e-08
-0.0474244 -5.97708e-08
-0.0473345 -5.97749e-08
-0.0472446 -5.97737e-08
-0.0471547 -5.97943e-08
-0.0470648 -5.98114e-08
-0.0469749 -5.98339e-08
-0.046885 -5.98391e-08
-0.0467951 -5.97907e-08
-0.0467052 -5.97646e-08
-0.0466153 -5.97433e-08
-0.0465254 -5.97234e-08
-0.0464355 -5.96828e-08
-0.0463456 -5.95935e-08
-0.0462557 -5.94796e-08
-0.0461657 -5.93556e-08
-0.0460758 -5.9253e-08
-0.0459859 -5.91783e-08
-0.045896 -5.90334e-08
-0.0458061 -5.88005e-08
-0.0457162 -5.85891e-08
-0.0456263 -5.83666e-08
-0.0455364 -5.8138e-08
-0.0454465 -5.78888e-08
-0.0453566 -5.76523e-08
-0.0452667 -5.73795e-08
-0.0451768 -5.70705e-08
-0.0450869 -5.68139e-08
-0.044997 -5.65427e-08
-0.0449071 -5.62617e-08
-0.0448172 -5.59099e-08
-0.0447273 -5.55459e-08
-0.0446374 -5.52054e-08
-0.0445475 -5.48533e-08
-0.0444576 -5.45249e-08
-0.0443677 -5.42412e-08
-0.0442778 -5.39937e-08
-0.0441879 -5.37899e-08
-0.044098 -5.35966e-08
-0.044008 -5.34067e-08
-0.0439181 -5.32279e-08
-0.0438282 -5.30438e-08
-0.0437383 -5.29207e-08
-0.0436484 -5.28155e-08
-0.0435585 -5.26962e-08
-0.0434686 -5.25497e-08
-0.0433787 -5.24066e-08
-0.0432888 -5.23031e-08
-0.0431989 -5.22227e-08
-0.043109 -5.21673e-08
-0.0430191 -5.20864e-08
-0.0429292 -5.20285e-08
-0.0428393 -5.20135e-08
-0.0427494 -5.20116e-08
-0.0426595 -5.20379e-08
-0.0425696 -5.20916e-08
-0.0424797 -5.21603e-08
-0.0423898 -5.21896e-08
-0.0422999 -5.22004e-08
-0.04221 -5.22244e-08
-0.0421201 -5.22685e-08
-0.0420302 -5.23227e-08
-0.0419403 -5.23781e-08
-0.0418503 -5.24388e-08
-0.0417604 -5.2512e-08
-0.0416705 -5.26142e-08
-0.0415806 -5.27158e-08
-0.0414907 -5.28324e-08
-0.0414008 -5.29532e-08
-0.0413109 -5.30434e-08
-0.041221 -5.31573e-08
-0.0411311 -5.32417e-08
-0.0410412 -5.33537e-08
-0.0409513 -5.34837e-08
-0.0408614 -5.36101e-08
-0.0407715 -5.37511e-08
-0.0406816 -5.38871e-08
-0.0405917 -5.40621e-08
-0.0405018 -5.42055e-08
-0.0404119 -5.43451e-08
-0.040322 -5.44563e-08
-0.0402321 -5.45646e-08
-0.0401422 -5.46618e-08
-0.0400523 -5.47266e-08
-0.0399624 -5.48187e-08
-0.0398725 -5.49068e-08
-0.0397826 -5.5008e-08
-0.0396927 -5.51284e-08
-0.0396027 -5.52304e-08
-0.0395128 -5.53126e-08
-0.0394229 -5.53702e-08
-0.039333 -5.54214e-08
-0.0392431 -5.54581e-08
-0.0391532 -5.54755e-08
-0.0390633 -5.54724e-08
-0.0389734 -5.54577e-08
-0.0388835 -5.54512e-08
-0.0387936 -5.54493e-08
-0.0387037 -5.54521e-08
-0.0386138 -5.54697e-08
-0.0385239 -5.5452e-08
-0.038434 -5.54059e-08
-0.0383441 -5.53483e-08
-0.0382542 -5.52655e-08
-0.0381643 -5.51534e-08
-0.0380744 -5.50336e-08
-0.0379845 -5.49209e-08
-0.0378946 -5.47955e-08
-0.0378047 -5.46905e-08
-0.0377148 -5.46001e-08
-0.0376249 -5.4502e-08
-0.037535 -5.43892e-08
-0.037445 -5.42266e-08
-0.0373551 -5.40624e-08
-0.0372652 -5.38828e-08
-0.0371753 -5.36779e-08
-0.0370854 -5.34351e-08
-0.0369955 -5.32026e-08
-0.0369056 -5.29868e-08
-0.0368157 -5.27385e-08
-0.0367258 -5.24936e-08
-0.0366359 -5.22233e-08
-0.036546 -5.19552e-08
-0.0364561 -5.1652e-08
-0.0363662 -5.12943e-08
-0.0362763 -5.09672e-08
-0.0361864 -5.06389e-08
-0.0360965 -5.03076e-08
-0.0360066 -4.99531e-08
-0.0359167 -4.96296e-08
-0.0358268 -4.92973e-08
-0.0357369 -4.89171e-08
-0.035647 -4.85399e-08
-0.0355571 -4.81419e-08
-0.0354672 -4.77655e-08
-0.0353773 -4.73866e-08
-0.0352873 -4.70216e-08
-0.0351974 -4.66977e-08
-0.0351075 -4.63764e-08
-0.0350176 -4.60709e-08
-0.0349277 -4.57866e-08
-0.0348378 -4.55337e-08
-0.0347479 -4.52797e-08
-0.034658 -4.50258e-08
-0.0345681 -4.4801e-08
-0.0344782 -4.45517e-08
-0.0343883 -4.4314e-08
-0.0342984 -4.40936e-08
-0.0342085 -4.39011e-08
-0.0341186 -4.37371e-08
-0.0340287 -4.35768e-08
-0.0339388 -4.34214e-08
-0.0338489 -4.32768e-08
-0.033759 -4.31431e-08
-0.0336691 -4.30235e-08
-0.0335792 -4.29147e-08
-0.0334893 -4.28144e-08
-0.0333994 -4.27024e-08
-0.0333095 -4.26153e-08
-0.0332196 -4.25231e-08
-0.0331296 -4.24592e-08
-0.0330397 -4.24057e-08
-0.0329498 -4.23464e-08
-0.0328599 -4.22816e-08
-0.03277 -4.22002e-08
-0.0326801 -4.21162e-08
-0.0325902 -4.20443e-08
-0.0325003 -4.1975e-08
-0.0324104 -4.19003e-08
-0.0323205 -4.18212e-08
-0.0322306 -4.17625e-08
-0.0321407 -4.1699e-08
-0.0320508 -4.1654e-08
-0.0319609 -4.16183e-08
-0.031871 -4.15881e-08
-0.0317811 -4.15649e-08
-0.0316912 -4.15069e-08
-0.0316013 -4.14624e-08
-0.0315114 -4.14323e-08
-0.0314215 -4.13837e-08
-0.0313316 -4.13236e-08
-0.0312417 -4.12559e-08
-0.0311518 -4.11907e-08
-0.0310619 -4.1114e-08
-0.0309719 -4.10454e-08
-0.030882 -4.09695e-08
-0.0307921 -4.09106e-08
-0.0307022 -4.08375e-08
-0.0306123 -4.07451e-08
-0.0305224 -4.06717e-08
-0.0304325 -4.05911e-08
-0.0303426 -4.04952e-08
-0.0302527 -4.03899e-08
-0.0301628 -4.0274e-08
-0.0300729 -4.01454e-08
-0.029983 -4.00167e-08
-0.0298931 -3.98607e-08
-0.0298032 -3.97054e-08
-0.0297133 -3.95523e-08
-0.0296234 -3.93622e-08
-0.0295335 -3.91572e-08
-0.0294436 -3.89387e-08
-0.0293537 -3.87186e-08
-0.0292638 -3.84631e-08
-0.0291739 -3.82049e-08
-0.029084 -3.79312e-08
-0.0289941 -3.76397e-08
-0.0289042 -3.73195e-08
-0.0288142 -3.69829e-08
-0.0287243 -3.66512e-08
-0.0286344 -3.63208e-08
-0.0285445 -3.59656e-08
-0.0284546 -3.55759e-08
-0.0283647 -3.51955e-08
-0.0282748 -3.48004e-08
-0.0281849 -3.43668e-08
-0.028095 -3.39256e-08
-0.0280051 -3.34464e-08
-0.0279152 -3.29142e-08
-0.0278253 -3.23507e-08
-0.0277354 -3.17982e-08
-0.0276455 -3.12396e-08
-0.0275556 -3.06805e-08
-0.0274657 -3.014e-08
-0.0273758 -2.95636e-08
-0.0272859 -2.90004e-08
-0.027196 -2.84407e-08
-0.0271061 -2.78511e-08
-0.0270162 -2.72416e-08
-0.0269263 -2.66235e-08
-0.0268364 -2.59862e-08
-0.0267465 -2.53448e-08
-0.0266565 -2.47167e-08
-0.0265666 -2.40974e-08
-0.0264767 -2.3499e-08
-0.0263868 -2.29215e-08
-0.0262969 -2.23034e-08
-0.026207 -2.16974e-08
-0.0261171 -2.11004e-08
-0.0260272 -2.04893e-08
-0.0259373 -1.98953e-08
-0.0258474 -1.93214e-08
-0.0257575 -1.8771e-08
-0.0256676 -1.82258e-08
-0.0255777 -1.76982e-08
-0.0254878 -1.72194e-08
-0.0253979 -1.67601e-08
-0.025308 -1.6311e-08
-0.0252181 -1.58486e-08
-0.0251282 -1.53964e-08
-0.0250383 -1.49474e-08
-0.0249484 -1.45364e-08
-0.0248585 -1.41428e-08
-0.0247686 -1.3778e-08
-0.0246787 -1.34308e-08
-0.0245888 -1.3091e-08
-0.0244988 -1.27714e-08
-0.0244089 -1.24638e-08
-0.024319 -1.21719e-08
-0.0242291 -1.188e-08
-0.0241392 -1.16005e-08
-0.0240493 -1.13284e-08
-0.0239594 -1.10555e-08
-0.0238695 -1.0795e-08
-0.0237796 -1.05561e-08
-0.0236897 -1.03372e-08
-0.0235998 -1.01253e-08
-0.0235099 -9.91999e-09
-0.02342 -9.72102e-09
-0.0233301 -9.52486e-09
-0.0232402 -9.31439e-09
-0.0231503 -9.10131e-09
-0.0230604 -8.89928e-09
-0.0229705 -8.70487e-09
-0.0228806 -8.50509e-09
-0.0227907 -8.32649e-09
-0.0227008 -8.17055e-09
-0.0226109 -8.02385e-09
-0.022521 -7.88801e-09
-0.0224311 -7.75077e-09
-0.0223411 -7.62768e-09
-0.0222512 -7.49765e-09
-0.0221613 -7.35157e-09
-0.0220714 -7.20592e-09
-0.0219815 -7.06211e-09
-0.0218916 -6.91559e-09
-0.0218017 -6.77945e-09
-0.0217118 -6.66208e-09
-0.0216219 -6.56504e-09
-0.021532 -6.4788e-09
-0.0214421 -6.40696e-09
-0.0213522 -6.33722e-09
-0.0212623 -6.26834e-09
-0.0211724 -6.18468e-09
-0.0210825 -6.10245e-09
-0.0209926 -6.0253e-09
-0.0209027 -5.94373e-09
-0.0208128 -5.85996e-09
-0.0207229 -5.776e-09
-0.020633 -5.7009e-09
-0.0205431 -5.64244e-09
-0.0204532 -5.60031e-09
-0.0203633 -5.56644e-09
-0.0202734 -5.53427e-09
-0.0201835 -5.50373e-09
-0.0200935 -5.45452e-09
-0.0200036 -5.42276e-09
-0.0199137 -5.3898e-09
-0.0198238 -5.35618e-09
-0.0197339 -5.32783e-09
-0.019644 -5.29569e-09
-0.0195541 -5.25643e-09
-0.0194642 -5.23169e-09
-0.0193743 -5.21902e-09
-0.0192844 -5.20599e-09
-0.0191945 -5.18937e-09
-0.0191046 -5.16983e-09
-0.0190147 -5.14771e-09
-0.0189248 -5.14235e-09
-0.0188349 -5.13216e-09
-0.018745 -5.12909e-09
-0.0186551 -5.13122e-09
-0.0185652 -5.1287e-09
-0.0184753 -5.12345e-09
-0.0183854 -5.12143e-09
-0.0182955 -5.11941e-09
-0.0182056 -5.11276e-09
-0.0181157 -5.1071e-09
-0.0180258 -5.09723e-09
-0.0179358 -5.08816e-09
-0.0178459 -5.08628e-09
-0.017756 -5.08177e-09
-0.0176661 -5.0835e-09
-0.0175762 -5.08862e-09
-0.0174863 -5.08572e-09
-0.0173964 -5.07992e-09
-0.0173065 -5.0745e-09
-0.0172166 -5.05714e-09
-0.0171267 -5.03842e-09
-0.0170368 -5.01201e-09
-0.0169469 -4.98556e-09
-0.016857 -4.96455e-09
-0.0167671 -4.94359e-09
-0.0166772 -4.92051e-09
-0.0165873 -4.89648e-09
-0.0164974 -4.86496e-09
-0.0164075 -4.82537e-09
-0.0163176 -4.79363e-09
-0.0162277 -4.76404e-09
-0.0161378 -4.72502e-09
-0.0160479 -4.68522e-09
-0.015958 -4.63148e-09
-0.0158681 -4.57903e-09
-0.0157781 -4.53371e-09
-0.0156882 -4.49141e-09
-0.0155983 -4.44276e-09
-0.0155084 -4.39678e-09
-0.0154185 -4.34101e-09
-0.0153286 -4.27785e-09
-0.0152387 -4.23039e-09
-0.0151488 -4.1789e-09
-0.0150589 -4.12112e-09
-0.014969 -4.05537e-09
-0.0148791 -3.98193e-09
-0.0147892 -3.90795e-09
-0.0146993 -3.84685e-09
-0.0146094 -3.78776e-09
-0.0145195 -3.72258e-09
-0.0144296 -3.65432e-09
-0.0143397 -3.56901e-09
-0.0142498 -3.4833e-09
-0.0141599 -3.39855e-09
-0.01407 -3.30463e-09
-0.0139801 -3.20835e-09
-0.0138902 -3.10371e-09
-0.0138003 -3.00032e-09
-0.0137104 -2.90011e-09
-0.0136204 -2.8103e-09
-0.0135305 -2.71636e-09
-0.0134406 -2.62479e-09
-0.0133507 -2.51433e-09
-0.0132608 -2.39545e-09
-0.0131709 -2.27084e-09
-0.013081 -2.13769e-09
-0.0129911 -1.99466e-09
-0.0129012 -1.85708e-09
-0.0128113 -1.7239e-09
-0.0127214 -1.59754e-09
-0.0126315 -1.47776e-09
-0.0125416 -1.35431e-09
-0.0124517 -1.22909e-09
-0.0123618 -1.11322e-09
-0.0122719 -9.87357e-10
-0.012182 -8.42582e-10
-0.0120921 -6.98532e-10
-0.0120022 -5.44198e-10
-0.0119123 -3.87403e-10
-0.0118224 -2.37755e-10
-0.0117325 -9.79068e-11
-0.0116426 2.96424e-11
-0.0115527 1.50736e-10
-0.0114627 2.86279e-10
-0.0113728 4.18362e-10
-0.0112829 5.45918e-10
-0.011193 6.83496e-10
-0.0111031 8.23966e-10
-0.0110132 9.63848e-10
-0.0109233 1.10346e-09
-0.0108334 1.24245e-09
-0.0107435 1.36455e-09
-0.0106536 1.48251e-09
-0.0105637 1.59723e-09
-0.0104738 1.70374e-09
-0.0103839 1.81737e-09
-0.010294 1.92575e-09
-0.0102041 2.03149e-09
-0.0101142 2.14876e-09
-0.0100243 2.26595e-09
-0.00993438 2.38368e-09
-0.00984447 2.49048e-09
-0.00975457 2.60289e-09
-0.00966466 2.70639e-09
-0.00957476 2.79042e-09
-0.00948486 2.8708e-09
-0.00939495 2.93948e-09
-0.00930505 2.99512e-09
-0.00921514 3.05866e-09
-0.00912524 3.12998e-09
-0.00903534 3.19681e-09
-0.00894543 3.26452e-09
-0.00885553 3.32661e-09
-0.00876562 3.37404e-09
-0.00867572 3.42887e-09
-0.00858582 3.4651e-09
-0.00849591 3.47885e-09
-0.00840601 3.48109e-09
-0.0083161 3.46826e-09
-0.0082262 3.44888e-09
-0.00813629 3.42989e-09
-0.00804639 3.4197e-09
-0.00795649 3.42039e-09
-0.00786658 3.40517e-09
-0.00777668 3.39382e-09
-0.00768677 3.364e-09
-0.00759687 3.35839e-09
-0.00750697 3.32108e-09
-0.00741706 3.24895e-09
-0.00732716 3.16145e-09
-0.00723725 3.07798e-09
-0.00714735 3.01094e-09
-0.00705744 2.94326e-09
-0.00696754 2.90809e-09
-0.00687764 2.86203e-09
-0.00678773 2.79044e-09
-0.00669783 2.73474e-09
-0.00660792 2.65728e-09
-0.00651802 2.58851e-09
-0.00642812 2.48922e-09
-0.00633821 2.3648e-09
-0.00624831 2.2261e-09
-0.0061584 2.11988e-09
-0.0060685 2.03582e-09
-0.00597859 1.96345e-09
-0.00588869 1.90908e-09
-0.00579879 1.83044e-09
-0.00570888 1.72917e-09
-0.00561898 1.63249e-09
-0.00552907 1.51544e-09
-0.00543917 1.39601e-09
-0.00534927 1.26491e-09
-0.00525936 1.12439e-09
-0.00516946 9.79864e-10
-0.00507955 8.66571e-10
-0.00498965 7.86427e-10
-0.00489975 7.29438e-10
-0.00480984 6.59411e-10
-0.00471994 5.74112e-10
-0.00463003 4.71139e-10
-0.00454013 3.64394e-10
-0.00445022 2.46062e-10
-0.00436032 1.30637e-10
-0.00427042 2.84346e-11
-0.00418051 -7.71149e-11
-0.00409061 -1.83067e-10
-0.0040007 -2.65096e-10
-0.0039108 -3.30848e-10
-0.0038209 -3.60567e-10
-0.00373099 -4.09557e-10
-0.00364109 -4.68909e-10
-0.00355118 -5.32767e-10
-0.00346128 -5.85163e-10
-0.00337137 -6.23951e-10
-0.00328147 -6.67287e-10
-0.00319157 -6.94516e-10
-0.00310166 -7.29565e-10
-0.00301176 -7.60363e-10
-0.00292185 -7.87484e-10
-0.00283195 -7.9017e-10
-0.00274205 -7.6642e-10
-0.00265214 -7.68664e-10
-0.00256224 -7.70193e-10
-0.00247233 -7.63981e-10
-0.00238243 -7.38286e-10
-0.00229252 -7.18925e-10
-0.00220262 -6.99816e-10
-0.00211272 -6.68147e-10
-0.00202281 -6.37474e-10
-0.00193291 -6.10692e-10
-0.001843 -5.9334e-10
-0.0017531 -5.45272e-10
-0.0016632 -5.00777e-10
-0.00157329 -4.77217e-10
-0.00148339 -4.45169e-10
-0.00139348 -4.04293e-10
-0.00130358 -3.59421e-10
-0.00121368 -3.26822e-10
-0.00112377 -2.99548e-10
-0.00103387 -2.64519e-10
-0.000943963 -2.18418e-10
-0.000854059 -1.87381e-10
-0.000764154 -1.59154e-10
-0.00067425 -1.08895e-10
-0.000584346 -8.05179e-11
-0.000494442 -6.36194e-11
-0.000404538 -4.20498e-11
-0.000314634 -2.42578e-11
-0.00022473 -8.7289e-12
-0.000134825 -8.74862e-12
-4.49212e-05 -1.44984e-11
4.49829e-05 0
0.000134887 2.09081e-11
0.000224791 2.89124e-11
0.000314695 4.07089e-11
0.0004046 7.08212e-11
0.000494504 8.22529e-11
0.000584408 9.00721e-11
0.000674312 9.10963e-11
0.000764216 8.78778e-11
0.00085412 8.53375e-11
0.000944024 6.02108e-11
0.00103393 5.42502e-11
0.00112383 6.38042e-11
0.00121374 6.96899e-11
0.00130364 6.94786e-11
0.00139355 8.23493e-11
0.00148345 1.11654e-10
0.00157335 1.23493e-10
0.00166326 1.41302e-10
0.00175316 1.404e-10
0.00184307 1.43494e-10
0.00193297 1.42803e-10
0.00202287 1.41715e-10
0.00211278 1.64942e-10
0.00220268 1.87355e-10
0.00229259 2.12487e-10
0.00238249 2.2717e-10
0.00247239 2.65135e-10
0.0025623 3.07716e-10
0.0026522 3.46074e-10
0.00274211 3.85365e-10
0.00283201 4.07906e-10
0.00292192 4.39915e-10
0.00301182 4.72138e-10
0.00310172 5.18268e-10
0.00319163 5.71379e-10
0.00328153 6.29915e-10
0.00337144 6.89427e-10
0.00346134 7.4159e-10
0.00355124 8.13268e-10
0.00364115 8.83014e-10
0.00373105 9.62087e-10
0.00382096 1.03659e-09
0.00391086 1.10117e-09
0.00400077 1.17752e-09
0.00409067 1.26029e-09
0.00418057 1.35147e-09
0.00427048 1.44742e-09
0.00436038 1.54626e-09
0.00445029 1.64436e-09
0.00454019 1.74429e-09
0.00463009 1.86021e-09
0.00472 1.97256e-09
0.0048099 2.10533e-09
0.00489981 2.23118e-09
0.00498971 2.35341e-09
0.00507962 2.49081e-09
0.00516952 2.62595e-09
0.00525942 2.77104e-09
0.00534933 2.91467e-09
0.00543923 3.05571e-09
0.00552914 3.21055e-09
0.00561904 3.36999e-09
0.00570894 3.53332e-09
0.00579885 3.69415e-09
0.00588875 3.8718e-09
0.00597866 4.04242e-09
0.00606856 4.20736e-09
0.00615846 4.37899e-09
0.00624837 4.55643e-09
0.00633827 4.74074e-09
0.00642818 4.91417e-09
0.00651808 5.08611e-09
0.00660799 5.27194e-09
0.00669789 5.45989e-09
0.00678779 5.65135e-09
0.0068777 5.8409e-09
0.0069676 6.03738e-09
0.00705751 6.22296e-09
0.00714741 6.4051e-09
0.00723731 6.5942e-09
0.00732722 6.79198e-09
0.00741712 6.98622e-09
0.00750703 7.16943e-09
0.00759693 7.3505e-09
0.00768684 7.54248e-09
0.00777674 7.73427e-09
0.00786664 7.93047e-09
0.00795655 8.12186e-09
0.00804645 8.31321e-09
0.00813636 8.49673e-09
0.00822626 8.69112e-09
0.00831616 8.89921e-09
0.00840607 9.10675e-09
0.00849597 9.30494e-09
0.00858588 9.49126e-09
0.00867578 9.67341e-09
0.00876569 9.85637e-09
0.00885559 1.00386e-08
0.00894549 1.02279e-08
0.0090354 1.04064e-08
0.0091253 1.05856e-08
0.00921521 1.07716e-08
0.00930511 1.09797e-08
0.00939501 1.11892e-08
0.00948492 1.13896e-08
0.00957482 1.15789e-08
0.00966473 1.17543e-08
0.00975463 1.19347e-08
0.00984453 1.2104e-08
0.00993444 1.22747e-08
0.0100243 1.24577e-08
0.0101142 1.26246e-08
0.0102042 1.27937e-08
0.0102941 1.29734e-08
0.010384 1.31666e-08
0.0104739 1.33507e-08
0.0105638 1.35191e-08
0.0106537 1.36819e-08
0.0107436 1.38355e-08
0.0108335 1.39915e-08
0.0109234 1.41387e-08
0.0110133 1.42964e-08
0.0111032 1.44636e-08
0.0111931 1.46123e-08
0.011283 1.47686e-08
0.0113729 1.49325e-08
0.0114628 1.50981e-08
0.0115527 1.52447e-08
0.0116426 1.53797e-08
0.0117325 1.55184e-08
0.0118224 1.56521e-08
0.0119123 1.57873e-08
0.0120022 1.59155e-08
0.0120921 1.60538e-08
0.012182 1.61923e-08
0.0122719 1.63297e-08
0.0123619 1.64579e-08
0.0124518 1.6593e-08
0.0125417 1.67317e-08
0.0126316 1.68494e-08
0.0127215 1.697e-08
0.0128114 1.70937e-08
0.0129013 1.72084e-08
0.0129912 1.7317e-08
0.0130811 1.74311e-08
0.013171 1.75399e-08
0.0132609 1.76607e-08
0.0133508 1.77845e-08
0.0134407 1.7901e-08
0.0135306 1.80227e-08
0.0136205 1.81373e-08
0.0137104 1.82479e-08
0.0138003 1.83573e-08
0.0138902 1.84667e-08
0.0139801 1.85711e-08
0.01407 1.86587e-08
0.0141599 1.87464e-08
0.0142498 1.88273e-08
0.0143397 1.89199e-08
0.0144296 1.9012e-08
0.0145196 1.91041e-08
0.0146095 1.92e-08
0.0146994 1.92973e-08
0.0147893 1.94034e-08
0.0148792 1.94969e-08
0.0149691 1.95925e-08
0.015059 1.96787e-08
0.0151489 1.97483e-08
0.0152388 1.98137e-08
0.0153287 1.98716e-08
0.0154186 1.99206e-08
0.0155085 1.99814e-08
0.0155984 2.00413e-08
0.0156883 2.00924e-08
0.0157782 2.01589e-08
0.0158681 2.02248e-08
0.015958 2.02826e-08
0.0160479 2.03548e-08
0.0161378 2.04129e-08
0.0162277 2.04521e-08
0.0163176 2.04907e-08
0.0164075 2.05145e-08
0.0164974 2.05284e-08
0.0165873 2.05403e-08
0.0166773 2.05312e-08
0.0167672 2.05239e-08
0.0168571 2.0529e-08
0.016947 2.05221e-08
0.0170369 2.05279e-08
0.0171268 2.05246e-08
0.0172167 2.05333e-08
0.0173066 2.0544e-08
0.0173965 2.05407e-08
0.0174864 2.05297e-08
0.0175763 2.0517e-08
0.0176662 2.04906e-08
0.0177561 2.04351e-08
0.017846 2.0396e-08
0.0179359 2.03607e-08
0.0180258 2.0325e-08
0.0181157 2.02882e-08
0.0182056 2.02459e-08
0.0182955 2.0227e-08
0.0183854 2.02084e-08
0.0184753 2.01783e-08
0.0185652 2.01461e-08
0.0186551 2.01155e-08
0.018745 2.00679e-08
0.0188349 2.00285e-08
0.0189249 2.0004e-08
0.0190148 1.99808e-08
0.0191047 1.99524e-08
0.0191946 1.9909e-08
0.0192845 1.98732e-08
0.0193744 1.98573e-08
0.0194643 1.98392e-08
0.0195542 1.98206e-08
0.0196441 1.97976e-08
0.019734 1.97865e-08
0.0198239 1.97688e-08
0.0199138 1.97621e-08
0.0200037 1.97588e-08
0.0200936 1.97542e-08
0.0201835 1.97356e-08
0.0202734 1.97152e-08
0.0203633 1.97076e-08
0.0204532 1.97158e-08
0.0205431 1.97263e-08
0.020633 1.97284e-08
0.0207229 1.97281e-08
0.0208128 1.97365e-08
0.0209027 1.97444e-08
0.0209926 1.97401e-08
0.0210826 1.97398e-08
0.0211725 1.97442e-08
0.0212624 1.97433e-08
0.0213523 1.97597e-08
0.0214422 1.97744e-08
0.0215321 1.9797e-08
0.021622 1.98139e-08
0.0217119 1.98222e-08
0.0218018 1.98221e-08
0.0218917 1.9829e-08
0.0219816 1.98548e-08
0.0220715 1.98561e-08
0.0221614 1.98714e-08
0.0222513 1.98928e-08
0.0223412 1.99113e-08
0.0224311 1.99353e-08
0.022521 1.99625e-08
0.0226109 1.99816e-08
0.0227008 1.99913e-08
0.0227907 1.99984e-08
0.0228806 2.00076e-08
0.0229705 2.00399e-08
0.0230604 2.00824e-08
0.0231503 2.01157e-08
0.0232403 2.01629e-08
0.0233302 2.02096e-08
0.0234201 2.02558e-08
0.02351 2.02909e-08
0.0235999 2.03228e-08
0.0236898 2.03407e-08
0.0237797 2.03574e-08
0.0238696 2.03884e-08
0.0239595 2.0418e-08
0.0240494 2.04696e-08
0.0241393 2.05296e-08
0.0242292 2.0591e-08
0.0243191 2.06549e-08
0.024409 2.07128e-08
0.0244989 2.07562e-08
0.0245888 2.07857e-08
0.0246787 2.08083e-08
0.0247686 2.08209e-08
0.0248585 2.08418e-08
0.0249484 2.08727e-08
0.0250383 2.08985e-08
0.0251282 2.0938e-08
0.0252181 2.09863e-08
0.025308 2.10292e-08
0.025398 2.10632e-08
0.0254879 2.10907e-08
0.0255778 2.11068e-08
0.0256677 2.11091e-08
0.0257576 2.1116e-08
0.0258475 2.11156e-08
0.0259374 2.11172e-08
0.0260273 2.11102e-08
0.0261172 2.10922e-08
0.0262071 2.1088e-08
0.026297 2.10883e-08
0.0263869 2.10713e-08
0.0264768 2.10499e-08
0.0265667 2.10297e-08
0.0266566 2.09957e-08
0.0267465 2.09672e-08
0.0268364 2.09521e-08
0.0269263 2.09345e-08
0.0270162 2.09106e-08
0.0271061 2.08737e-08
0.027196 2.08241e-08
0.0272859 2.07829e-08
0.0273758 2.07324e-08
0.0274657 2.06727e-08
0.0275557 2.06193e-08
0.0276456 2.05602e-08
0.0277355 2.04984e-08
0.0278254 2.04599e-08
0.0279153 2.04265e-08
0.0280052 2.03948e-08
0.0280951 2.03626e-08
0.028185 2.03291e-08
0.0282749 2.02738e-08
0.0283648 2.02174e-08
0.0284547 2.01517e-08
0.0285446 2.00861e-08
0.0286345 2.0025e-08
0.0287244 1.99751e-08
0.0288143 1.99301e-08
0.0289042 1.98902e-08
0.0289941 1.98428e-08
0.029084 1.98088e-08
0.0291739 1.97597e-08
0.0292638 1.97093e-08
0.0293537 1.96558e-08
0.0294436 1.95893e-08
0.0295335 1.95087e-08
0.0296234 1.94279e-08
0.0297134 1.93374e-08
0.0298033 1.92693e-08
0.0298932 1.92087e-08
0.0299831 1.91333e-08
0.030073 1.90592e-08
0.0301629 1.89852e-08
0.0302528 1.88998e-08
0.0303427 1.88297e-08
0.0304326 1.876e-08
0.0305225 1.867e-08
0.0306124 1.85703e-08
0.0307023 1.84528e-08
0.0307922 1.83348e-08
0.0308821 1.8227e-08
0.030972 1.81227e-08
0.0310619 1.79985e-08
0.0311518 1.78712e-08
0.0312417 1.7739e-08
0.0313316 1.76006e-08
0.0314215 1.7479e-08
0.0315114 1.73649e-08
0.0316013 1.72438e-08
0.0316912 1.71229e-08
0.0317811 1.70182e-08
0.0318711 1.69109e-08
0.031961 1.67951e-08
0.0320509 1.66748e-08
0.0321408 1.65524e-08
0.0322307 1.64316e-08
0.0323206 1.62925e-08
0.0324105 1.61378e-08
0.0325004 1.59836e-08
0.0325903 1.58509e-08
0.0326802 1.57034e-08
0.0327701 1.55808e-08
0.03286 1.54759e-08
0.0329499 1.53562e-08
0.0330398 1.52391e-08
0.0331297 1.51385e-08
0.0332196 1.50612e-08
0.0333095 1.49762e-08
0.0333994 1.49026e-08
0.0334893 1.47973e-08
0.0335792 1.46806e-08
0.0336691 1.45728e-08
0.033759 1.4461e-08
0.0338489 1.43642e-08
0.0339388 1.42687e-08
0.0340288 1.41791e-08
0.0341187 1.40965e-08
0.0342086 1.40454e-08
0.0342985 1.39946e-08
0.0343884 1.39635e-08
0.0344783 1.39284e-08
0.0345682 1.38784e-08
0.0346581 1.38088e-08
0.034748 1.37283e-08
0.0348379 1.36655e-08
0.0349278 1.35907e-08
0.0350177 1.3542e-08
0.0351076 1.35155e-08
0.0351975 1.34857e-08
0.0352874 1.34787e-08
0.0353773 1.34667e-08
0.0354672 1.34508e-08
0.0355571 1.34159e-08
0.035647 1.33785e-08
0.0357369 1.33113e-08
0.0358268 1.32611e-08
0.0359167 1.32199e-08
0.0360066 1.31793e-08
0.0360965 1.31692e-08
0.0361865 1.31871e-08
0.0362764 1.31706e-08
0.0363663 1.31674e-08
0.0364562 1.31426e-08
0.0365461 1.31322e-08
0.036636 1.31293e-08
0.0367259 1.31161e-08
0.0368158 1.31104e-08
0.0369057 1.31108e-08
0.0369956 1.31347e-08
0.0370855 1.3167e-08
0.0371754 1.32214e-08
0.0372653 1.32748e-08
0.0373552 1.32884e-08
0.0374451 1.33208e-08
0.037535 1.33657e-08
0.0376249 1.34433e-08
0.0377148 1.35489e-08
0.0378047 1.36711e-08
0.0378946 1.37993e-08
0.0379845 1.39339e-08
0.0380744 1.40802e-08
0.0381643 1.42165e-08
0.0382542 1.43512e-08
0.0383441 1.44749e-08
0.0384341 1.45917e-08
0.038524 1.47179e-08
0.0386139 1.48567e-08
0.0387038 1.50137e-08
0.0387937 1.5184e-08
0.0388836 1.53814e-08
0.0389735 1.55955e-08
0.0390634 1.57953e-08
0.0391533 1.60005e-08
0.0392432 1.61982e-08
0.0393331 1.6367e-08
0.039423 1.65578e-08
0.0395129 1.67343e-08
0.0396028 1.68793e-08
0.0396927 1.70363e-08
0.0397826 1.71899e-08
0.0398725 1.73083e-08
0.0399624 1.74305e-08
0.0400523 1.75538e-08
0.0401422 1.76927e-08
0.0402321 1.78219e-08
0.040322 1.79466e-08
0.0404119 1.80649e-08
0.0405018 1.82143e-08
0.0405918 1.83222e-08
0.0406817 1.84136e-08
0.0407716 1.85065e-08
0.0408615 1.85793e-08
0.0409514 1.86008e-08
0.0410413 1.86112e-08
0.0411312 1.86391e-08
0.0412211 1.8695e-08
0.041311 1.87285e-08
0.0414009 1.88133e-08
0.0414908 1.88843e-08
0.0415807 1.89324e-08
0.0416706 1.89649e-08
0.0417605 1.90078e-08
0.0418504 1.90749e-08
0.0419403 1.91244e-08
0.0420302 1.91653e-08
0.0421201 1.91862e-08
0.04221 1.9218e-08
0.0422999 1.92452e-08
0.0423898 1.93028e-08
0.0424797 1.93885e-08
0.0425696 1.9422e-08
0.0426595 1.94332e-08
0.0427495 1.94277e-08
0.0428394 1.94516e-08
0.0429293 1.94929e-08
0.0430192 1.95369e-08
0.0431091 1.95758e-08
0.043199 1.96171e-08
0.0432889 1.96591e-08
0.0433788 1.96792e-08
0.0434687 1.97199e-08
0.0435586 1.97338e-08
0.0436485 1.97288e-08
0.0437384 1.97276e-08
0.0438283 1.97222e-08
0.0439182 1.97279e-08
0.0440081 1.97678e-08
0.044098 1.98061e-08
0.0441879 1.98702e-08
0.0442778 1.99499e-08
0.0443677 2.00187e-08
0.0444576 2.00608e-08
0.0445475 2.00807e-08
0.0446374 2.01084e-08
0.0447273 2.01357e-08
0.0448172 2.01639e-08
0.0449072 2.0223e-08
0.0449971 2.02893e-08
0.045087 2.03536e-08
0.0451769 2.04243e-08
0.0452668 2.04973e-08
0.0453567 2.05604e-08
0.0454466 2.0638e-08
0.0455365 2.07018e-08
0.0456264 2.07257e-08
0.0457163 2.07903e-08
0.0458062 2.08447e-08
0.0458961 2.09214e-08
0.045986 2.09963e-08
0.0460759 2.10486e-08
0.0461658 2.10614e-08
0.0462557 2.10548e-08
0.0463456 2.10339e-08
0.0464355 2.09921e-08
0.0465254 2.09611e-08
0.0466153 2.0913e-08
0.0467052 2.08601e-08
0.0467951 2.07817e-08
0.046885 2.07047e-08
0.0469749 2.06238e-08
0.0470649 2.05233e-08
0.0471548 2.04155e-08
0.0472447 2.02865e-08
0.0473346 2.01714e-08
0.0474245 2.00467e-08
0.0475144 1.99318e-08
0.0476043 1.9789e-08
0.0476942 1.97028e-08
0.0477841 1.9607e-08
0.047874 1.94769e-08
0.0479639 1.93655e-08
0.0480538 1.92443e-08
0.0481437 1.91492e-08
0.0482336 1.90826e-08
0.0483235 1.90898e-08
0.0484134 1.91231e-08
0.0485033 1.91687e-08
0.0485932 1.92123e-08
0.0486831 1.92715e-08
0.048773 1.93267e-08
0.0488629 1.93683e-08
0.0489528 1.94034e-08
0.0490427 1.94488e-08
0.0491326 1.94984e-08
0.0492226 1.95628e-08
0.0493125 1.96481e-08
0.0494024 1.97484e-08
0.0494923 1.98693e-08
0.0495822 2.00008e-08
0.0496721 2.0145e-08
0.049762 2.02739e-08
0.0498519 2.03742e-08
0.0499418 2.05056e-08
0.0500317 2.0621e-08
0.0501216 2.07529e-08
0.0502115 2.08782e-08
0.0503014 2.10154e-08
0.0503913 2.11426e-08
0.0504812 2.12593e-08
0.0505711 2.13837e-08
0.050661 2.15118e-08
0.0507509 2.16471e-08
0.0508408 2.17629e-08
0.0509307 2.18897e-08
0.0510206 2.20307e-08
0.0511105 2.21719e-08
0.0512004 2.23228e-08
0.0512903 2.24802e-08
0.0513803 2.26193e-08
0.0514702 2.27319e-08
0.0515601 2.2843e-08
0.05165 2.29697e-08
0.0517399 2.31032e-08
0.0518298 2.32552e-08
0.0519197 2.34063e-08
0.0520096 2.35402e-08
0.0520995 2.36653e-08
0.0521894 2.38082e-08
0.0522793 2.3954e-08
0.0523692 2.40938e-08
0.0524591 2.42045e-08
0.052549 2.43364e-08
0.0526389 2.4458e-08
0.0527288 2.45796e-08
0.0528187 2.46903e-08
0.0529086 2.48172e-08
0.0529985 2.49571e-08
0.0530884 2.50994e-08
0.0531783 2.52302e-08
0.0532682 2.53572e-08
0.0533581 2.54805e-08
0.053448 2.5602e-08
0.053538 2.57371e-08
0.0536279 2.58782e-08
0.0537178 2.60236e-08
0.0538077 2.61548e-08
0.0538976 2.62733e-08
0.0539875 2.63838e-08
0.0540774 2.652e-08
0.0541673 2.66768e-08
0.0542572 2.68128e-08
0.0543471 2.69444e-08
0.054437 2.70721e-08
0.0545269 2.72322e-08
0.0546168 2.73973e-08
0.0547067 2.75509e-08
0.0547966 2.77195e-08
0.0548865 2.78988e-08
0.0549764 2.80673e-08
0.0550663 2.81935e-08
0.0551562 2.83158e-08
0.0552461 2.8445e-08
0.055336 2.85774e-08
0.0554259 2.87059e-08
0.0555158 2.88377e-08
0.0556057 2.89572e-08
0.0556956 2.90573e-08
0.0557856 2.91501e-08
0.0558755 2.92507e-08
0.0559654 2.93483e-08
0.0560553 2.94361e-08
0.0561452 2.94862e-08
0.0562351 2.9524e-08
0.056325 2.95809e-08
0.0564149 2.9644e-08
0.0565048 2.97049e-08
0.0565947 2.97444e-08
0.0566846 2.97637e-08
0.0567745 2.97557e-08
0.0568644 2.97588e-08
0.0569543 2.97696e-08
0.0570442 2.97687e-08
0.0571341 2.9782e-08
0.057224 2.97843e-08
0.0573139 2.97805e-08
0.0574038 2.98155e-08
0.0574937 2.98298e-08
0.0575836 2.98411e-08
0.0576735 2.98392e-08
0.0577634 2.98461e-08
0.0578533 2.98782e-08
0.0579433 2.99074e-08
0.0580332 2.99493e-08
0.0581231 2.99905e-08
0.058213 3.00628e-08
0.0583029 3.01609e-08
0.0583928 3.02785e-08
0.0584827 3.03887e-08
0.0585726 3.04939e-08
0.0586625 3.06036e-08
0.0587524 3.07292e-08
0.0588423 3.08351e-08
0.0589322 3.09343e-08
0.0590221 3.10226e-08
0.059112 3.11099e-08
0.0592019 3.12013e-08
0.0592918 3.12678e-08
0.0593817 3.13591e-08
0.0594716 3.14311e-08
0.0595615 3.15029e-08
0.0596514 3.16161e-08
0.0597413 3.17042e-08
0.0598312 3.18103e-08
0.0599211 3.18895e-08
0.060011 3.19694e-08
0.060101 3.20438e-08
0.0601909 3.21363e-08
0.0602808 3.22135e-08
0.0603707 3.22335e-08
0.0604606 3.22188e-08
0.0605505 3.2215e-08
0.0606404 3.21873e-08
0.0607303 3.21474e-08
0.0608202 3.20497e-08
0.0609101 3.19419e-08
0.061 3.18748e-08
0.0610899 3.17665e-08
0.0611798 3.16859e-08
0.0612697 3.15913e-08
0.0613596 3.15282e-08
0.0614495 3.14564e-08
0.0615394 3.13564e-08
0.0616293 3.12891e-08
0.0617192 3.12142e-08
0.0618091 3.11472e-08
0.061899 3.10355e-08
0.0619889 3.09159e-08
0.0620788 3.07879e-08
0.0621687 3.06336e-08
0.0622587 3.04641e-08
0.0623486 3.02781e-08
0.0624385 3.01512e-08
0.0625284 3.00412e-08
0.0626183 2.99443e-08
0.0627082 2.98845e-08
0.0627981 2.98281e-08
0.062888 2.97694e-08
0.0629779 2.97552e-08
0.0630678 2.96854e-08
0.0631577 2.95861e-08
0.0632476 2.94596e-08
0.0633375 2.92938e-08
0.0634274 2.90675e-08
0.0635173 2.87794e-08
0.0636072 2.84809e-08
0.0636971 2.81736e-08
0.063787 2.78257e-08
0.0638769 2.74063e-08
0.0639668 2.69692e-08
0.0640567 2.6529e-08
0.0641466 2.60908e-08
0.0642365 2.56701e-08
0.0643264 2.52783e-08
0.0644164 2.48743e-08
0.0645063 2.44317e-08
0.0645962 2.40268e-08
0.0646861 2.35759e-08
0.064776 2.30973e-08
0.0648659 2.26381e-08
0.0649558 2.21955e-08
0.0650457 2.16973e-08
0.0651356 2.12759e-08
0.0652255 2.09248e-08
0.0653154 2.06132e-08
0.0654053 2.03013e-08
0.0654952 1.99644e-08
0.0655851 1.96861e-08
0.065675 1.94722e-08
0.0657649 1.92865e-08
0.0658548 1.9085e-08
0.0659447 1.89206e-08
0.0660346 1.88045e-08
0.0661245 1.87298e-08
0.0662144 1.8648e-08
0.0663043 1.85303e-08
0.0663942 1.83991e-08
0.0664841 1.82521e-08
0.0665741 1.81156e-08
0.066664 1.79897e-08
0.0667539 1.78323e-08
0.0668438 1.76858e-08
0.0669337 1.75535e-08
0.0670236 1.74689e-08
0.0671135 1.74344e-08
0.0672034 1.74267e-08
0.0672933 1.73668e-08
0.0673832 1.73145e-08
0.0674731 1.72903e-08
0.067563 1.73257e-08
0.0676529 1.72886e-08
0.0677428 1.72199e-08
0.0678327 1.71306e-08
0.0679226 1.70746e-08
0.0680125 1.70194e-08
0.0681024 1.69941e-08
0.0681923 1.69269e-08
0.0682822 1.68686e-08
0.0683721 1.68542e-08
0.068462 1.68331e-08
0.0685519 1.67506e-08
0.0686418 1.67018e-08
0.0687318 1.66593e-08
0.0688217 1.65933e-08
0.0689116 1.65727e-08
0.0690015 1.6569e-08
0.0690914 1.6553e-08
0.0691813 1.656e-08
0.0692712 1.65656e-08
0.0693611 1.65892e-08
0.069451 1.66283e-08
0.0695409 1.67138e-08
0.0696308 1.67923e-08
0.0697207 1.68838e-08
0.0698106 1.70162e-08
0.0699005 1.71767e-08
0.0699904 1.73395e-08
0.0700803 1.75285e-08
0.0701702 1.7704e-08
0.0702601 1.78905e-08
0.07035 1.81592e-08
0.0704399 1.8363e-08
0.0705298 1.85907e-08
0.0706197 1.88194e-08
0.0707096 1.90803e-08
0.0707995 1.93101e-08
0.0708895 1.95218e-08
0.0709794 1.96362e-08
0.0710693 1.97833e-08
0.0711592 1.9953e-08
0.0712491 2.01612e-08
0.071339 2.034e-08
0.0714289 2.04911e-08
0.0715188 2.06726e-08
0.0716087 2.08167e-08
0.0716986 2.08862e-08
0.0717885 2.101e-08
0.0718784 2.10983e-08
0.0719683 2.12123e-08
0.0720582 2.13082e-08
0.0721481 2.13762e-08
0.072238 2.14206e-08
0.0723279 2.14396e-08
0.0724178 2.13155e-08
0.0725077 2.12314e-08
0.0725976 2.11553e-08
0.0726875 2.10248e-08
0.0727774 2.09052e-08
0.0728673 2.0833e-08
0.0729572 2.08194e-08
0.0730472 2.08671e-08
0.0731371 2.09206e-08
0.073227 2.0981e-08
0.0733169 2.10072e-08
0.0734068 2.10299e-08
0.0734967 2.11414e-08
0.0735866 2.11518e-08
0.0736765 2.11418e-08
0.0737664 2.11231e-08
0.0738563 2.10628e-08
0.0739462 2.10421e-08
0.0740361 2.09761e-08
0.074126 2.08819e-08
0.0742159 2.07631e-08
0.0743058 2.06587e-08
0.0743957 2.05524e-08
0.0744856 2.04719e-08
0.0745755 2.04054e-08
0.0746654 2.03782e-08
0.0747553 2.03952e-08
0.0748452 2.03693e-08
0.0749351 2.03023e-08
0.075025 2.01882e-08
0.0751149 2.00691e-08
0.0752048 1.98852e-08
0.0752948 1.97774e-08
0.0753847 1.95488e-08
0.0754746 1.9286e-08
0.0755645 1.8872e-08
0.0756544 1.85387e-08
0.0757443 1.82976e-08
0.0758342 1.80468e-08
0.0759241 1.78073e-08
0.076014 1.75297e-08
0.0761039 1.73316e-08
0.0761938 1.71842e-08
0.0762837 1.71053e-08
0.0763736 1.69942e-08
0.0764635 1.69336e-08
0.0765534 1.68738e-08
0.0766433 1.68459e-08
0.0767332 1.67241e-08
0.0768231 1.65781e-08
0.076913 1.64576e-08
0.0770029 1.6362e-08
0.0770928 1.62405e-08
0.0771827 1.61147e-08
0.0772726 1.59711e-08
0.0773625 1.58076e-08
0.0774525 1.55874e-08
0.0775424 1.53476e-08
0.0776323 1.5153e-08
0.0777222 1.49956e-08
0.0778121 1.49372e-08
0.077902 1.48434e-08
0.0779919 1.48359e-08
0.0780818 1.48068e-08
0.0781717 1.46294e-08
0.0782616 1.44239e-08
0.0783515 1.42576e-08
0.0784414 1.41674e-08
0.0785313 1.4143e-08
0.0786212 1.41271e-08
0.0787111 1.40454e-08
0.078801 1.39678e-08
0.0788909 1.38822e-08
0.0789808 1.37414e-08
0.0790707 1.36246e-08
0.0791606 1.35476e-08
0.0792505 1.35995e-08
0.0793404 1.36857e-08
0.0794303 1.38455e-08
0.0795202 1.40155e-08
0.0796102 1.41648e-08
0.0797001 1.43312e-08
0.07979 1.45602e-08
0.0798799 1.46682e-08
0.0799698 1.47892e-08
0.0800597 1.48746e-08
0.0801496 1.49153e-08
0.0802395 1.50134e-08
0.0803294 1.51302e-08
0.0804193 1.5115e-08
0.0805092 1.49997e-08
0.0805991 1.48457e-08
0.080689 1.4686e-08
0.0807789 1.45522e-08
0.0808688 1.44651e-08
0.0809587 1.42837e-08
0.0810486 1.4141e-08
0.0811385 1.39614e-08
0.0812284 1.39461e-08
0.0813183 1.37737e-08
0.0814082 1.36026e-08
0.0814981 1.34075e-08
0.081588 1.32368e-08
0.0816779 1.30073e-08
0.0817679 1.2804e-08
0.0818578 1.24995e-08
0.0819477 1.22685e-08
0.0820376 1.20968e-08
0.0821275 1.19013e-08
0.0822174 1.17412e-08
0.0823073 1.16101e-08
0.0823972 1.14939e-08
0.0824871 1.14573e-08
0.082577 1.14766e-08
0.0826669 1.15109e-08
0.0827568 1.15865e-08
0.0828467 1.16986e-08
0.0829366 1.18124e-08
0.0830265 1.18431e-08
0.0831164 1.18642e-08
0.0832063 1.19231e-08
0.0832962 1.19362e-08
0.0833861 1.1962e-08
0.083476 1.20573e-08
0.0835659 1.20702e-08
0.0836558 1.20724e-08
0.0837457 1.20998e-08
0.0838356 1.21412e-08
0.0839256 1.21397e-08
0.0840155 1.22687e-08
0.0841054 1.24699e-08
0.0841953 1.26517e-08
0.0842852 1.28452e-08
0.0843751 1.30503e-08
0.084465 1.3188e-08
0.0845549 1.32678e-08
0.0846448 1.34719e-08
0.0847347 1.36288e-08
0.0848246 1.37585e-08
0.0849145 1.38745e-08
0.0850044 1.39127e-08
0.0850943 1.37729e-08
0.0851842 1.36258e-08
0.0852741 1.35087e-08
0.085364 1.34472e-08
0.0854539 1.33187e-08
0.0855438 1.32982e-08
0.0856337 1.33347e-08
0.0857236 1.33597e-08
0.0858135 1.33855e-08
0.0859034 1.35075e-08
0.0859933 1.36217e-08
0.0860833 1.38493e-08
0.0861732 1.41015e-08
0.0862631 1.43027e-08
0.086353 1.44418e-08
0.0864429 1.46003e-08
0.0865328 1.47689e-08
0.0866227 1.49726e-08
0.0867126 1.50693e-08
0.0868025 1.51344e-08
0.0868924 1.51931e-08
0.0869823 1.52355e-08
0.0870722 1.53528e-08
0.0871621 1.55552e-08
0.087252 1.58451e-08
0.0873419 1.61663e-08
0.0874318 1.64328e-08
0.0875217 1.6746e-08
0.0876116 1.6984e-08
0.0877015 1.71216e-08
0.0877914 1.73249e-08
0.0878813 1.75278e-08
0.0879712 1.76749e-08
0.0880611 1.78746e-08
0.088151 1.80069e-08
0.088241 1.80182e-08
0.0883309 1.79751e-08
0.0884208 1.80356e-08
0.0885107 1.80877e-08
0.0886006 1.80633e-08
0.0886905 1.81354e-08
0.0887804 1.81896e-08
0.0888703 1.82934e-08
0.0889602 1.83426e-08
0.0890501 1.83739e-08
0.08914 1.83147e-08
0.0892299 1.82898e-08
0.0893198 1.82511e-08
0.0894097 1.82189e-08
0.0894996 1.82236e-08
0.0895895 1.82531e-08
0.0896794 1.82799e-08
0.0897693 1.82383e-08
0.0898592 1.81573e-08
0.0899491 1.81061e-08
0.090039 1.81075e-08
0.0901289 1.81071e-08
0.0902188 1.81792e-08
0.0903087 1.8344e-08
0.0903987 1.86335e-08
0.0904886 1.87993e-08
0.0905785 1.89576e-08
0.0906684 1.91358e-08
0.0907583 1.92925e-08
0.0908482 1.93915e-08
0.0909381 1.96067e-08
0.091028 1.97905e-08
0.0911179 1.99975e-08
0.0912078 2.01601e-08
0.0912977 2.01711e-08
0.0913876 2.00637e-08
0.0914775 1.98342e-08
0.0915674 1.9589e-08
0.0916573 1.93058e-08
0.0917472 1.89557e-08
0.0918371 1.87567e-08
0.091927 1.8739e-08
0.0920169 1.85493e-08
0.0921068 1.84071e-08
0.0921967 1.819e-08
0.0922866 1.80811e-08
0.0923765 1.80393e-08
0.0924664 1.81735e-08
0.0925564 1.83832e-08
0.0926463 1.86081e-08
0.0927362 1.88208e-08
0.0928261 1.89854e-08
0.092916 1.91384e-08
0.0930059 1.94105e-08
0.0930958 1.96088e-08
0.0931857 1.98115e-08
0.0932756 2.0006e-08
0.0933655 2.01893e-08
0.0934554 2.0315e-08
0.0935453 2.05063e-08
0.0936352 2.07252e-08
0.0937251 2.07412e-08
0.093815 2.08152e-08
0.0939049 2.09536e-08
0.0939948 2.07625e-08
0.0940847 2.05041e-08
0.0941746 2.02279e-08
0.0942645 1.96908e-08
0.0943544 1.90449e-08
0.0944443 1.83323e-08
0.0945342 1.74165e-08
0.0946241 1.62781e-08
0.094714 1.53447e-08
0.094804 1.46251e-08
0.0948939 1.38905e-08
0.0949838 1.3315e-08
0.0950737 1.28139e-08
0.0951636 1.23209e-08
0.0952535 1.20036e-08
0.0953434 1.19676e-08
0.0954333 1.19998e-08
0.0955232 1.20884e-08
0.0956131 1.23448e-08
0.095703 1.26588e-08
0.0957929 1.29472e-08
0.0958828 1.31585e-08
0.0959727 1.32952e-08
0.0960626 1.31705e-08
0.0961525 1.31003e-08
0.0962424 1.32913e-08
0.0963323 1.33673e-08
0.0964222 1.3404e-08
0.0965121 1.33914e-08
0.096602 1.32956e-08
0.0966919 1.30743e-08
0.0967818 1.27289e-08
0.0968717 1.23215e-08
0.0969617 1.20145e-08
0.0970516 1.176e-08
0.0971415 1.17993e-08
0.0972314 1.15587e-08
0.0973213 1.11117e-08
0.0974112 1.08834e-08
0.0975011 1.06165e-08
0.097591 1.04271e-08
0.0976809 1.03759e-08
0.0977708 1.04637e-08
0.0978607 1.06219e-08
0.0979506 1.07905e-08
0.0980405 1.09686e-08
0.0981304 1.11076e-08
0.0982203 1.11987e-08
0.0983102 1.15473e-08
0.0984001 1.19022e-08
0.09849 1.21015e-08
0.0985799 1.22419e-08
0.0986698 1.23967e-08
0.0987597 1.26979e-08
0.0988496 1.27987e-08
0.0989395 1.29516e-08
0.0990294 1.3196e-08
0.0991194 1.33969e-08
0.0992093 1.3481e-08
0.0992992 1.35578e-08
0.0993891 1.34856e-08
0.099479 1.34498e-08
0.0995689 1.3568e-08
0.0996588 1.37766e-08
0.0997487 1.36759e-08
0.0998386 1.35719e-08
0.0999285 1.35913e-08
0.100018 1.36832e-08
0.100108 1.35687e-08
0.100198 1.32937e-08
0.100288 1.33878e-08
0.100378 1.32891e-08
0.100468 1.32175e-08
0.100558 1.29821e-08
0.100648 1.25286e-08
0.100738 1.21544e-08
0.100828 1.18473e-08
0.100917 1.13897e-08
0.101007 1.09296e-08
0.101097 1.04422e-08
0.101187 1.02274e-08
0.101277 9.67393e-09
0.101367 9.00002e-09
0.101457 8.48124e-09
0.101547 7.99096e-09
0.101637 7.77866e-09
0.101727 7.70497e-09
0.101816 7.68481e-09
0.101906 7.47592e-09
0.101996 7.34293e-09
0.102086 7.0163e-09
0.102176 6.47716e-09
0.102266 5.93376e-09
0.102356 5.8935e-09
0.102446 5.78393e-09
0.102536 5.70097e-09
0.102626 5.49538e-09
0.102716 5.05427e-09
0.102805 4.81991e-09
0.102895 4.63477e-09
0.102985 4.65515e-09
0.103075 4.87457e-09
0.103165 5.18491e-09
0.103255 5.68766e-09
0.103345 6.34124e-09
0.103435 6.77792e-09
0.103525 7.26522e-09
0.103615 7.83208e-09
0.103704 8.22895e-09
0.103794 8.77757e-09
0.103884 9.12558e-09
0.103974 9.60738e-09
0.104064 9.73449e-09
0.104154 9.9343e-09
0.104244 9.97267e-09
0.104334 9.86252e-09
0.104424 9.79463e-09
0.104514 9.66309e-09
0.104604 9.19463e-09
0.104693 8.74125e-09
0.104783 8.44892e-09
0.104873 8.05717e-09
0.104963 7.56164e-09
0.105053 6.95477e-09
0.105143 6.6531e-09
0.105233 6.24786e-09
0.105323 6.12491e-09
0.105413 5.98979e-09
0.105503 5.88004e-09
0.105592 5.83407e-09
0.105682 6.00836e-09
0.105772 6.30264e-09
0.105862 6.69917e-09
0.105952 7.12365e-09
0.106042 7.75368e-09
0.106132 8.47007e-09
0.106222 9.09685e-09
0.106312 9.67872e-09
0.106402 1.01184e-08
0.106491 1.03682e-08
0.106581 1.02873e-08
0.106671 1.02686e-08
0.106761 1.02727e-08
0.106851 1.00211e-08
0.106941 9.83988e-09
0.107031 9.62415e-09
0.107121 9.19115e-09
0.107211 8.77452e-09
0.107301 8.18258e-09
0.107391 7.85307e-09
0.10748 7.61834e-09
0.10757 7.57304e-09
0.10766 7.77749e-09
0.10775 8.07443e-09
0.10784 8.16245e-09
0.10793 8.36087e-09
0.10802 8.2643e-09
0.10811 8.50056e-09
0.1082 9.09369e-09
0.10829 9.75093e-09
0.108379 1.0328e-08
0.108469 1.06953e-08
0.108559 1.10401e-08
0.108649 1.13872e-08
0.108739 1.15728e-08
0.108829 1.17883e-08
0.108919 1.20821e-08
0.109009 1.2301e-08
0.109099 1.23896e-08
0.109189 1.20977e-08
0.109279 1.12923e-08
0.109368 1.04057e-08
0.109458 9.95464e-09
0.109548 9.63532e-09
0.109638 9.24112e-09
0.109728 9.21406e-09
0.109818 9.3319e-09
0.109908 9.24572e-09
0.109998 9.39169e-09
0.110088 9.64399e-09
0.110178 9.93937e-09
0.110267 1.04356e-08
0.110357 1.12527e-08
0.110447 1.20076e-08
0.110537 1.23417e-08
0.110627 1.25804e-08
0.110717 1.26289e-08
0.110807 1.27178e-08
0.110897 1.30214e-08
0.110987 1.35741e-08
0.111077 1.37465e-08
0.111167 1.39755e-08
0.111256 1.45445e-08
0.111346 1.52363e-08
0.111436 1.51702e-08
0.111526 1.49284e-08
0.111616 1.40998e-08
0.111706 1.41439e-08
0.111796 1.37028e-08
0.111886 1.30347e-08
0.111976 1.20311e-08
0.112066 1.10751e-08
0.112155 9.91586e-09
0.112245 9.72388e-09
0.112335 9.09585e-09
0.112425 8.53359e-09
0.112515 8.59268e-09
0.112605 9.15709e-09
0.112695 9.53438e-09
0.112785 9.89056e-09
0.112875 1.04574e-08
0.112965 1.12337e-08
0.113054 1.23872e-08
0.113144 1.34025e-08
0.113234 1.45947e-08
0.113324 1.52508e-08
0.113414 1.64981e-08
0.113504 1.75755e-08
0.113594 1.84454e-08
0.113684 1.92575e-08
0.113774 1.99392e-08
0.113864 2.06741e-08
0.113954 2.10012e-08
0.114043 2.08414e-08
0.114133 2.06765e-08
0.114223 2.06658e-08
0.114313 2.02674e-08
0.114403 1.91703e-08
0.114493 1.73177e-08
0.114583 1.52272e-08
0.114673 1.25443e-08
0.114763 1.00996e-08
0.114853 7.97925e-09
0.114942 6.23598e-09
0.115032 5.18484e-09
0.115122 5.39837e-09
0.115212 5.12089e-09
0.115302 6.1463e-09
0.115392 8.11232e-09
0.115482 1.09681e-08
0.115572 1.50989e-08
0.115662 1.72694e-08
0.115752 1.96334e-08
0.115842 2.0937e-08
0.115931 2.21559e-08
0.116021 2.10572e-08
0.116111 1.86485e-08
0.116201 1.53232e-08
0.116291 1.19993e-08
0.116381 8.06459e-09
0.116471 4.84593e-09
0.116561 1.21883e-09
0.116651 -1.511e-09
0.116741 -3.05747e-09
0.11683 -4.07572e-09
0.11692 -4.82807e-09
0.11701 -5.57539e-09
0.1171 -5.35442e-09
0.11719 -4.8902e-09
0.11728 -3.81381e-09
0.11737 -2.79962e-09
0.11746 -9.20501e-10
0.11755 6.61092e-10
0.11764 3.66068e-09
0.11773 5.87376e-09
0.117819 7.408e-09
0.117909 8.78201e-09
0.117999 1.04512e-08
0.118089 1.16584e-08
0.118179 1.19027e-08
0.118269 1.12404e-08
0.118359 1.03479e-08
0.118449 9.38244e-09
0.118539 8.42324e-09
0.118629 7.17114e-09
0.118718 4.14196e-09
0.118808 2.30539e-09
0.118898 5.05285e-10
0.118988 -1.32172e-09
0.119078 -3.17084e-09
0.119168 -4.09883e-09
0.119258 -4.1827e-09
0.119348 -3.40754e-09
0.119438 -2.85132e-09
0.119528 -1.9955e-09
0.119617 -1.86904e-09
0.119707 -1.25343e-09
0.119797 -5.8602e-10
0.119887 -5.88626e-10
0.119977 -8.90435e-11
0.120067 4.62216e-10
0.120157 1.32409e-09
0.120247 1.74715e-09
0.120337 1.57478e-09
0.120427 1.6145e-09
0.120517 1.99448e-09
0.120606 2.027e-09
0.120696 1.98274e-09
0.120786 1.68193e-09
0.120876 1.88676e-09
0.120966 2.08391e-09
0.121056 1.98363e-09
0.121146 1.74097e-09
0.121236 1.68961e-09
0.121326 2.03568e-09
0.121416 2.72272e-09
0.121505 3.23417e-09
0.121595 3.52109e-09
0.121685 3.89181e-09
0.121775 4.35397e-09
0.121865 5.25346e-09
0.121955 5.49273e-09
0.122045 5.64523e-09
0.122135 6.15824e-09
0.122225 6.53347e-09
0.122315 6.73763e-09
0.122405 6.91323e-09
0.122494 6.40348e-09
0.122584 5.90461e-09
0.122674 5.74406e-09
0.122764 5.54953e-09
0.122854 4.93429e-09
0.122944 4.40043e-09
0.123034 4.35256e-09
0.123124 4.29639e-09
0.123214 3.93529e-09
0.123304 3.25336e-09
0.123393 2.85546e-09
0.123483 3.29e-09
0.123573 4.47967e-09
0.123663 5.12558e-09
0.123753 5.50487e-09
0.123843 6.04322e-09
0.123933 7.11964e-09
0.124023 7.71389e-09
0.124113 8.29133e-09
0.124203 8.67084e-09
0.124293 9.36601e-09
0.124382 9.48087e-09
0.124472 9.6501e-09
0.124562 9.23326e-09
0.124652 8.81757e-09
0.124742 8.88771e-09
0.124832 8.92116e-09
0.124922 9.00406e-09
0.125012 9.01347e-09
0.125102 9.29507e-09
0.125192 9.53009e-09
0.125281 9.21124e-09
0.125371 8.25153e-09
0.125461 7.53748e-09
0.125551 7.64991e-09
0.125641 8.71464e-09
0.125731 9.1496e-09
0.125821 9.47516e-09
0.125911 9.66951e-09
0.126001 9.59096e-09
0.126091 9.12485e-09
0.126181 7.86853e-09
0.12627 7.63235e-09
0.12636 8.19992e-09
0.12645 8.55594e-09
0.12654 8.83676e-09
0.12663 8.68896e-09
0.12672 8.28124e-09
0.12681 8.14126e-09
0.1269 7.70641e-09
0.12699 7.69855e-09
0.12708 7.34506e-09
0.127169 7.49208e-09
0.127259 7.92691e-09
0.127349 8.23116e-09
0.127439 8.44619e-09
0.127529 8.40709e-09
0.127619 8.41791e-09
0.127709 9.57478e-09
0.127799 1.10518e-08
0.127889 1.2988e-08
0.127979 1.50909e-08
0.128068 1.76183e-08
0.128158 1.90308e-08
0.128248 1.98991e-08
0.128338 1.99307e-08
0.128428 1.9954e-08
0.128518 2.00794e-08
0.128608 2.04862e-08
0.128698 2.09458e-08
0.128788 2.05037e-08
0.128878 1.92906e-08
0.128968 1.79034e-08
0.129057 1.67226e-08
0.129147 1.56813e-08
0.129237 1.39793e-08
0.129327 1.35884e-08
0.129417 1.44713e-08
0.129507 1.55508e-08
0.129597 1.71231e-08
0.129687 1.76388e-08
0.129777 1.76363e-08
0.129867 1.89898e-08
0.129956 2.05466e-08
0.130046 2.18855e-08
0.130136 2.35215e-08
0.130226 2.46959e-08
0.130316 2.42412e-08
0.130406 2.29044e-08
0.130496 2.12753e-08
0.130586 1.9121e-08
0.130676 1.66704e-08
0.130766 1.5416e-08
0.130856 1.42681e-08
0.130945 1.30556e-08
0.131035 1.21613e-08
0.131125 1.08232e-08
0.131215 9.45274e-09
0.131305 7.72254e-09
0.131395 6.62668e-09
0.131485 5.89282e-09
0.131575 5.52352e-09
0.131665 5.62758e-09
0.131755 5.72526e-09
0.131844 5.57864e-09
0.131934 5.90689e-09
0.132024 5.06954e-09
0.132114 3.88693e-09
0.132204 4.16847e-09
0.132294 9.74463e-09
0.132384 2.06999e-08
0.132474 2.8243e-08
0.132564 3.40548e-08
0.132654 3.56992e-08
0.132744 3.32068e-08
0.132833 3.25599e-08
0.132923 3.24544e-08
0.133013 2.80705e-08
0.133103 2.31246e-08
0.133193 1.76024e-08
0.133283 1.51493e-08
0.133373 1.23536e-08
0.133463 9.4593e-09
0.133553 7.97116e-09
0.133643 6.40925e-09
0.133732 5.13905e-09
0.133822 4.08654e-09
0.133912 4.19424e-09
0.134002 4.07149e-09
0.134092 3.86453e-09
0.134182 3.38419e-09
0.134272 3.26031e-09
0.134362 2.56587e-09
0.134452 3.67843e-09
0.134542 4.86809e-09
0.134631 6.73034e-09
0.134721 7.6045e-09
0.134811 9.16689e-09
