-0.134811  -4.23554e-08
-0.133456  -3.91392e-08
-0.132101  -3.97228e-08
-0.130746  -3.42954e-08
-0.129391  -3.27909e-08
-0.128037  -2.71753e-08
-0.126682  -2.54838e-08
-0.125327  -2.34723e-08
-0.123972  -2.16911e-08
-0.122617  -2.38089e-08
-0.121262  -2.30646e-08
-0.119907  -2.32278e-08
-0.118552  -2.35926e-08
-0.117198  -2.09216e-08
-0.115843  -1.79775e-08
-0.114488  -1.66269e-08
-0.113133  -1.57074e-08
-0.111778  -1.4042e-08
-0.110423  -1.58192e-08
-0.109068  -1.5365e-08
-0.107713  -1.52899e-08
-0.106358  -1.54341e-08
-0.105004  -1.54807e-08
-0.103649  -1.57263e-08
-0.102294  -1.55628e-08
-0.100939  -1.64723e-08
-0.099584  -1.59245e-08
-0.0982291  -1.57093e-08
-0.0968742  -1.569e-08
-0.0955194  -1.59014e-08
-0.0941645  -1.60593e-08
-0.0928096  -1.58505e-08
-0.0914547  -1.5296e-08
-0.0900998  -1.52648e-08
-0.0887449  -1.49107e-08
-0.08739  -1.49689e-08
-0.0860352  -1.43635e-08
-0.0846803  -1.24723e-08
-0.0833254  -1.19371e-08
-0.0819705  -1.0743e-08
-0.0806156  -1.03765e-08
-0.0792607  -9.68521e-09
-0.0779059  -8.44924e-09
-0.076551  -7.21111e-09
-0.0751961  -6.2761e-09
-0.0738412  -5.42575e-09
-0.0724863  -4.75642e-09
-0.0711314  -4.35979e-09
-0.0697765  -3.62751e-09
-0.0684217  -2.85094e-09
-0.0670668  -2.06453e-09
-0.0657119  -1.2986e-09
-0.064357  -8.44264e-10
-0.0630021  -6.1894e-10
-0.0616472  -4.69633e-10
-0.0602924  -3.9616e-10
-0.0589375  -5.78836e-10
-0.0575826  -7.27011e-10
-0.0562277  -8.37499e-10
-0.0548728  -8.11453e-10
-0.0535179  -8.83361e-10
-0.0521631  -8.8447e-10
-0.0508082  -8.88308e-10
-0.0494533  -8.19131e-10
-0.0480984  -7.80769e-10
-0.0467435  -6.63926e-10
-0.0453886  -5.63735e-10
-0.0440337  -4.578e-10
-0.0426789  -3.48038e-10
-0.041324  -1.89135e-10
-0.0399691  1.51743e-10
-0.0386142  6.38653e-10
-0.0372593  1.08591e-09
-0.0359044  1.19312e-09
-0.0345496  1.14457e-09
-0.0331947  9.20399e-10
-0.0318398  5.75666e-10
-0.0304849  2.54762e-10
-0.02913  5.32759e-11
-0.0277751  -3.26797e-11
-0.0264202  -1.05432e-10
-0.0250654  -2.58743e-10
-0.0237105  -3.98746e-10
-0.0223556  -6.47133e-10
-0.0210007  -9.99205e-10
-0.0196458  -1.39558e-09
-0.0182909  -1.74906e-09
-0.0169361  -2.01798e-09
-0.0155812  -2.22725e-09
-0.0142263  -2.47909e-09
-0.0128714  -2.64425e-09
-0.0115165  -2.69457e-09
-0.0101616  -2.5307e-09
-0.00880675  -2.15945e-09
-0.00745186  -1.72202e-09
-0.00609698  -1.28468e-09
-0.0047421  -8.53548e-10
-0.00338721  -4.82621e-10
-0.00203233  -1.89704e-10
-0.000677442  -1.87095e-11
0.000677442  -2.47165e-11
0.00203233  -1.52391e-10
0.00338721  -4.17054e-10
0.0047421  -7.74063e-10
0.00609698  -1.15655e-09
0.00745186  -1.50613e-09
0.00880675  -1.79932e-09
0.0101616  -2.07921e-09
0.0115165  -2.41844e-09
0.0128714  -2.84377e-09
0.0142263  -3.45988e-09
0.0155812  -4.33612e-09
0.0169361  -5.31985e-09
0.0182909  -6.27184e-09
0.0196458  -7.1114e-09
0.0210007  -7.69139e-09
0.0223556  -8.11458e-09
0.0237105  -8.58875e-09
0.0250654  -9.14087e-09
0.0264202  -9.7188e-09
0.0277751  -1.02577e-08
0.02913  -1.06458e-08
0.0304849  -1.08951e-08
0.0318398  -1.11224e-08
0.0331947  -1.12785e-08
0.0345496  -1.14761e-08
0.0359044  -1.17906e-08
0.0372593  -1.21634e-08
0.0386142  -1.26029e-08
0.0399691  -1.30138e-08
0.041324  -1.35692e-08
0.0426789  -1.42384e-08
0.0440337  -1.48611e-08
0.0453886  -1.56359e-08
0.0467435  -1.65501e-08
0.0480984  -1.75929e-08
0.0494533  -1.87178e-08
0.0508082  -1.98402e-08
0.0521631  -2.10107e-08
0.0535179  -2.2278e-08
0.0548728  -2.35859e-08
0.0562277  -2.48762e-08
0.0575826  -2.63415e-08
0.0589375  -2.79707e-08
0.0602924  -2.95852e-08
0.0616472  -3.13742e-08
0.0630021  -3.35648e-08
0.064357  -3.54172e-08
0.0657119  -3.72723e-08
0.0670668  -3.89231e-08
0.0684217  -4.03939e-08
0.0697765  -4.26188e-08
0.0711314  -4.44492e-08
0.0724863  -4.64456e-08
0.0738412  -4.88286e-08
0.0751961  -5.13402e-08
0.076551  -5.35936e-08
0.0779059  -5.54072e-08
0.0792607  -5.81279e-08
0.0806156  -6.09237e-08
0.0819705  -6.36936e-08
0.0833254  -6.69691e-08
0.0846803  -7.02452e-08
0.0860352  -7.29067e-08
0.08739  -7.47437e-08
0.0887449  -7.59316e-08
0.0900998  -7.68962e-08
0.0914547  -7.79459e-08
0.0928096  -7.92843e-08
0.0941645  -8.04469e-08
0.0955194  -8.11376e-08
0.0968742  -8.15444e-08
0.0982291  -8.22418e-08
0.099584  -8.28638e-08
0.100939  -8.32929e-08
0.102294  -8.40357e-08
0.103649  -8.38213e-08
0.105004  -8.47199e-08
0.106358  -8.46403e-08
0.107713  -8.44113e-08
0.109068  -8.46788e-08
0.110423  -8.5132e-08
0.111778  -8.40494e-08
0.113133  -8.46899e-08
0.114488  -8.23426e-08
0.115843  -8.30192e-08
0.117198  -8.1471e-08
0.118552  -8.03884e-08
0.119907  -7.96904e-08
0.121262  -7.90634e-08
0.122617  -7.82308e-08
0.123972  -7.86494e-08
0.125327  -7.69969e-08
0.126682  -7.50274e-08
0.128037  -7.18168e-08
0.129391  -7.06597e-08
0.130746  -6.4582e-08
0.132101  -5.94088e-08
0.133456  -5.63537e-08
0.134811  -4.30872e-08
