-0.134811 -6.62714e-08
-0.134721 -6.59109e-08
-0.134631 -6.60148e-08
-0.134542 -6.58443e-08
-0.134452 -6.58124e-08
-0.134362 -6.55963e-08
-0.134272 -6.56406e-08
-0.134182 -6.55151e-08
-0.134092 -6.56247e-08
-0.134002 -6.55352e-08
-0.133912 -6.60289e-08
-0.133822 -6.5923e-08
-0.133732 -6.66288e-08
-0.133642 -6.68792e-08
-0.133553 -6.72466e-08
-0.133463 -6.74488e-08
-0.133373 -6.82916e-08
-0.133283 -6.86297e-08
-0.133193 -6.88979e-08
-0.133103 -6.94447e-08
-0.133013 -6.93345e-08
-0.132923 -6.95091e-08
-0.132833 -6.90376e-08
-0.132743 -6.93529e-08
-0.132654 -6.86509e-08
-0.132564 -6.81789e-08
-0.132474 -6.77634e-08
-0.132384 -6.74488e-08
-0.132294 -6.68327e-08
-0.132204 -6.63925e-08
-0.132114 -6.57318e-08
-0.132024 -6.56215e-08
-0.131934 -6.54753e-08
-0.131844 -6.55448e-08
-0.131754 -6.54535e-08
-0.131665 -6.5065e-08
-0.131575 -6.53258e-08
-0.131485 -6.52455e-08
-0.131395 -6.57885e-08
-0.131305 -6.56243e-08
-0.131215 -6.57903e-08
-0.131125 -6.64443e-08
-0.131035 -6.70467e-08
-0.130945 -6.71345e-08
-0.130855 -6.73452e-08
-0.130766 -6.79206e-08
-0.130676 -6.87091e-08
-0.130586 -6.95569e-08
-0.130496 -7.00397e-08
-0.130406 -7.01566e-08
-0.130316 -6.97715e-08
-0.130226 -7.01512e-08
-0.130136 -6.98048e-08
-0.130046 -6.9461e-08
-0.129956 -6.9134e-08
-0.129867 -6.9065e-08
-0.129777 -6.87982e-08
-0.129687 -6.82837e-08
-0.129597 -6.78268e-08
-0.129507 -6.70412e-08
-0.129417 -6.63911e-08
-0.129327 -6.6111e-08
-0.129237 -6.59335e-08
-0.129147 -6.60897e-08
-0.129057 -6.62569e-08
-0.128967 -6.65581e-08
-0.128878 -6.66278e-08
-0.128788 -6.70909e-08
-0.128698 -6.75076e-08
-0.128608 -6.7621e-08
-0.128518 -6.82343e-08
-0.128428 -6.91326e-08
-0.128338 -6.99593e-08
-0.128248 -7.08638e-08
-0.128158 -7.09862e-08
-0.128068 -7.13613e-08
-0.127979 -7.15668e-08
-0.127889 -7.17489e-08
-0.127799 -7.19053e-08
-0.127709 -7.15882e-08
-0.127619 -7.10731e-08
-0.127529 -7.10208e-08
-0.127439 -7.05091e-08
-0.127349 -7.0152e-08
-0.127259 -6.94255e-08
-0.127169 -6.91152e-08
-0.127079 -6.85704e-08
-0.12699 -6.81338e-08
-0.1269 -6.80529e-08
-0.12681 -6.74845e-08
-0.12672 -6.73349e-08
-0.12663 -6.75558e-08
-0.12654 -6.81527e-08
-0.12645 -6.83559e-08
-0.12636 -6.90873e-08
-0.12627 -6.91469e-08
-0.12618 -6.956e-08
-0.126091 -6.95777e-08
-0.126001 -7.01476e-08
-0.125911 -7.02397e-08
-0.125821 -7.08429e-08
-0.125731 -7.10656e-08
-0.125641 -7.16421e-08
-0.125551 -7.1772e-08
-0.125461 -7.17044e-08
-0.125371 -7.12987e-08
-0.125281 -7.11584e-08
-0.125191 -7.10926e-08
-0.125102 -7.0958e-08
-0.125012 -7.10545e-08
-0.124922 -7.12425e-08
-0.124832 -7.09047e-08
-0.124742 -7.06027e-08
-0.124652 -7.03072e-08
-0.124562 -7.00374e-08
-0.124472 -6.97535e-08
-0.124382 -6.99356e-08
-0.124292 -7.04319e-08
-0.124203 -7.0766e-08
-0.124113 -7.09911e-08
-0.124023 -7.12421e-08
-0.123933 -7.09921e-08
-0.123843 -7.12804e-08
-0.123753 -7.20857e-08
-0.123663 -7.29486e-08
-0.123573 -7.34654e-08
-0.123483 -7.36508e-08
-0.123393 -7.39936e-08
-0.123304 -7.44189e-08
-0.123214 -7.47174e-08
-0.123124 -7.44918e-08
-0.123034 -7.44306e-08
-0.122944 -7.45657e-08
-0.122854 -7.45513e-08
-0.122764 -7.46108e-08
-0.122674 -7.43569e-08
-0.122584 -7.37712e-08
-0.122494 -7.35266e-08
-0.122404 -7.34252e-08
-0.122315 -7.322e-08
-0.122225 -7.24466e-08
-0.122135 -7.19481e-08
-0.122045 -7.22074e-08
-0.121955 -7.21129e-08
-0.121865 -7.2082e-08
-0.121775 -7.2116e-08
-0.121685 -7.22633e-08
-0.121595 -7.23096e-08
-0.121505 -7.24784e-08
-0.121416 -7.25841e-08
-0.121326 -7.27263e-08
-0.121236 -7.28819e-08
-0.121146 -7.32698e-08
-0.121056 -7.3515e-08
-0.120966 -7.40078e-08
-0.120876 -7.44384e-08
-0.120786 -7.49461e-08
-0.120696 -7.5154e-08
-0.120606 -7.52731e-08
-0.120516 -7.55901e-08
-0.120427 -7.59333e-08
-0.120337 -7.60197e-08
-0.120247 -7.61326e-08
-0.120157 -7.62006e-08
-0.120067 -7.61648e-08
-0.119977 -7.59638e-08
-0.119887 -7.55413e-08
-0.119797 -7.53248e-08
-0.119707 -7.51627e-08
-0.119617 -7.52273e-08
-0.119528 -7.53523e-08
-0.119438 -7.50083e-08
-0.119348 -7.48373e-08
-0.119258 -7.49174e-08
-0.119168 -7.49427e-08
-0.119078 -7.48887e-08
-0.118988 -7.4689e-08
-0.118898 -7.48516e-08
-0.118808 -7.48508e-08
-0.118718 -7.45057e-08
-0.118628 -7.41101e-08
-0.118539 -7.39095e-08
-0.118449 -7.36855e-08
-0.118359 -7.38589e-08
-0.118269 -7.37948e-08
-0.118179 -7.36565e-08
-0.118089 -7.34747e-08
-0.117999 -7.33361e-08
-0.117909 -7.32046e-08
-0.117819 -7.30368e-08
-0.117729 -7.29459e-08
-0.11764 -7.309e-08
-0.11755 -7.30645e-08
-0.11746 -7.29813e-08
-0.11737 -7.28496e-08
-0.11728 -7.2629e-08
-0.11719 -7.24964e-08
-0.1171 -7.23805e-08
-0.11701 -7.21198e-08
-0.11692 -7.20978e-08
-0.11683 -7.20871e-08
-0.116741 -7.19559e-08
-0.116651 -7.20841e-08
-0.116561 -7.20539e-08
-0.116471 -7.22088e-08
-0.116381 -7.22641e-08
-0.116291 -7.23581e-08
-0.116201 -7.2424e-08
-0.116111 -7.23658e-08
-0.116021 -7.23489e-08
-0.115931 -7.2411e-08
-0.115841 -7.21813e-08
-0.115752 -7.22805e-08
-0.115662 -7.20622e-08
-0.115572 -7.19136e-08
-0.115482 -7.17021e-08
-0.115392 -7.13199e-08
-0.115302 -7.10365e-08
-0.115212 -7.08265e-08
-0.115122 -7.06621e-08
-0.115032 -7.05825e-08
-0.114942 -7.03596e-08
-0.114853 -7.02192e-08
-0.114763 -6.99077e-08
-0.114673 -6.96612e-08
-0.114583 -6.95449e-08
-0.114493 -6.93603e-08
-0.114403 -6.91435e-08
-0.114313 -6.90014e-08
-0.114223 -6.89086e-08
-0.114133 -6.88238e-08
-0.114043 -6.88151e-08
-0.113953 -6.88493e-08
-0.113864 -6.87441e-08
-0.113774 -6.86661e-08
-0.113684 -6.87647e-08
-0.113594 -6.8725e-08
-0.113504 -6.87676e-08
-0.113414 -6.8712e-08
-0.113324 -6.87433e-08
-0.113234 -6.85396e-08
-0.113144 -6.84589e-08
-0.113054 -6.83306e-08
-0.112965 -6.80332e-08
-0.112875 -6.79599e-08
-0.112785 -6.80291e-08
-0.112695 -6.7915e-08
-0.112605 -6.7971e-08
-0.112515 -6.78921e-08
-0.112425 -6.75945e-08
-0.112335 -6.7691e-08
-0.112245 -6.74696e-08
-0.112155 -6.73939e-08
-0.112065 -6.73601e-08
-0.111976 -6.72239e-08
-0.111886 -6.71283e-08
-0.111796 -6.68865e-08
-0.111706 -6.68588e-08
-0.111616 -6.66736e-08
-0.111526 -6.63802e-08
-0.111436 -6.6318e-08
-0.111346 -6.62559e-08
-0.111256 -6.60572e-08
-0.111166 -6.60815e-08
-0.111077 -6.6056e-08
-0.110987 -6.60579e-08
-0.110897 -6.6078e-08
-0.110807 -6.61556e-08
-0.110717 -6.60245e-08
-0.110627 -6.6015e-08
-0.110537 -6.60947e-08
-0.110447 -6.61943e-08
-0.110357 -6.61522e-08
-0.110267 -6.61095e-08
-0.110178 -6.60692e-08
-0.110088 -6.61427e-08
-0.109998 -6.593e-08
-0.109908 -6.57923e-08
-0.109818 -6.56591e-08
-0.109728 -6.54366e-08
-0.109638 -6.52541e-08
-0.109548 -6.51138e-08
-0.109458 -6.47717e-08
-0.109368 -6.45578e-08
-0.109278 -6.45511e-08
-0.109189 -6.43706e-08
-0.109099 -6.41113e-08
-0.109009 -6.37208e-08
-0.108919 -6.35593e-08
-0.108829 -6.33369e-08
-0.108739 -6.33204e-08
-0.108649 -6.33639e-08
-0.108559 -6.34771e-08
-0.108469 -6.34754e-08
-0.108379 -6.3461e-08
-0.10829 -6.34177e-08
-0.1082 -6.33081e-08
-0.10811 -6.33181e-08
-0.10802 -6.34414e-08
-0.10793 -6.35477e-08
-0.10784 -6.37287e-08
-0.10775 -6.3747e-08
-0.10766 -6.37099e-08
-0.10757 -6.36436e-08
-0.10748 -6.3703e-08
-0.10739 -6.36987e-08
-0.107301 -6.37587e-08
-0.107211 -6.37364e-08
-0.107121 -6.35976e-08
-0.107031 -6.36257e-08
-0.106941 -6.35757e-08
-0.106851 -6.34813e-08
-0.106761 -6.33653e-08
-0.106671 -6.32575e-08
-0.106581 -6.31585e-08
-0.106491 -6.29971e-08
-0.106402 -6.27862e-08
-0.106312 -6.26584e-08
-0.106222 -6.23893e-08
-0.106132 -6.22685e-08
-0.106042 -6.22251e-08
-0.105952 -6.20874e-08
-0.105862 -6.21113e-08
-0.105772 -6.1917e-08
-0.105682 -6.18522e-08
-0.105592 -6.18514e-08
-0.105502 -6.1827e-08
-0.105413 -6.17475e-08
-0.105323 -6.17804e-08
-0.105233 -6.18205e-08
-0.105143 -6.18849e-08
-0.105053 -6.1821e-08
-0.104963 -6.18002e-08
-0.104873 -6.17444e-08
-0.104783 -6.1788e-08
-0.104693 -6.18178e-08
-0.104603 -6.18242e-08
-0.104514 -6.17043e-08
-0.104424 -6.16481e-08
-0.104334 -6.15406e-08
-0.104244 -6.15028e-08
-0.104154 -6.14345e-08
-0.104064 -6.13889e-08
-0.103974 -6.14415e-08
-0.103884 -6.13796e-08
-0.103794 -6.13434e-08
-0.103704 -6.12617e-08
-0.103614 -6.123e-08
-0.103525 -6.11175e-08
-0.103435 -6.11471e-08
-0.103345 -6.10977e-08
-0.103255 -6.10584e-08
-0.103165 -6.09669e-08
-0.103075 -6.09622e-08
-0.102985 -6.08518e-08
-0.102895 -6.08191e-08
-0.102805 -6.07538e-08
-0.102715 -6.06347e-08
-0.102626 -6.05897e-08
-0.102536 -6.05517e-08
-0.102446 -6.04549e-08
-0.102356 -6.03333e-08
-0.102266 -6.02874e-08
-0.102176 -6.01879e-08
-0.102086 -6.01067e-08
-0.101996 -6.00851e-08
-0.101906 -6.00424e-08
-0.101816 -5.98991e-08
-0.101727 -5.97799e-08
-0.101637 -5.96685e-08
-0.101547 -5.9533e-08
-0.101457 -5.94668e-08
-0.101367 -5.94737e-08
-0.101277 -5.94748e-08
-0.101187 -5.95643e-08
-0.101097 -5.95905e-08
-0.101007 -5.9654e-08
-0.100917 -5.96511e-08
-0.100827 -5.96785e-08
-0.100738 -5.96483e-08
-0.100648 -5.96951e-08
-0.100558 -5.97414e-08
-0.100468 -5.97696e-08
-0.100378 -5.9785e-08
-0.100288 -5.97584e-08
-0.100198 -5.95973e-08
-0.100108 -5.95473e-08
-0.100018 -5.94286e-08
-0.0999284 -5.93326e-08
-0.0998385 -5.93028e-08
-0.0997486 -5.91754e-08
-0.0996587 -5.91342e-08
-0.0995688 -5.90473e-08
-0.0994789 -5.89554e-08
-0.099389 -5.89403e-08
-0.0992991 -5.8804e-08
-0.0992092 -5.88323e-08
-0.0991193 -5.88634e-08
-0.0990294 -5.88573e-08
-0.0989395 -5.87622e-08
-0.0988496 -5.86506e-08
-0.0987597 -5.85412e-08
-0.0986698 -5.85257e-08
-0.0985799 -5.85069e-08
-0.09849 -5.85707e-08
-0.0984001 -5.8528e-08
-0.0983102 -5.84729e-08
-0.0982202 -5.84671e-08
-0.0981303 -5.84355e-08
-0.0980404 -5.84264e-08
-0.0979505 -5.8318e-08
-0.0978606 -5.83791e-08
-0.0977707 -5.8357e-08
-0.0976808 -5.84622e-08
-0.0975909 -5.83908e-08
-0.097501 -5.83307e-08
-0.0974111 -5.82067e-08
-0.0973212 -5.80932e-08
-0.0972313 -5.78999e-08
-0.0971414 -5.77903e-08
-0.0970515 -5.76401e-08
-0.0969616 -5.74698e-08
-0.0968717 -5.73663e-08
-0.0967818 -5.72011e-08
-0.0966919 -5.69573e-08
-0.096602 -5.67884e-08
-0.0965121 -5.67156e-08
-0.0964222 -5.66036e-08
-0.0963323 -5.6509e-08
-0.0962424 -5.64778e-08
-0.0961525 -5.64973e-08
-0.0960626 -5.63773e-08
-0.0959726 -5.63174e-08
-0.0958827 -5.62629e-08
-0.0957928 -5.6235e-08
-0.0957029 -5.61689e-08
-0.095613 -5.61628e-08
-0.0955231 -5.60556e-08
-0.0954332 -5.59637e-08
-0.0953433 -5.58384e-08
-0.0952534 -5.57685e-08
-0.0951635 -5.5624e-08
-0.0950736 -5.54581e-08
-0.0949837 -5.53857e-08
-0.0948938 -5.52629e-08
-0.0948039 -5.51498e-08
-0.094714 -5.50503e-08
-0.0946241 -5.49642e-08
-0.0945342 -5.48751e-08
-0.0944443 -5.47565e-08
-0.0943544 -5.4615e-08
-0.0942645 -5.4556e-08
-0.0941746 -5.4442e-08
-0.0940847 -5.43872e-08
-0.0939948 -5.42772e-08
-0.0939049 -5.41022e-08
-0.0938149 -5.40052e-08
-0.093725 -5.3911e-08
-0.0936351 -5.38439e-08
-0.0935452 -5.36923e-08
-0.0934553 -5.35478e-08
-0.0933654 -5.34281e-08
-0.0932755 -5.32885e-08
-0.0931856 -5.31981e-08
-0.0930957 -5.30773e-08
-0.0930058 -5.29114e-08
-0.0929159 -5.28455e-08
-0.092826 -5.27448e-08
-0.0927361 -5.26146e-08
-0.0926462 -5.24773e-08
-0.0925563 -5.23413e-08
-0.0924664 -5.21799e-08
-0.0923765 -5.204e-08
-0.0922866 -5.19727e-08
-0.0921967 -5.1904e-08
-0.0921068 -5.17478e-08
-0.0920169 -5.16716e-08
-0.091927 -5.15804e-08
-0.0918371 -5.1492e-08
-0.0917472 -5.1465e-08
-0.0916572 -5.14227e-08
-0.0915673 -5.13719e-08
-0.0914774 -5.13793e-08
-0.0913875 -5.14138e-08
-0.0912976 -5.13748e-08
-0.0912077 -5.13635e-08
-0.0911178 -5.13127e-08
-0.0910279 -5.12762e-08
-0.090938 -5.12093e-08
-0.0908481 -5.11573e-08
-0.0907582 -5.10777e-08
-0.0906683 -5.09215e-08
-0.0905784 -5.07496e-08
-0.0904885 -5.0574e-08
-0.0903986 -5.04048e-08
-0.0903087 -5.02995e-08
-0.0902188 -5.01456e-08
-0.0901289 -5.00001e-08
-0.090039 -4.98847e-08
-0.0899491 -4.97293e-08
-0.0898592 -4.95923e-08
-0.0897693 -4.9481e-08
-0.0896794 -4.933e-08
-0.0895895 -4.92399e-08
-0.0894995 -4.91714e-08
-0.0894096 -4.90901e-08
-0.0893197 -4.9031e-08
-0.0892298 -4.88918e-08
-0.0891399 -4.8796e-08
-0.08905 -4.86883e-08
-0.0889601 -4.8652e-08
-0.0888702 -4.86098e-08
-0.0887803 -4.8549e-08
-0.0886904 -4.84874e-08
-0.0886005 -4.84637e-08
-0.0885106 -4.84051e-08
-0.0884207 -4.83732e-08
-0.0883308 -4.82649e-08
-0.0882409 -4.82625e-08
-0.088151 -4.829e-08
-0.0880611 -4.82291e-08
-0.0879712 -4.81814e-08
-0.0878813 -4.80668e-08
-0.0877914 -4.80081e-08
-0.0877015 -4.79555e-08
-0.0876116 -4.78715e-08
-0.0875217 -4.78263e-08
-0.0874318 -4.77811e-08
-0.0873418 -4.77562e-08
-0.0872519 -4.77003e-08
-0.087162 -4.76217e-08
-0.0870721 -4.75743e-08
-0.0869822 -4.75531e-08
-0.0868923 -4.75465e-08
-0.0868024 -4.7495e-08
-0.0867125 -4.74666e-08
-0.0866226 -4.7446e-08
-0.0865327 -4.74375e-08
-0.0864428 -4.74194e-08
-0.0863529 -4.73604e-08
-0.086263 -4.73967e-08
-0.0861731 -4.73582e-08
-0.0860832 -4.73372e-08
-0.0859933 -4.73231e-08
-0.0859034 -4.73009e-08
-0.0858135 -4.72474e-08
-0.0857236 -4.72727e-08
-0.0856337 -4.7256e-08
-0.0855438 -4.72126e-08
-0.0854539 -4.71704e-08
-0.085364 -4.71506e-08
-0.0852741 -4.71074e-08
-0.0851841 -4.70895e-08
-0.0850942 -4.71258e-08
-0.0850043 -4.71251e-08
-0.0849144 -4.71363e-08
-0.0848245 -4.71454e-08
-0.0847346 -4.71685e-08
-0.0846447 -4.71431e-08
-0.0845548 -4.71861e-08
-0.0844649 -4.7222e-08
-0.084375 -4.72374e-08
-0.0842851 -4.72665e-08
-0.0841952 -4.72641e-08
-0.0841053 -4.73104e-08
-0.0840154 -4.73229e-08
-0.0839255 -4.73275e-08
-0.0838356 -4.73121e-08
-0.0837457 -4.72968e-08
-0.0836558 -4.72752e-08
-0.0835659 -4.72635e-08
-0.083476 -4.72925e-08
-0.0833861 -4.72894e-08
-0.0832962 -4.72775e-08
-0.0832063 -4.72732e-08
-0.0831164 -4.72903e-08
-0.0830264 -4.72593e-08
-0.0829365 -4.7238e-08
-0.0828466 -4.72347e-08
-0.0827567 -4.7236e-08
-0.0826668 -4.72084e-08
-0.0825769 -4.71797e-08
-0.082487 -4.71363e-08
-0.0823971 -4.71403e-08
-0.0823072 -4.71561e-08
-0.0822173 -4.71744e-08
-0.0821274 -4.72136e-08
-0.0820375 -4.71784e-08
-0.0819476 -4.71387e-08
-0.0818577 -4.71351e-08
-0.0817678 -4.70817e-08
-0.0816779 -4.70545e-08
-0.081588 -4.70413e-08
-0.0814981 -4.70284e-08
-0.0814082 -4.70063e-08
-0.0813183 -4.69802e-08
-0.0812284 -4.69517e-08
-0.0811385 -4.69297e-08
-0.0810486 -4.69087e-08
-0.0809587 -4.68728e-08
-0.0808687 -4.68449e-08
-0.0807788 -4.6829e-08
-0.0806889 -4.68145e-08
-0.080599 -4.67906e-08
-0.0805091 -4.67619e-08
-0.0804192 -4.6728e-08
-0.0803293 -4.66852e-08
-0.0802394 -4.66173e-08
-0.0801495 -4.65695e-08
-0.0800596 -4.65217e-08
-0.0799697 -4.6428e-08
-0.0798798 -4.63639e-08
-0.0797899 -4.63172e-08
-0.0797 -4.62734e-08
-0.0796101 -4.62318e-08
-0.0795202 -4.61775e-08
-0.0794303 -4.61356e-08
-0.0793404 -4.61148e-08
-0.0792505 -4.6056e-08
-0.0791606 -4.59712e-08
-0.0790707 -4.59131e-08
-0.0789808 -4.58169e-08
-0.0788909 -4.57082e-08
-0.078801 -4.56256e-08
-0.078711 -4.55338e-08
-0.0786211 -4.54884e-08
-0.0785312 -4.54118e-08
-0.0784413 -4.53289e-08
-0.0783514 -4.5244e-08
-0.0782615 -4.51931e-08
-0.0781716 -4.51268e-08
-0.0780817 -4.50961e-08
-0.0779918 -4.50036e-08
-0.0779019 -4.49597e-08
-0.077812 -4.49149e-08
-0.0777221 -4.48615e-08
-0.0776322 -4.47761e-08
-0.0775423 -4.47396e-08
-0.0774524 -4.46553e-08
-0.0773625 -4.45862e-08
-0.0772726 -4.45257e-08
-0.0771827 -4.4436e-08
-0.0770928 -4.43714e-08
-0.0770029 -4.43037e-08
-0.076913 -4.42455e-08
-0.0768231 -4.41871e-08
-0.0767332 -4.4124e-08
-0.0766433 -4.408e-08
-0.0765534 -4.40078e-08
-0.0764634 -4.39095e-08
-0.0763735 -4.38216e-08
-0.0762836 -4.37587e-08
-0.0761937 -4.36648e-08
-0.0761038 -4.35741e-08
-0.0760139 -4.34771e-08
-0.075924 -4.33431e-08
-0.0758341 -4.324e-08
-0.0757442 -4.31046e-08
-0.0756543 -4.29959e-08
-0.0755644 -4.28883e-08
-0.0754745 -4.27983e-08
-0.0753846 -4.27254e-08
-0.0752947 -4.26595e-08
-0.0752048 -4.25941e-08
-0.0751149 -4.25467e-08
-0.075025 -4.25031e-08
-0.0749351 -4.24253e-08
-0.0748452 -4.23776e-08
-0.0747553 -4.23188e-08
-0.0746654 -4.22548e-08
-0.0745755 -4.21889e-08
-0.0744856 -4.21367e-08
-0.0743957 -4.20653e-08
-0.0743057 -4.20036e-08
-0.0742158 -4.19265e-08
-0.0741259 -4.18543e-08
-0.074036 -4.17474e-08
-0.0739461 -4.16497e-08
-0.0738562 -4.15695e-08
-0.0737663 -4.14793e-08
-0.0736764 -4.13801e-08
-0.0735865 -4.12844e-08
-0.0734966 -4.12048e-08
-0.0734067 -4.11092e-08
-0.0733168 -4.10003e-08
-0.0732269 -4.08964e-08
-0.073137 -4.08027e-08
-0.0730471 -4.07417e-08
-0.0729572 -4.06668e-08
-0.0728673 -4.06089e-08
-0.0727774 -4.05176e-08
-0.0726875 -4.04383e-08
-0.0725976 -4.03714e-08
-0.0725077 -4.03377e-08
-0.0724178 -4.02807e-08
-0.0723279 -4.02181e-08
-0.072238 -4.01759e-08
-0.072148 -4.01166e-08
-0.0720581 -4.00503e-08
-0.0719682 -3.99999e-08
-0.0718783 -3.99285e-08
-0.0717884 -3.98864e-08
-0.0716985 -3.98653e-08
-0.0716086 -3.98003e-08
-0.0715187 -3.97563e-08
-0.0714288 -3.97113e-08
-0.0713389 -3.9664e-08
-0.071249 -3.958e-08
-0.0711591 -3.95029e-08
-0.0710692 -3.94157e-08
-0.0709793 -3.93042e-08
-0.0708894 -3.92002e-08
-0.0707995 -3.91202e-08
-0.0707096 -3.90287e-08
-0.0706197 -3.89469e-08
-0.0705298 -3.88602e-08
-0.0704399 -3.87927e-08
-0.07035 -3.87069e-08
-0.0702601 -3.86341e-08
-0.0701702 -3.85874e-08
-0.0700803 -3.85445e-08
-0.0699903 -3.84955e-08
-0.0699004 -3.84337e-08
-0.0698105 -3.83865e-08
-0.0697206 -3.83375e-08
-0.0696307 -3.8296e-08
-0.0695408 -3.8246e-08
-0.0694509 -3.8193e-08
-0.069361 -3.81656e-08
-0.0692711 -3.81268e-08
-0.0691812 -3.80937e-08
-0.0690913 -3.8069e-08
-0.0690014 -3.80361e-08
-0.0689115 -3.79936e-08
-0.0688216 -3.79411e-08
-0.0687317 -3.79031e-08
-0.0686418 -3.78696e-08
-0.0685519 -3.78352e-08
-0.068462 -3.78168e-08
-0.0683721 -3.77747e-08
-0.0682822 -3.77244e-08
-0.0681923 -3.76879e-08
-0.0681024 -3.76384e-08
-0.0680125 -3.75763e-08
-0.0679226 -3.75331e-08
-0.0678326 -3.74758e-08
-0.0677427 -3.74339e-08
-0.0676528 -3.73966e-08
-0.0675629 -3.73538e-08
-0.067473 -3.73097e-08
-0.0673831 -3.72802e-08
-0.0672932 -3.72751e-08
-0.0672033 -3.72617e-08
-0.0671134 -3.72497e-08
-0.0670235 -3.72289e-08
-0.0669336 -3.72176e-08
-0.0668437 -3.72018e-08
-0.0667538 -3.71715e-08
-0.0666639 -3.71541e-08
-0.066574 -3.71349e-08
-0.0664841 -3.71238e-08
-0.0663942 -3.7096e-08
-0.0663043 -3.70695e-08
-0.0662144 -3.70479e-08
-0.0661245 -3.70271e-08
-0.0660346 -3.70211e-08
-0.0659447 -3.7016e-08
-0.0658548 -3.69981e-08
-0.0657649 -3.69935e-08
-0.0656749 -3.69986e-08
-0.065585 -3.69871e-08
-0.0654951 -3.6996e-08
-0.0654052 -3.70065e-08
-0.0653153 -3.70157e-08
-0.0652254 -3.69926e-08
-0.0651355 -3.6977e-08
-0.0650456 -3.69671e-08
-0.0649557 -3.69521e-08
-0.0648658 -3.69603e-08
-0.0647759 -3.69462e-08
-0.064686 -3.69176e-08
-0.0645961 -3.69017e-08
-0.0645062 -3.6898e-08
-0.0644163 -3.68936e-08
-0.0643264 -3.68768e-08
-0.0642365 -3.6862e-08
-0.0641466 -3.68304e-08
-0.0640567 -3.68192e-08
-0.0639668 -3.67967e-08
-0.0638769 -3.67729e-08
-0.063787 -3.67546e-08
-0.0636971 -3.67016e-08
-0.0636072 -3.6658e-08
-0.0635172 -3.6626e-08
-0.0634273 -3.65957e-08
-0.0633374 -3.65647e-08
-0.0632475 -3.65313e-08
-0.0631576 -3.65071e-08
-0.0630677 -3.64772e-08
-0.0629778 -3.64603e-08
-0.0628879 -3.64277e-08
-0.062798 -3.64173e-08
-0.0627081 -3.64006e-08
-0.0626182 -3.63889e-08
-0.0625283 -3.63806e-08
-0.0624384 -3.63844e-08
-0.0623485 -3.63671e-08
-0.0622586 -3.63596e-08
-0.0621687 -3.63547e-08
-0.0620788 -3.6354e-08
-0.0619889 -3.63261e-08
-0.061899 -3.63e-08
-0.0618091 -3.62824e-08
-0.0617192 -3.62465e-08
-0.0616293 -3.62232e-08
-0.0615394 -3.61978e-08
-0.0614495 -3.61763e-08
-0.0613595 -3.61491e-08
-0.0612696 -3.61163e-08
-0.0611797 -3.60689e-08
-0.0610898 -3.60341e-08
-0.0609999 -3.59838e-08
-0.06091 -3.59616e-08
-0.0608201 -3.59202e-08
-0.0607302 -3.58791e-08
-0.0606403 -3.58521e-08
-0.0605504 -3.58159e-08
-0.0604605 -3.57561e-08
-0.0603706 -3.56706e-08
-0.0602807 -3.56015e-08
-0.0601908 -3.55343e-08
-0.0601009 -3.54628e-08
-0.060011 -3.53929e-08
-0.0599211 -3.53152e-08
-0.0598312 -3.5238e-08
-0.0597413 -3.51843e-08
-0.0596514 -3.51186e-08
-0.0595615 -3.50676e-08
-0.0594716 -3.50153e-08
-0.0593817 -3.49564e-08
-0.0592918 -3.49062e-08
-0.0592018 -3.48602e-08
-0.0591119 -3.48177e-08
-0.059022 -3.47615e-08
-0.0589321 -3.46969e-08
-0.0588422 -3.46491e-08
-0.0587523 -3.45958e-08
-0.0586624 -3.4531e-08
-0.0585725 -3.4471e-08
-0.0584826 -3.44251e-08
-0.0583927 -3.43801e-08
-0.0583028 -3.43284e-08
-0.0582129 -3.42714e-08
-0.058123 -3.42362e-08
-0.0580331 -3.41931e-08
-0.0579432 -3.41529e-08
-0.0578533 -3.40858e-08
-0.0577634 -3.40368e-08
-0.0576735 -3.39703e-08
-0.0575836 -3.38921e-08
-0.0574937 -3.38348e-08
-0.0574038 -3.37636e-08
-0.0573139 -3.36872e-08
-0.057224 -3.36016e-08
-0.0571341 -3.35016e-08
-0.0570442 -3.34203e-08
-0.0569542 -3.33378e-08
-0.0568643 -3.32406e-08
-0.0567744 -3.31473e-08
-0.0566845 -3.30478e-08
-0.0565946 -3.29582e-08
-0.0565047 -3.28669e-08
-0.0564148 -3.27923e-08
-0.0563249 -3.27032e-08
-0.056235 -3.26232e-08
-0.0561451 -3.2564e-08
-0.0560552 -3.24904e-08
-0.0559653 -3.24002e-08
-0.0558754 -3.23183e-08
-0.0557855 -3.22347e-08
-0.0556956 -3.21566e-08
-0.0556057 -3.20664e-08
-0.0555158 -3.19903e-08
-0.0554259 -3.19137e-08
-0.055336 -3.18339e-08
-0.0552461 -3.17664e-08
-0.0551562 -3.16922e-08
-0.0550663 -3.16089e-08
-0.0549764 -3.1524e-08
-0.0548865 -3.1444e-08
-0.0547965 -3.13746e-08
-0.0547066 -3.13111e-08
-0.0546167 -3.12217e-08
-0.0545268 -3.11239e-08
-0.0544369 -3.10393e-08
-0.054347 -3.09564e-08
-0.0542571 -3.08697e-08
-0.0541672 -3.07882e-08
-0.0540773 -3.06859e-08
-0.0539874 -3.05683e-08
-0.0538975 -3.04628e-08
-0.0538076 -3.03603e-08
-0.0537177 -3.02759e-08
-0.0536278 -3.01798e-08
-0.0535379 -3.0087e-08
-0.053448 -3.0008e-08
-0.0533581 -2.99332e-08
-0.0532682 -2.98482e-08
-0.0531783 -2.97671e-08
-0.0530884 -2.96943e-08
-0.0529985 -2.96144e-08
-0.0529086 -2.95469e-08
-0.0528187 -2.94583e-08
-0.0527288 -2.93877e-08
-0.0526388 -2.93024e-08
-0.0525489 -2.9226e-08
-0.052459 -2.91585e-08
-0.0523691 -2.90819e-08
-0.0522792 -2.89977e-08
-0.0521893 -2.8902e-08
-0.0520994 -2.88216e-08
-0.0520095 -2.87426e-08
-0.0519196 -2.86762e-08
-0.0518297 -2.86038e-08
-0.0517398 -2.85312e-08
-0.0516499 -2.84601e-08
-0.05156 -2.83872e-08
-0.0514701 -2.83067e-08
-0.0513802 -2.82266e-08
-0.0512903 -2.81433e-08
-0.0512004 -2.80588e-08
-0.0511105 -2.79761e-08
-0.0510206 -2.78828e-08
-0.0509307 -2.78098e-08
-0.0508408 -2.77279e-08
-0.0507509 -2.76497e-08
-0.050661 -2.75765e-08
-0.0505711 -2.75061e-08
-0.0504811 -2.74381e-08
-0.0503912 -2.73566e-08
-0.0503013 -2.72858e-08
-0.0502114 -2.72234e-08
-0.0501215 -2.71591e-08
-0.0500316 -2.70888e-08
-0.0499417 -2.70267e-08
-0.0498518 -2.69669e-08
-0.0497619 -2.69063e-08
-0.049672 -2.68538e-08
-0.0495821 -2.67966e-08
-0.0494922 -2.67434e-08
-0.0494023 -2.66842e-08
-0.0493124 -2.66308e-08
-0.0492225 -2.65785e-08
-0.0491326 -2.65163e-08
-0.0490427 -2.64609e-08
-0.0489528 -2.64076e-08
-0.0488629 -2.63547e-08
-0.048773 -2.6309e-08
-0.0486831 -2.62663e-08
-0.0485932 -2.62167e-08
-0.0485033 -2.61662e-08
-0.0484134 -2.61113e-08
-0.0483234 -2.60638e-08
-0.0482335 -2.60045e-08
-0.0481436 -2.59578e-08
-0.0480537 -2.59009e-08
-0.0479638 -2.58519e-08
-0.0478739 -2.57958e-08
-0.047784 -2.57354e-08
-0.0476941 -2.56776e-08
-0.0476042 -2.56237e-08
-0.0475143 -2.55815e-08
-0.0474244 -2.55438e-08
-0.0473345 -2.5483e-08
-0.0472446 -2.54153e-08
-0.0471547 -2.53583e-08
-0.0470648 -2.53079e-08
-0.0469749 -2.52653e-08
-0.046885 -2.52206e-08
-0.0467951 -2.51654e-08
-0.0467052 -2.5123e-08
-0.0466153 -2.50802e-08
-0.0465254 -2.50487e-08
-0.0464355 -2.50153e-08
-0.0463456 -2.49795e-08
-0.0462557 -2.49386e-08
-0.0461657 -2.49071e-08
-0.0460758 -2.4871e-08
-0.0459859 -2.4828e-08
-0.045896 -2.47901e-08
-0.0458061 -2.47584e-08
-0.0457162 -2.47063e-08
-0.0456263 -2.46589e-08
-0.0455364 -2.46116e-08
-0.0454465 -2.45695e-08
-0.0453566 -2.45293e-08
-0.0452667 -2.44821e-08
-0.0451768 -2.44452e-08
-0.0450869 -2.43964e-08
-0.044997 -2.43563e-08
-0.0449071 -2.42981e-08
-0.0448172 -2.42455e-08
-0.0447273 -2.42021e-08
-0.0446374 -2.41425e-08
-0.0445475 -2.40878e-08
-0.0444576 -2.40217e-08
-0.0443677 -2.39639e-08
-0.0442778 -2.39122e-08
-0.0441879 -2.38485e-08
-0.044098 -2.37861e-08
-0.044008 -2.37263e-08
-0.0439181 -2.36791e-08
-0.0438282 -2.36261e-08
-0.0437383 -2.35696e-08
-0.0436484 -2.35184e-08
-0.0435585 -2.34708e-08
-0.0434686 -2.34222e-08
-0.0433787 -2.3359e-08
-0.0432888 -2.33089e-08
-0.0431989 -2.32392e-08
-0.043109 -2.31728e-08
-0.0430191 -2.31076e-08
-0.0429292 -2.30443e-08
-0.0428393 -2.29849e-08
-0.0427494 -2.29282e-08
-0.0426595 -2.28704e-08
-0.0425696 -2.28109e-08
-0.0424797 -2.27518e-08
-0.0423898 -2.26859e-08
-0.0422999 -2.26245e-08
-0.04221 -2.25611e-08
-0.0421201 -2.24949e-08
-0.0420302 -2.24319e-08
-0.0419403 -2.23644e-08
-0.0418503 -2.23062e-08
-0.0417604 -2.22439e-08
-0.0416705 -2.21752e-08
-0.0415806 -2.20967e-08
-0.0414907 -2.202e-08
-0.0414008 -2.19466e-08
-0.0413109 -2.18761e-08
-0.041221 -2.18101e-08
-0.0411311 -2.17372e-08
-0.0410412 -2.16691e-08
-0.0409513 -2.15976e-08
-0.0408614 -2.15299e-08
-0.0407715 -2.14685e-08
-0.0406816 -2.14025e-08
-0.0405917 -2.13221e-08
-0.0405018 -2.12435e-08
-0.0404119 -2.11689e-08
-0.040322 -2.10892e-08
-0.0402321 -2.10103e-08
-0.0401422 -2.09275e-08
-0.0400523 -2.08467e-08
-0.0399624 -2.07688e-08
-0.0398725 -2.06958e-08
-0.0397826 -2.06261e-08
-0.0396927 -2.05535e-08
-0.0396027 -2.04811e-08
-0.0395128 -2.04048e-08
-0.0394229 -2.03346e-08
-0.039333 -2.02635e-08
-0.0392431 -2.01931e-08
-0.0391532 -2.01197e-08
-0.0390633 -2.00419e-08
-0.0389734 -1.99675e-08
-0.0388835 -1.98945e-08
-0.0387936 -1.98236e-08
-0.0387037 -1.97478e-08
-0.0386138 -1.96696e-08
-0.0385239 -1.95886e-08
-0.038434 -1.95003e-08
-0.0383441 -1.94198e-08
-0.0382542 -1.93451e-08
-0.0381643 -1.92739e-08
-0.0380744 -1.92011e-08
-0.0379845 -1.91248e-08
-0.0378946 -1.90455e-08
-0.0378047 -1.89652e-08
-0.0377148 -1.88819e-08
-0.0376249 -1.87998e-08
-0.037535 -1.8716e-08
-0.037445 -1.86341e-08
-0.0373551 -1.85538e-08
-0.0372652 -1.84697e-08
-0.0371753 -1.8382e-08
-0.0370854 -1.83013e-08
-0.0369955 -1.82104e-08
-0.0369056 -1.81253e-08
-0.0368157 -1.80319e-08
-0.0367258 -1.79425e-08
-0.0366359 -1.7853e-08
-0.036546 -1.77588e-08
-0.0364561 -1.7666e-08
-0.0363662 -1.75805e-08
-0.0362763 -1.74878e-08
-0.0361864 -1.73958e-08
-0.0360965 -1.73025e-08
-0.0360066 -1.7202e-08
-0.0359167 -1.71016e-08
-0.0358268 -1.70101e-08
-0.0357369 -1.69105e-08
-0.035647 -1.68185e-08
-0.0355571 -1.67203e-08
-0.0354672 -1.66233e-08
-0.0353773 -1.65265e-08
-0.0352873 -1.64279e-08
-0.0351974 -1.63304e-08
-0.0351075 -1.62361e-08
-0.0350176 -1.61368e-08
-0.0349277 -1.60426e-08
-0.0348378 -1.59508e-08
-0.0347479 -1.58526e-08
-0.034658 -1.57542e-08
-0.0345681 -1.56648e-08
-0.0344782 -1.55718e-08
-0.0343883 -1.54856e-08
-0.0342984 -1.5396e-08
-0.0342085 -1.53113e-08
-0.0341186 -1.52274e-08
-0.0340287 -1.51406e-08
-0.0339388 -1.50577e-08
-0.0338489 -1.49666e-08
-0.033759 -1.48775e-08
-0.0336691 -1.47859e-08
-0.0335792 -1.46935e-08
-0.0334893 -1.45936e-08
-0.0333994 -1.44962e-08
-0.0333095 -1.44012e-08
-0.0332196 -1.43184e-08
-0.0331296 -1.42376e-08
-0.0330397 -1.41543e-08
-0.0329498 -1.40669e-08
-0.0328599 -1.39847e-08
-0.03277 -1.38906e-08
-0.0326801 -1.38007e-08
-0.0325902 -1.37106e-08
-0.0325003 -1.36175e-08
-0.0324104 -1.35259e-08
-0.0323205 -1.34358e-08
-0.0322306 -1.33444e-08
-0.0321407 -1.32601e-08
-0.0320508 -1.31812e-08
-0.0319609 -1.3085e-08
-0.031871 -1.29998e-08
-0.0317811 -1.29201e-08
-0.0316912 -1.284e-08
-0.0316013 -1.27561e-08
-0.0315114 -1.26639e-08
-0.0314215 -1.25924e-08
-0.0313316 -1.25134e-08
-0.0312417 -1.24378e-08
-0.0311518 -1.23559e-08
-0.0310619 -1.22829e-08
-0.0309719 -1.22063e-08
-0.030882 -1.2124e-08
-0.0307921 -1.20512e-08
-0.0307022 -1.19736e-08
-0.0306123 -1.19015e-08
-0.0305224 -1.18194e-08
-0.0304325 -1.17527e-08
-0.0303426 -1.16963e-08
-0.0302527 -1.16271e-08
-0.0301628 -1.15654e-08
-0.0300729 -1.15e-08
-0.029983 -1.14323e-08
-0.0298931 -1.13653e-08
-0.0298032 -1.13033e-08
-0.0297133 -1.12361e-08
-0.0296234 -1.1172e-08
-0.0295335 -1.11031e-08
-0.0294436 -1.10367e-08
-0.0293537 -1.09831e-08
-0.0292638 -1.09243e-08
-0.0291739 -1.08662e-08
-0.029084 -1.08168e-08
-0.0289941 -1.07599e-08
-0.0289042 -1.06946e-08
-0.0288142 -1.06432e-08
-0.0287243 -1.05952e-08
-0.0286344 -1.05404e-08
-0.0285445 -1.04882e-08
-0.0284546 -1.04321e-08
-0.0283647 -1.03837e-08
-0.0282748 -1.03382e-08
-0.0281849 -1.02949e-08
-0.028095 -1.02473e-08
-0.0280051 -1.02054e-08
-0.0279152 -1.01515e-08
-0.0278253 -1.01064e-08
-0.0277354 -1.0073e-08
-0.0276455 -1.00359e-08
-0.0275556 -1.00022e-08
-0.0274657 -9.96218e-09
-0.0273758 -9.92997e-09
-0.0272859 -9.89739e-09
-0.027196 -9.86886e-09
-0.0271061 -9.83546e-09
-0.0270162 -9.7986e-09
-0.0269263 -9.76792e-09
-0.0268364 -9.73138e-09
-0.0267465 -9.70482e-09
-0.0266565 -9.67629e-09
-0.0265666 -9.65076e-09
-0.0264767 -9.62554e-09
-0.0263868 -9.60117e-09
-0.0262969 -9.57806e-09
-0.026207 -9.55898e-09
-0.0261171 -9.52655e-09
-0.0260272 -9.49969e-09
-0.0259373 -9.47319e-09
-0.0258474 -9.44843e-09
-0.0257575 -9.42537e-09
-0.0256676 -9.40382e-09
-0.0255777 -9.38122e-09
-0.0254878 -9.35568e-09
-0.0253979 -9.33762e-09
-0.025308 -9.31879e-09
-0.0252181 -9.30205e-09
-0.0251282 -9.2892e-09
-0.0250383 -9.27173e-09
-0.0249484 -9.25446e-09
-0.0248585 -9.23514e-09
-0.0247686 -9.21424e-09
-0.0246787 -9.19556e-09
-0.0245888 -9.17872e-09
-0.0244988 -9.15482e-09
-0.0244089 -9.13977e-09
-0.024319 -9.12449e-09
-0.0242291 -9.10502e-09
-0.0241392 -9.08766e-09
-0.0240493 -9.07461e-09
-0.0239594 -9.06263e-09
-0.0238695 -9.04376e-09
-0.0237796 -9.02974e-09
-0.0236897 -9.00121e-09
-0.0235998 -8.98557e-09
-0.0235099 -8.96606e-09
-0.02342 -8.94019e-09
-0.0233301 -8.92041e-09
-0.0232402 -8.89686e-09
-0.0231503 -8.86752e-09
-0.0230604 -8.84113e-09
-0.0229705 -8.8184e-09
-0.0228806 -8.791e-09
-0.0227907 -8.76298e-09
-0.0227008 -8.73543e-09
-0.0226109 -8.69876e-09
-0.022521 -8.6748e-09
-0.0224311 -8.64606e-09
-0.0223411 -8.61601e-09
-0.0222512 -8.58683e-09
-0.0221613 -8.55806e-09
-0.0220714 -8.52512e-09
-0.0219815 -8.49654e-09
-0.0218916 -8.46526e-09
-0.0218017 -8.4297e-09
-0.0217118 -8.39486e-09
-0.0216219 -8.35418e-09
-0.021532 -8.31791e-09
-0.0214421 -8.2915e-09
-0.0213522 -8.25711e-09
-0.0212623 -8.22355e-09
-0.0211724 -8.1885e-09
-0.0210825 -8.15833e-09
-0.0209926 -8.12486e-09
-0.0209027 -8.08299e-09
-0.0208128 -8.04222e-09
-0.0207229 -8.00364e-09
-0.020633 -7.96344e-09
-0.0205431 -7.91726e-09
-0.0204532 -7.88047e-09
-0.0203633 -7.84984e-09
-0.0202734 -7.8067e-09
-0.0201835 -7.7656e-09
-0.0200935 -7.72407e-09
-0.0200036 -7.68518e-09
-0.0199137 -7.64019e-09
-0.0198238 -7.588e-09
-0.0197339 -7.53945e-09
-0.019644 -7.494e-09
-0.0195541 -7.44972e-09
-0.0194642 -7.40028e-09
-0.0193743 -7.35503e-09
-0.0192844 -7.30731e-09
-0.0191945 -7.25848e-09
-0.0191046 -7.21546e-09
-0.0190147 -7.16951e-09
-0.0189248 -7.12299e-09
-0.0188349 -7.07169e-09
-0.018745 -7.0263e-09
-0.0186551 -6.98285e-09
-0.0185652 -6.93931e-09
-0.0184753 -6.89691e-09
-0.0183854 -6.85422e-09
-0.0182955 -6.80773e-09
-0.0182056 -6.76035e-09
-0.0181157 -6.71535e-09
-0.0180258 -6.66637e-09
-0.0179358 -6.62486e-09
-0.0178459 -6.58039e-09
-0.017756 -6.53426e-09
-0.0176661 -6.49272e-09
-0.0175762 -6.45041e-09
-0.0174863 -6.40768e-09
-0.0173964 -6.36955e-09
-0.0173065 -6.33194e-09
-0.0172166 -6.28546e-09
-0.0171267 -6.24297e-09
-0.0170368 -6.20161e-09
-0.0169469 -6.15917e-09
-0.016857 -6.12059e-09
-0.0167671 -6.08322e-09
-0.0166772 -6.04324e-09
-0.0165873 -5.99825e-09
-0.0164974 -5.95561e-09
-0.0164075 -5.91314e-09
-0.0163176 -5.87477e-09
-0.0162277 -5.8314e-09
-0.0161378 -5.79046e-09
-0.0160479 -5.74652e-09
-0.015958 -5.70821e-09
-0.0158681 -5.66973e-09
-0.0157781 -5.6353e-09
-0.0156882 -5.6044e-09
-0.0155983 -5.57129e-09
-0.0155084 -5.53319e-09
-0.0154185 -5.49275e-09
-0.0153286 -5.46199e-09
-0.0152387 -5.42306e-09
-0.0151488 -5.39063e-09
-0.0150589 -5.36204e-09
-0.014969 -5.32356e-09
-0.0148791 -5.28895e-09
-0.0147892 -5.25703e-09
-0.0146993 -5.22404e-09
-0.0146094 -5.19494e-09
-0.0145195 -5.17099e-09
-0.0144296 -5.14322e-09
-0.0143397 -5.11739e-09
-0.0142498 -5.09238e-09
-0.0141599 -5.06801e-09
-0.01407 -5.04902e-09
-0.0139801 -5.02053e-09
-0.0138902 -4.98838e-09
-0.0138003 -4.95767e-09
-0.0137104 -4.9285e-09
-0.0136204 -4.89497e-09
-0.0135305 -4.86759e-09
-0.0134406 -4.84253e-09
-0.0133507 -4.82392e-09
-0.0132608 -4.79774e-09
-0.0131709 -4.77439e-09
-0.013081 -4.75413e-09
-0.0129911 -4.72708e-09
-0.0129012 -4.6982e-09
-0.0128113 -4.67323e-09
-0.0127214 -4.64434e-09
-0.0126315 -4.61505e-09
-0.0125416 -4.58751e-09
-0.0124517 -4.55371e-09
-0.0123618 -4.52979e-09
-0.0122719 -4.50503e-09
-0.012182 -4.4773e-09
-0.0120921 -4.45101e-09
-0.0120022 -4.421e-09
-0.0119123 -4.38985e-09
-0.0118224 -4.3679e-09
-0.0117325 -4.3496e-09
-0.0116426 -4.32376e-09
-0.0115527 -4.2945e-09
-0.0114627 -4.26642e-09
-0.0113728 -4.23164e-09
-0.0112829 -4.20776e-09
-0.011193 -4.17909e-09
-0.0111031 -4.14961e-09
-0.0110132 -4.11738e-09
-0.0109233 -4.08449e-09
-0.0108334 -4.05636e-09
-0.0107435 -4.02734e-09
-0.0106536 -4.00684e-09
-0.0105637 -3.98136e-09
-0.0104738 -3.94819e-09
-0.0103839 -3.92108e-09
-0.010294 -3.88456e-09
-0.0102041 -3.85386e-09
-0.0101142 -3.82349e-09
-0.0100243 -3.79184e-09
-0.00993438 -3.75847e-09
-0.00984447 -3.72519e-09
-0.00975457 -3.69915e-09
-0.00966466 -3.67219e-09
-0.00957476 -3.65039e-09
-0.00948486 -3.62078e-09
-0.00939495 -3.59251e-09
-0.00930505 -3.56917e-09
-0.00921514 -3.53846e-09
-0.00912524 -3.51811e-09
-0.00903534 -3.48831e-09
-0.00894543 -3.46493e-09
-0.00885553 -3.43542e-09
-0.00876562 -3.4103e-09
-0.00867572 -3.38779e-09
-0.00858582 -3.35608e-09
-0.00849591 -3.32736e-09
-0.00840601 -3.29714e-09
-0.0083161 -3.27524e-09
-0.0082262 -3.25406e-09
-0.00813629 -3.2255e-09
-0.00804639 -3.20104e-09
-0.00795649 -3.17188e-09
-0.00786658 -3.14657e-09
-0.00777668 -3.11921e-09
-0.00768677 -3.09474e-09
-0.00759687 -3.06871e-09
-0.00750697 -3.0345e-09
-0.00741706 -3.00235e-09
-0.00732716 -2.97261e-09
-0.00723725 -2.94929e-09
-0.00714735 -2.92287e-09
-0.00705744 -2.89613e-09
-0.00696754 -2.87215e-09
-0.00687764 -2.83709e-09
-0.00678773 -2.80788e-09
-0.00669783 -2.77663e-09
-0.00660792 -2.74835e-09
-0.00651802 -2.7173e-09
-0.00642812 -2.68704e-09
-0.00633821 -2.66027e-09
-0.00624831 -2.63111e-09
-0.0061584 -2.60326e-09
-0.0060685 -2.57359e-09
-0.00597859 -2.54929e-09
-0.00588869 -2.51992e-09
-0.00579879 -2.48775e-09
-0.00570888 -2.45888e-09
-0.00561898 -2.42554e-09
-0.00552907 -2.39969e-09
-0.00543917 -2.37187e-09
-0.00534927 -2.34127e-09
-0.00525936 -2.31007e-09
-0.00516946 -2.28277e-09
-0.00507955 -2.24884e-09
-0.00498965 -2.21954e-09
-0.00489975 -2.18937e-09
-0.00480984 -2.15791e-09
-0.00471994 -2.12353e-09
-0.00463003 -2.09347e-09
-0.00454013 -2.0614e-09
-0.00445022 -2.0343e-09
-0.00436032 -2.00422e-09
-0.00427042 -1.96234e-09
-0.00418051 -1.92886e-09
-0.00409061 -1.89688e-09
-0.0040007 -1.86048e-09
-0.0039108 -1.82173e-09
-0.0038209 -1.77821e-09
-0.00373099 -1.7437e-09
-0.00364109 -1.70089e-09
-0.00355118 -1.66761e-09
-0.00346128 -1.63114e-09
-0.00337137 -1.60335e-09
-0.00328147 -1.56504e-09
-0.00319157 -1.52526e-09
-0.00310166 -1.48963e-09
-0.00301176 -1.45173e-09
-0.00292185 -1.41663e-09
-0.00283195 -1.3726e-09
-0.00274205 -1.32789e-09
-0.00265214 -1.2947e-09
-0.00256224 -1.25346e-09
-0.00247233 -1.21788e-09
-0.00238243 -1.18145e-09
-0.00229252 -1.14412e-09
-0.00220262 -1.10506e-09
-0.00211272 -1.06804e-09
-0.00202281 -1.02039e-09
-0.00193291 -9.80759e-10
-0.001843 -9.40782e-10
-0.0017531 -8.96769e-10
-0.0016632 -8.5508e-10
-0.00157329 -8.21046e-10
-0.00148339 -7.78748e-10
-0.00139348 -7.38836e-10
-0.00130358 -6.96004e-10
-0.00121368 -6.52138e-10
-0.00112377 -6.12606e-10
-0.00103387 -5.62487e-10
-0.000943963 -5.08593e-10
-0.000854059 -4.66069e-10
-0.000764154 -4.21336e-10
-0.00067425 -3.8118e-10
-0.000584346 -3.38301e-10
-0.000494442 -2.97757e-10
-0.000404538 -2.48637e-10
-0.000314634 -1.9779e-10
-0.00022473 -1.4432e-10
-0.000134825 -9.77519e-11
-4.49212e-05 -5.12675e-11
4.49829e-05 0
0.000134887 5.00348e-11
0.000224791 9.72524e-11
0.000314695 1.41853e-10
0.0004046 1.83905e-10
0.000494504 2.30692e-10
0.000584408 2.82094e-10
0.000674312 3.37115e-10
0.000764216 3.96313e-10
0.00085412 4.51505e-10
0.000944024 4.99754e-10
0.00103393 5.47748e-10
0.00112383 5.95927e-10
0.00121374 6.54839e-10
0.00130364 7.03917e-10
0.00139355 7.50427e-10
0.00148345 8.00435e-10
0.00157335 8.56141e-10
0.00166326 9.21218e-10
0.00175316 9.79424e-10
0.00184307 1.04177e-09
0.00193297 1.10174e-09
0.00202287 1.1587e-09
0.00211278 1.21277e-09
0.00220268 1.27767e-09
0.00229259 1.34816e-09
0.00238249 1.4052e-09
0.00247239 1.46715e-09
0.0025623 1.53005e-09
0.0026522 1.5979e-09
0.00274211 1.67547e-09
0.00283201 1.74197e-09
0.00292192 1.80856e-09
0.00301182 1.88043e-09
0.00310172 1.95018e-09
0.00319163 2.01893e-09
0.00328153 2.09577e-09
0.00337144 2.17116e-09
0.00346134 2.24606e-09
0.00355124 2.31924e-09
0.00364115 2.3937e-09
0.00373105 2.46836e-09
0.00382096 2.55553e-09
0.00391086 2.63088e-09
0.00400077 2.70728e-09
0.00409067 2.78985e-09
0.00418057 2.86907e-09
0.00427048 2.94902e-09
0.00436038 3.0267e-09
0.00445029 3.11208e-09
0.00454019 3.19973e-09
0.00463009 3.28263e-09
0.00472 3.36462e-09
0.0048099 3.45004e-09
0.00489981 3.54204e-09
0.00498971 3.62483e-09
0.00507962 3.7147e-09
0.00516952 3.80053e-09
0.00525942 3.88898e-09
0.00534933 3.97556e-09
0.00543923 4.06435e-09
0.00552914 4.16021e-09
0.00561904 4.2561e-09
0.00570894 4.34728e-09
0.00579885 4.43561e-09
0.00588875 4.53048e-09
0.00597866 4.62338e-09
0.00606856 4.71863e-09
0.00615846 4.8153e-09
0.00624837 4.90636e-09
0.00633827 4.99991e-09
0.00642818 5.09252e-09
0.00651808 5.18903e-09
0.00660799 5.2903e-09
0.00669789 5.38738e-09
0.00678779 5.48316e-09
0.0068777 5.57454e-09
0.0069676 5.66907e-09
0.00705751 5.76555e-09
0.00714741 5.85616e-09
0.00723731 5.95047e-09
0.00732722 6.04261e-09
0.00741712 6.13415e-09
0.00750703 6.2207e-09
0.00759693 6.30717e-09
0.00768684 6.39717e-09
0.00777674 6.48578e-09
0.00786664 6.57667e-09
0.00795655 6.66348e-09
0.00804645 6.75001e-09
0.00813636 6.83456e-09
0.00822626 6.91695e-09
0.00831616 7.00205e-09
0.00840607 7.08723e-09
0.00849597 7.16848e-09
0.00858588 7.24185e-09
0.00867578 7.31692e-09
0.00876569 7.40153e-09
0.00885559 7.47735e-09
0.00894549 7.55673e-09
0.0090354 7.63022e-09
0.0091253 7.69675e-09
0.00921521 7.76886e-09
0.00930511 7.83767e-09
0.00939501 7.90856e-09
0.00948492 7.9772e-09
0.00957482 8.04154e-09
0.00966473 8.10314e-09
0.00975463 8.16386e-09
0.00984453 8.23289e-09
0.00993444 8.29095e-09
0.0100243 8.35157e-09
0.0101142 8.4012e-09
0.0102042 8.45303e-09
0.0102941 8.51266e-09
0.010384 8.56196e-09
0.0104739 8.61681e-09
0.0105638 8.66066e-09
0.0106537 8.71238e-09
0.0107436 8.76e-09
0.0108335 8.8039e-09
0.0109234 8.85253e-09
0.0110133 8.89394e-09
0.0111032 8.9326e-09
0.0111931 8.97091e-09
0.011283 9.01428e-09
0.0113729 9.05262e-09
0.0114628 9.08867e-09
0.0115527 9.1287e-09
0.0116426 9.1587e-09
0.0117325 9.20307e-09
0.0118224 9.23812e-09
0.0119123 9.26948e-09
0.0120022 9.30468e-09
0.0120921 9.33484e-09
0.012182 9.36397e-09
0.0122719 9.39993e-09
0.0123619 9.43423e-09
0.0124518 9.46384e-09
0.0125417 9.49127e-09
0.0126316 9.52467e-09
0.0127215 9.5516e-09
0.0128114 9.58197e-09
0.0129013 9.61345e-09
0.0129912 9.63838e-09
0.0130811 9.66326e-09
0.013171 9.69179e-09
0.0132609 9.7159e-09
0.0133508 9.74224e-09
0.0134407 9.76471e-09
0.0135306 9.78433e-09
0.0136205 9.80688e-09
0.0137104 9.83326e-09
0.0138003 9.85243e-09
0.0138902 9.87586e-09
0.0139801 9.89511e-09
0.01407 9.90894e-09
0.0141599 9.92839e-09
0.0142498 9.95436e-09
0.0143397 9.96986e-09
0.0144296 9.98977e-09
0.0145196 1.00109e-08
0.0146095 1.00262e-08
0.0146994 1.00452e-08
0.0147893 1.00631e-08
0.0148792 1.00842e-08
0.0149691 1.01082e-08
0.015059 1.01307e-08
0.0151489 1.01491e-08
0.0152388 1.017e-08
0.0153287 1.01913e-08
0.0154186 1.02144e-08
0.0155085 1.02349e-08
0.0155984 1.02557e-08
0.0156883 1.02797e-08
0.0157782 1.02989e-08
0.0158681 1.0321e-08
0.015958 1.03469e-08
0.0160479 1.03741e-08
0.0161378 1.03991e-08
0.0162277 1.04273e-08
0.0163176 1.04466e-08
0.0164075 1.04745e-08
0.0164974 1.05044e-08
0.0165873 1.05318e-08
0.0166773 1.05623e-08
0.0167672 1.05903e-08
0.0168571 1.06179e-08
0.016947 1.06433e-08
0.0170369 1.06705e-08
0.0171268 1.06962e-08
0.0172167 1.07245e-08
0.0173066 1.07546e-08
0.0173965 1.07781e-08
0.0174864 1.08102e-08
0.0175763 1.08394e-08
0.0176662 1.08743e-08
0.0177561 1.09036e-08
0.017846 1.09333e-08
0.0179359 1.09672e-08
0.0180258 1.09973e-08
0.0181157 1.10222e-08
0.0182056 1.10505e-08
0.0182955 1.10813e-08
0.0183854 1.11144e-08
0.0184753 1.11471e-08
0.0185652 1.11803e-08
0.0186551 1.12127e-08
0.018745 1.12458e-08
0.0188349 1.12811e-08
0.0189249 1.1318e-08
0.0190148 1.13574e-08
0.0191047 1.1398e-08
0.0191946 1.14311e-08
0.0192845 1.14671e-08
0.0193744 1.15009e-08
0.0194643 1.15393e-08
0.0195542 1.15786e-08
0.0196441 1.16176e-08
0.019734 1.16541e-08
0.0198239 1.16886e-08
0.0199138 1.1727e-08
0.0200037 1.17649e-08
0.0200936 1.18051e-08
0.0201835 1.18477e-08
0.0202734 1.1889e-08
0.0203633 1.19286e-08
0.0204532 1.19682e-08
0.0205431 1.20063e-08
0.020633 1.20394e-08
0.0207229 1.2078e-08
0.0208128 1.21085e-08
0.0209027 1.21431e-08
0.0209926 1.21705e-08
0.0210826 1.22042e-08
0.0211725 1.2238e-08
0.0212624 1.22745e-08
0.0213523 1.23073e-08
0.0214422 1.23401e-08
0.0215321 1.2375e-08
0.021622 1.24021e-08
0.0217119 1.2424e-08
0.0218018 1.24558e-08
0.0218917 1.24877e-08
0.0219816 1.25197e-08
0.0220715 1.25444e-08
0.0221614 1.2579e-08
0.0222513 1.26082e-08
0.0223412 1.26377e-08
0.0224311 1.26645e-08
0.022521 1.26918e-08
0.0226109 1.27166e-08
0.0227008 1.27332e-08
0.0227907 1.27506e-08
0.0228806 1.27758e-08
0.0229705 1.27999e-08
0.0230604 1.28222e-08
0.0231503 1.28453e-08
0.0232403 1.28695e-08
0.0233302 1.28883e-08
0.0234201 1.2903e-08
0.02351 1.29162e-08
0.0235999 1.29376e-08
0.0236898 1.29574e-08
0.0237797 1.29687e-08
0.0238696 1.29863e-08
0.0239595 1.3e-08
0.0240494 1.30141e-08
0.0241393 1.30275e-08
0.0242292 1.30406e-08
0.0243191 1.30485e-08
0.024409 1.30545e-08
0.0244989 1.30603e-08
0.0245888 1.30598e-08
0.0246787 1.30703e-08
0.0247686 1.30778e-08
0.0248585 1.30784e-08
0.0249484 1.30883e-08
0.0250383 1.30867e-08
0.0251282 1.30991e-08
0.0252181 1.31031e-08
0.025308 1.31064e-08
0.025398 1.31028e-08
0.0254879 1.31055e-08
0.0255778 1.31028e-08
0.0256677 1.30975e-08
0.0257576 1.31013e-08
0.0258475 1.30898e-08
0.0259374 1.30819e-08
0.0260273 1.30739e-08
0.0261172 1.30636e-08
0.0262071 1.30529e-08
0.026297 1.30429e-08
0.0263869 1.30295e-08
0.0264768 1.30174e-08
0.0265667 1.30103e-08
0.0266566 1.29945e-08
0.0267465 1.29895e-08
0.0268364 1.29723e-08
0.0269263 1.29524e-08
0.0270162 1.29349e-08
0.0271061 1.29175e-08
0.027196 1.28929e-08
0.0272859 1.28677e-08
0.0273758 1.28428e-08
0.0274657 1.28094e-08
0.0275557 1.27815e-08
0.0276456 1.2754e-08
0.0277355 1.27263e-08
0.0278254 1.26952e-08
0.0279153 1.26578e-08
0.0280052 1.262e-08
0.0280951 1.25859e-08
0.028185 1.25492e-08
0.0282749 1.25166e-08
0.0283648 1.24867e-08
0.0284547 1.24442e-08
0.0285446 1.23998e-08
0.0286345 1.23542e-08
0.0287244 1.23111e-08
0.0288143 1.22652e-08
0.0289042 1.22129e-08
0.0289941 1.21601e-08
0.029084 1.21013e-08
0.0291739 1.20477e-08
0.0292638 1.19903e-08
0.0293537 1.19408e-08
0.0294436 1.18885e-08
0.0295335 1.18265e-08
0.0296234 1.17658e-08
0.0297134 1.17033e-08
0.0298033 1.16407e-08
0.0298932 1.15715e-08
0.0299831 1.15041e-08
0.030073 1.14293e-08
0.0301629 1.13549e-08
0.0302528 1.12818e-08
0.0303427 1.12037e-08
0.0304326 1.11297e-08
0.0305225 1.10521e-08
0.0306124 1.09672e-08
0.0307023 1.0878e-08
0.0307922 1.07951e-08
0.0308821 1.07111e-08
0.030972 1.06294e-08
0.0310619 1.05453e-08
0.0311518 1.04605e-08
0.0312417 1.03774e-08
0.0313316 1.02864e-08
0.0314215 1.01961e-08
0.0315114 1.01106e-08
0.0316013 1.00166e-08
0.0316912 9.91519e-09
0.0317811 9.8241e-09
0.0318711 9.73064e-09
0.031961 9.64178e-09
0.0320509 9.54248e-09
0.0321408 9.45259e-09
0.0322307 9.3598e-09
0.0323206 9.26765e-09
0.0324105 9.17443e-09
0.0325004 9.08311e-09
0.0325903 8.98801e-09
0.0326802 8.87142e-09
0.0327701 8.766e-09
0.03286 8.66667e-09
0.0329499 8.56353e-09
0.0330398 8.45379e-09
0.0331297 8.34737e-09
0.0332196 8.2521e-09
0.0333095 8.14769e-09
0.0333994 8.04488e-09
0.0334893 7.9404e-09
0.0335792 7.83503e-09
0.0336691 7.72654e-09
0.033759 7.6169e-09
0.0338489 7.50938e-09
0.0339388 7.39466e-09
0.0340288 7.29107e-09
0.0341187 7.18355e-09
0.0342086 7.08373e-09
0.0342985 6.99236e-09
0.0343884 6.89278e-09
0.0344783 6.78584e-09
0.0345682 6.67968e-09
0.0346581 6.57254e-09
0.034748 6.4718e-09
0.0348379 6.37796e-09
0.0349278 6.28386e-09
0.0350177 6.18853e-09
0.0351076 6.10134e-09
0.0351975 6.00801e-09
0.0352874 5.9276e-09
0.0353773 5.84554e-09
0.0354672 5.75871e-09
0.0355571 5.67025e-09
0.035647 5.58287e-09
0.0357369 5.49148e-09
0.0358268 5.41061e-09
0.0359167 5.33125e-09
0.0360066 5.25953e-09
0.0360965 5.18365e-09
0.0361865 5.11226e-09
0.0362764 5.0452e-09
0.0363663 4.96789e-09
0.0364562 4.89139e-09
0.0365461 4.81717e-09
0.036636 4.74179e-09
0.0367259 4.67135e-09
0.0368158 4.59997e-09
0.0369057 4.5331e-09
0.0369956 4.46598e-09
0.0370855 4.39538e-09
0.0371754 4.32785e-09
0.0372653 4.26668e-09
0.0373552 4.20559e-09
0.0374451 4.14097e-09
0.037535 4.07828e-09
0.0376249 4.01648e-09
0.0377148 3.95644e-09
0.0378047 3.90275e-09
0.0378946 3.84301e-09
0.0379845 3.78668e-09
0.0380744 3.72857e-09
0.0381643 3.67476e-09
0.0382542 3.62544e-09
0.0383441 3.57232e-09
0.0384341 3.52747e-09
0.038524 3.47161e-09
0.0386139 3.42186e-09
0.0387038 3.37515e-09
0.0387937 3.33133e-09
0.0388836 3.28494e-09
0.0389735 3.23632e-09
0.0390634 3.19185e-09
0.0391533 3.15306e-09
0.0392432 3.12165e-09
0.0393331 3.08003e-09
0.039423 3.03104e-09
0.0395129 2.97443e-09
0.0396028 2.91311e-09
0.0396927 2.86123e-09
0.0397826 2.81228e-09
0.0398725 2.76115e-09
0.0399624 2.70693e-09
0.0400523 2.65404e-09
0.0401422 2.60429e-09
0.0402321 2.55185e-09
0.040322 2.49781e-09
0.0404119 2.44327e-09
0.0405018 2.3855e-09
0.0405918 2.32466e-09
0.0406817 2.26165e-09
0.0407716 2.20457e-09
0.0408615 2.14274e-09
0.0409514 2.08229e-09
0.0410413 2.02404e-09
0.0411312 1.95862e-09
0.0412211 1.88967e-09
0.041311 1.82532e-09
0.0414009 1.75437e-09
0.0414908 1.69298e-09
0.0415807 1.62116e-09
0.0416706 1.5426e-09
0.0417605 1.46085e-09
0.0418504 1.39282e-09
0.0419403 1.32315e-09
0.0420302 1.24765e-09
0.0421201 1.15934e-09
0.04221 1.07078e-09
0.0422999 9.78009e-10
0.0423898 8.8327e-10
0.0424797 7.81378e-10
0.0425696 6.79344e-10
0.0426595 5.69555e-10
0.0427495 4.6354e-10
0.0428394 3.52391e-10
0.0429293 2.54833e-10
0.0430192 1.53784e-10
0.0431091 3.51063e-11
0.043199 -7.76924e-11
0.0432889 -1.98715e-10
0.0433788 -3.11721e-10
0.0434687 -4.34105e-10
0.0435586 -5.57042e-10
0.0436485 -6.866e-10
0.0437384 -8.11164e-10
0.0438283 -9.24725e-10
0.0439182 -1.0461e-09
0.0440081 -1.1628e-09
0.044098 -1.28297e-09
0.0441879 -1.39914e-09
0.0442778 -1.53295e-09
0.0443677 -1.66046e-09
0.0444576 -1.78322e-09
0.0445475 -1.91517e-09
0.0446374 -2.0311e-09
0.0447273 -2.15668e-09
0.0448172 -2.2859e-09
0.0449072 -2.41517e-09
0.0449971 -2.54105e-09
0.045087 -2.66878e-09
0.0451769 -2.80366e-09
0.0452668 -2.9475e-09
0.0453567 -3.08767e-09
0.0454466 -3.2076e-09
0.0455365 -3.34129e-09
0.0456264 -3.47909e-09
0.0457163 -3.6144e-09
0.0458062 -3.75567e-09
0.0458961 -3.88588e-09
0.045986 -4.04064e-09
0.0460759 -4.18853e-09
0.0461658 -4.34218e-09
0.0462557 -4.49027e-09
0.0463456 -4.62758e-09
0.0464355 -4.77913e-09
0.0465254 -4.93081e-09
0.0466153 -5.09001e-09
0.0467052 -5.24081e-09
0.0467951 -5.39317e-09
0.046885 -5.54473e-09
0.0469749 -5.68419e-09
0.0470649 -5.82626e-09
0.0471548 -5.97862e-09
0.0472447 -6.12005e-09
0.0473346 -6.26222e-09
0.0474245 -6.40476e-09
0.0475144 -6.5449e-09
0.0476043 -6.69036e-09
0.0476942 -6.83259e-09
0.0477841 -6.98473e-09
0.047874 -7.1279e-09
0.0479639 -7.27628e-09
0.0480538 -7.41004e-09
0.0481437 -7.54256e-09
0.0482336 -7.68103e-09
0.0483235 -7.832e-09
0.0484134 -7.97394e-09
0.0485033 -8.10761e-09
0.0485932 -8.2397e-09
0.0486831 -8.37449e-09
0.048773 -8.51896e-09
0.0488629 -8.67074e-09
0.0489528 -8.82855e-09
0.0490427 -8.98952e-09
0.0491326 -9.13932e-09
0.0492226 -9.29422e-09
0.0493125 -9.44979e-09
0.0494024 -9.61478e-09
0.0494923 -9.76689e-09
0.0495822 -9.91589e-09
0.0496721 -1.00581e-08
0.049762 -1.02012e-08
0.0498519 -1.03374e-08
0.0499418 -1.04736e-08
0.0500317 -1.06071e-08
0.0501216 -1.07463e-08
0.0502115 -1.0891e-08
0.0503014 -1.10291e-08
0.0503913 -1.11592e-08
0.0504812 -1.12866e-08
0.0505711 -1.1409e-08
0.050661 -1.15312e-08
0.0507509 -1.16528e-08
0.0508408 -1.17746e-08
0.0509307 -1.18887e-08
0.0510206 -1.20047e-08
0.0511105 -1.21277e-08
0.0512004 -1.22552e-08
0.0512903 -1.23681e-08
0.0513803 -1.24783e-08
0.0514702 -1.25866e-08
0.0515601 -1.27094e-08
0.05165 -1.28189e-08
0.0517399 -1.29434e-08
0.0518298 -1.30627e-08
0.0519197 -1.3189e-08
0.0520096 -1.33075e-08
0.0520995 -1.34234e-08
0.0521894 -1.35453e-08
0.0522793 -1.36631e-08
0.0523692 -1.37796e-08
0.0524591 -1.38933e-08
0.052549 -1.40139e-08
0.0526389 -1.41322e-08
0.0527288 -1.42425e-08
0.0528187 -1.43497e-08
0.0529086 -1.44628e-08
0.0529985 -1.45688e-08
0.0530884 -1.46763e-08
0.0531783 -1.47731e-08
0.0532682 -1.48677e-08
0.0533581 -1.4975e-08
0.053448 -1.50636e-08
0.053538 -1.5156e-08
0.0536279 -1.52476e-08
0.0537178 -1.53552e-08
0.0538077 -1.54497e-08
0.0538976 -1.55517e-08
0.0539875 -1.56552e-08
0.0540774 -1.57403e-08
0.0541673 -1.58332e-08
0.0542572 -1.59137e-08
0.0543471 -1.60045e-08
0.054437 -1.60927e-08
0.0545269 -1.61838e-08
0.0546168 -1.62719e-08
0.0547067 -1.63663e-08
0.0547966 -1.64505e-08
0.0548865 -1.65431e-08
0.0549764 -1.66304e-08
0.0550663 -1.67248e-08
0.0551562 -1.68308e-08
0.0552461 -1.69085e-08
0.055336 -1.69859e-08
0.0554259 -1.70662e-08
0.0555158 -1.71457e-08
0.0556057 -1.72424e-08
0.0556956 -1.73479e-08
0.0557856 -1.7436e-08
0.0558755 -1.75132e-08
0.0559654 -1.76003e-08
0.0560553 -1.76825e-08
0.0561452 -1.77704e-08
0.0562351 -1.78646e-08
0.056325 -1.79615e-08
0.0564149 -1.80529e-08
0.0565048 -1.81485e-08
0.0565947 -1.825e-08
0.0566846 -1.8351e-08
0.0567745 -1.84378e-08
0.0568644 -1.85296e-08
0.0569543 -1.86355e-08
0.0570442 -1.87223e-08
0.0571341 -1.88113e-08
0.057224 -1.88953e-08
0.0573139 -1.8973e-08
0.0574038 -1.90755e-08
0.0574937 -1.9163e-08
0.0575836 -1.92525e-08
0.0576735 -1.93533e-08
0.0577634 -1.9441e-08
0.0578533 -1.95321e-08
0.0579433 -1.96219e-08
0.0580332 -1.97174e-08
0.0581231 -1.97986e-08
0.058213 -1.98843e-08
0.0583029 -1.99934e-08
0.0583928 -2.01087e-08
0.0584827 -2.02018e-08
0.0585726 -2.02909e-08
0.0586625 -2.03825e-08
0.0587524 -2.05078e-08
0.0588423 -2.0586e-08
0.0589322 -2.06845e-08
0.0590221 -2.08045e-08
0.059112 -2.09055e-08
0.0592019 -2.10095e-08
0.0592918 -2.10977e-08
0.0593817 -2.12082e-08
0.0594716 -2.12992e-08
0.0595615 -2.13817e-08
0.0596514 -2.14791e-08
0.0597413 -2.15844e-08
0.0598312 -2.16751e-08
0.0599211 -2.17827e-08
0.060011 -2.18729e-08
0.060101 -2.19709e-08
0.0601909 -2.20661e-08
0.0602808 -2.21615e-08
0.0603707 -2.22565e-08
0.0604606 -2.23522e-08
0.0605505 -2.24462e-08
0.0606404 -2.25214e-08
0.0607303 -2.25978e-08
0.0608202 -2.26865e-08
0.0609101 -2.27783e-08
0.061 -2.28842e-08
0.0610899 -2.29766e-08
0.0611798 -2.30713e-08
0.0612697 -2.31878e-08
0.0613596 -2.32944e-08
0.0614495 -2.34049e-08
0.0615394 -2.35179e-08
0.0616293 -2.36213e-08
0.0617192 -2.37238e-08
0.0618091 -2.38111e-08
0.061899 -2.39146e-08
0.0619889 -2.4008e-08
0.0620788 -2.41031e-08
0.0621687 -2.41938e-08
0.0622587 -2.42753e-08
0.0623486 -2.43751e-08
0.0624385 -2.44639e-08
0.0625284 -2.45292e-08
0.0626183 -2.45997e-08
0.0627082 -2.4707e-08
0.0627981 -2.47899e-08
0.062888 -2.48673e-08
0.0629779 -2.49579e-08
0.0630678 -2.50491e-08
0.0631577 -2.51454e-08
0.0632476 -2.52294e-08
0.0633375 -2.53025e-08
0.0634274 -2.53771e-08
0.0635173 -2.54611e-08
0.0636072 -2.55493e-08
0.0636971 -2.56428e-08
0.063787 -2.57531e-08
0.0638769 -2.5841e-08
0.0639668 -2.59241e-08
0.0640567 -2.60218e-08
0.0641466 -2.61086e-08
0.0642365 -2.62186e-08
0.0643264 -2.6326e-08
0.0644164 -2.64273e-08
0.0645063 -2.65121e-08
0.0645962 -2.66159e-08
0.0646861 -2.67316e-08
0.064776 -2.68753e-08
0.0648659 -2.69988e-08
0.0649558 -2.7112e-08
0.0650457 -2.72308e-08
0.0651356 -2.73416e-08
0.0652255 -2.74737e-08
0.0653154 -2.76202e-08
0.0654053 -2.77474e-08
0.0654952 -2.78789e-08
0.0655851 -2.80008e-08
0.065675 -2.81429e-08
0.0657649 -2.82794e-08
0.0658548 -2.83984e-08
0.0659447 -2.85294e-08
0.0660346 -2.86714e-08
0.0661245 -2.88066e-08
0.0662144 -2.89493e-08
0.0663043 -2.90964e-08
0.0663942 -2.9236e-08
0.0664841 -2.93629e-08
0.0665741 -2.94957e-08
0.066664 -2.96218e-08
0.0667539 -2.97564e-08
0.0668438 -2.98779e-08
0.0669337 -3.00008e-08
0.0670236 -3.01364e-08
0.0671135 -3.02572e-08
0.0672034 -3.03783e-08
0.0672933 -3.05169e-08
0.0673832 -3.06167e-08
0.0674731 -3.0765e-08
0.067563 -3.09173e-08
0.0676529 -3.10665e-08
0.0677428 -3.12184e-08
0.0678327 -3.13703e-08
0.0679226 -3.15458e-08
0.0680125 -3.16914e-08
0.0681024 -3.18525e-08
0.0681923 -3.2014e-08
0.0682822 -3.21681e-08
0.0683721 -3.23063e-08
0.068462 -3.2445e-08
0.0685519 -3.25728e-08
0.0686418 -3.2704e-08
0.0687318 -3.28459e-08
0.0688217 -3.298e-08
0.0689116 -3.31353e-08
0.0690015 -3.32938e-08
0.0690914 -3.34331e-08
0.0691813 -3.35872e-08
0.0692712 -3.37222e-08
0.0693611 -3.38446e-08
0.069451 -3.39645e-08
0.0695409 -3.4114e-08
0.0696308 -3.42419e-08
0.0697207 -3.43529e-08
0.0698106 -3.4485e-08
0.0699005 -3.46304e-08
0.0699904 -3.47506e-08
0.0700803 -3.48798e-08
0.0701702 -3.49923e-08
0.0702601 -3.50899e-08
0.07035 -3.52211e-08
0.0704399 -3.53575e-08
0.0705298 -3.54783e-08
0.0706197 -3.56281e-08
0.0707096 -3.57869e-08
0.0707995 -3.59425e-08
0.0708895 -3.60688e-08
0.0709794 -3.61949e-08
0.0710693 -3.63329e-08
0.0711592 -3.64711e-08
0.0712491 -3.65943e-08
0.071339 -3.67386e-08
0.0714289 -3.6868e-08
0.0715188 -3.6987e-08
0.0716087 -3.71212e-08
0.0716986 -3.72508e-08
0.0717885 -3.73584e-08
0.0718784 -3.74604e-08
0.0719683 -3.76068e-08
0.0720582 -3.77333e-08
0.0721481 -3.78501e-08
0.072238 -3.79692e-08
0.0723279 -3.80782e-08
0.0724178 -3.81861e-08
0.0725077 -3.82634e-08
0.0725976 -3.83469e-08
0.0726875 -3.84227e-08
0.0727774 -3.84948e-08
0.0728673 -3.85667e-08
0.0729572 -3.86461e-08
0.0730472 -3.87166e-08
0.0731371 -3.87732e-08
0.073227 -3.88564e-08
0.0733169 -3.89654e-08
0.0734068 -3.90772e-08
0.0734967 -3.92107e-08
0.0735866 -3.93377e-08
0.0736765 -3.9465e-08
0.0737664 -3.95792e-08
0.0738563 -3.96886e-08
0.0739462 -3.98174e-08
0.0740361 -3.98993e-08
0.074126 -4.00345e-08
0.0742159 -4.01508e-08
0.0743058 -4.0269e-08
0.0743957 -4.03931e-08
0.0744856 -4.05161e-08
0.0745755 -4.05839e-08
0.0746654 -4.0688e-08
0.0747553 -4.0778e-08
0.0748452 -4.08717e-08
0.0749351 -4.09567e-08
0.075025 -4.10781e-08
0.0751149 -4.11529e-08
0.0752048 -4.12329e-08
0.0752948 -4.13127e-08
0.0753847 -4.13932e-08
0.0754746 -4.14398e-08
0.0755645 -4.15137e-08
0.0756544 -4.16057e-08
0.0757443 -4.16841e-08
0.0758342 -4.17897e-08
0.0759241 -4.18789e-08
0.076014 -4.19819e-08
0.0761039 -4.20376e-08
0.0761938 -4.20963e-08
0.0762837 -4.21517e-08
0.0763736 -4.21959e-08
0.0764635 -4.22574e-08
0.0765534 -4.22867e-08
0.0766433 -4.23206e-08
0.0767332 -4.23529e-08
0.0768231 -4.23847e-08
0.076913 -4.24353e-08
0.0770029 -4.25023e-08
0.0770928 -4.25575e-08
0.0771827 -4.26649e-08
0.0772726 -4.27647e-08
0.0773625 -4.28428e-08
0.0774525 -4.29352e-08
0.0775424 -4.3017e-08
0.0776323 -4.30772e-08
0.0777222 -4.31617e-08
0.0778121 -4.3279e-08
0.077902 -4.3383e-08
0.0779919 -4.34954e-08
0.0780818 -4.35788e-08
0.0781717 -4.36497e-08
0.0782616 -4.37504e-08
0.0783515 -4.3843e-08
0.0784414 -4.39543e-08
0.0785313 -4.4067e-08
0.0786212 -4.41742e-08
0.0787111 -4.42524e-08
0.078801 -4.43603e-08
0.0788909 -4.44373e-08
0.0789808 -4.45286e-08
0.0790707 -4.45992e-08
0.0791606 -4.46457e-08
0.0792505 -4.47125e-08
0.0793404 -4.47263e-08
0.0794303 -4.4725e-08
0.0795202 -4.47694e-08
0.0796102 -4.47992e-08
0.0797001 -4.48907e-08
0.07979 -4.4944e-08
0.0798799 -4.50053e-08
0.0799698 -4.51657e-08
0.0800597 -4.53172e-08
0.0801496 -4.54142e-08
0.0802395 -4.5572e-08
0.0803294 -4.56894e-08
0.0804193 -4.58332e-08
0.0805092 -4.59642e-08
0.0805991 -4.60865e-08
0.080689 -4.62393e-08
0.0807789 -4.63573e-08
0.0808688 -4.65117e-08
0.0809587 -4.65823e-08
0.0810486 -4.66794e-08
0.0811385 -4.67423e-08
0.0812284 -4.68832e-08
0.0813183 -4.69894e-08
0.0814082 -4.71162e-08
0.0814981 -4.72299e-08
0.081588 -4.73858e-08
0.0816779 -4.74918e-08
0.0817679 -4.75926e-08
0.0818578 -4.76832e-08
0.0819477 -4.77834e-08
0.0820376 -4.79377e-08
0.0821275 -4.8048e-08
0.0822174 -4.81338e-08
0.0823073 -4.82338e-08
0.0823972 -4.83481e-08
0.0824871 -4.84514e-08
0.082577 -4.86009e-08
0.0826669 -4.87661e-08
0.0827568 -4.89402e-08
0.0828467 -4.90884e-08
0.0829366 -4.92267e-08
0.0830265 -4.93715e-08
0.0831164 -4.94669e-08
0.0832063 -4.96325e-08
0.0832962 -4.97772e-08
0.0833861 -4.98819e-08
0.083476 -5.00385e-08
0.0835659 -5.01331e-08
0.0836558 -5.02533e-08
0.0837457 -5.03814e-08
0.0838356 -5.05144e-08
0.0839256 -5.06791e-08
0.0840155 -5.08125e-08
0.0841054 -5.0993e-08
0.0841953 -5.1115e-08
0.0842852 -5.12954e-08
0.0843751 -5.14844e-08
0.084465 -5.16444e-08
0.0845549 -5.17721e-08
0.0846448 -5.19391e-08
0.0847347 -5.20974e-08
0.0848246 -5.22725e-08
0.0849145 -5.24511e-08
0.0850044 -5.26793e-08
0.0850943 -5.28775e-08
0.0851842 -5.30669e-08
0.0852741 -5.32799e-08
0.085364 -5.34432e-08
0.0854539 -5.3628e-08
0.0855438 -5.3802e-08
0.0856337 -5.40137e-08
0.0857236 -5.41362e-08
0.0858135 -5.42371e-08
0.0859034 -5.43949e-08
0.0859933 -5.45002e-08
0.0860833 -5.46158e-08
0.0861732 -5.47164e-08
0.0862631 -5.48762e-08
0.086353 -5.49246e-08
0.0864429 -5.5072e-08
0.0865328 -5.52308e-08
0.0866227 -5.53483e-08
0.0867126 -5.54712e-08
0.0868025 -5.56452e-08
0.0868924 -5.58166e-08
0.0869823 -5.59309e-08
0.0870722 -5.60535e-08
0.0871621 -5.61808e-08
0.087252 -5.62887e-08
0.0873419 -5.64165e-08
0.0874318 -5.65593e-08
0.0875217 -5.66527e-08
0.0876116 -5.67649e-08
0.0877015 -5.69381e-08
0.0877914 -5.70694e-08
0.0878813 -5.72392e-08
0.0879712 -5.73774e-08
0.0880611 -5.74915e-08
0.088151 -5.7636e-08
0.088241 -5.7733e-08
0.0883309 -5.78186e-08
0.0884208 -5.79932e-08
0.0885107 -5.81583e-08
0.0886006 -5.82805e-08
0.0886905 -5.84417e-08
0.0887804 -5.85489e-08
0.0888703 -5.87101e-08
0.0889602 -5.87912e-08
0.0890501 -5.89219e-08
0.08914 -5.90759e-08
0.0892299 -5.92361e-08
0.0893198 -5.94435e-08
0.0894097 -5.95731e-08
0.0894996 -5.96936e-08
0.0895895 -5.98764e-08
0.0896794 -6.00117e-08
0.0897693 -6.01478e-08
0.0898592 -6.02647e-08
0.0899491 -6.04064e-08
0.090039 -6.06141e-08
0.0901289 -6.07869e-08
0.0902188 -6.09251e-08
0.0903087 -6.10834e-08
0.0903987 -6.12068e-08
0.0904886 -6.13204e-08
0.0905785 -6.14231e-08
0.0906684 -6.15084e-08
0.0907583 -6.15913e-08
0.0908482 -6.15893e-08
0.0909381 -6.16015e-08
0.091028 -6.16369e-08
0.0911179 -6.16863e-08
0.0912078 -6.17547e-08
0.0912977 -6.17846e-08
0.0913876 -6.18056e-08
0.0914775 -6.18706e-08
0.0915674 -6.1957e-08
0.0916573 -6.20357e-08
0.0917472 -6.21611e-08
0.0918371 -6.22475e-08
0.091927 -6.24094e-08
0.0920169 -6.25505e-08
0.0921068 -6.26372e-08
0.0921967 -6.27479e-08
0.0922866 -6.28617e-08
0.0923765 -6.30022e-08
0.0924664 -6.31673e-08
0.0925564 -6.33253e-08
0.0926463 -6.34194e-08
0.0927362 -6.34897e-08
0.0928261 -6.36097e-08
0.092916 -6.37683e-08
0.0930059 -6.38459e-08
0.0930958 -6.39912e-08
0.0931857 -6.41033e-08
0.0932756 -6.41267e-08
0.0933655 -6.42021e-08
0.0934554 -6.42467e-08
0.0935453 -6.4248e-08
0.0936352 -6.42679e-08
0.0937251 -6.4273e-08
0.093815 -6.42756e-08
0.0939049 -6.43079e-08
0.0939948 -6.43873e-08
0.0940847 -6.4462e-08
0.0941746 -6.44434e-08
0.0942645 -6.44829e-08
0.0943544 -6.45236e-08
0.0944443 -6.45858e-08
0.0945342 -6.46828e-08
0.0946241 -6.47274e-08
0.094714 -6.47822e-08
0.094804 -6.48466e-08
0.0948939 -6.48473e-08
0.0949838 -6.48794e-08
0.0950737 -6.48684e-08
0.0951636 -6.49624e-08
0.0952535 -6.50154e-08
0.0953434 -6.50822e-08
0.0954333 -6.51229e-08
0.0955232 -6.51165e-08
0.0956131 -6.51202e-08
0.095703 -6.51545e-08
0.0957929 -6.52232e-08
0.0958828 -6.52784e-08
0.0959727 -6.53833e-08
0.0960626 -6.54692e-08
0.0961525 -6.55665e-08
0.0962424 -6.55078e-08
0.0963323 -6.55441e-08
0.0964222 -6.55706e-08
0.0965121 -6.56597e-08
0.096602 -6.56869e-08
0.0966919 -6.5755e-08
0.0967818 -6.58936e-08
0.0968717 -6.59385e-08
0.0969617 -6.59757e-08
0.0970516 -6.59972e-08
0.0971415 -6.60255e-08
0.0972314 -6.61176e-08
0.0973213 -6.62839e-08
0.0974112 -6.63578e-08
0.0975011 -6.636e-08
0.097591 -6.63904e-08
0.0976809 -6.64104e-08
0.0977708 -6.63063e-08
0.0978607 -6.62352e-08
0.0979506 -6.62308e-08
0.0980405 -6.62844e-08
0.0981304 -6.63246e-08
0.0982203 -6.62953e-08
0.0983102 -6.62905e-08
0.0984001 -6.63084e-08
0.09849 -6.63337e-08
0.0985799 -6.63922e-08
0.0986698 -6.64523e-08
0.0987597 -6.65705e-08
0.0988496 -6.67703e-08
0.0989395 -6.69688e-08
0.0990294 -6.71226e-08
0.0991194 -6.71068e-08
0.0992093 -6.71246e-08
0.0992992 -6.7173e-08
0.0993891 -6.72877e-08
0.099479 -6.73124e-08
0.0995689 -6.74111e-08
0.0996588 -6.74638e-08
0.0997487 -6.75318e-08
0.0998386 -6.76302e-08
0.0999285 -6.76115e-08
0.100018 -6.76335e-08
0.100108 -6.77107e-08
0.100198 -6.77849e-08
0.100288 -6.79689e-08
0.100378 -6.80381e-08
0.100468 -6.79979e-08
0.100558 -6.80944e-08
0.100648 -6.81227e-08
0.100738 -6.8191e-08
0.100828 -6.82693e-08
0.100917 -6.82291e-08
0.101007 -6.82887e-08
0.101097 -6.82366e-08
0.101187 -6.83507e-08
0.101277 -6.83443e-08
0.101367 -6.8278e-08
0.101457 -6.83624e-08
0.101547 -6.85206e-08
0.101637 -6.86331e-08
0.101727 -6.87424e-08
0.101816 -6.88292e-08
0.101906 -6.90051e-08
0.101996 -6.91918e-08
0.102086 -6.92975e-08
0.102176 -6.95165e-08
0.102266 -6.96851e-08
0.102356 -6.98993e-08
0.102446 -7.00615e-08
0.102536 -7.02833e-08
0.102626 -7.02794e-08
0.102716 -7.03618e-08
0.102805 -7.04736e-08
0.102895 -7.05726e-08
0.102985 -7.06261e-08
0.103075 -7.0731e-08
0.103165 -7.08183e-08
0.103255 -7.09061e-08
0.103345 -7.10328e-08
0.103435 -7.11577e-08
0.103525 -7.12408e-08
0.103615 -7.13606e-08
0.103704 -7.15051e-08
0.103794 -7.15542e-08
0.103884 -7.15308e-08
0.103974 -7.16533e-08
0.104064 -7.1583e-08
0.104154 -7.15802e-08
0.104244 -7.153e-08
0.104334 -7.1436e-08
0.104424 -7.14334e-08
0.104514 -7.14952e-08
0.104604 -7.15409e-08
0.104693 -7.14765e-08
0.104783 -7.16827e-08
0.104873 -7.17981e-08
0.104963 -7.19715e-08
0.105053 -7.21265e-08
0.105143 -7.23934e-08
0.105233 -7.25846e-08
0.105323 -7.27998e-08
0.105413 -7.29326e-08
0.105503 -7.31289e-08
0.105592 -7.32282e-08
0.105682 -7.33375e-08
0.105772 -7.35022e-08
0.105862 -7.35709e-08
0.105952 -7.36571e-08
0.106042 -7.3701e-08
0.106132 -7.38126e-08
0.106222 -7.39741e-08
0.106312 -7.41942e-08
0.106402 -7.43939e-08
0.106491 -7.44655e-08
0.106581 -7.45183e-08
0.106671 -7.47256e-08
0.106761 -7.48498e-08
0.106851 -7.49339e-08
0.106941 -7.49364e-08
0.107031 -7.50865e-08
0.107121 -7.49262e-08
0.107211 -7.4951e-08
0.107301 -7.4792e-08
0.107391 -7.4561e-08
0.10748 -7.43835e-08
0.10757 -7.4194e-08
0.10766 -7.40529e-08
0.10775 -7.39391e-08
0.10784 -7.38825e-08
0.10793 -7.36925e-08
0.10802 -7.36034e-08
0.10811 -7.35591e-08
0.1082 -7.36863e-08
0.10829 -7.36611e-08
0.108379 -7.38265e-08
0.108469 -7.40131e-08
0.108559 -7.41577e-08
0.108649 -7.43335e-08
0.108739 -7.44228e-08
0.108829 -7.44686e-08
0.108919 -7.46482e-08
0.109009 -7.49956e-08
0.109099 -7.53676e-08
0.109189 -7.55973e-08
0.109279 -7.57428e-08
0.109368 -7.58084e-08
0.109458 -7.58161e-08
0.109548 -7.60922e-08
0.109638 -7.61954e-08
0.109728 -7.64439e-08
0.109818 -7.66769e-08
0.109908 -7.67379e-08
0.109998 -7.66784e-08
0.110088 -7.66301e-08
0.110178 -7.64393e-08
0.110267 -7.64035e-08
0.110357 -7.62837e-08
0.110447 -7.62586e-08
0.110537 -7.59455e-08
0.110627 -7.56457e-08
0.110717 -7.53387e-08
0.110807 -7.51445e-08
0.110897 -7.48892e-08
0.110987 -7.4796e-08
0.111077 -7.47228e-08
0.111167 -7.47804e-08
0.111256 -7.49901e-08
0.111346 -7.51565e-08
0.111436 -7.52861e-08
0.111526 -7.55386e-08
0.111616 -7.58409e-08
0.111706 -7.60955e-08
0.111796 -7.63494e-08
0.111886 -7.64518e-08
0.111976 -7.66421e-08
0.112066 -7.68004e-08
0.112155 -7.68319e-08
0.112245 -7.67552e-08
0.112335 -7.66818e-08
0.112425 -7.65532e-08
0.112515 -7.66814e-08
0.112605 -7.66774e-08
0.112695 -7.66055e-08
0.112785 -7.68064e-08
0.112875 -7.69464e-08
0.112965 -7.70549e-08
0.113054 -7.73806e-08
0.113144 -7.75366e-08
0.113234 -7.77454e-08
0.113324 -7.77394e-08
0.113414 -7.7671e-08
0.113504 -7.7804e-08
0.113594 -7.7582e-08
0.113684 -7.75133e-08
0.113774 -7.75049e-08
0.113864 -7.73889e-08
0.113954 -7.73484e-08
0.114043 -7.71736e-08
0.114133 -7.68957e-08
0.114223 -7.6759e-08
0.114313 -7.66206e-08
0.114403 -7.66992e-08
0.114493 -7.68571e-08
0.114583 -7.67286e-08
0.114673 -7.6789e-08
0.114763 -7.66356e-08
0.114853 -7.66146e-08
0.114942 -7.64986e-08
0.115032 -7.6538e-08
0.115122 -7.65209e-08
0.115212 -7.64205e-08
0.115302 -7.64403e-08
0.115392 -7.64546e-08
0.115482 -7.63868e-08
0.115572 -7.64851e-08
0.115662 -7.67444e-08
0.115752 -7.70295e-08
0.115842 -7.72907e-08
0.115931 -7.76669e-08
0.116021 -7.79936e-08
0.116111 -7.80609e-08
0.116201 -7.83073e-08
0.116291 -7.85933e-08
0.116381 -7.88153e-08
0.116471 -7.88271e-08
0.116561 -7.88341e-08
0.116651 -7.87743e-08
0.116741 -7.8508e-08
0.11683 -7.84195e-08
0.11692 -7.82197e-08
0.11701 -7.78609e-08
0.1171 -7.77683e-08
0.11719 -7.77216e-08
0.11728 -7.77574e-08
0.11737 -7.75013e-08
0.11746 -7.73556e-08
0.11755 -7.72251e-08
0.11764 -7.70478e-08
0.11773 -7.68682e-08
0.117819 -7.67519e-08
0.117909 -7.65837e-08
0.117999 -7.64819e-08
0.118089 -7.61824e-08
0.118179 -7.61904e-08
0.118269 -7.60037e-08
0.118359 -7.5766e-08
0.118449 -7.57292e-08
0.118539 -7.57396e-08
0.118629 -7.57315e-08
0.118718 -7.6074e-08
0.118808 -7.64635e-08
0.118898 -7.6792e-08
0.118988 -7.71166e-08
0.119078 -7.72942e-08
0.119168 -7.73959e-08
0.119258 -7.75125e-08
0.119348 -7.75977e-08
0.119438 -7.77218e-08
0.119528 -7.77961e-08
0.119617 -7.76308e-08
0.119707 -7.75188e-08
0.119797 -7.71232e-08
0.119887 -7.69144e-08
0.119977 -7.66041e-08
0.120067 -7.65824e-08
0.120157 -7.62691e-08
0.120247 -7.6042e-08
0.120337 -7.58936e-08
0.120427 -7.59611e-08
0.120517 -7.58012e-08
0.120606 -7.5761e-08
0.120696 -7.59915e-08
0.120786 -7.61459e-08
0.120876 -7.60937e-08
0.120966 -7.61093e-08
0.121056 -7.58393e-08
0.121146 -7.5564e-08
0.121236 -7.56334e-08
0.121326 -7.57454e-08
0.121416 -7.56485e-08
0.121505 -7.53613e-08
0.121595 -7.53427e-08
0.121685 -7.53386e-08
0.121775 -7.51754e-08
0.121865 -7.50598e-08
0.121955 -7.50481e-08
0.122045 -7.50363e-08
0.122135 -7.50983e-08
0.122225 -7.52444e-08
0.122315 -7.53391e-08
0.122405 -7.51843e-08
0.122494 -7.49995e-08
0.122584 -7.51363e-08
0.122674 -7.49815e-08
0.122764 -7.48741e-08
0.122854 -7.48463e-08
0.122944 -7.49224e-08
0.123034 -7.47557e-08
0.123124 -7.47954e-08
0.123214 -7.51887e-08
0.123304 -7.51814e-08
0.123393 -7.50815e-08
0.123483 -7.5419e-08
0.123573 -7.56919e-08
0.123663 -7.55956e-08
0.123753 -7.54407e-08
0.123843 -7.55692e-08
0.123933 -7.54885e-08
0.124023 -7.56364e-08
0.124113 -7.56358e-08
0.124203 -7.51237e-08
0.124293 -7.44792e-08
0.124382 -7.4321e-08
0.124472 -7.38479e-08
0.124562 -7.36525e-08
0.124652 -7.33494e-08
0.124742 -7.33627e-08
0.124832 -7.3302e-08
0.124922 -7.34642e-08
0.125012 -7.28583e-08
0.125102 -7.23408e-08
0.125192 -7.23399e-08
0.125281 -7.25693e-08
0.125371 -7.26042e-08
0.125461 -7.28309e-08
0.125551 -7.30713e-08
0.125641 -7.30949e-08
0.125731 -7.30119e-08
0.125821 -7.30012e-08
0.125911 -7.29127e-08
0.126001 -7.32813e-08
0.126091 -7.39449e-08
0.126181 -7.46228e-08
0.12627 -7.48953e-08
0.12636 -7.51477e-08
0.12645 -7.51883e-08
0.12654 -7.51572e-08
0.12663 -7.51259e-08
0.12672 -7.53454e-08
0.12681 -7.58505e-08
0.1269 -7.58819e-08
0.12699 -7.60723e-08
0.12708 -7.59041e-08
0.127169 -7.56284e-08
0.127259 -7.45984e-08
0.127349 -7.41895e-08
0.127439 -7.32889e-08
0.127529 -7.30908e-08
0.127619 -7.2554e-08
0.127709 -7.23782e-08
0.127799 -7.16346e-08
0.127889 -7.09569e-08
0.127979 -7.04792e-08
0.128068 -7.01379e-08
0.128158 -6.9816e-08
0.128248 -7.01574e-08
0.128338 -6.99021e-08
0.128428 -6.99867e-08
0.128518 -7.00763e-08
0.128608 -7.03797e-08
0.128698 -7.08173e-08
0.128788 -7.09441e-08
0.128878 -7.10521e-08
0.128968 -7.15699e-08
0.129057 -7.20662e-08
0.129147 -7.27248e-08
0.129237 -7.29822e-08
0.129327 -7.35346e-08
0.129417 -7.43933e-08
0.129507 -7.46725e-08
0.129597 -7.5758e-08
0.129687 -7.59289e-08
0.129777 -7.6029e-08
0.129867 -7.61962e-08
0.129956 -7.61649e-08
0.130046 -7.56176e-08
0.130136 -7.5204e-08
0.130226 -7.46624e-08
0.130316 -7.38585e-08
0.130406 -7.31775e-08
0.130496 -7.22084e-08
0.130586 -7.09832e-08
0.130676 -7.0075e-08
0.130766 -6.97152e-08
0.130856 -6.88255e-08
0.130945 -6.84351e-08
0.131035 -6.82857e-08
0.131125 -6.83963e-08
0.131215 -6.79273e-08
0.131305 -6.8166e-08
0.131395 -6.83264e-08
0.131485 -6.81681e-08
0.131575 -6.86443e-08
0.131665 -6.89697e-08
0.131755 -6.9362e-08
0.131844 -6.93792e-08
0.131934 -6.95708e-08
0.132024 -6.96299e-08
0.132114 -6.96961e-08
0.132204 -6.99937e-08
0.132294 -7.05376e-08
0.132384 -7.05766e-08
0.132474 -7.07167e-08
0.132564 -7.07056e-08
0.132654 -7.06681e-08
0.132744 -7.08923e-08
0.132833 -7.07548e-08
0.132923 -7.08121e-08
0.133013 -7.07739e-08
0.133103 -7.09359e-08
0.133193 -7.04946e-08
0.133283 -7.00854e-08
0.133373 -6.99379e-08
0.133463 -6.9652e-08
0.133553 -6.95016e-08
0.133643 -6.9447e-08
0.133732 -6.90476e-08
0.133822 -6.89562e-08
0.133912 -6.91557e-08
0.134002 -6.86049e-08
0.134092 -6.83934e-08
0.134182 -6.78162e-08
0.134272 -6.77281e-08
0.134362 -6.7438e-08
0.134452 -6.71888e-08
0.134542 -6.69308e-08
0.134631 -6.68231e-08
0.134721 -6.63823e-08
0.134811 -6.65007e-08
