-0.134811 -6.00394e-08
-0.134721 -5.90691e-08
-0.134631 -5.86246e-08
-0.134542 -5.78088e-08
-0.134452 -5.70545e-08
-0.134362 -5.62886e-08
-0.134272 -5.54286e-08
-0.134182 -5.50569e-08
-0.134092 -5.47812e-08
-0.134002 -5.47954e-08
-0.133912 -5.51688e-08
-0.133822 -5.51376e-08
-0.133732 -5.5056e-08
-0.133642 -5.51569e-08
-0.133553 -5.50141e-08
-0.133463 -5.55623e-08
-0.133373 -5.63069e-08
-0.133283 -5.75044e-08
-0.133193 -5.83111e-08
-0.133103 -5.89914e-08
-0.133013 -5.93866e-08
-0.132923 -5.93563e-08
-0.132833 -5.86484e-08
-0.132743 -5.77142e-08
-0.132654 -5.67326e-08
-0.132564 -5.58395e-08
-0.132474 -5.44775e-08
-0.132384 -5.36186e-08
-0.132294 -5.26652e-08
-0.132204 -5.20349e-08
-0.132114 -5.14903e-08
-0.132024 -5.15317e-08
-0.131934 -5.17424e-08
-0.131844 -5.2056e-08
-0.131754 -5.2516e-08
-0.131665 -5.31721e-08
-0.131575 -5.33625e-08
-0.131485 -5.45892e-08
-0.131395 -5.56224e-08
-0.131305 -5.63396e-08
-0.131215 -5.66335e-08
-0.131125 -5.69607e-08
-0.131035 -5.68438e-08
-0.130945 -5.61867e-08
-0.130855 -5.547e-08
-0.130766 -5.57045e-08
-0.130676 -5.52699e-08
-0.130586 -5.45469e-08
-0.130496 -5.41755e-08
-0.130406 -5.32925e-08
-0.130316 -5.24463e-08
-0.130226 -5.15914e-08
-0.130136 -5.14156e-08
-0.130046 -5.13067e-08
-0.129956 -5.13643e-08
-0.129867 -5.21259e-08
-0.129777 -5.23462e-08
-0.129687 -5.21496e-08
-0.129597 -5.25544e-08
-0.129507 -5.27207e-08
-0.129417 -5.28449e-08
-0.129327 -5.27017e-08
-0.129237 -5.30532e-08
-0.129147 -5.30558e-08
-0.129057 -5.2633e-08
-0.128967 -5.2416e-08
-0.128878 -5.23443e-08
-0.128788 -5.24508e-08
-0.128698 -5.2694e-08
-0.128608 -5.28879e-08
-0.128518 -5.29578e-08
-0.128428 -5.34687e-08
-0.128338 -5.42035e-08
-0.128248 -5.50801e-08
-0.128158 -5.53551e-08
-0.128068 -5.64041e-08
-0.127979 -5.73293e-08
-0.127889 -5.79779e-08
-0.127799 -5.81253e-08
-0.127709 -5.82513e-08
-0.127619 -5.82462e-08
-0.127529 -5.82909e-08
-0.127439 -5.80515e-08
-0.127349 -5.79433e-08
-0.127259 -5.77806e-08
-0.127169 -5.80563e-08
-0.127079 -5.81651e-08
-0.12699 -5.77016e-08
-0.1269 -5.75627e-08
-0.12681 -5.76472e-08
-0.12672 -5.7726e-08
-0.12663 -5.78581e-08
-0.12654 -5.84814e-08
-0.12645 -5.87921e-08
-0.12636 -5.92248e-08
-0.12627 -5.95936e-08
-0.12618 -5.97924e-08
-0.126091 -5.95978e-08
-0.126001 -5.97216e-08
-0.125911 -5.98531e-08
-0.125821 -5.97648e-08
-0.125731 -5.94829e-08
-0.125641 -5.96899e-08
-0.125551 -5.87647e-08
-0.125461 -5.80648e-08
-0.125371 -5.72504e-08
-0.125281 -5.68338e-08
-0.125191 -5.62115e-08
-0.125102 -5.58105e-08
-0.125012 -5.56947e-08
-0.124922 -5.57934e-08
-0.124832 -5.48776e-08
-0.124742 -5.47653e-08
-0.124652 -5.4469e-08
-0.124562 -5.45172e-08
-0.124472 -5.45975e-08
-0.124382 -5.4494e-08
-0.124292 -5.41351e-08
-0.124203 -5.39297e-08
-0.124113 -5.43883e-08
-0.124023 -5.47821e-08
-0.123933 -5.49448e-08
-0.123843 -5.55447e-08
-0.123753 -5.62569e-08
-0.123663 -5.69554e-08
-0.123573 -5.77735e-08
-0.123483 -5.82379e-08
-0.123393 -5.89552e-08
-0.123304 -5.96624e-08
-0.123214 -6.05485e-08
-0.123124 -6.10075e-08
-0.123034 -6.10823e-08
-0.122944 -6.14762e-08
-0.122854 -6.15022e-08
-0.122764 -6.17256e-08
-0.122674 -6.21812e-08
-0.122584 -6.23729e-08
-0.122494 -6.24981e-08
-0.122404 -6.30254e-08
-0.122315 -6.3402e-08
-0.122225 -6.36421e-08
-0.122135 -6.40474e-08
-0.122045 -6.50277e-08
-0.121955 -6.59892e-08
-0.121865 -6.66837e-08
-0.121775 -6.78297e-08
-0.121685 -6.82102e-08
-0.121595 -6.8539e-08
-0.121505 -6.89592e-08
-0.121416 -6.92946e-08
-0.121326 -6.94582e-08
-0.121236 -6.93866e-08
-0.121146 -6.90731e-08
-0.121056 -6.83504e-08
-0.120966 -6.72919e-08
-0.120876 -6.58373e-08
-0.120786 -6.40725e-08
-0.120696 -6.15639e-08
-0.120606 -5.98683e-08
-0.120516 -5.85605e-08
-0.120427 -5.75082e-08
-0.120337 -5.70421e-08
-0.120247 -5.67836e-08
-0.120157 -5.71867e-08
-0.120067 -5.81696e-08
-0.119977 -5.85814e-08
-0.119887 -5.92277e-08
-0.119797 -5.99767e-08
-0.119707 -6.09924e-08
-0.119617 -6.17382e-08
-0.119528 -6.23423e-08
-0.119438 -6.28446e-08
-0.119348 -6.32848e-08
-0.119258 -6.3354e-08
-0.119168 -6.32119e-08
-0.119078 -6.29283e-08
-0.118988 -6.25181e-08
-0.118898 -6.20497e-08
-0.118808 -6.18077e-08
-0.118718 -6.15493e-08
-0.118628 -6.1439e-08
-0.118539 -6.15921e-08
-0.118449 -6.16525e-08
-0.118359 -6.20202e-08
-0.118269 -6.23696e-08
-0.118179 -6.29614e-08
-0.118089 -6.36622e-08
-0.117999 -6.47323e-08
-0.117909 -6.572e-08
-0.117819 -6.68062e-08
-0.117729 -6.77567e-08
-0.11764 -6.85363e-08
-0.11755 -6.91891e-08
-0.11746 -6.98187e-08
-0.11737 -7.03284e-08
-0.11728 -7.06791e-08
-0.11719 -7.1033e-08
-0.1171 -7.13771e-08
-0.11701 -7.1409e-08
-0.11692 -7.14983e-08
-0.11683 -7.17119e-08
-0.116741 -7.16455e-08
-0.116651 -7.19434e-08
-0.116561 -7.23597e-08
-0.116471 -7.27797e-08
-0.116381 -7.33347e-08
-0.116291 -7.37547e-08
-0.116201 -7.41509e-08
-0.116111 -7.47744e-08
-0.116021 -7.53996e-08
-0.115931 -7.60243e-08
-0.115841 -7.6366e-08
-0.115752 -7.67718e-08
-0.115662 -7.69709e-08
-0.115572 -7.68385e-08
-0.115482 -7.65836e-08
-0.115392 -7.66749e-08
-0.115302 -7.63977e-08
-0.115212 -7.61288e-08
-0.115122 -7.59236e-08
-0.115032 -7.53975e-08
-0.114942 -7.49582e-08
-0.114853 -7.46631e-08
-0.114763 -7.43675e-08
-0.114673 -7.42289e-08
-0.114583 -7.40617e-08
-0.114493 -7.43012e-08
-0.114403 -7.39668e-08
-0.114313 -7.35762e-08
-0.114223 -7.3812e-08
-0.114133 -7.39597e-08
-0.114043 -7.41285e-08
-0.113953 -7.41981e-08
-0.113864 -7.38726e-08
-0.113774 -7.31851e-08
-0.113684 -7.2438e-08
-0.113594 -7.18018e-08
-0.113504 -7.14115e-08
-0.113414 -7.05554e-08
-0.113324 -7.05364e-08
-0.113234 -7.01881e-08
-0.113144 -6.92849e-08
-0.113054 -6.83425e-08
-0.112965 -6.72594e-08
-0.112875 -6.64419e-08
-0.112785 -6.60691e-08
-0.112695 -6.5769e-08
-0.112605 -6.59548e-08
-0.112515 -6.5504e-08
-0.112425 -6.53314e-08
-0.112335 -6.50852e-08
-0.112245 -6.44894e-08
-0.112155 -6.4191e-08
-0.112065 -6.4143e-08
-0.111976 -6.40215e-08
-0.111886 -6.41107e-08
-0.111796 -6.41068e-08
-0.111706 -6.38948e-08
-0.111616 -6.36626e-08
-0.111526 -6.36033e-08
-0.111436 -6.3689e-08
-0.111346 -6.36643e-08
-0.111256 -6.40661e-08
-0.111166 -6.45881e-08
-0.111077 -6.52105e-08
-0.110987 -6.58975e-08
-0.110897 -6.67154e-08
-0.110807 -6.7325e-08
-0.110717 -6.77187e-08
-0.110627 -6.83856e-08
-0.110537 -6.89046e-08
-0.110447 -6.94345e-08
-0.110357 -6.9846e-08
-0.110267 -7.0204e-08
-0.110178 -7.02792e-08
-0.110088 -7.03804e-08
-0.109998 -7.00821e-08
-0.109908 -6.99847e-08
-0.109818 -6.99395e-08
-0.109728 -7.01204e-08
-0.109638 -7.00484e-08
-0.109548 -7.01246e-08
-0.109458 -7.01882e-08
-0.109368 -7.02535e-08
-0.109278 -7.02066e-08
-0.109189 -7.00468e-08
-0.109099 -6.97736e-08
-0.109009 -6.94558e-08
-0.108919 -6.93383e-08
-0.108829 -6.91602e-08
-0.108739 -6.89734e-08
-0.108649 -6.87155e-08
-0.108559 -6.84789e-08
-0.108469 -6.79389e-08
-0.108379 -6.73538e-08
-0.10829 -6.69094e-08
-0.1082 -6.67099e-08
-0.10811 -6.64761e-08
-0.10802 -6.63017e-08
-0.10793 -6.61628e-08
-0.10784 -6.62127e-08
-0.10775 -6.59309e-08
-0.10766 -6.56356e-08
-0.10757 -6.55182e-08
-0.10748 -6.56905e-08
-0.10739 -6.59049e-08
-0.107301 -6.61943e-08
-0.107211 -6.63584e-08
-0.107121 -6.63677e-08
-0.107031 -6.64374e-08
-0.106941 -6.61131e-08
-0.106851 -6.59984e-08
-0.106761 -6.58338e-08
-0.106671 -6.58013e-08
-0.106581 -6.57231e-08
-0.106491 -6.57601e-08
-0.106402 -6.58891e-08
-0.106312 -6.59391e-08
-0.106222 -6.58259e-08
-0.106132 -6.58151e-08
-0.106042 -6.58712e-08
-0.105952 -6.60416e-08
-0.105862 -6.63272e-08
-0.105772 -6.66189e-08
-0.105682 -6.6969e-08
-0.105592 -6.73742e-08
-0.105502 -6.76751e-08
-0.105413 -6.78085e-08
-0.105323 -6.79161e-08
-0.105233 -6.7925e-08
-0.105143 -6.79707e-08
-0.105053 -6.79053e-08
-0.104963 -6.78524e-08
-0.104873 -6.78839e-08
-0.104783 -6.79101e-08
-0.104693 -6.77137e-08
-0.104603 -6.76953e-08
-0.104514 -6.75692e-08
-0.104424 -6.75863e-08
-0.104334 -6.75923e-08
-0.104244 -6.76868e-08
-0.104154 -6.77838e-08
-0.104064 -6.79106e-08
-0.103974 -6.81592e-08
-0.103884 -6.82635e-08
-0.103794 -6.84703e-08
-0.103704 -6.86166e-08
-0.103614 -6.86271e-08
-0.103525 -6.86764e-08
-0.103435 -6.87618e-08
-0.103345 -6.87316e-08
-0.103255 -6.87532e-08
-0.103165 -6.8838e-08
-0.103075 -6.90135e-08
-0.102985 -6.91475e-08
-0.102895 -6.93078e-08
-0.102805 -6.95301e-08
-0.102715 -6.974e-08
-0.102626 -7.00882e-08
-0.102536 -7.052e-08
-0.102446 -7.0753e-08
-0.102356 -7.09771e-08
-0.102266 -7.12059e-08
-0.102176 -7.14394e-08
-0.102086 -7.16286e-08
-0.101996 -7.18277e-08
-0.101906 -7.18801e-08
-0.101816 -7.19168e-08
-0.101727 -7.19228e-08
-0.101637 -7.18143e-08
-0.101547 -7.15751e-08
-0.101457 -7.14067e-08
-0.101367 -7.12723e-08
-0.101277 -7.12605e-08
-0.101187 -7.11016e-08
-0.101097 -7.08966e-08
-0.101007 -7.08123e-08
-0.100917 -7.06419e-08
-0.100827 -7.06156e-08
-0.100738 -7.02666e-08
-0.100648 -6.98436e-08
-0.100558 -6.9596e-08
-0.100468 -6.93278e-08
-0.100378 -6.91242e-08
-0.100288 -6.88739e-08
-0.100198 -6.84056e-08
-0.100108 -6.8057e-08
-0.100018 -6.76289e-08
-0.0999284 -6.7173e-08
-0.0998385 -6.67857e-08
-0.0997486 -6.62414e-08
-0.0996587 -6.58778e-08
-0.0995688 -6.56297e-08
-0.0994789 -6.53235e-08
-0.099389 -6.50472e-08
-0.0992991 -6.46142e-08
-0.0992092 -6.4336e-08
-0.0991193 -6.42104e-08
-0.0990294 -6.41538e-08
-0.0989395 -6.39827e-08
-0.0988496 -6.38987e-08
-0.0987597 -6.37535e-08
-0.0986698 -6.38374e-08
-0.0985799 -6.38209e-08
-0.09849 -6.37891e-08
-0.0984001 -6.38679e-08
-0.0983102 -6.39676e-08
-0.0982202 -6.40568e-08
-0.0981303 -6.4102e-08
-0.0980404 -6.40368e-08
-0.0979505 -6.39853e-08
-0.0978606 -6.40253e-08
-0.0977707 -6.40726e-08
-0.0976808 -6.41014e-08
-0.0975909 -6.39973e-08
-0.097501 -6.38824e-08
-0.0974111 -6.37639e-08
-0.0973212 -6.36018e-08
-0.0972313 -6.33663e-08
-0.0971414 -6.3234e-08
-0.0970515 -6.31806e-08
-0.0969616 -6.3119e-08
-0.0968717 -6.30106e-08
-0.0967818 -6.29446e-08
-0.0966919 -6.28107e-08
-0.096602 -6.2801e-08
-0.0965121 -6.27964e-08
-0.0964222 -6.27378e-08
-0.0963323 -6.26546e-08
-0.0962424 -6.25946e-08
-0.0961525 -6.26289e-08
-0.0960626 -6.25493e-08
-0.0959726 -6.24918e-08
-0.0958827 -6.24684e-08
-0.0957928 -6.24115e-08
-0.0957029 -6.2328e-08
-0.095613 -6.22247e-08
-0.0955231 -6.20694e-08
-0.0954332 -6.20083e-08
-0.0953433 -6.19694e-08
-0.0952534 -6.18825e-08
-0.0951635 -6.18169e-08
-0.0950736 -6.17569e-08
-0.0949837 -6.17704e-08
-0.0948938 -6.16776e-08
-0.0948039 -6.16768e-08
-0.094714 -6.16656e-08
-0.0946241 -6.17314e-08
-0.0945342 -6.1863e-08
-0.0944443 -6.19856e-08
-0.0943544 -6.21664e-08
-0.0942645 -6.23692e-08
-0.0941746 -6.25811e-08
-0.0940847 -6.27972e-08
-0.0939948 -6.28653e-08
-0.0939049 -6.28651e-08
-0.0938149 -6.29118e-08
-0.093725 -6.29409e-08
-0.0936351 -6.30057e-08
-0.0935452 -6.30283e-08
-0.0934553 -6.31241e-08
-0.0933654 -6.31196e-08
-0.0932755 -6.30914e-08
-0.0931856 -6.30896e-08
-0.0930957 -6.29536e-08
-0.0930058 -6.28124e-08
-0.0929159 -6.2738e-08
-0.092826 -6.25762e-08
-0.0927361 -6.24659e-08
-0.0926462 -6.239e-08
-0.0925563 -6.22532e-08
-0.0924664 -6.20003e-08
-0.0923765 -6.17728e-08
-0.0922866 -6.15436e-08
-0.0921967 -6.12904e-08
-0.0921068 -6.11114e-08
-0.0920169 -6.10546e-08
-0.091927 -6.09602e-08
-0.0918371 -6.09003e-08
-0.0917472 -6.08426e-08
-0.0916572 -6.06781e-08
-0.0915673 -6.05147e-08
-0.0914774 -6.03224e-08
-0.0913875 -6.01699e-08
-0.0912976 -5.9989e-08
-0.0912077 -5.98766e-08
-0.0911178 -5.97316e-08
-0.0910279 -5.96282e-08
-0.090938 -5.95488e-08
-0.0908481 -5.95351e-08
-0.0907582 -5.95118e-08
-0.0906683 -5.94693e-08
-0.0905784 -5.93693e-08
-0.0904885 -5.92482e-08
-0.0903986 -5.91511e-08
-0.0903087 -5.90684e-08
-0.0902188 -5.89748e-08
-0.0901289 -5.8927e-08
-0.090039 -5.89225e-08
-0.0899491 -5.88692e-08
-0.0898592 -5.88568e-08
-0.0897693 -5.88836e-08
-0.0896794 -5.88662e-08
-0.0895895 -5.89245e-08
-0.0894995 -5.89577e-08
-0.0894096 -5.90508e-08
-0.0893197 -5.91282e-08
-0.0892298 -5.91027e-08
-0.0891399 -5.90205e-08
-0.08905 -5.88786e-08
-0.0889601 -5.87074e-08
-0.0888702 -5.85918e-08
-0.0887803 -5.84329e-08
-0.0886904 -5.83456e-08
-0.0886005 -5.81945e-08
-0.0885106 -5.81085e-08
-0.0884207 -5.80163e-08
-0.0883308 -5.79354e-08
-0.0882409 -5.79762e-08
-0.088151 -5.8032e-08
-0.0880611 -5.81106e-08
-0.0879712 -5.82466e-08
-0.0878813 -5.83615e-08
-0.0877914 -5.84483e-08
-0.0877015 -5.8541e-08
-0.0876116 -5.85994e-08
-0.0875217 -5.87267e-08
-0.0874318 -5.88325e-08
-0.0873418 -5.89374e-08
-0.0872519 -5.89785e-08
-0.087162 -5.90162e-08
-0.0870721 -5.90018e-08
-0.0869822 -5.89682e-08
-0.0868923 -5.89507e-08
-0.0868024 -5.88938e-08
-0.0867125 -5.88007e-08
-0.0866226 -5.87022e-08
-0.0865327 -5.86405e-08
-0.0864428 -5.85473e-08
-0.0863529 -5.8479e-08
-0.086263 -5.85263e-08
-0.0861731 -5.8465e-08
-0.0860832 -5.84769e-08
-0.0859933 -5.84857e-08
-0.0859034 -5.8441e-08
-0.0858135 -5.83593e-08
-0.0857236 -5.83029e-08
-0.0856337 -5.8233e-08
-0.0855438 -5.8104e-08
-0.0854539 -5.79436e-08
-0.085364 -5.77644e-08
-0.0852741 -5.75613e-08
-0.0851841 -5.73272e-08
-0.0850942 -5.70888e-08
-0.0850043 -5.68492e-08
-0.0849144 -5.66839e-08
-0.0848245 -5.65696e-08
-0.0847346 -5.64338e-08
-0.0846447 -5.62803e-08
-0.0845548 -5.61068e-08
-0.0844649 -5.59376e-08
-0.084375 -5.57918e-08
-0.0842851 -5.56791e-08
-0.0841952 -5.55612e-08
-0.0841053 -5.55484e-08
-0.0840154 -5.55213e-08
-0.0839255 -5.54835e-08
-0.0838356 -5.54085e-08
-0.0837457 -5.5354e-08
-0.0836558 -5.52977e-08
-0.0835659 -5.52185e-08
-0.083476 -5.51438e-08
-0.0833861 -5.50586e-08
-0.0832962 -5.50588e-08
-0.0832063 -5.49577e-08
-0.0831164 -5.48276e-08
-0.0830264 -5.47491e-08
-0.0829365 -5.46564e-08
-0.0828466 -5.45822e-08
-0.0827567 -5.44709e-08
-0.0826668 -5.42787e-08
-0.0825769 -5.41096e-08
-0.082487 -5.40137e-08
-0.0823971 -5.39737e-08
-0.0823072 -5.3852e-08
-0.0822173 -5.37238e-08
-0.0821274 -5.36162e-08
-0.0820375 -5.34292e-08
-0.0819476 -5.3224e-08
-0.0818577 -5.31028e-08
-0.0817678 -5.29873e-08
-0.0816779 -5.28791e-08
-0.081588 -5.27441e-08
-0.0814981 -5.25997e-08
-0.0814082 -5.24443e-08
-0.0813183 -5.23072e-08
-0.0812284 -5.2148e-08
-0.0811385 -5.20006e-08
-0.0810486 -5.19654e-08
-0.0809587 -5.19129e-08
-0.0808687 -5.18935e-08
-0.0807788 -5.18455e-08
-0.0806889 -5.18535e-08
-0.080599 -5.18564e-08
-0.0805091 -5.18535e-08
-0.0804192 -5.18174e-08
-0.0803293 -5.179e-08
-0.0802394 -5.17884e-08
-0.0801495 -5.178e-08
-0.0800596 -5.17918e-08
-0.0799697 -5.17654e-08
-0.0798798 -5.17459e-08
-0.0797899 -5.17783e-08
-0.0797 -5.17752e-08
-0.0796101 -5.16845e-08
-0.0795202 -5.16892e-08
-0.0794303 -5.17052e-08
-0.0793404 -5.17384e-08
-0.0792505 -5.17218e-08
-0.0791606 -5.15971e-08
-0.0790707 -5.14449e-08
-0.0789808 -5.12308e-08
-0.0788909 -5.10082e-08
-0.078801 -5.08413e-08
-0.078711 -5.0624e-08
-0.0786211 -5.04753e-08
-0.0785312 -5.03067e-08
-0.0784413 -5.01152e-08
-0.0783514 -4.99321e-08
-0.0782615 -4.98146e-08
-0.0781716 -4.96731e-08
-0.0780817 -4.95807e-08
-0.0779918 -4.94886e-08
-0.0779019 -4.93557e-08
-0.077812 -4.92663e-08
-0.0777221 -4.92027e-08
-0.0776322 -4.91527e-08
-0.0775423 -4.91521e-08
-0.0774524 -4.91221e-08
-0.0773625 -4.90764e-08
-0.0772726 -4.90541e-08
-0.0771827 -4.90465e-08
-0.0770928 -4.90492e-08
-0.0770029 -4.91029e-08
-0.076913 -4.91568e-08
-0.0768231 -4.92251e-08
-0.0767332 -4.92879e-08
-0.0766433 -4.93448e-08
-0.0765534 -4.94032e-08
-0.0764634 -4.94573e-08
-0.0763735 -4.95414e-08
-0.0762836 -4.96471e-08
-0.0761937 -4.97464e-08
-0.0761038 -4.98512e-08
-0.0760139 -4.99618e-08
-0.075924 -5.00204e-08
-0.0758341 -5.00895e-08
-0.0757442 -5.01424e-08
-0.0756543 -5.01826e-08
-0.0755644 -5.02204e-08
-0.0754745 -5.02062e-08
-0.0753846 -5.01986e-08
-0.0752947 -5.01578e-08
-0.0752048 -5.0134e-08
-0.0751149 -5.0096e-08
-0.075025 -5.00575e-08
-0.0749351 -4.99148e-08
-0.0748452 -4.97779e-08
-0.0747553 -4.96077e-08
-0.0746654 -4.93983e-08
-0.0745755 -4.92022e-08
-0.0744856 -4.90362e-08
-0.0743957 -4.88173e-08
-0.0743057 -4.85704e-08
-0.0742158 -4.83044e-08
-0.0741259 -4.80202e-08
-0.074036 -4.77287e-08
-0.0739461 -4.74649e-08
-0.0738562 -4.71844e-08
-0.0737663 -4.69132e-08
-0.0736764 -4.66648e-08
-0.0735865 -4.64108e-08
-0.0734966 -4.61723e-08
-0.0734067 -4.595e-08
-0.0733168 -4.57286e-08
-0.0732269 -4.55021e-08
-0.073137 -4.52955e-08
-0.0730471 -4.51162e-08
-0.0729572 -4.4883e-08
-0.0728673 -4.46729e-08
-0.0727774 -4.44715e-08
-0.0726875 -4.43029e-08
-0.0725976 -4.41299e-08
-0.0725077 -4.39788e-08
-0.0724178 -4.38115e-08
-0.0723279 -4.35755e-08
-0.072238 -4.33568e-08
-0.072148 -4.3136e-08
-0.0720581 -4.29302e-08
-0.0719682 -4.27545e-08
-0.0718783 -4.25705e-08
-0.0717884 -4.24154e-08
-0.0716985 -4.22319e-08
-0.0716086 -4.20201e-08
-0.0715187 -4.18324e-08
-0.0714288 -4.1633e-08
-0.0713389 -4.14022e-08
-0.071249 -4.11707e-08
-0.0711591 -4.09986e-08
-0.0710692 -4.0804e-08
-0.0709793 -4.06375e-08
-0.0708894 -4.05039e-08
-0.0707995 -4.03807e-08
-0.0707096 -4.01983e-08
-0.0706197 -4.00062e-08
-0.0705298 -3.98045e-08
-0.0704399 -3.96381e-08
-0.07035 -3.94297e-08
-0.0702601 -3.92291e-08
-0.0701702 -3.90678e-08
-0.0700803 -3.88926e-08
-0.0699903 -3.87207e-08
-0.0699004 -3.85475e-08
-0.0698105 -3.83654e-08
-0.0697206 -3.8217e-08
-0.0696307 -3.812e-08
-0.0695408 -3.80447e-08
-0.0694509 -3.7957e-08
-0.069361 -3.78955e-08
-0.0692711 -3.78443e-08
-0.0691812 -3.77776e-08
-0.0690913 -3.76682e-08
-0.0690014 -3.76004e-08
-0.0689115 -3.75196e-08
-0.0688216 -3.74127e-08
-0.0687317 -3.73236e-08
-0.0686418 -3.72728e-08
-0.0685519 -3.72636e-08
-0.068462 -3.72406e-08
-0.0683721 -3.71719e-08
-0.0682822 -3.7108e-08
-0.0681923 -3.70293e-08
-0.0681024 -3.69171e-08
-0.0680125 -3.67985e-08
-0.0679226 -3.67005e-08
-0.0678326 -3.65879e-08
-0.0677427 -3.65052e-08
-0.0676528 -3.64401e-08
-0.0675629 -3.63655e-08
-0.067473 -3.62806e-08
-0.0673831 -3.62084e-08
-0.0672932 -3.61698e-08
-0.0672033 -3.61053e-08
-0.0671134 -3.60675e-08
-0.0670235 -3.60349e-08
-0.0669336 -3.59925e-08
-0.0668437 -3.59344e-08
-0.0667538 -3.5883e-08
-0.0666639 -3.58065e-08
-0.066574 -3.57241e-08
-0.0664841 -3.56351e-08
-0.0663942 -3.55466e-08
-0.0663043 -3.54609e-08
-0.0662144 -3.53788e-08
-0.0661245 -3.52977e-08
-0.0660346 -3.52408e-08
-0.0659447 -3.51722e-08
-0.0658548 -3.50876e-08
-0.0657649 -3.50218e-08
-0.0656749 -3.49632e-08
-0.065585 -3.48987e-08
-0.0654951 -3.48519e-08
-0.0654052 -3.47866e-08
-0.0653153 -3.47309e-08
-0.0652254 -3.46675e-08
-0.0651355 -3.46138e-08
-0.0650456 -3.45619e-08
-0.0649557 -3.448e-08
-0.0648658 -3.44148e-08
-0.0647759 -3.43206e-08
-0.064686 -3.42011e-08
-0.0645961 -3.40938e-08
-0.0645062 -3.39804e-08
-0.0644163 -3.38799e-08
-0.0643264 -3.37457e-08
-0.0642365 -3.3616e-08
-0.0641466 -3.34742e-08
-0.0640567 -3.33324e-08
-0.0639668 -3.31669e-08
-0.0638769 -3.29896e-08
-0.063787 -3.28279e-08
-0.0636971 -3.26557e-08
-0.0636072 -3.25068e-08
-0.0635172 -3.23437e-08
-0.0634273 -3.21747e-08
-0.0633374 -3.20017e-08
-0.0632475 -3.18286e-08
-0.0631576 -3.16414e-08
-0.0630677 -3.14389e-08
-0.0629778 -3.12234e-08
-0.0628879 -3.09772e-08
-0.062798 -3.07592e-08
-0.0627081 -3.05359e-08
-0.0626182 -3.02966e-08
-0.0625283 -3.00995e-08
-0.0624384 -2.99036e-08
-0.0623485 -2.96958e-08
-0.0622586 -2.9459e-08
-0.0621687 -2.92678e-08
-0.0620788 -2.90698e-08
-0.0619889 -2.88846e-08
-0.061899 -2.8698e-08
-0.0618091 -2.85069e-08
-0.0617192 -2.83352e-08
-0.0616293 -2.81649e-08
-0.0615394 -2.80097e-08
-0.0614495 -2.78529e-08
-0.0613595 -2.76933e-08
-0.0612696 -2.75552e-08
-0.0611797 -2.74214e-08
-0.0610898 -2.73071e-08
-0.0609999 -2.72142e-08
-0.06091 -2.71128e-08
-0.0608201 -2.70202e-08
-0.0607302 -2.6924e-08
-0.0606403 -2.6838e-08
-0.0605504 -2.67712e-08
-0.0604605 -2.66867e-08
-0.0603706 -2.66078e-08
-0.0602807 -2.65493e-08
-0.0601908 -2.65022e-08
-0.0601009 -2.64659e-08
-0.060011 -2.64169e-08
-0.0599211 -2.63827e-08
-0.0598312 -2.63408e-08
-0.0597413 -2.63237e-08
-0.0596514 -2.62866e-08
-0.0595615 -2.6259e-08
-0.0594716 -2.6237e-08
-0.0593817 -2.62075e-08
-0.0592918 -2.61563e-08
-0.0592018 -2.61136e-08
-0.0591119 -2.60628e-08
-0.059022 -2.60331e-08
-0.0589321 -2.5998e-08
-0.0588422 -2.59809e-08
-0.0587523 -2.59709e-08
-0.0586624 -2.5927e-08
-0.0585725 -2.5898e-08
-0.0584826 -2.5874e-08
-0.0583927 -2.5856e-08
-0.0583028 -2.58261e-08
-0.0582129 -2.57871e-08
-0.058123 -2.5749e-08
-0.0580331 -2.56951e-08
-0.0579432 -2.56213e-08
-0.0578533 -2.55478e-08
-0.0577634 -2.54749e-08
-0.0576735 -2.54055e-08
-0.0575836 -2.53173e-08
-0.0574937 -2.52281e-08
-0.0574038 -2.513e-08
-0.0573139 -2.50283e-08
-0.057224 -2.49596e-08
-0.0571341 -2.48852e-08
-0.0570442 -2.48158e-08
-0.0569542 -2.47336e-08
-0.0568643 -2.46292e-08
-0.0567744 -2.45496e-08
-0.0566845 -2.44817e-08
-0.0565946 -2.44188e-08
-0.0565047 -2.43635e-08
-0.0564148 -2.43101e-08
-0.0563249 -2.42557e-08
-0.056235 -2.41972e-08
-0.0561451 -2.41299e-08
-0.0560552 -2.40546e-08
-0.0559653 -2.3999e-08
-0.0558754 -2.39455e-08
-0.0557855 -2.39062e-08
-0.0556956 -2.38679e-08
-0.0556057 -2.3815e-08
-0.0555158 -2.37528e-08
-0.0554259 -2.37071e-08
-0.055336 -2.36627e-08
-0.0552461 -2.36311e-08
-0.0551562 -2.35958e-08
-0.0550663 -2.35337e-08
-0.0549764 -2.34693e-08
-0.0548865 -2.34096e-08
-0.0547965 -2.3354e-08
-0.0547066 -2.33178e-08
-0.0546167 -2.32676e-08
-0.0545268 -2.32343e-08
-0.0544369 -2.31884e-08
-0.054347 -2.31366e-08
-0.0542571 -2.30811e-08
-0.0541672 -2.30192e-08
-0.0540773 -2.2942e-08
-0.0539874 -2.28639e-08
-0.0538975 -2.27543e-08
-0.0538076 -2.26386e-08
-0.0537177 -2.25428e-08
-0.0536278 -2.24383e-08
-0.0535379 -2.23403e-08
-0.053448 -2.22331e-08
-0.0533581 -2.21351e-08
-0.0532682 -2.20247e-08
-0.0531783 -2.19394e-08
-0.0530884 -2.18434e-08
-0.0529985 -2.17285e-08
-0.0529086 -2.16249e-08
-0.0528187 -2.15067e-08
-0.0527288 -2.13897e-08
-0.0526388 -2.12698e-08
-0.0525489 -2.11442e-08
-0.052459 -2.10034e-08
-0.0523691 -2.08672e-08
-0.0522792 -2.07531e-08
-0.0521893 -2.06476e-08
-0.0520994 -2.05436e-08
-0.0520095 -2.04443e-08
-0.0519196 -2.03449e-08
-0.0518297 -2.02443e-08
-0.0517398 -2.01462e-08
-0.0516499 -2.00421e-08
-0.05156 -1.99579e-08
-0.0514701 -1.98754e-08
-0.0513802 -1.98176e-08
-0.0512903 -1.97818e-08
-0.0512004 -1.97487e-08
-0.0511105 -1.96989e-08
-0.0510206 -1.96587e-08
-0.0509307 -1.96206e-08
-0.0508408 -1.95727e-08
-0.0507509 -1.95231e-08
-0.050661 -1.94839e-08
-0.0505711 -1.94491e-08
-0.0504811 -1.94301e-08
-0.0503912 -1.94147e-08
-0.0503013 -1.9388e-08
-0.0502114 -1.93502e-08
-0.0501215 -1.92923e-08
-0.0500316 -1.92428e-08
-0.0499417 -1.92037e-08
-0.0498518 -1.91657e-08
-0.0497619 -1.9132e-08
-0.049672 -1.91073e-08
-0.0495821 -1.9085e-08
-0.0494922 -1.90381e-08
-0.0494023 -1.8981e-08
-0.0493124 -1.89083e-08
-0.0492225 -1.88427e-08
-0.0491326 -1.87686e-08
-0.0490427 -1.86953e-08
-0.0489528 -1.86119e-08
-0.0488629 -1.85314e-08
-0.048773 -1.84486e-08
-0.0486831 -1.83595e-08
-0.0485932 -1.82609e-08
-0.0485033 -1.81679e-08
-0.0484134 -1.8065e-08
-0.0483234 -1.79608e-08
-0.0482335 -1.78512e-08
-0.0481436 -1.77759e-08
-0.0480537 -1.77144e-08
-0.0479638 -1.76465e-08
-0.0478739 -1.7571e-08
-0.047784 -1.75045e-08
-0.0476941 -1.74239e-08
-0.0476042 -1.73468e-08
-0.0475143 -1.72626e-08
-0.0474244 -1.71982e-08
-0.0473345 -1.71179e-08
-0.0472446 -1.70333e-08
-0.0471547 -1.69573e-08
-0.0470648 -1.6889e-08
-0.0469749 -1.68418e-08
-0.046885 -1.68023e-08
-0.0467951 -1.67517e-08
-0.0467052 -1.67308e-08
-0.0466153 -1.67122e-08
-0.0465254 -1.67077e-08
-0.0464355 -1.67026e-08
-0.0463456 -1.66905e-08
-0.0462557 -1.66837e-08
-0.0461657 -1.66619e-08
-0.0460758 -1.66403e-08
-0.0459859 -1.66186e-08
-0.045896 -1.65997e-08
-0.0458061 -1.65959e-08
-0.0457162 -1.65856e-08
-0.0456263 -1.65833e-08
-0.0455364 -1.65802e-08
-0.0454465 -1.65935e-08
-0.0453566 -1.65964e-08
-0.0452667 -1.65884e-08
-0.0451768 -1.6581e-08
-0.0450869 -1.6566e-08
-0.044997 -1.65543e-08
-0.0449071 -1.65465e-08
-0.0448172 -1.65255e-08
-0.0447273 -1.6518e-08
-0.0446374 -1.65121e-08
-0.0445475 -1.65135e-08
-0.0444576 -1.652e-08
-0.0443677 -1.65322e-08
-0.0442778 -1.65313e-08
-0.0441879 -1.6512e-08
-0.044098 -1.64996e-08
-0.044008 -1.64789e-08
-0.0439181 -1.64446e-08
-0.0438282 -1.63978e-08
-0.0437383 -1.63607e-08
-0.0436484 -1.63169e-08
-0.0435585 -1.62654e-08
-0.0434686 -1.62231e-08
-0.0433787 -1.61884e-08
-0.0432888 -1.61678e-08
-0.0431989 -1.61222e-08
-0.043109 -1.60921e-08
-0.0430191 -1.60573e-08
-0.0429292 -1.60275e-08
-0.0428393 -1.59828e-08
-0.0427494 -1.59246e-08
-0.0426595 -1.58535e-08
-0.0425696 -1.57697e-08
-0.0424797 -1.56833e-08
-0.0423898 -1.55749e-08
-0.0422999 -1.54669e-08
-0.04221 -1.53634e-08
-0.0421201 -1.52617e-08
-0.0420302 -1.51575e-08
-0.0419403 -1.50513e-08
-0.0418503 -1.49467e-08
-0.0417604 -1.48528e-08
-0.0416705 -1.47218e-08
-0.0415806 -1.45871e-08
-0.0414907 -1.44561e-08
-0.0414008 -1.43279e-08
-0.0413109 -1.41771e-08
-0.041221 -1.40327e-08
-0.0411311 -1.38965e-08
-0.0410412 -1.37591e-08
-0.0409513 -1.3618e-08
-0.0408614 -1.34724e-08
-0.0407715 -1.33335e-08
-0.0406816 -1.32024e-08
-0.0405917 -1.3062e-08
-0.0405018 -1.29213e-08
-0.0404119 -1.27759e-08
-0.040322 -1.26221e-08
-0.0402321 -1.24782e-08
-0.0401422 -1.23546e-08
-0.0400523 -1.22298e-08
-0.0399624 -1.21073e-08
-0.0398725 -1.19874e-08
-0.0397826 -1.18732e-08
-0.0396927 -1.17683e-08
-0.0396027 -1.16737e-08
-0.0395128 -1.15712e-08
-0.0394229 -1.14718e-08
-0.039333 -1.1373e-08
-0.0392431 -1.12824e-08
-0.0391532 -1.12085e-08
-0.0390633 -1.11299e-08
-0.0389734 -1.10495e-08
-0.0388835 -1.097e-08
-0.0387936 -1.08873e-08
-0.0387037 -1.08107e-08
-0.0386138 -1.07527e-08
-0.0385239 -1.06963e-08
-0.038434 -1.06409e-08
-0.0383441 -1.05973e-08
-0.0382542 -1.05461e-08
-0.0381643 -1.05133e-08
-0.0380744 -1.04833e-08
-0.0379845 -1.04449e-08
-0.0378946 -1.04044e-08
-0.0378047 -1.03671e-08
-0.0377148 -1.03407e-08
-0.0376249 -1.03153e-08
-0.037535 -1.02883e-08
-0.037445 -1.02646e-08
-0.0373551 -1.02312e-08
-0.0372652 -1.02008e-08
-0.0371753 -1.01677e-08
-0.0370854 -1.01437e-08
-0.0369955 -1.01184e-08
-0.0369056 -1.00837e-08
-0.0368157 -1.0041e-08
-0.0367258 -1.00061e-08
-0.0366359 -9.97301e-09
-0.036546 -9.92945e-09
-0.0364561 -9.88778e-09
-0.0363662 -9.83047e-09
-0.0362763 -9.76498e-09
-0.0361864 -9.71168e-09
-0.0360965 -9.65152e-09
-0.0360066 -9.57897e-09
-0.0359167 -9.50793e-09
-0.0358268 -9.42973e-09
-0.0357369 -9.34879e-09
-0.035647 -9.26135e-09
-0.0355571 -9.16281e-09
-0.0354672 -9.06864e-09
-0.0353773 -8.97334e-09
-0.0352873 -8.86679e-09
-0.0351974 -8.76046e-09
-0.0351075 -8.64942e-09
-0.0350176 -8.53722e-09
-0.0349277 -8.40988e-09
-0.0348378 -8.28449e-09
-0.0347479 -8.14894e-09
-0.034658 -8.01418e-09
-0.0345681 -7.86827e-09
-0.0344782 -7.72188e-09
-0.0343883 -7.58043e-09
-0.0342984 -7.44227e-09
-0.0342085 -7.30234e-09
-0.0341186 -7.15638e-09
-0.0340287 -7.00815e-09
-0.0339388 -6.86212e-09
-0.0338489 -6.70733e-09
-0.033759 -6.55365e-09
-0.0336691 -6.40276e-09
-0.0335792 -6.24707e-09
-0.0334893 -6.08635e-09
-0.0333994 -5.92991e-09
-0.0333095 -5.7771e-09
-0.0332196 -5.61348e-09
-0.0331296 -5.46177e-09
-0.0330397 -5.29946e-09
-0.0329498 -5.13141e-09
-0.0328599 -4.96491e-09
-0.03277 -4.80596e-09
-0.0326801 -4.66189e-09
-0.0325902 -4.50319e-09
-0.0325003 -4.3535e-09
-0.0324104 -4.2079e-09
-0.0323205 -4.06154e-09
-0.0322306 -3.91488e-09
-0.0321407 -3.77041e-09
-0.0320508 -3.63369e-09
-0.0319609 -3.48811e-09
-0.031871 -3.35085e-09
-0.0317811 -3.21659e-09
-0.0316912 -3.09396e-09
-0.0316013 -2.96043e-09
-0.0315114 -2.82733e-09
-0.0314215 -2.70561e-09
-0.0313316 -2.58099e-09
-0.0312417 -2.45922e-09
-0.0311518 -2.34705e-09
-0.0310619 -2.23963e-09
-0.0309719 -2.13606e-09
-0.030882 -2.03498e-09
-0.0307921 -1.93179e-09
-0.0307022 -1.84242e-09
-0.0306123 -1.737e-09
-0.0305224 -1.63463e-09
-0.0304325 -1.53662e-09
-0.0303426 -1.44538e-09
-0.0302527 -1.3459e-09
-0.0301628 -1.25738e-09
-0.0300729 -1.16431e-09
-0.029983 -1.07168e-09
-0.0298931 -9.83473e-10
-0.0298032 -8.91841e-10
-0.0297133 -8.04464e-10
-0.0296234 -7.20039e-10
-0.0295335 -6.37934e-10
-0.0294436 -5.55691e-10
-0.0293537 -4.77376e-10
-0.0292638 -3.98264e-10
-0.0291739 -3.06966e-10
-0.029084 -2.23582e-10
-0.0289941 -1.36664e-10
-0.0289042 -5.33632e-11
-0.0288142 2.481e-11
-0.0287243 1.00049e-10
-0.0286344 1.65453e-10
-0.0285445 2.33185e-10
-0.0284546 3.02788e-10
-0.0283647 3.69571e-10
-0.0282748 4.28984e-10
-0.0281849 5.0045e-10
-0.028095 5.76859e-10
-0.0280051 6.43234e-10
-0.0279152 7.07399e-10
-0.0278253 7.67391e-10
-0.0277354 8.21661e-10
-0.0276455 8.68941e-10
-0.0275556 9.1318e-10
-0.0274657 9.62793e-10
-0.0273758 1.01482e-09
-0.0272859 1.05401e-09
-0.027196 1.0986e-09
-0.0271061 1.1538e-09
-0.0270162 1.20415e-09
-0.0269263 1.25009e-09
-0.0268364 1.29679e-09
-0.0267465 1.34926e-09
-0.0266565 1.39608e-09
-0.0265666 1.44854e-09
-0.0264767 1.4911e-09
-0.0263868 1.53939e-09
-0.0262969 1.59211e-09
-0.026207 1.63547e-09
-0.0261171 1.68609e-09
-0.0260272 1.74071e-09
-0.0259373 1.79919e-09
-0.0258474 1.86063e-09
-0.0257575 1.93169e-09
-0.0256676 1.99928e-09
-0.0255777 2.08081e-09
-0.0254878 2.1619e-09
-0.0253979 2.23414e-09
-0.025308 2.31482e-09
-0.0252181 2.39219e-09
-0.0251282 2.47192e-09
-0.0250383 2.55069e-09
-0.0249484 2.63936e-09
-0.0248585 2.72724e-09
-0.0247686 2.8291e-09
-0.0246787 2.92758e-09
-0.0245888 3.02568e-09
-0.0244988 3.13871e-09
-0.0244089 3.25372e-09
-0.024319 3.36116e-09
-0.0242291 3.46604e-09
-0.0241392 3.56558e-09
-0.0240493 3.66895e-09
-0.0239594 3.77193e-09
-0.0238695 3.87611e-09
-0.0237796 3.97205e-09
-0.0236897 4.08014e-09
-0.0235998 4.17986e-09
-0.0235099 4.2775e-09
-0.02342 4.38242e-09
-0.0233301 4.48524e-09
-0.0232402 4.58731e-09
-0.0231503 4.68991e-09
-0.0230604 4.78738e-09
-0.0229705 4.88687e-09
-0.0228806 4.98148e-09
-0.0227907 5.06891e-09
-0.0227008 5.16585e-09
-0.0226109 5.2637e-09
-0.022521 5.35557e-09
-0.0224311 5.45228e-09
-0.0223411 5.5498e-09
-0.0222512 5.64252e-09
-0.0221613 5.73657e-09
-0.0220714 5.82828e-09
-0.0219815 5.92668e-09
-0.0218916 6.02134e-09
-0.0218017 6.10938e-09
-0.0217118 6.19601e-09
-0.0216219 6.29468e-09
-0.021532 6.38381e-09
-0.0214421 6.46871e-09
-0.0213522 6.56119e-09
-0.0212623 6.65325e-09
-0.0211724 6.73486e-09
-0.0210825 6.81492e-09
-0.0209926 6.89597e-09
-0.0209027 6.98341e-09
-0.0208128 7.0691e-09
-0.0207229 7.1516e-09
-0.020633 7.22226e-09
-0.0205431 7.29531e-09
-0.0204532 7.35513e-09
-0.0203633 7.41042e-09
-0.0202734 7.4577e-09
-0.0201835 7.49448e-09
-0.0200935 7.52214e-09
-0.0200036 7.55652e-09
-0.0199137 7.59084e-09
-0.0198238 7.62225e-09
-0.0197339 7.65656e-09
-0.019644 7.67845e-09
-0.0195541 7.69528e-09
-0.0194642 7.70535e-09
-0.0193743 7.70483e-09
-0.0192844 7.70445e-09
-0.0191945 7.69542e-09
-0.0191046 7.68368e-09
-0.0190147 7.65994e-09
-0.0189248 7.64605e-09
-0.0188349 7.635e-09
-0.018745 7.62159e-09
-0.0186551 7.60934e-09
-0.0185652 7.59356e-09
-0.0184753 7.57821e-09
-0.0183854 7.55902e-09
-0.0182955 7.53632e-09
-0.0182056 7.52171e-09
-0.0181157 7.50024e-09
-0.0180258 7.48211e-09
-0.0179358 7.4554e-09
-0.0178459 7.43432e-09
-0.017756 7.42038e-09
-0.0176661 7.412e-09
-0.0175762 7.39745e-09
-0.0174863 7.3948e-09
-0.0173964 7.39591e-09
-0.0173065 7.40008e-09
-0.0172166 7.40358e-09
-0.0171267 7.41427e-09
-0.0170368 7.42469e-09
-0.0169469 7.4288e-09
-0.016857 7.43139e-09
-0.0167671 7.43482e-09
-0.0166772 7.44377e-09
-0.0165873 7.45609e-09
-0.0164974 7.47689e-09
-0.0164075 7.49563e-09
-0.0163176 7.514e-09
-0.0162277 7.53697e-09
-0.0161378 7.55157e-09
-0.0160479 7.57081e-09
-0.015958 7.58627e-09
-0.0158681 7.5996e-09
-0.0157781 7.61225e-09
-0.0156882 7.62345e-09
-0.0155983 7.62802e-09
-0.0155084 7.63672e-09
-0.0154185 7.64715e-09
-0.0153286 7.6492e-09
-0.0152387 7.64921e-09
-0.0151488 7.6473e-09
-0.0150589 7.64915e-09
-0.014969 7.65001e-09
-0.0148791 7.65056e-09
-0.0147892 7.65055e-09
-0.0146993 7.65133e-09
-0.0146094 7.64136e-09
-0.0145195 7.63317e-09
-0.0144296 7.62923e-09
-0.0143397 7.61767e-09
-0.0142498 7.60629e-09
-0.0141599 7.58722e-09
-0.01407 7.57926e-09
-0.0139801 7.58109e-09
-0.0138902 7.57693e-09
-0.0138003 7.57604e-09
-0.0137104 7.57704e-09
-0.0136204 7.56494e-09
-0.0135305 7.55577e-09
-0.0134406 7.55898e-09
-0.0133507 7.5635e-09
-0.0132608 7.5543e-09
-0.0131709 7.54852e-09
-0.013081 7.54246e-09
-0.0129911 7.54712e-09
-0.0129012 7.55279e-09
-0.0128113 7.55261e-09
-0.0127214 7.55605e-09
-0.0126315 7.55651e-09
-0.0125416 7.54535e-09
-0.0124517 7.54623e-09
-0.0123618 7.55332e-09
-0.0122719 7.55229e-09
-0.012182 7.54284e-09
-0.0120921 7.53812e-09
-0.0120022 7.53129e-09
-0.0119123 7.51908e-09
-0.0118224 7.51787e-09
-0.0117325 7.51015e-09
-0.0116426 7.48574e-09
-0.0115527 7.46782e-09
-0.0114627 7.44304e-09
-0.0113728 7.42118e-09
-0.0112829 7.40155e-09
-0.011193 7.36885e-09
-0.0111031 7.33768e-09
-0.0110132 7.30893e-09
-0.0109233 7.27093e-09
-0.0108334 7.23007e-09
-0.0107435 7.19868e-09
-0.0106536 7.15754e-09
-0.0105637 7.10984e-09
-0.0104738 7.0701e-09
-0.0103839 7.02165e-09
-0.010294 6.9726e-09
-0.0102041 6.90632e-09
-0.0101142 6.84648e-09
-0.0100243 6.79167e-09
-0.00993438 6.73178e-09
-0.00984447 6.67478e-09
-0.00975457 6.61295e-09
-0.00966466 6.56395e-09
-0.00957476 6.50515e-09
-0.00948486 6.45127e-09
-0.00939495 6.39244e-09
-0.00930505 6.3354e-09
-0.00921514 6.27471e-09
-0.00912524 6.20491e-09
-0.00903534 6.14089e-09
-0.00894543 6.07088e-09
-0.00885553 6.00372e-09
-0.00876562 5.9434e-09
-0.00867572 5.87807e-09
-0.00858582 5.8212e-09
-0.00849591 5.76547e-09
-0.00840601 5.70429e-09
-0.0083161 5.64001e-09
-0.0082262 5.5819e-09
-0.00813629 5.51702e-09
-0.00804639 5.45009e-09
-0.00795649 5.38449e-09
-0.00786658 5.31998e-09
-0.00777668 5.25352e-09
-0.00768677 5.19304e-09
-0.00759687 5.13791e-09
-0.00750697 5.08455e-09
-0.00741706 5.0283e-09
-0.00732716 4.97055e-09
-0.00723725 4.91722e-09
-0.00714735 4.85979e-09
-0.00705744 4.80901e-09
-0.00696754 4.75136e-09
-0.00687764 4.69321e-09
-0.00678773 4.63821e-09
-0.00669783 4.57687e-09
-0.00660792 4.51778e-09
-0.00651802 4.45849e-09
-0.00642812 4.4043e-09
-0.00633821 4.35441e-09
-0.00624831 4.30834e-09
-0.0061584 4.26304e-09
-0.0060685 4.21283e-09
-0.00597859 4.16325e-09
-0.00588869 4.11073e-09
-0.00579879 4.05437e-09
-0.00570888 4.00428e-09
-0.00561898 3.95151e-09
-0.00552907 3.90182e-09
-0.00543917 3.85483e-09
-0.00534927 3.81299e-09
-0.00525936 3.78003e-09
-0.00516946 3.74292e-09
-0.00507955 3.70583e-09
-0.00498965 3.66837e-09
-0.00489975 3.63209e-09
-0.00480984 3.57856e-09
-0.00471994 3.53214e-09
-0.00463003 3.48649e-09
-0.00454013 3.45028e-09
-0.00445022 3.40675e-09
-0.00436032 3.36671e-09
-0.00427042 3.3353e-09
-0.00418051 3.29837e-09
-0.00409061 3.26072e-09
-0.0040007 3.22106e-09
-0.0039108 3.1823e-09
-0.0038209 3.14143e-09
-0.00373099 3.09037e-09
-0.00364109 3.04786e-09
-0.00355118 3.00606e-09
-0.00346128 2.97392e-09
-0.00337137 2.93485e-09
-0.00328147 2.8958e-09
-0.00319157 2.8498e-09
-0.00310166 2.80164e-09
-0.00301176 2.75549e-09
-0.00292185 2.70447e-09
-0.00283195 2.6538e-09
-0.00274205 2.59933e-09
-0.00265214 2.5376e-09
-0.00256224 2.47863e-09
-0.00247233 2.42236e-09
-0.00238243 2.36701e-09
-0.00229252 2.30732e-09
-0.00220262 2.24123e-09
-0.00211272 2.16968e-09
-0.00202281 2.10353e-09
-0.00193291 2.0328e-09
-0.001843 1.95281e-09
-0.0017531 1.86566e-09
-0.0016632 1.78212e-09
-0.00157329 1.68915e-09
-0.00148339 1.601e-09
-0.00139348 1.51451e-09
-0.00130358 1.43279e-09
-0.00121368 1.34721e-09
-0.00112377 1.252e-09
-0.00103387 1.16211e-09
-0.000943963 1.06577e-09
-0.000854059 9.69821e-10
-0.000764154 8.72906e-10
-0.00067425 7.66593e-10
-0.000584346 6.58972e-10
-0.000494442 5.5474e-10
-0.000404538 4.55622e-10
-0.000314634 3.62924e-10
-0.00022473 2.73949e-10
-0.000134825 1.84427e-10
-4.49212e-05 9.43085e-11
4.49829e-05 0
0.000134887 -9.5079e-11
0.000224791 -1.79263e-10
0.000314695 -2.67955e-10
0.0004046 -3.57296e-10
0.000494504 -4.44825e-10
0.000584408 -5.21751e-10
0.000674312 -6.0205e-10
0.000764216 -6.68702e-10
0.00085412 -7.33151e-10
0.000944024 -8.00337e-10
0.00103393 -8.76306e-10
0.00112383 -9.50806e-10
0.00121374 -1.01322e-09
0.00130364 -1.07335e-09
0.00139355 -1.13124e-09
0.00148345 -1.19041e-09
0.00157335 -1.24727e-09
0.00166326 -1.29704e-09
0.00175316 -1.3492e-09
0.00184307 -1.39485e-09
0.00193297 -1.44033e-09
0.00202287 -1.48636e-09
0.00211278 -1.53896e-09
0.00220268 -1.5778e-09
0.00229259 -1.61402e-09
0.00238249 -1.65191e-09
0.00247239 -1.68461e-09
0.0025623 -1.71989e-09
0.0026522 -1.76256e-09
0.00274211 -1.79373e-09
0.00283201 -1.82822e-09
0.00292192 -1.86084e-09
0.00301182 -1.89378e-09
0.00310172 -1.92883e-09
0.00319163 -1.96088e-09
0.00328153 -1.99012e-09
0.00337144 -2.01818e-09
0.00346134 -2.03444e-09
0.00355124 -2.06081e-09
0.00364115 -2.08955e-09
0.00373105 -2.12813e-09
0.00382096 -2.15417e-09
0.00391086 -2.1801e-09
0.00400077 -2.21225e-09
0.00409067 -2.24413e-09
0.00418057 -2.27436e-09
0.00427048 -2.30715e-09
0.00436038 -2.34694e-09
0.00445029 -2.38068e-09
0.00454019 -2.41613e-09
0.00463009 -2.45385e-09
0.00472 -2.49436e-09
0.0048099 -2.54325e-09
0.00489981 -2.58986e-09
0.00498971 -2.62511e-09
0.00507962 -2.66619e-09
0.00516952 -2.72016e-09
0.00525942 -2.77115e-09
0.00534933 -2.82752e-09
0.00543923 -2.88165e-09
0.00552914 -2.93098e-09
0.00561904 -2.98163e-09
0.00570894 -3.04002e-09
0.00579885 -3.10028e-09
0.00588875 -3.17198e-09
0.00597866 -3.24505e-09
0.00606856 -3.31106e-09
0.00615846 -3.38596e-09
0.00624837 -3.46418e-09
0.00633827 -3.54087e-09
0.00642818 -3.61674e-09
0.00651808 -3.68952e-09
0.00660799 -3.76228e-09
0.00669789 -3.83751e-09
0.00678779 -3.91914e-09
0.0068777 -4.00279e-09
0.0069676 -4.09647e-09
0.00705751 -4.18262e-09
0.00714741 -4.26536e-09
0.00723731 -4.35319e-09
0.00732722 -4.43077e-09
0.00741712 -4.50933e-09
0.00750703 -4.59286e-09
0.00759693 -4.67327e-09
0.00768684 -4.74138e-09
0.00777674 -4.82074e-09
0.00786664 -4.90662e-09
0.00795655 -4.99057e-09
0.00804645 -5.07864e-09
0.00813636 -5.15919e-09
0.00822626 -5.24324e-09
0.00831616 -5.31958e-09
0.00840607 -5.39165e-09
0.00849597 -5.47114e-09
0.00858588 -5.54814e-09
0.00867578 -5.62511e-09
0.00876569 -5.68693e-09
0.00885559 -5.75458e-09
0.00894549 -5.82355e-09
0.0090354 -5.88415e-09
0.0091253 -5.94925e-09
0.00921521 -6.00263e-09
0.00930511 -6.06873e-09
0.00939501 -6.13014e-09
0.00948492 -6.19861e-09
0.00957482 -6.26301e-09
0.00966473 -6.31807e-09
0.00975463 -6.37306e-09
0.00984453 -6.42109e-09
0.00993444 -6.47379e-09
0.0100243 -6.52456e-09
0.0101142 -6.57403e-09
0.0102042 -6.61966e-09
0.0102941 -6.67121e-09
0.010384 -6.72733e-09
0.0104739 -6.77539e-09
0.0105638 -6.82996e-09
0.0106537 -6.86812e-09
0.0107436 -6.89503e-09
0.0108335 -6.93083e-09
0.0109234 -6.96047e-09
0.0110133 -6.99525e-09
0.0111032 -7.03603e-09
0.0111931 -7.07269e-09
0.011283 -7.11001e-09
0.0113729 -7.14761e-09
0.0114628 -7.1931e-09
0.0115527 -7.22548e-09
0.0116426 -7.25418e-09
0.0117325 -7.27306e-09
0.0118224 -7.28152e-09
0.0119123 -7.29536e-09
0.0120022 -7.31211e-09
0.0120921 -7.3277e-09
0.012182 -7.33806e-09
0.0122719 -7.35332e-09
0.0123619 -7.37306e-09
0.0124518 -7.39111e-09
0.0125417 -7.42119e-09
0.0126316 -7.43781e-09
0.0127215 -7.45149e-09
0.0128114 -7.46474e-09
0.0129013 -7.46925e-09
0.0129912 -7.47982e-09
0.0130811 -7.48842e-09
0.013171 -7.48247e-09
0.0132609 -7.47712e-09
0.0133508 -7.48656e-09
0.0134407 -7.4918e-09
0.0135306 -7.50556e-09
0.0136205 -7.52927e-09
0.0137104 -7.5528e-09
0.0138003 -7.57068e-09
0.0138902 -7.58462e-09
0.0139801 -7.59552e-09
0.01407 -7.60912e-09
0.0141599 -7.6156e-09
0.0142498 -7.62235e-09
0.0143397 -7.63249e-09
0.0144296 -7.65111e-09
0.0145196 -7.67246e-09
0.0146095 -7.6979e-09
0.0146994 -7.73492e-09
0.0147893 -7.7782e-09
0.0148792 -7.81723e-09
0.0149691 -7.85344e-09
0.015059 -7.89252e-09
0.0151489 -7.92739e-09
0.0152388 -7.96589e-09
0.0153287 -8.00837e-09
0.0154186 -8.03421e-09
0.0155085 -8.0779e-09
0.0155984 -8.12487e-09
0.0156883 -8.16507e-09
0.0157782 -8.21434e-09
0.0158681 -8.27156e-09
0.015958 -8.32924e-09
0.0160479 -8.39199e-09
0.0161378 -8.46177e-09
0.0162277 -8.52307e-09
0.0163176 -8.58822e-09
0.0164075 -8.63772e-09
0.0164974 -8.68461e-09
0.0165873 -8.73661e-09
0.0166773 -8.79764e-09
0.0167672 -8.8573e-09
0.0168571 -8.91567e-09
0.016947 -8.97333e-09
0.0170369 -9.03331e-09
0.0171268 -9.09575e-09
0.0172167 -9.16734e-09
0.0173066 -9.23976e-09
0.0173965 -9.30107e-09
0.0174864 -9.35813e-09
0.0175763 -9.41301e-09
0.0176662 -9.4704e-09
0.0177561 -9.5337e-09
0.017846 -9.60082e-09
0.0179359 -9.66362e-09
0.0180258 -9.72041e-09
0.0181157 -9.78865e-09
0.0182056 -9.86143e-09
0.0182955 -9.93923e-09
0.0183854 -1.00157e-08
0.0184753 -1.00829e-08
0.0185652 -1.01506e-08
0.0186551 -1.02074e-08
0.018745 -1.02701e-08
0.0188349 -1.0339e-08
0.0189249 -1.0409e-08
0.0190148 -1.04759e-08
0.0191047 -1.054e-08
0.0191946 -1.06076e-08
0.0192845 -1.06779e-08
0.0193744 -1.07501e-08
0.0194643 -1.08173e-08
0.0195542 -1.08854e-08
0.0196441 -1.09496e-08
0.019734 -1.10144e-08
0.0198239 -1.10879e-08
0.0199138 -1.11639e-08
0.0200037 -1.12312e-08
0.0200936 -1.12904e-08
0.0201835 -1.13499e-08
0.0202734 -1.14139e-08
0.0203633 -1.14785e-08
0.0204532 -1.15302e-08
0.0205431 -1.1591e-08
0.020633 -1.166e-08
0.0207229 -1.17214e-08
0.0208128 -1.17757e-08
0.0209027 -1.18289e-08
0.0209926 -1.18872e-08
0.0210826 -1.19387e-08
0.0211725 -1.19847e-08
0.0212624 -1.20357e-08
0.0213523 -1.20921e-08
0.0214422 -1.21439e-08
0.0215321 -1.21861e-08
0.021622 -1.22397e-08
0.0217119 -1.22955e-08
0.0218018 -1.23331e-08
0.0218917 -1.23594e-08
0.0219816 -1.23833e-08
0.0220715 -1.24041e-08
0.0221614 -1.24309e-08
0.0222513 -1.24561e-08
0.0223412 -1.24855e-08
0.0224311 -1.25153e-08
0.022521 -1.25429e-08
0.0226109 -1.25617e-08
0.0227008 -1.25881e-08
0.0227907 -1.26037e-08
0.0228806 -1.26152e-08
0.0229705 -1.26213e-08
0.0230604 -1.26231e-08
0.0231503 -1.26219e-08
0.0232403 -1.26246e-08
0.0233302 -1.26211e-08
0.0234201 -1.26124e-08
0.02351 -1.26105e-08
0.0235999 -1.26043e-08
0.0236898 -1.25933e-08
0.0237797 -1.25939e-08
0.0238696 -1.25787e-08
0.0239595 -1.2567e-08
0.0240494 -1.2546e-08
0.0241393 -1.25257e-08
0.0242292 -1.25052e-08
0.0243191 -1.24887e-08
0.024409 -1.24635e-08
0.0244989 -1.2433e-08
0.0245888 -1.24276e-08
0.0246787 -1.24163e-08
0.0247686 -1.24117e-08
0.0248585 -1.24112e-08
0.0249484 -1.24115e-08
0.0250383 -1.24173e-08
0.0251282 -1.24153e-08
0.0252181 -1.24175e-08
0.025308 -1.24173e-08
0.025398 -1.24239e-08
0.0254879 -1.24282e-08
0.0255778 -1.24479e-08
0.0256677 -1.24747e-08
0.0257576 -1.2504e-08
0.0258475 -1.25362e-08
0.0259374 -1.25688e-08
0.0260273 -1.26133e-08
0.0261172 -1.26628e-08
0.0262071 -1.27298e-08
0.026297 -1.27866e-08
0.0263869 -1.28455e-08
0.0264768 -1.29097e-08
0.0265667 -1.29712e-08
0.0266566 -1.30369e-08
0.0267465 -1.31043e-08
0.0268364 -1.31741e-08
0.0269263 -1.32428e-08
0.0270162 -1.33085e-08
0.0271061 -1.33854e-08
0.027196 -1.34638e-08
0.0272859 -1.35441e-08
0.0273758 -1.36275e-08
0.0274657 -1.37173e-08
0.0275557 -1.38147e-08
0.0276456 -1.38973e-08
0.0277355 -1.39799e-08
0.0278254 -1.40567e-08
0.0279153 -1.4133e-08
0.0280052 -1.42088e-08
0.0280951 -1.42778e-08
0.028185 -1.43603e-08
0.0282749 -1.44298e-08
0.0283648 -1.44974e-08
0.0284547 -1.45696e-08
0.0285446 -1.46511e-08
0.0286345 -1.47312e-08
0.0287244 -1.48106e-08
0.0288143 -1.48787e-08
0.0289042 -1.49507e-08
0.0289941 -1.50284e-08
0.029084 -1.51028e-08
0.0291739 -1.51739e-08
0.0292638 -1.52526e-08
0.0293537 -1.53277e-08
0.0294436 -1.53949e-08
0.0295335 -1.54674e-08
0.0296234 -1.55377e-08
0.0297134 -1.56061e-08
0.0298033 -1.56784e-08
0.0298932 -1.57469e-08
0.0299831 -1.58277e-08
0.030073 -1.59151e-08
0.0301629 -1.59915e-08
0.0302528 -1.60575e-08
0.0303427 -1.61192e-08
0.0304326 -1.6167e-08
0.0305225 -1.62219e-08
0.0306124 -1.62834e-08
0.0307023 -1.63383e-08
0.0307922 -1.64006e-08
0.0308821 -1.64521e-08
0.030972 -1.65124e-08
0.0310619 -1.65744e-08
0.0311518 -1.66321e-08
0.0312417 -1.66939e-08
0.0313316 -1.67419e-08
0.0314215 -1.67808e-08
0.0315114 -1.68116e-08
0.0316013 -1.68603e-08
0.0316912 -1.6901e-08
0.0317811 -1.69328e-08
0.0318711 -1.69633e-08
0.031961 -1.69956e-08
0.0320509 -1.70438e-08
0.0321408 -1.70776e-08
0.0322307 -1.71263e-08
0.0323206 -1.71816e-08
0.0324105 -1.72329e-08
0.0325004 -1.72805e-08
0.0325903 -1.73275e-08
0.0326802 -1.73734e-08
0.0327701 -1.74165e-08
0.03286 -1.74521e-08
0.0329499 -1.74758e-08
0.0330398 -1.75215e-08
0.0331297 -1.75625e-08
0.0332196 -1.76096e-08
0.0333095 -1.76636e-08
0.0333994 -1.77299e-08
0.0334893 -1.78002e-08
0.0335792 -1.78686e-08
0.0336691 -1.79296e-08
0.033759 -1.79854e-08
0.0338489 -1.80332e-08
0.0339388 -1.8083e-08
0.0340288 -1.81229e-08
0.0341187 -1.81628e-08
0.0342086 -1.8203e-08
0.0342985 -1.82484e-08
0.0343884 -1.83029e-08
0.0344783 -1.8348e-08
0.0345682 -1.84046e-08
0.0346581 -1.84649e-08
0.034748 -1.85302e-08
0.0348379 -1.85883e-08
0.0349278 -1.86305e-08
0.0350177 -1.86764e-08
0.0351076 -1.87118e-08
0.0351975 -1.87413e-08
0.0352874 -1.87786e-08
0.0353773 -1.88173e-08
0.0354672 -1.88496e-08
0.0355571 -1.88764e-08
0.035647 -1.89072e-08
0.0357369 -1.89376e-08
0.0358268 -1.89859e-08
0.0359167 -1.90285e-08
0.0360066 -1.90838e-08
0.0360965 -1.91314e-08
0.0361865 -1.91645e-08
0.0362764 -1.91939e-08
0.0363663 -1.9236e-08
0.0364562 -1.92764e-08
0.0365461 -1.93285e-08
0.036636 -1.93852e-08
0.0367259 -1.94293e-08
0.0368158 -1.9477e-08
0.0369057 -1.95399e-08
0.0369956 -1.95979e-08
0.0370855 -1.96811e-08
0.0371754 -1.97404e-08
0.0372653 -1.98044e-08
0.0373552 -1.98697e-08
0.0374451 -1.9933e-08
0.037535 -2.00026e-08
0.0376249 -2.00676e-08
0.0377148 -2.01385e-08
0.0378047 -2.02071e-08
0.0378946 -2.02734e-08
0.0379845 -2.03341e-08
0.0380744 -2.03818e-08
0.0381643 -2.04331e-08
0.0382542 -2.0476e-08
0.0383441 -2.05327e-08
0.0384341 -2.05861e-08
0.038524 -2.06525e-08
0.0386139 -2.07003e-08
0.0387038 -2.0737e-08
0.0387937 -2.07702e-08
0.0388836 -2.07896e-08
0.0389735 -2.08082e-08
0.0390634 -2.08275e-08
0.0391533 -2.08456e-08
0.0392432 -2.08564e-08
0.0393331 -2.08596e-08
0.039423 -2.08588e-08
0.0395129 -2.08595e-08
0.0396028 -2.08676e-08
0.0396927 -2.08624e-08
0.0397826 -2.08605e-08
0.0398725 -2.08457e-08
0.0399624 -2.0827e-08
0.0400523 -2.08226e-08
0.0401422 -2.08264e-08
0.0402321 -2.08284e-08
0.040322 -2.08248e-08
0.0404119 -2.08196e-08
0.0405018 -2.08065e-08
0.0405918 -2.0805e-08
0.0406817 -2.08147e-08
0.0407716 -2.08139e-08
0.0408615 -2.08266e-08
0.0409514 -2.08453e-08
0.0410413 -2.08742e-08
0.0411312 -2.09089e-08
0.0412211 -2.09495e-08
0.041311 -2.09864e-08
0.0414009 -2.10321e-08
0.0414908 -2.10816e-08
0.0415807 -2.11268e-08
0.0416706 -2.11859e-08
0.0417605 -2.12557e-08
0.0418504 -2.1316e-08
0.0419403 -2.13726e-08
0.0420302 -2.14398e-08
0.0421201 -2.15098e-08
0.04221 -2.15847e-08
0.0422999 -2.16572e-08
0.0423898 -2.17307e-08
0.0424797 -2.17966e-08
0.0425696 -2.18599e-08
0.0426595 -2.1916e-08
0.0427495 -2.19722e-08
0.0428394 -2.20402e-08
0.0429293 -2.20979e-08
0.0430192 -2.21513e-08
0.0431091 -2.22141e-08
0.043199 -2.22818e-08
0.0432889 -2.23672e-08
0.0433788 -2.24359e-08
0.0434687 -2.25106e-08
0.0435586 -2.25584e-08
0.0436485 -2.26152e-08
0.0437384 -2.26809e-08
0.0438283 -2.2753e-08
0.0439182 -2.28122e-08
0.0440081 -2.28617e-08
0.044098 -2.29122e-08
0.0441879 -2.2958e-08
0.0442778 -2.30044e-08
0.0443677 -2.30493e-08
0.0444576 -2.30985e-08
0.0445475 -2.31504e-08
0.0446374 -2.31775e-08
0.0447273 -2.32134e-08
0.0448172 -2.32527e-08
0.0449072 -2.3306e-08
0.0449971 -2.33468e-08
0.045087 -2.33779e-08
0.0451769 -2.34248e-08
0.0452668 -2.34683e-08
0.0453567 -2.35241e-08
0.0454466 -2.35706e-08
0.0455365 -2.36228e-08
0.0456264 -2.36722e-08
0.0457163 -2.37063e-08
0.0458062 -2.37423e-08
0.0458961 -2.37566e-08
0.045986 -2.37685e-08
0.0460759 -2.3776e-08
0.0461658 -2.37807e-08
0.0462557 -2.37787e-08
0.0463456 -2.37879e-08
0.0464355 -2.38094e-08
0.0465254 -2.38197e-08
0.0466153 -2.38209e-08
0.0467052 -2.38226e-08
0.0467951 -2.38194e-08
0.046885 -2.38312e-08
0.0469749 -2.38284e-08
0.0470649 -2.38234e-08
0.0471548 -2.38332e-08
0.0472447 -2.38408e-08
0.0473346 -2.38524e-08
0.0474245 -2.38791e-08
0.0475144 -2.3895e-08
0.0476043 -2.39091e-08
0.0476942 -2.3921e-08
0.0477841 -2.39292e-08
0.047874 -2.39396e-08
0.0479639 -2.39516e-08
0.0480538 -2.39527e-08
0.0481437 -2.3969e-08
0.0482336 -2.39781e-08
0.0483235 -2.40136e-08
0.0484134 -2.40464e-08
0.0485033 -2.4094e-08
0.0485932 -2.41498e-08
0.0486831 -2.42241e-08
0.048773 -2.42956e-08
0.0488629 -2.43736e-08
0.0489528 -2.44534e-08
0.0490427 -2.45324e-08
0.0491326 -2.46187e-08
0.0492226 -2.46999e-08
0.0493125 -2.47601e-08
0.0494024 -2.48263e-08
0.0494923 -2.4891e-08
0.0495822 -2.49664e-08
0.0496721 -2.50548e-08
0.049762 -2.51509e-08
0.0498519 -2.52547e-08
0.0499418 -2.53539e-08
0.0500317 -2.54578e-08
0.0501216 -2.55716e-08
0.0502115 -2.56683e-08
0.0503014 -2.57567e-08
0.0503913 -2.58501e-08
0.0504812 -2.59342e-08
0.0505711 -2.60172e-08
0.050661 -2.61117e-08
0.0507509 -2.62055e-08
0.0508408 -2.63126e-08
0.0509307 -2.64223e-08
0.0510206 -2.65127e-08
0.0511105 -2.66197e-08
0.0512004 -2.67087e-08
0.0512903 -2.67901e-08
0.0513803 -2.68693e-08
0.0514702 -2.69375e-08
0.0515601 -2.70102e-08
0.05165 -2.70702e-08
0.0517399 -2.71333e-08
0.0518298 -2.71808e-08
0.0519197 -2.72274e-08
0.0520096 -2.72698e-08
0.0520995 -2.73202e-08
0.0521894 -2.73721e-08
0.0522793 -2.74403e-08
0.0523692 -2.75066e-08
0.0524591 -2.75566e-08
0.052549 -2.75965e-08
0.0526389 -2.7647e-08
0.0527288 -2.76952e-08
0.0528187 -2.77151e-08
0.0529086 -2.77364e-08
0.0529985 -2.77456e-08
0.0530884 -2.7757e-08
0.0531783 -2.77654e-08
0.0532682 -2.7778e-08
0.0533581 -2.78066e-08
0.053448 -2.78214e-08
0.053538 -2.78306e-08
0.0536279 -2.78375e-08
0.0537178 -2.78413e-08
0.0538077 -2.78409e-08
0.0538976 -2.78534e-08
0.0539875 -2.78681e-08
0.0540774 -2.78887e-08
0.0541673 -2.79079e-08
0.0542572 -2.79377e-08
0.0543471 -2.79686e-08
0.054437 -2.80016e-08
0.0545269 -2.80365e-08
0.0546168 -2.80811e-08
0.0547067 -2.8123e-08
0.0547966 -2.81463e-08
0.0548865 -2.81859e-08
0.0549764 -2.82373e-08
0.0550663 -2.83054e-08
0.0551562 -2.8381e-08
0.0552461 -2.84406e-08
0.055336 -2.84991e-08
0.0554259 -2.85439e-08
0.0555158 -2.85794e-08
0.0556057 -2.86427e-08
0.0556956 -2.87207e-08
0.0557856 -2.87792e-08
0.0558755 -2.88466e-08
0.0559654 -2.89176e-08
0.0560553 -2.89898e-08
0.0561452 -2.90457e-08
0.0562351 -2.90866e-08
0.056325 -2.91319e-08
0.0564149 -2.91887e-08
0.0565048 -2.92424e-08
0.0565947 -2.93111e-08
0.0566846 -2.93853e-08
0.0567745 -2.94627e-08
0.0568644 -2.95351e-08
0.0569543 -2.96152e-08
0.0570442 -2.96685e-08
0.0571341 -2.97113e-08
0.057224 -2.97582e-08
0.0573139 -2.97923e-08
0.0574038 -2.98301e-08
0.0574937 -2.98815e-08
0.0575836 -2.99164e-08
0.0576735 -2.99624e-08
0.0577634 -2.99919e-08
0.0578533 -3.00122e-08
0.0579433 -3.00385e-08
0.0580332 -3.00662e-08
0.0581231 -3.0084e-08
0.058213 -3.01157e-08
0.0583029 -3.01893e-08
0.0583928 -3.02546e-08
0.0584827 -3.03111e-08
0.0585726 -3.03992e-08
0.0586625 -3.05066e-08
0.0587524 -3.06348e-08
0.0588423 -3.07445e-08
0.0589322 -3.08573e-08
0.0590221 -3.09944e-08
0.059112 -3.11275e-08
0.0592019 -3.12596e-08
0.0592918 -3.13915e-08
0.0593817 -3.15264e-08
0.0594716 -3.16555e-08
0.0595615 -3.17773e-08
0.0596514 -3.1912e-08
0.0597413 -3.20792e-08
0.0598312 -3.22321e-08
0.0599211 -3.24015e-08
0.060011 -3.25388e-08
0.060101 -3.26741e-08
0.0601909 -3.28235e-08
0.0602808 -3.29657e-08
0.0603707 -3.30976e-08
0.0604606 -3.32519e-08
0.0605505 -3.33717e-08
0.0606404 -3.34741e-08
0.0607303 -3.35549e-08
0.0608202 -3.3648e-08
0.0609101 -3.37433e-08
0.061 -3.38284e-08
0.0610899 -3.39394e-08
0.0611798 -3.40256e-08
0.0612697 -3.41061e-08
0.0613596 -3.41488e-08
0.0614495 -3.41901e-08
0.0615394 -3.4232e-08
0.0616293 -3.4276e-08
0.0617192 -3.43226e-08
0.0618091 -3.43724e-08
0.061899 -3.44083e-08
0.0619889 -3.44491e-08
0.0620788 -3.45024e-08
0.0621687 -3.45426e-08
0.0622587 -3.45957e-08
0.0623486 -3.46607e-08
0.0624385 -3.47478e-08
0.0625284 -3.48077e-08
0.0626183 -3.48818e-08
0.0627082 -3.4962e-08
0.0627981 -3.50715e-08
0.062888 -3.51991e-08
0.0629779 -3.53231e-08
0.0630678 -3.54482e-08
0.0631577 -3.55719e-08
0.0632476 -3.56913e-08
0.0633375 -3.58448e-08
0.0634274 -3.60141e-08
0.0635173 -3.62138e-08
0.0636072 -3.64251e-08
0.0636971 -3.66507e-08
0.063787 -3.68909e-08
0.0638769 -3.7085e-08
0.0639668 -3.72826e-08
0.0640567 -3.75171e-08
0.0641466 -3.77426e-08
0.0642365 -3.79923e-08
0.0643264 -3.82075e-08
0.0644164 -3.84384e-08
0.0645063 -3.86401e-08
0.0645962 -3.88463e-08
0.0646861 -3.90555e-08
0.064776 -3.92847e-08
0.0648659 -3.94888e-08
0.0649558 -3.96469e-08
0.0650457 -3.98192e-08
0.0651356 -3.99767e-08
0.0652255 -4.01464e-08
0.0653154 -4.03194e-08
0.0654053 -4.04318e-08
0.0654952 -4.056e-08
0.0655851 -4.06964e-08
0.065675 -4.08414e-08
0.0657649 -4.09577e-08
0.0658548 -4.10619e-08
0.0659447 -4.11798e-08
0.0660346 -4.12707e-08
0.0661245 -4.1362e-08
0.0662144 -4.14849e-08
0.0663043 -4.15848e-08
0.0663942 -4.16962e-08
0.0664841 -4.17949e-08
0.0665741 -4.18502e-08
0.066664 -4.19417e-08
0.0667539 -4.20496e-08
0.0668438 -4.21914e-08
0.0669337 -4.23233e-08
0.0670236 -4.24814e-08
0.0671135 -4.2655e-08
0.0672034 -4.285e-08
0.0672933 -4.30405e-08
0.0673832 -4.32053e-08
0.0674731 -4.33852e-08
0.067563 -4.35733e-08
0.0676529 -4.37549e-08
0.0677428 -4.39389e-08
0.0678327 -4.41096e-08
0.0679226 -4.42996e-08
0.0680125 -4.44275e-08
0.0681024 -4.45647e-08
0.0681923 -4.46931e-08
0.0682822 -4.48193e-08
0.0683721 -4.49383e-08
0.068462 -4.50677e-08
0.0685519 -4.5168e-08
0.0686418 -4.52982e-08
0.0687318 -4.54093e-08
0.0688217 -4.55292e-08
0.0689116 -4.56465e-08
0.0690015 -4.57355e-08
0.0690914 -4.5846e-08
0.0691813 -4.59345e-08
0.0692712 -4.60103e-08
0.0693611 -4.61092e-08
0.069451 -4.61991e-08
0.0695409 -4.63198e-08
0.0696308 -4.64192e-08
0.0697207 -4.6492e-08
0.0698106 -4.65522e-08
0.0699005 -4.65932e-08
0.0699904 -4.66524e-08
0.0700803 -4.66867e-08
0.0701702 -4.67274e-08
0.0702601 -4.67832e-08
0.07035 -4.68577e-08
0.0704399 -4.69348e-08
0.0705298 -4.69861e-08
0.0706197 -4.70729e-08
0.0707096 -4.71611e-08
0.0707995 -4.72614e-08
0.0708895 -4.73716e-08
0.0709794 -4.75117e-08
0.0710693 -4.76495e-08
0.0711592 -4.77629e-08
0.0712491 -4.78668e-08
0.071339 -4.79644e-08
0.0714289 -4.80303e-08
0.0715188 -4.80797e-08
0.0716087 -4.81575e-08
0.0716986 -4.82728e-08
0.0717885 -4.83459e-08
0.0718784 -4.84051e-08
0.0719683 -4.85028e-08
0.0720582 -4.85573e-08
0.0721481 -4.86317e-08
0.072238 -4.87125e-08
0.0723279 -4.87966e-08
0.0724178 -4.88901e-08
0.0725077 -4.89932e-08
0.0725976 -4.9082e-08
0.0726875 -4.91912e-08
0.0727774 -4.92874e-08
0.0728673 -4.93946e-08
0.0729572 -4.94883e-08
0.0730472 -4.96138e-08
0.0731371 -4.97258e-08
0.073227 -4.98713e-08
0.0733169 -5.00365e-08
0.0734068 -5.02101e-08
0.0734967 -5.03322e-08
0.0735866 -5.04568e-08
0.0736765 -5.06369e-08
0.0737664 -5.07882e-08
0.0738563 -5.09161e-08
0.0739462 -5.1086e-08
0.0740361 -5.12823e-08
0.074126 -5.15136e-08
0.0742159 -5.17475e-08
0.0743058 -5.2025e-08
0.0743957 -5.22715e-08
0.0744856 -5.25188e-08
0.0745755 -5.27817e-08
0.0746654 -5.30597e-08
0.0747553 -5.33081e-08
0.0748452 -5.35346e-08
0.0749351 -5.38092e-08
0.075025 -5.40935e-08
0.0751149 -5.43156e-08
0.0752048 -5.45185e-08
0.0752948 -5.47088e-08
0.0753847 -5.48947e-08
0.0754746 -5.50293e-08
0.0755645 -5.52183e-08
0.0756544 -5.54557e-08
0.0757443 -5.56805e-08
0.0758342 -5.59099e-08
0.0759241 -5.61036e-08
0.076014 -5.63074e-08
0.0761039 -5.64706e-08
0.0761938 -5.66543e-08
0.0762837 -5.68569e-08
0.0763736 -5.70414e-08
0.0764635 -5.72129e-08
0.0765534 -5.73745e-08
0.0766433 -5.75199e-08
0.0767332 -5.76704e-08
0.0768231 -5.78282e-08
0.076913 -5.79917e-08
0.0770029 -5.81357e-08
0.0770928 -5.8233e-08
0.0771827 -5.83676e-08
0.0772726 -5.84963e-08
0.0773625 -5.85939e-08
0.0774525 -5.86842e-08
0.0775424 -5.88196e-08
0.0776323 -5.89116e-08
0.0777222 -5.90382e-08
0.0778121 -5.91243e-08
0.077902 -5.91848e-08
0.0779919 -5.92272e-08
0.0780818 -5.93141e-08
0.0781717 -5.93722e-08
0.0782616 -5.94497e-08
0.0783515 -5.95041e-08
0.0784414 -5.95891e-08
0.0785313 -5.96056e-08
0.0786212 -5.96396e-08
0.0787111 -5.96014e-08
0.078801 -5.95827e-08
0.0788909 -5.95852e-08
0.0789808 -5.96362e-08
0.0790707 -5.96617e-08
0.0791606 -5.96565e-08
0.0792505 -5.96561e-08
0.0793404 -5.96068e-08
0.0794303 -5.95117e-08
0.0795202 -5.94154e-08
0.0796102 -5.93138e-08
0.0797001 -5.91877e-08
0.07979 -5.9026e-08
0.0798799 -5.88417e-08
0.0799698 -5.86942e-08
0.0800597 -5.85771e-08
0.0801496 -5.84522e-08
0.0802395 -5.83268e-08
0.0803294 -5.82305e-08
0.0804193 -5.81261e-08
0.0805092 -5.80566e-08
0.0805991 -5.79868e-08
0.080689 -5.79667e-08
0.0807789 -5.7971e-08
0.0808688 -5.80235e-08
0.0809587 -5.80373e-08
0.0810486 -5.80702e-08
0.0811385 -5.8087e-08
0.0812284 -5.81363e-08
0.0813183 -5.82138e-08
0.0814082 -5.83192e-08
0.0814981 -5.84731e-08
0.081588 -5.86859e-08
0.0816779 -5.89169e-08
0.0817679 -5.91857e-08
0.0818578 -5.95053e-08
0.0819477 -5.97889e-08
0.0820376 -6.01339e-08
0.0821275 -6.04892e-08
0.0822174 -6.08133e-08
0.0823073 -6.11942e-08
0.0823972 -6.15862e-08
0.0824871 -6.20552e-08
0.082577 -6.25609e-08
0.0826669 -6.31074e-08
0.0827568 -6.36234e-08
0.0828467 -6.40434e-08
0.0829366 -6.44191e-08
0.0830265 -6.47994e-08
0.0831164 -6.51457e-08
0.0832063 -6.54589e-08
0.0832962 -6.57498e-08
0.0833861 -6.59986e-08
0.083476 -6.61986e-08
0.0835659 -6.63448e-08
0.0836558 -6.65405e-08
0.0837457 -6.67346e-08
0.0838356 -6.69175e-08
0.0839256 -6.71869e-08
0.0840155 -6.74183e-08
0.0841054 -6.76551e-08
0.0841953 -6.78437e-08
0.0842852 -6.8092e-08
0.0843751 -6.82744e-08
0.084465 -6.84599e-08
0.0845549 -6.85989e-08
0.0846448 -6.86874e-08
0.0847347 -6.87022e-08
0.0848246 -6.87433e-08
0.0849145 -6.8819e-08
0.0850044 -6.88937e-08
0.0850943 -6.89466e-08
0.0851842 -6.90064e-08
0.0852741 -6.90068e-08
0.085364 -6.90169e-08
0.0854539 -6.91085e-08
0.0855438 -6.92005e-08
0.0856337 -6.92864e-08
0.0857236 -6.93494e-08
0.0858135 -6.93664e-08
0.0859034 -6.94596e-08
0.0859933 -6.94294e-08
0.0860833 -6.94248e-08
0.0861732 -6.93717e-08
0.0862631 -6.94517e-08
0.086353 -6.94749e-08
0.0864429 -6.95089e-08
0.0865328 -6.944e-08
0.0866227 -6.94834e-08
0.0867126 -6.94885e-08
0.0868025 -6.95338e-08
0.0868924 -6.9551e-08
0.0869823 -6.94915e-08
0.0870722 -6.95005e-08
0.0871621 -6.95585e-08
0.087252 -6.95697e-08
0.0873419 -6.95673e-08
0.0874318 -6.96062e-08
0.0875217 -6.96589e-08
0.0876116 -6.97149e-08
0.0877015 -6.97265e-08
0.0877914 -6.97066e-08
0.0878813 -6.96939e-08
0.0879712 -6.97087e-08
0.0880611 -6.97226e-08
0.088151 -6.9713e-08
0.088241 -6.95983e-08
0.0883309 -6.94698e-08
0.0884208 -6.9417e-08
0.0885107 -6.93896e-08
0.0886006 -6.93861e-08
0.0886905 -6.93544e-08
0.0887804 -6.94063e-08
0.0888703 -6.94987e-08
0.0889602 -6.95947e-08
0.0890501 -6.96226e-08
0.08914 -6.96984e-08
0.0892299 -6.97747e-08
0.0893198 -7.0016e-08
0.0894097 -7.0138e-08
0.0894996 -7.02839e-08
0.0895895 -7.03864e-08
0.0896794 -7.0473e-08
0.0897693 -7.05947e-08
0.0898592 -7.05695e-08
0.0899491 -7.06356e-08
0.090039 -7.07917e-08
0.0901289 -7.10088e-08
0.0902188 -7.12112e-08
0.0903087 -7.14025e-08
0.0903987 -7.15214e-08
0.0904886 -7.16976e-08
0.0905785 -7.18194e-08
0.0906684 -7.19639e-08
0.0907583 -7.20293e-08
0.0908482 -7.19842e-08
0.0909381 -7.2022e-08
0.091028 -7.2029e-08
0.0911179 -7.20163e-08
0.0912078 -7.20492e-08
0.0912977 -7.20465e-08
0.0913876 -7.20642e-08
0.0914775 -7.21528e-08
0.0915674 -7.22606e-08
0.0916573 -7.24354e-08
0.0917472 -7.26743e-08
0.0918371 -7.30311e-08
0.091927 -7.33943e-08
0.0920169 -7.37207e-08
0.0921068 -7.39376e-08
0.0921967 -7.42622e-08
0.0922866 -7.43664e-08
0.0923765 -7.46159e-08
0.0924664 -7.49036e-08
0.0925564 -7.52706e-08
0.0926463 -7.54615e-08
0.0927362 -7.56241e-08
0.0928261 -7.5721e-08
0.092916 -7.58273e-08
0.0930059 -7.58643e-08
0.0930958 -7.60603e-08
0.0931857 -7.61619e-08
0.0932756 -7.62531e-08
0.0933655 -7.649e-08
0.0934554 -7.67291e-08
0.0935453 -7.69033e-08
0.0936352 -7.70602e-08
0.0937251 -7.72834e-08
0.093815 -7.75162e-08
0.0939049 -7.78776e-08
0.0939948 -7.82894e-08
0.0940847 -7.87054e-08
0.0941746 -7.89376e-08
0.0942645 -7.92255e-08
0.0943544 -7.93318e-08
0.0944443 -7.94592e-08
0.0945342 -7.94436e-08
0.0946241 -7.93825e-08
0.094714 -7.92991e-08
0.094804 -7.92561e-08
0.0948939 -7.91158e-08
0.0949838 -7.89683e-08
0.0950737 -7.88682e-08
0.0951636 -7.88657e-08
0.0952535 -7.8869e-08
0.0953434 -7.88539e-08
0.0954333 -7.8907e-08
0.0955232 -7.89235e-08
0.0956131 -7.90119e-08
0.095703 -7.90865e-08
0.0957929 -7.92539e-08
0.0958828 -7.93637e-08
0.0959727 -7.94188e-08
0.0960626 -7.94261e-08
0.0961525 -7.94237e-08
0.0962424 -7.92675e-08
0.0963323 -7.92231e-08
0.0964222 -7.93329e-08
0.0965121 -7.95041e-08
0.096602 -7.9569e-08
0.0966919 -7.96001e-08
0.0967818 -7.9666e-08
0.0968717 -7.95458e-08
0.0969617 -7.94758e-08
0.0970516 -7.94937e-08
0.0971415 -7.95196e-08
0.0972314 -7.95295e-08
0.0973213 -7.97112e-08
0.0974112 -7.97486e-08
0.0975011 -7.97166e-08
0.097591 -7.97899e-08
0.0976809 -7.98542e-08
0.0977708 -7.98801e-08
0.0978607 -8.00738e-08
0.0979506 -8.02776e-08
0.0980405 -8.06083e-08
0.0981304 -8.0842e-08
0.0982203 -8.09882e-08
0.0983102 -8.11376e-08
0.0984001 -8.1308e-08
0.09849 -8.14922e-08
0.0985799 -8.15256e-08
0.0986698 -8.15711e-08
0.0987597 -8.17173e-08
0.0988496 -8.17813e-08
0.0989395 -8.18189e-08
0.0990294 -8.18241e-08
0.0991194 -8.1806e-08
0.0992093 -8.17707e-08
0.0992992 -8.15811e-08
0.0993891 -8.15296e-08
0.099479 -8.12519e-08
0.0995689 -8.11575e-08
0.0996588 -8.10906e-08
0.0997487 -8.09302e-08
0.0998386 -8.08245e-08
0.0999285 -8.06857e-08
0.100018 -8.06057e-08
0.100108 -8.06055e-08
0.100198 -8.05391e-08
0.100288 -8.07562e-08
0.100378 -8.0915e-08
0.100468 -8.09462e-08
0.100558 -8.11449e-08
0.100648 -8.10414e-08
0.100738 -8.08453e-08
0.100828 -8.08288e-08
0.100917 -8.07687e-08
0.101007 -8.07797e-08
0.101097 -8.07892e-08
0.101187 -8.08097e-08
0.101277 -8.06723e-08
0.101367 -8.06032e-08
0.101457 -8.07196e-08
0.101547 -8.08562e-08
0.101637 -8.11657e-08
0.101727 -8.16651e-08
0.101816 -8.21579e-08
0.101906 -8.26586e-08
0.101996 -8.30422e-08
0.102086 -8.33708e-08
0.102176 -8.38184e-08
0.102266 -8.4336e-08
0.102356 -8.47209e-08
0.102446 -8.50622e-08
0.102536 -8.53628e-08
0.102626 -8.5624e-08
0.102716 -8.56762e-08
0.102805 -8.57137e-08
0.102895 -8.58096e-08
0.102985 -8.59803e-08
0.103075 -8.61685e-08
0.103165 -8.6219e-08
0.103255 -8.61308e-08
0.103345 -8.60866e-08
0.103435 -8.61345e-08
0.103525 -8.62789e-08
0.103615 -8.64984e-08
0.103704 -8.65644e-08
0.103794 -8.66218e-08
0.103884 -8.6684e-08
0.103974 -8.66472e-08
0.104064 -8.64326e-08
0.104154 -8.6293e-08
0.104244 -8.61648e-08
0.104334 -8.60338e-08
0.104424 -8.58766e-08
0.104514 -8.57243e-08
0.104604 -8.54601e-08
0.104693 -8.5191e-08
0.104783 -8.50663e-08
0.104873 -8.49911e-08
0.104963 -8.49858e-08
0.105053 -8.48519e-08
0.105143 -8.47649e-08
0.105233 -8.47375e-08
0.105323 -8.47175e-08
0.105413 -8.46382e-08
0.105503 -8.46553e-08
0.105592 -8.48111e-08
0.105682 -8.48653e-08
0.105772 -8.49866e-08
0.105862 -8.5164e-08
0.105952 -8.51979e-08
0.106042 -8.53283e-08
0.106132 -8.56199e-08
0.106222 -8.59574e-08
0.106312 -8.63062e-08
0.106402 -8.65307e-08
0.106491 -8.66424e-08
0.106581 -8.66501e-08
0.106671 -8.65094e-08
0.106761 -8.65307e-08
0.106851 -8.64074e-08
0.106941 -8.63132e-08
0.107031 -8.64388e-08
0.107121 -8.62993e-08
0.107211 -8.63157e-08
0.107301 -8.62604e-08
0.107391 -8.60885e-08
0.10748 -8.61812e-08
0.10757 -8.62875e-08
0.10766 -8.63517e-08
0.10775 -8.63599e-08
0.10784 -8.63788e-08
0.10793 -8.64295e-08
0.10802 -8.64811e-08
0.10811 -8.64364e-08
0.1082 -8.64062e-08
0.10829 -8.62592e-08
0.108379 -8.61644e-08
0.108469 -8.59474e-08
0.108559 -8.56103e-08
0.108649 -8.53334e-08
0.108739 -8.49434e-08
0.108829 -8.4845e-08
0.108919 -8.4574e-08
0.109009 -8.43252e-08
0.109099 -8.41153e-08
0.109189 -8.39454e-08
0.109279 -8.3852e-08
0.109368 -8.35694e-08
0.109458 -8.34689e-08
0.109548 -8.35774e-08
0.109638 -8.36186e-08
0.109728 -8.38914e-08
0.109818 -8.42612e-08
0.109908 -8.44045e-08
0.109998 -8.47524e-08
0.110088 -8.51142e-08
0.110178 -8.51241e-08
0.110267 -8.51411e-08
0.110357 -8.52503e-08
0.110447 -8.55028e-08
0.110537 -8.56422e-08
0.110627 -8.61041e-08
0.110717 -8.63763e-08
0.110807 -8.66066e-08
0.110897 -8.64918e-08
0.110987 -8.66085e-08
0.111077 -8.66243e-08
0.111167 -8.69192e-08
0.111256 -8.73769e-08
0.111346 -8.83597e-08
0.111436 -8.89288e-08
0.111526 -8.9702e-08
0.111616 -9.00918e-08
0.111706 -9.01856e-08
0.111796 -9.02588e-08
0.111886 -9.03142e-08
0.111976 -9.05109e-08
0.112066 -9.04164e-08
0.112155 -9.02273e-08
0.112245 -9.00675e-08
0.112335 -8.97328e-08
0.112425 -8.92047e-08
0.112515 -8.90027e-08
0.112605 -8.8311e-08
0.112695 -8.77857e-08
0.112785 -8.74117e-08
0.112875 -8.71665e-08
0.112965 -8.69385e-08
0.113054 -8.70331e-08
0.113144 -8.72368e-08
0.113234 -8.7165e-08
0.113324 -8.68032e-08
0.113414 -8.65031e-08
0.113504 -8.61972e-08
0.113594 -8.58081e-08
0.113684 -8.57323e-08
0.113774 -8.57123e-08
0.113864 -8.5502e-08
0.113954 -8.53956e-08
0.114043 -8.51707e-08
0.114133 -8.46501e-08
0.114223 -8.41077e-08
0.114313 -8.37723e-08
0.114403 -8.3529e-08
0.114493 -8.34876e-08
0.114583 -8.35788e-08
0.114673 -8.36287e-08
0.114763 -8.37138e-08
0.114853 -8.37087e-08
0.114942 -8.35153e-08
0.115032 -8.353e-08
0.115122 -8.3497e-08
0.115212 -8.36397e-08
0.115302 -8.3905e-08
0.115392 -8.42408e-08
0.115482 -8.48813e-08
0.115572 -8.51695e-08
0.115662 -8.55915e-08
0.115752 -8.58377e-08
0.115842 -8.58492e-08
0.115931 -8.61848e-08
0.116021 -8.62282e-08
0.116111 -8.62862e-08
0.116201 -8.64347e-08
0.116291 -8.67836e-08
0.116381 -8.71796e-08
0.116471 -8.75559e-08
0.116561 -8.74959e-08
0.116651 -8.73876e-08
0.116741 -8.71711e-08
0.11683 -8.71717e-08
0.11692 -8.70041e-08
0.11701 -8.67502e-08
0.1171 -8.67757e-08
0.11719 -8.66928e-08
0.11728 -8.65035e-08
0.11737 -8.59143e-08
0.11746 -8.51706e-08
0.11755 -8.46686e-08
0.11764 -8.44121e-08
0.11773 -8.40831e-08
0.117819 -8.38925e-08
0.117909 -8.37713e-08
0.117999 -8.36432e-08
0.118089 -8.34699e-08
0.118179 -8.34609e-08
0.118269 -8.36747e-08
0.118359 -8.40123e-08
0.118449 -8.41867e-08
0.118539 -8.459e-08
0.118629 -8.48701e-08
0.118718 -8.50632e-08
0.118808 -8.51894e-08
0.118898 -8.50708e-08
0.118988 -8.49495e-08
0.119078 -8.48236e-08
0.119168 -8.45781e-08
0.119258 -8.4301e-08
0.119348 -8.35924e-08
0.119438 -8.32889e-08
0.119528 -8.32905e-08
0.119617 -8.32454e-08
0.119707 -8.33086e-08
0.119797 -8.34319e-08
0.119887 -8.39137e-08
0.119977 -8.47522e-08
0.120067 -8.54961e-08
0.120157 -8.65005e-08
0.120247 -8.7224e-08
0.120337 -8.78537e-08
0.120427 -8.86357e-08
0.120517 -8.89301e-08
0.120606 -8.91513e-08
0.120696 -8.93054e-08
0.120786 -8.89801e-08
0.120876 -8.85856e-08
0.120966 -8.82493e-08
0.121056 -8.74061e-08
0.121146 -8.67027e-08
0.121236 -8.57995e-08
0.121326 -8.5166e-08
0.121416 -8.44358e-08
0.121505 -8.37367e-08
0.121595 -8.30022e-08
0.121685 -8.24803e-08
0.121775 -8.20391e-08
0.121865 -8.1958e-08
0.121955 -8.15992e-08
0.122045 -8.13773e-08
0.122135 -8.09584e-08
0.122225 -8.10008e-08
0.122315 -8.12873e-08
0.122405 -8.09561e-08
0.122494 -8.08766e-08
0.122584 -8.1314e-08
0.122674 -8.1938e-08
0.122764 -8.23087e-08
0.122854 -8.21708e-08
0.122944 -8.21599e-08
0.123034 -8.20502e-08
0.123124 -8.22074e-08
0.123214 -8.29097e-08
0.123304 -8.30548e-08
0.123393 -8.31158e-08
0.123483 -8.31954e-08
0.123573 -8.31675e-08
0.123663 -8.2914e-08
0.123753 -8.2413e-08
0.123843 -8.21043e-08
0.123933 -8.19509e-08
0.124023 -8.20129e-08
0.124113 -8.1958e-08
0.124203 -8.16076e-08
0.124293 -8.15354e-08
0.124382 -8.21237e-08
0.124472 -8.24387e-08
0.124562 -8.34053e-08
0.124652 -8.37237e-08
0.124742 -8.40812e-08
0.124832 -8.4556e-08
0.124922 -8.43172e-08
0.125012 -8.39994e-08
0.125102 -8.34687e-08
0.125192 -8.33596e-08
0.125281 -8.28026e-08
0.125371 -8.20038e-08
0.125461 -8.14167e-08
0.125551 -8.04863e-08
0.125641 -7.9429e-08
0.125731 -7.83889e-08
0.125821 -7.74491e-08
0.125911 -7.63425e-08
0.126001 -7.55759e-08
0.126091 -7.48278e-08
0.126181 -7.43971e-08
0.12627 -7.35883e-08
0.12636 -7.29798e-08
0.12645 -7.16848e-08
0.12654 -7.08666e-08
0.12663 -6.96958e-08
0.12672 -6.92976e-08
0.12681 -6.86751e-08
0.1269 -6.8292e-08
0.12699 -6.75753e-08
0.12708 -6.71039e-08
0.127169 -6.68107e-08
0.127259 -6.63021e-08
0.127349 -6.66116e-08
0.127439 -6.73202e-08
0.127529 -6.8306e-08
0.127619 -6.87292e-08
0.127709 -6.97822e-08
0.127799 -7.0911e-08
0.127889 -7.22211e-08
0.127979 -7.32358e-08
0.128068 -7.38513e-08
0.128158 -7.46067e-08
0.128248 -7.57391e-08
0.128338 -7.65062e-08
0.128428 -7.76096e-08
0.128518 -7.81803e-08
0.128608 -7.85664e-08
0.128698 -7.89893e-08
0.128788 -7.87937e-08
0.128878 -7.75506e-08
0.128968 -7.66269e-08
0.129057 -7.5845e-08
0.129147 -7.53858e-08
0.129237 -7.48472e-08
0.129327 -7.42606e-08
0.129417 -7.34413e-08
0.129507 -7.26269e-08
0.129597 -7.25439e-08
0.129687 -7.23051e-08
0.129777 -7.22278e-08
0.129867 -7.24983e-08
0.129956 -7.28561e-08
0.130046 -7.29253e-08
0.130136 -7.25182e-08
0.130226 -7.19466e-08
0.130316 -7.09576e-08
0.130406 -7.04434e-08
0.130496 -6.99054e-08
0.130586 -6.89022e-08
0.130676 -6.688e-08
0.130766 -6.51776e-08
0.130856 -6.33753e-08
0.130945 -6.14232e-08
0.131035 -5.95213e-08
0.131125 -5.72233e-08
0.131215 -5.59377e-08
0.131305 -5.58748e-08
0.131395 -5.70124e-08
0.131485 -5.69055e-08
0.131575 -5.69654e-08
0.131665 -5.78902e-08
0.131755 -5.99211e-08
0.131844 -6.08201e-08
0.131934 -6.13404e-08
0.132024 -6.21221e-08
0.132114 -6.32096e-08
0.132204 -6.47137e-08
0.132294 -6.58217e-08
0.132384 -6.65357e-08
0.132474 -6.64709e-08
0.132564 -6.70173e-08
0.132654 -6.71357e-08
0.132744 -6.61667e-08
0.132833 -6.1538e-08
0.132923 -6.16993e-08
0.133013 -6.08654e-08
0.133103 -5.97827e-08
0.133193 -5.90075e-08
0.133283 -5.87429e-08
0.133373 -5.79192e-08
0.133463 -5.76744e-08
0.133553 -5.7961e-08
0.133643 -5.8734e-08
0.133732 -5.94864e-08
0.133822 -6.00619e-08
0.133912 -6.13043e-08
0.134002 -6.13787e-08
0.134092 -6.19455e-08
0.134182 -6.24467e-08
0.134272 -6.23155e-08
0.134362 -6.2377e-08
0.134452 -6.28614e-08
0.134542 -6.28906e-08
0.134631 -6.24079e-08
0.134721 -6.14824e-08
0.134811 -6.09307e-08
