-0.134811 3.34913e-07
-0.134721 3.35834e-07
-0.134631 3.3669e-07
-0.134542 3.37053e-07
-0.134452 3.37642e-07
-0.134362 3.37905e-07
-0.134272 3.38187e-07
-0.134182 3.38163e-07
-0.134092 3.38364e-07
-0.134002 3.38498e-07
-0.133912 3.38398e-07
-0.133822 3.37119e-07
-0.133732 3.36111e-07
-0.133642 3.35439e-07
-0.133553 3.35626e-07
-0.133463 3.36399e-07
-0.133373 3.36727e-07
-0.133283 3.37579e-07
-0.133193 3.38377e-07
-0.133103 3.39528e-07
-0.133013 3.39239e-07
-0.132923 3.39012e-07
-0.132833 3.38991e-07
-0.132743 3.39461e-07
-0.132654 3.39787e-07
-0.132564 3.39897e-07
-0.132474 3.39313e-07
-0.132384 3.39268e-07
-0.132294 3.39486e-07
-0.132204 3.39117e-07
-0.132114 3.38627e-07
-0.132024 3.38981e-07
-0.131934 3.40175e-07
-0.131844 3.41174e-07
-0.131754 3.42158e-07
-0.131665 3.42008e-07
-0.131575 3.40732e-07
-0.131485 3.40009e-07
-0.131395 3.3944e-07
-0.131305 3.36451e-07
-0.131215 3.2882e-07
-0.131125 3.22828e-07
-0.131035 3.16042e-07
-0.130945 3.09854e-07
-0.130855 3.07177e-07
-0.130766 3.05045e-07
-0.130676 3.03168e-07
-0.130586 3.00332e-07
-0.130496 2.96709e-07
-0.130406 2.94796e-07
-0.130316 2.93684e-07
-0.130226 2.92628e-07
-0.130136 2.9054e-07
-0.130046 2.89417e-07
-0.129956 2.86754e-07
-0.129867 2.84565e-07
-0.129777 2.83256e-07
-0.129687 2.82389e-07
-0.129597 2.80945e-07
-0.129507 2.79924e-07
-0.129417 2.77276e-07
-0.129327 2.73046e-07
-0.129237 2.68747e-07
-0.129147 2.65724e-07
-0.129057 2.64568e-07
-0.128967 2.62711e-07
-0.128878 2.59239e-07
-0.128788 2.56655e-07
-0.128698 2.53228e-07
-0.128608 2.52207e-07
-0.128518 2.51151e-07
-0.128428 2.51225e-07
-0.128338 2.51086e-07
-0.128248 2.50221e-07
-0.128158 2.49613e-07
-0.128068 2.47269e-07
-0.127979 2.43729e-07
-0.127889 2.40839e-07
-0.127799 2.39237e-07
-0.127709 2.39229e-07
-0.127619 2.35793e-07
-0.127529 2.30993e-07
-0.127439 2.24298e-07
-0.127349 2.20944e-07
-0.127259 2.18662e-07
-0.127169 2.18361e-07
-0.127079 2.19307e-07
-0.12699 2.17918e-07
-0.1269 2.08255e-07
-0.12681 1.96421e-07
-0.12672 1.96187e-07
-0.12663 1.96202e-07
-0.12654 1.95581e-07
-0.12645 1.96066e-07
-0.12636 2.01107e-07
-0.12627 1.00105e-07
-0.12618 -2.25875e-09
-0.126091 1.01428e-09
-0.126001 3.09313e-10
-0.125911 4.47408e-10
-0.125821 8.23213e-10
-0.125731 1.21771e-09
-0.125641 1.89681e-09
-0.125551 1.76689e-09
-0.125461 7.96282e-10
-0.125371 -3.71325e-10
-0.125281 -1.41467e-09
-0.125191 -3.02789e-09
-0.125102 -5.30749e-09
-0.125012 -7.41871e-09
-0.124922 -9.72395e-09
-0.124832 -1.12257e-08
-0.124742 -1.29271e-08
-0.124652 -1.45152e-08
-0.124562 -1.57284e-08
-0.124472 -1.6239e-08
-0.124382 -1.67638e-08
-0.124292 -1.72304e-08
-0.124203 -1.76793e-08
-0.124113 -1.80261e-08
-0.124023 -1.87253e-08
-0.123933 -1.90598e-08
-0.123843 -1.90937e-08
-0.123753 -1.88322e-08
-0.123663 -1.84124e-08
-0.123573 -1.7882e-08
-0.123483 -1.76867e-08
-0.123393 -1.77689e-08
-0.123304 -1.78925e-08
-0.123214 -1.74923e-08
-0.123124 -1.7093e-08
-0.123034 -1.64883e-08
-0.122944 -1.5492e-08
-0.122854 -1.44058e-08
-0.122764 -1.42024e-08
-0.122674 -1.40711e-08
-0.122584 -1.35545e-08
-0.122494 -1.31146e-08
-0.122404 -1.24757e-08
-0.122315 -1.2089e-08
-0.122225 -1.19779e-08
-0.122135 -1.23976e-08
-0.122045 -1.32317e-08
-0.121955 -1.37739e-08
-0.121865 -1.47117e-08
-0.121775 -1.56582e-08
-0.121685 -1.64396e-08
-0.121595 -1.73565e-08
-0.121505 -1.87091e-08
-0.121416 -2.00181e-08
-0.121326 -2.13094e-08
-0.121236 -2.2068e-08
-0.121146 -2.27067e-08
-0.121056 -2.35332e-08
-0.120966 -2.4094e-08
-0.120876 -2.40925e-08
-0.120786 -2.43951e-08
-0.120696 -2.46263e-08
-0.120606 -2.48075e-08
-0.120516 -2.49913e-08
-0.120427 -2.53201e-08
-0.120337 -2.57973e-08
-0.120247 -2.64446e-08
-0.120157 -2.67639e-08
-0.120067 -2.6839e-08
-0.119977 -2.7101e-08
-0.119887 -2.77632e-08
-0.119797 -2.85048e-08
-0.119707 -2.91075e-08
-0.119617 -2.96981e-08
-0.119528 -3.0513e-08
-0.119438 -3.16287e-08
-0.119348 -3.21952e-08
-0.119258 -3.26057e-08
-0.119168 -3.29424e-08
-0.119078 -3.36709e-08
-0.118988 -3.42734e-08
-0.118898 -3.39652e-08
-0.118808 -3.28442e-08
-0.118718 -3.12243e-08
-0.118628 -2.89121e-08
-0.118539 -2.68746e-08
-0.118449 -2.42782e-08
-0.118359 -2.16982e-08
-0.118269 -2.03379e-08
-0.118179 -1.87607e-08
-0.118089 -1.7713e-08
-0.117999 -1.71319e-08
-0.117909 -1.6658e-08
-0.117819 -1.70014e-08
-0.117729 -1.81657e-08
-0.11764 -1.87582e-08
-0.11755 -1.90886e-08
-0.11746 -1.91455e-08
-0.11737 -1.87977e-08
-0.11728 -1.84793e-08
-0.11719 -1.83846e-08
-0.1171 -1.84705e-08
-0.11701 -1.78713e-08
-0.11692 -1.63704e-08
-0.11683 -1.56641e-08
-0.116741 -1.4987e-08
-0.116651 -1.41164e-08
-0.116561 -1.38132e-08
-0.116471 -1.34629e-08
-0.116381 -1.32923e-08
-0.116291 -1.39545e-08
-0.116201 -1.4193e-08
-0.116111 -1.43241e-08
-0.116021 -1.46559e-08
-0.115931 -1.53157e-08
-0.115841 -1.59094e-08
-0.115752 -1.60522e-08
-0.115662 -1.58316e-08
-0.115572 -1.60287e-08
-0.115482 -1.63983e-08
-0.115392 -1.66477e-08
-0.115302 -1.69858e-08
-0.115212 -1.72345e-08
-0.115122 -1.78859e-08
-0.115032 -1.84074e-08
-0.114942 -1.87534e-08
-0.114853 -1.93246e-08
-0.114763 -1.97473e-08
-0.114673 -2.04522e-08
-0.114583 -2.11514e-08
-0.114493 -2.12991e-08
-0.114403 -2.17606e-08
-0.114313 -2.2064e-08
-0.114223 -2.23416e-08
-0.114133 -2.22686e-08
-0.114043 -2.20685e-08
-0.113953 -2.18431e-08
-0.113864 -2.14334e-08
-0.113774 -2.08709e-08
-0.113684 -2.05528e-08
-0.113594 -1.96803e-08
-0.113504 -1.8835e-08
-0.113414 -1.80172e-08
-0.113324 -1.69621e-08
-0.113234 -1.61847e-08
-0.113144 -1.56685e-08
-0.113054 -1.56838e-08
-0.112965 -1.56372e-08
-0.112875 -1.55841e-08
-0.112785 -1.55303e-08
-0.112695 -1.54993e-08
-0.112605 -1.52794e-08
-0.112515 -1.56211e-08
-0.112425 -1.60185e-08
-0.112335 -1.61185e-08
-0.112245 -1.61414e-08
-0.112155 -1.61738e-08
-0.112065 -1.64338e-08
-0.111976 -1.65469e-08
-0.111886 -1.67506e-08
-0.111796 -1.69586e-08
-0.111706 -1.74706e-08
-0.111616 -1.79457e-08
-0.111526 -1.82863e-08
-0.111436 -1.85524e-08
-0.111346 -1.89669e-08
-0.111256 -1.97535e-08
-0.111166 -2.05547e-08
-0.111077 -2.11488e-08
-0.110987 -2.14097e-08
-0.110897 -2.14094e-08
-0.110807 -2.13703e-08
-0.110717 -2.12343e-08
-0.110627 -2.10276e-08
-0.110537 -2.07756e-08
-0.110447 -2.04782e-08
-0.110357 -2.02454e-08
-0.110267 -1.98585e-08
-0.110178 -1.93347e-08
-0.110088 -1.87921e-08
-0.109998 -1.81205e-08
-0.109908 -1.77069e-08
-0.109818 -1.76741e-08
-0.109728 -1.74543e-08
-0.109638 -1.71876e-08
-0.109548 -1.69211e-08
-0.109458 -1.68474e-08
-0.109368 -1.67084e-08
-0.109278 -1.65464e-08
-0.109189 -1.63137e-08
-0.109099 -1.61822e-08
-0.109009 -1.62092e-08
-0.108919 -1.62685e-08
-0.108829 -1.63681e-08
-0.108739 -1.65018e-08
-0.108649 -1.68056e-08
-0.108559 -1.70497e-08
-0.108469 -1.73086e-08
-0.108379 -1.76056e-08
-0.10829 -1.80867e-08
-0.1082 -1.84338e-08
-0.10811 -1.89617e-08
-0.10802 -1.94058e-08
-0.10793 -1.98628e-08
-0.10784 -2.01286e-08
-0.10775 -2.02367e-08
-0.10766 -2.01892e-08
-0.10757 -2.00073e-08
-0.10748 -1.98482e-08
-0.10739 -1.96432e-08
-0.107301 -1.91563e-08
-0.107211 -1.85809e-08
-0.107121 -1.81299e-08
-0.107031 -1.77601e-08
-0.106941 -1.75107e-08
-0.106851 -1.74009e-08
-0.106761 -1.75515e-08
-0.106671 -1.76141e-08
-0.106581 -1.79971e-08
-0.106491 -1.84017e-08
-0.106402 -1.87751e-08
-0.106312 -1.91072e-08
-0.106222 -1.96362e-08
-0.106132 -1.99956e-08
-0.106042 -2.03884e-08
-0.105952 -2.04625e-08
-0.105862 -2.05056e-08
-0.105772 -2.02825e-08
-0.105682 -1.98435e-08
-0.105592 -1.923e-08
-0.105502 -1.85061e-08
-0.105413 -1.779e-08
-0.105323 -1.72311e-08
-0.105233 -1.70272e-08
-0.105143 -1.66813e-08
-0.105053 -1.6535e-08
-0.104963 -1.6308e-08
-0.104873 -1.62729e-08
-0.104783 -1.63186e-08
-0.104693 -1.64488e-08
-0.104603 -1.6644e-08
-0.104514 -1.70183e-08
-0.104424 -1.74274e-08
-0.104334 -1.79751e-08
-0.104244 -1.84479e-08
-0.104154 -1.88088e-08
-0.104064 -1.9113e-08
-0.103974 -1.94037e-08
-0.103884 -1.95164e-08
-0.103794 -1.95735e-08
-0.103704 -1.95618e-08
-0.103614 -1.98311e-08
-0.103525 -2.00819e-08
-0.103435 -2.02437e-08
-0.103345 -2.02924e-08
-0.103255 -2.03543e-08
-0.103165 -2.03487e-08
-0.103075 -2.04623e-08
-0.102985 -2.07037e-08
-0.102895 -2.09232e-08
-0.102805 -2.12648e-08
-0.102715 -2.16357e-08
-0.102626 -2.21062e-08
-0.102536 -2.25051e-08
-0.102446 -2.29803e-08
-0.102356 -2.34995e-08
-0.102266 -2.41494e-08
-0.102176 -2.47233e-08
-0.102086 -2.52955e-08
-0.101996 -2.59838e-08
-0.101906 -2.66899e-08
-0.101816 -2.73421e-08
-0.101727 -2.78922e-08
-0.101637 -2.84594e-08
-0.101547 -2.88823e-08
-0.101457 -2.91526e-08
-0.101367 -2.94125e-08
-0.101277 -2.95601e-08
-0.101187 -2.97509e-08
-0.101097 -2.9945e-08
-0.101007 -3.01519e-08
-0.100917 -3.01751e-08
-0.100827 -3.02336e-08
-0.100738 -3.03299e-08
-0.100648 -3.03491e-08
-0.100558 -3.01724e-08
-0.100468 -3.01477e-08
-0.100378 -3.01453e-08
-0.100288 -3.02938e-08
-0.100198 -3.05806e-08
-0.100108 -3.06627e-08
-0.100018 -3.07021e-08
-0.0999284 -3.06907e-08
-0.0998385 -3.07108e-08
-0.0997486 -3.08099e-08
-0.0996587 -3.10968e-08
-0.0995688 -3.14352e-08
-0.0994789 -3.17004e-08
-0.099389 -3.20623e-08
-0.0992991 -3.24926e-08
-0.0992092 -3.27135e-08
-0.0991193 -3.28544e-08
-0.0990294 -3.29937e-08
-0.0989395 -3.32267e-08
-0.0988496 -3.34856e-08
-0.0987597 -3.36067e-08
-0.0986698 -3.37112e-08
-0.0985799 -3.38798e-08
-0.09849 -3.4128e-08
-0.0984001 -3.44467e-08
-0.0983102 -3.45833e-08
-0.0982202 -3.48064e-08
-0.0981303 -3.51815e-08
-0.0980404 -3.56618e-08
-0.0979505 -3.61604e-08
-0.0978606 -3.65114e-08
-0.0977707 -3.67922e-08
-0.0976808 -3.71194e-08
-0.0975909 -3.72326e-08
-0.097501 -3.72727e-08
-0.0974111 -3.74281e-08
-0.0973212 -3.76099e-08
-0.0972313 -3.78987e-08
-0.0971414 -3.8127e-08
-0.0970515 -3.8157e-08
-0.0969616 -3.81504e-08
-0.0968717 -3.81454e-08
-0.0967818 -3.79069e-08
-0.0966919 -3.75165e-08
-0.096602 -3.72774e-08
-0.0965121 -3.7082e-08
-0.0964222 -3.68168e-08
-0.0963323 -3.64698e-08
-0.0962424 -3.61228e-08
-0.0961525 -3.56183e-08
-0.0960626 -3.53537e-08
-0.0959726 -3.52022e-08
-0.0958827 -3.48758e-08
-0.0957928 -3.44482e-08
-0.0957029 -3.42562e-08
-0.095613 -3.39974e-08
-0.0955231 -3.36855e-08
-0.0954332 -3.32507e-08
-0.0953433 -3.28577e-08
-0.0952534 -3.23506e-08
-0.0951635 -3.17988e-08
-0.0950736 -3.10625e-08
-0.0949837 -3.00536e-08
-0.0948938 -2.89896e-08
-0.0948039 -2.78454e-08
-0.094714 -2.69532e-08
-0.0946241 -2.55168e-08
-0.0945342 -2.45073e-08
-0.0944443 -2.33943e-08
-0.0943544 -2.26308e-08
-0.0942645 -2.18973e-08
-0.0941746 -2.12061e-08
-0.0940847 -2.03256e-08
-0.0939948 -1.96685e-08
-0.0939049 -1.88968e-08
-0.0938149 -1.8546e-08
-0.093725 -1.82189e-08
-0.0936351 -1.78926e-08
-0.0935452 -1.76769e-08
-0.0934553 -1.70782e-08
-0.0933654 -1.65048e-08
-0.0932755 -1.5933e-08
-0.0931856 -1.54668e-08
-0.0930957 -1.51513e-08
-0.0930058 -1.48962e-08
-0.0929159 -1.47173e-08
-0.092826 -1.47288e-08
-0.0927361 -1.49095e-08
-0.0926462 -1.50617e-08
-0.0925563 -1.53359e-08
-0.0924664 -1.5655e-08
-0.0923765 -1.60989e-08
-0.0922866 -1.65823e-08
-0.0921967 -1.69859e-08
-0.0921068 -1.73765e-08
-0.0920169 -1.76954e-08
-0.091927 -1.81615e-08
-0.0918371 -1.86865e-08
-0.0917472 -1.92034e-08
-0.0916572 -1.95471e-08
-0.0915673 -1.99422e-08
-0.0914774 -2.01897e-08
-0.0913875 -2.04943e-08
-0.0912976 -2.07252e-08
-0.0912077 -2.0976e-08
-0.0911178 -2.11153e-08
-0.0910279 -2.10273e-08
-0.090938 -2.10066e-08
-0.0908481 -2.09399e-08
-0.0907582 -2.07537e-08
-0.0906683 -2.04498e-08
-0.0905784 -2.01847e-08
-0.0904885 -1.99652e-08
-0.0903986 -1.97477e-08
-0.0903087 -1.94023e-08
-0.0902188 -1.92405e-08
-0.0901289 -1.91755e-08
-0.090039 -1.91021e-08
-0.0899491 -1.91988e-08
-0.0898592 -1.93623e-08
-0.0897693 -1.95162e-08
-0.0896794 -1.97426e-08
-0.0895895 -1.99264e-08
-0.0894995 -2.0128e-08
-0.0894096 -2.0391e-08
-0.0893197 -2.07819e-08
-0.0892298 -2.11334e-08
-0.0891399 -2.13961e-08
-0.08905 -2.16696e-08
-0.0889601 -2.19151e-08
-0.0888702 -2.20972e-08
-0.0887803 -2.23229e-08
-0.0886904 -2.24567e-08
-0.0886005 -2.24953e-08
-0.0885106 -2.26344e-08
-0.0884207 -2.27292e-08
-0.0883308 -2.2906e-08
-0.0882409 -2.31082e-08
-0.088151 -2.328e-08
-0.0880611 -2.34788e-08
-0.0879712 -2.36829e-08
-0.0878813 -2.39723e-08
-0.0877914 -2.4121e-08
-0.0877015 -2.4359e-08
-0.0876116 -2.45237e-08
-0.0875217 -2.47797e-08
-0.0874318 -2.49953e-08
-0.0873418 -2.52354e-08
-0.0872519 -2.52565e-08
-0.087162 -2.53116e-08
-0.0870721 -2.53564e-08
-0.0869822 -2.53863e-08
-0.0868923 -2.53364e-08
-0.0868024 -2.53796e-08
-0.0867125 -2.54535e-08
-0.0866226 -2.55676e-08
-0.0865327 -2.5725e-08
-0.0864428 -2.58388e-08
-0.0863529 -2.59848e-08
-0.086263 -2.60793e-08
-0.0861731 -2.61552e-08
-0.0860832 -2.6331e-08
-0.0859933 -2.6502e-08
-0.0859034 -2.66262e-08
-0.0858135 -2.67389e-08
-0.0857236 -2.69164e-08
-0.0856337 -2.71346e-08
-0.0855438 -2.73048e-08
-0.0854539 -2.74639e-08
-0.085364 -2.76256e-08
-0.0852741 -2.7735e-08
-0.0851841 -2.78206e-08
-0.0850942 -2.79099e-08
-0.0850043 -2.80693e-08
-0.0849144 -2.81092e-08
-0.0848245 -2.82236e-08
-0.0847346 -2.82974e-08
-0.0846447 -2.83403e-08
-0.0845548 -2.83378e-08
-0.0844649 -2.83208e-08
-0.084375 -2.82572e-08
-0.0842851 -2.81649e-08
-0.0841952 -2.8066e-08
-0.0841053 -2.79925e-08
-0.0840154 -2.78903e-08
-0.0839255 -2.77903e-08
-0.0838356 -2.77023e-08
-0.0837457 -2.76036e-08
-0.0836558 -2.74427e-08
-0.0835659 -2.73626e-08
-0.083476 -2.73291e-08
-0.0833861 -2.72279e-08
-0.0832962 -2.71632e-08
-0.0832063 -2.71084e-08
-0.0831164 -2.69892e-08
-0.0830264 -2.68342e-08
-0.0829365 -2.66909e-08
-0.0828466 -2.65511e-08
-0.0827567 -2.64419e-08
-0.0826668 -2.62777e-08
-0.0825769 -2.61903e-08
-0.082487 -2.61041e-08
-0.0823971 -2.60577e-08
-0.0823072 -2.61626e-08
-0.0822173 -2.62861e-08
-0.0821274 -2.64367e-08
-0.0820375 -2.66744e-08
-0.0819476 -2.68613e-08
-0.0818577 -2.70112e-08
-0.0817678 -2.71339e-08
-0.0816779 -2.72527e-08
-0.081588 -2.73549e-08
-0.0814981 -2.74504e-08
-0.0814082 -2.75507e-08
-0.0813183 -2.76356e-08
-0.0812284 -2.76758e-08
-0.0811385 -2.77337e-08
-0.0810486 -2.787e-08
-0.0809587 -2.80695e-08
-0.0808687 -2.82192e-08
-0.0807788 -2.83365e-08
-0.0806889 -2.84416e-08
-0.080599 -2.8546e-08
-0.0805091 -2.86932e-08
-0.0804192 -2.87193e-08
-0.0803293 -2.87767e-08
-0.0802394 -2.88894e-08
-0.0801495 -2.89812e-08
-0.0800596 -2.90834e-08
-0.0799697 -2.91076e-08
-0.0798798 -2.91208e-08
-0.0797899 -2.91659e-08
-0.0797 -2.92479e-08
-0.0796101 -2.92828e-08
-0.0795202 -2.93931e-08
-0.0794303 -2.94663e-08
-0.0793404 -2.95585e-08
-0.0792505 -2.96388e-08
-0.0791606 -2.96855e-08
-0.0790707 -2.97184e-08
-0.0789808 -2.97568e-08
-0.0788909 -2.97208e-08
-0.078801 -2.96289e-08
-0.078711 -2.94991e-08
-0.0786211 -2.93436e-08
-0.0785312 -2.91973e-08
-0.0784413 -2.9079e-08
-0.0783514 -2.90009e-08
-0.0782615 -2.88644e-08
-0.0781716 -2.87185e-08
-0.0780817 -2.8592e-08
-0.0779918 -2.84467e-08
-0.0779019 -2.82531e-08
-0.077812 -2.80615e-08
-0.0777221 -2.78825e-08
-0.0776322 -2.77148e-08
-0.0775423 -2.7512e-08
-0.0774524 -2.73139e-08
-0.0773625 -2.71022e-08
-0.0772726 -2.69782e-08
-0.0771827 -2.6811e-08
-0.0770928 -2.66364e-08
-0.0770029 -2.64708e-08
-0.076913 -2.62753e-08
-0.0768231 -2.6119e-08
-0.0767332 -2.59731e-08
-0.0766433 -2.57325e-08
-0.0765534 -2.54473e-08
-0.0764634 -2.52618e-08
-0.0763735 -2.50138e-08
-0.0762836 -2.46779e-08
-0.0761937 -2.43045e-08
-0.0761038 -2.39657e-08
-0.0760139 -2.36119e-08
-0.075924 -2.32738e-08
-0.0758341 -2.28355e-08
-0.0757442 -2.23675e-08
-0.0756543 -2.1969e-08
-0.0755644 -2.16823e-08
-0.0754745 -2.14805e-08
-0.0753846 -2.12848e-08
-0.0752947 -2.09848e-08
-0.0752048 -2.06106e-08
-0.0751149 -2.01871e-08
-0.075025 -1.97967e-08
-0.0749351 -1.94728e-08
-0.0748452 -1.91941e-08
-0.0747553 -1.89577e-08
-0.0746654 -1.8628e-08
-0.0745755 -1.82815e-08
-0.0744856 -1.79298e-08
-0.0743957 -1.75445e-08
-0.0743057 -1.70962e-08
-0.0742158 -1.67814e-08
-0.0741259 -1.65694e-08
-0.074036 -1.63136e-08
-0.0739461 -1.60879e-08
-0.0738562 -1.57664e-08
-0.0737663 -1.5487e-08
-0.0736764 -1.53024e-08
-0.0735865 -1.52224e-08
-0.0734966 -1.51884e-08
-0.0734067 -1.52543e-08
-0.0733168 -1.53461e-08
-0.0732269 -1.54784e-08
-0.073137 -1.56897e-08
-0.0730471 -1.58763e-08
-0.0729572 -1.6052e-08
-0.0728673 -1.62314e-08
-0.0727774 -1.64147e-08
-0.0726875 -1.65121e-08
-0.0725976 -1.66529e-08
-0.0725077 -1.6822e-08
-0.0724178 -1.7022e-08
-0.0723279 -1.71637e-08
-0.072238 -1.72874e-08
-0.072148 -1.74029e-08
-0.0720581 -1.74963e-08
-0.0719682 -1.75258e-08
-0.0718783 -1.75849e-08
-0.0717884 -1.76549e-08
-0.0716985 -1.77399e-08
-0.0716086 -1.78561e-08
-0.0715187 -1.80021e-08
-0.0714288 -1.81847e-08
-0.0713389 -1.8346e-08
-0.071249 -1.85294e-08
-0.0711591 -1.87482e-08
-0.0710692 -1.89494e-08
-0.0709793 -1.9147e-08
-0.0708894 -1.93104e-08
-0.0707995 -1.94429e-08
-0.0707096 -1.95385e-08
-0.0706197 -1.95977e-08
-0.0705298 -1.96083e-08
-0.0704399 -1.95506e-08
-0.07035 -1.95106e-08
-0.0702601 -1.93958e-08
-0.0701702 -1.93601e-08
-0.0700803 -1.9236e-08
-0.0699903 -1.90371e-08
-0.0699004 -1.87903e-08
-0.0698105 -1.84942e-08
-0.0697206 -1.83303e-08
-0.0696307 -1.80598e-08
-0.0695408 -1.78033e-08
-0.0694509 -1.73958e-08
-0.069361 -1.69859e-08
-0.0692711 -1.65709e-08
-0.0691812 -1.6031e-08
-0.0690913 -1.56027e-08
-0.0690014 -1.52455e-08
-0.0689115 -1.50246e-08
-0.0688216 -1.48792e-08
-0.0687317 -1.47234e-08
-0.0686418 -1.45596e-08
-0.0685519 -1.44376e-08
-0.068462 -1.42618e-08
-0.0683721 -1.42141e-08
-0.0682822 -1.41737e-08
-0.0681923 -1.41598e-08
-0.0681024 -1.42475e-08
-0.0680125 -1.43693e-08
-0.0679226 -1.44966e-08
-0.0678326 -1.4496e-08
-0.0677427 -1.4436e-08
-0.0676528 -1.43809e-08
-0.0675629 -1.44309e-08
-0.067473 -1.44377e-08
-0.0673831 -1.44285e-08
-0.0672932 -1.45797e-08
-0.0672033 -1.46547e-08
-0.0671134 -1.47637e-08
-0.0670235 -1.48627e-08
-0.0669336 -1.49081e-08
-0.0668437 -1.48921e-08
-0.0667538 -1.48549e-08
-0.0666639 -1.47745e-08
-0.066574 -1.46805e-08
-0.0664841 -1.45843e-08
-0.0663942 -1.45701e-08
-0.0663043 -1.44667e-08
-0.0662144 -1.43467e-08
-0.0661245 -1.42132e-08
-0.0660346 -1.40134e-08
-0.0659447 -1.37356e-08
-0.0658548 -1.34957e-08
-0.0657649 -1.31106e-08
-0.0656749 -1.25866e-08
-0.065585 -1.20521e-08
-0.0654951 -1.14721e-08
-0.0654052 -1.08353e-08
-0.0653153 -1.01652e-08
-0.0652254 -9.46639e-09
-0.0651355 -8.76196e-09
-0.0650456 -8.12123e-09
-0.0649557 -7.56801e-09
-0.0648658 -6.97765e-09
-0.0647759 -6.21082e-09
-0.064686 -5.554e-09
-0.0645961 -4.89755e-09
-0.0645062 -4.20393e-09
-0.0644163 -3.56101e-09
-0.0643264 -2.89258e-09
-0.0642365 -2.20108e-09
-0.0641466 -1.54152e-09
-0.0640567 -8.11144e-10
-0.0639668 2.56821e-11
-0.0638769 9.40625e-10
-0.063787 1.8705e-09
-0.0636971 2.75077e-09
-0.0636072 3.56927e-09
-0.0635172 4.37802e-09
-0.0634273 5.28977e-09
-0.0633374 6.36591e-09
-0.0632475 7.48603e-09
-0.0631576 8.4605e-09
-0.0630677 9.20806e-09
-0.0629778 9.94748e-09
-0.0628879 1.05594e-08
-0.062798 1.11512e-08
-0.0627081 1.16851e-08
-0.0626182 1.22231e-08
-0.0625283 1.27832e-08
-0.0624384 1.32005e-08
-0.0623485 1.35045e-08
-0.0622586 1.38459e-08
-0.0621687 1.4134e-08
-0.0620788 1.44118e-08
-0.0619889 1.46602e-08
-0.061899 1.48087e-08
-0.0618091 1.49036e-08
-0.0617192 1.49198e-08
-0.0616293 1.49381e-08
-0.0615394 1.5019e-08
-0.0614495 1.51325e-08
-0.0613595 1.52306e-08
-0.0612696 1.53732e-08
-0.0611797 1.55009e-08
-0.0610898 1.56695e-08
-0.0609999 1.58438e-08
-0.06091 1.59648e-08
-0.0608201 1.60413e-08
-0.0607302 1.60764e-08
-0.0606403 1.60893e-08
-0.0605504 1.60709e-08
-0.0604605 1.60399e-08
-0.0603706 1.60225e-08
-0.0602807 1.60262e-08
-0.0601908 1.60002e-08
-0.0601009 1.60051e-08
-0.060011 1.6065e-08
-0.0599211 1.61381e-08
-0.0598312 1.61406e-08
-0.0597413 1.61799e-08
-0.0596514 1.61988e-08
-0.0595615 1.62126e-08
-0.0594716 1.62297e-08
-0.0593817 1.62383e-08
-0.0592918 1.62398e-08
-0.0592018 1.62237e-08
-0.0591119 1.61708e-08
-0.059022 1.61572e-08
-0.0589321 1.61451e-08
-0.0588422 1.61363e-08
-0.0587523 1.61394e-08
-0.0586624 1.61506e-08
-0.0585725 1.61743e-08
-0.0584826 1.61974e-08
-0.0583927 1.62658e-08
-0.0583028 1.6314e-08
-0.0582129 1.63625e-08
-0.058123 1.64479e-08
-0.0580331 1.65079e-08
-0.0579432 1.6594e-08
-0.0578533 1.66451e-08
-0.0577634 1.66697e-08
-0.0576735 1.66923e-08
-0.0575836 1.66906e-08
-0.0574937 1.67028e-08
-0.0574038 1.67304e-08
-0.0573139 1.6786e-08
-0.057224 1.68651e-08
-0.0571341 1.69425e-08
-0.0570442 1.70303e-08
-0.0569542 1.71223e-08
-0.0568643 1.72263e-08
-0.0567744 1.73561e-08
-0.0566845 1.74864e-08
-0.0565946 1.76052e-08
-0.0565047 1.77223e-08
-0.0564148 1.78453e-08
-0.0563249 1.80006e-08
-0.056235 1.82115e-08
-0.0561451 1.84744e-08
-0.0560552 1.87202e-08
-0.0559653 1.89405e-08
-0.0558754 1.91503e-08
-0.0557855 1.93775e-08
-0.0556956 1.9633e-08
-0.0556057 1.98947e-08
-0.0555158 2.01986e-08
-0.0554259 2.05174e-08
-0.055336 2.08626e-08
-0.0552461 2.12252e-08
-0.0551562 2.16087e-08
-0.0550663 2.19836e-08
-0.0549764 2.23601e-08
-0.0548865 2.27629e-08
-0.0547965 2.31694e-08
-0.0547066 2.36233e-08
-0.0546167 2.40882e-08
-0.0545268 2.45468e-08
-0.0544369 2.5008e-08
-0.054347 2.54911e-08
-0.0542571 2.60018e-08
-0.0541672 2.65259e-08
-0.0540773 2.70774e-08
-0.0539874 2.7593e-08
-0.0538975 2.81037e-08
-0.0538076 2.86444e-08
-0.0537177 2.91707e-08
-0.0536278 2.96843e-08
-0.0535379 3.02233e-08
-0.053448 3.07611e-08
-0.0533581 3.13041e-08
-0.0532682 3.18302e-08
-0.0531783 3.23666e-08
-0.0530884 3.28745e-08
-0.0529985 3.33629e-08
-0.0529086 3.3837e-08
-0.0528187 3.43178e-08
-0.0527288 3.47951e-08
-0.0526388 3.52246e-08
-0.0525489 3.56452e-08
-0.052459 3.60537e-08
-0.0523691 3.64354e-08
-0.0522792 3.68146e-08
-0.0521893 3.71645e-08
-0.0520994 3.75069e-08
-0.0520095 3.78655e-08
-0.0519196 3.82133e-08
-0.0518297 3.85519e-08
-0.0517398 3.88836e-08
-0.0516499 3.92059e-08
-0.05156 3.95224e-08
-0.0514701 3.98546e-08
-0.0513802 4.01881e-08
-0.0512903 4.04772e-08
-0.0512004 4.0748e-08
-0.0511105 4.10015e-08
-0.0510206 4.12839e-08
-0.0509307 4.15661e-08
-0.0508408 4.18208e-08
-0.0507509 4.20544e-08
-0.050661 4.2271e-08
-0.0505711 4.24711e-08
-0.0504811 4.26967e-08
-0.0503912 4.29263e-08
-0.0503013 4.31561e-08
-0.0502114 4.33816e-08
-0.0501215 4.35908e-08
-0.0500316 4.37802e-08
-0.0499417 4.39648e-08
-0.0498518 4.41244e-08
-0.0497619 4.42784e-08
-0.049672 4.44236e-08
-0.0495821 4.4554e-08
-0.0494922 4.46856e-08
-0.0494023 4.48422e-08
-0.0493124 4.49871e-08
-0.0492225 4.51218e-08
-0.0491326 4.52499e-08
-0.0490427 4.53669e-08
-0.0489528 4.54566e-08
-0.0488629 4.55357e-08
-0.048773 4.56146e-08
-0.0486831 4.57031e-08
-0.0485932 4.57793e-08
-0.0485033 4.5848e-08
-0.0484134 4.5917e-08
-0.0483234 4.59756e-08
-0.0482335 4.60284e-08
-0.0481436 4.60654e-08
-0.0480537 4.61036e-08
-0.0479638 4.61429e-08
-0.0478739 4.6156e-08
-0.047784 4.61588e-08
-0.0476941 4.6152e-08
-0.0476042 4.61525e-08
-0.0475143 4.61376e-08
-0.0474244 4.61183e-08
-0.0473345 4.61098e-08
-0.0472446 4.61053e-08
-0.0471547 4.61046e-08
-0.0470648 4.60831e-08
-0.0469749 4.60659e-08
-0.046885 4.60459e-08
-0.0467951 4.60105e-08
-0.0467052 4.59725e-08
-0.0466153 4.59439e-08
-0.0465254 4.59119e-08
-0.0464355 4.58686e-08
-0.0463456 4.58218e-08
-0.0462557 4.5771e-08
-0.0461657 4.57135e-08
-0.0460758 4.56538e-08
-0.0459859 4.55885e-08
-0.045896 4.55211e-08
-0.0458061 4.54602e-08
-0.0457162 4.53943e-08
-0.0456263 4.53281e-08
-0.0455364 4.52728e-08
-0.0454465 4.52067e-08
-0.0453566 4.51469e-08
-0.0452667 4.50741e-08
-0.0451768 4.49845e-08
-0.0450869 4.48947e-08
-0.044997 4.47976e-08
-0.0449071 4.4697e-08
-0.0448172 4.45967e-08
-0.0447273 4.4514e-08
-0.0446374 4.44186e-08
-0.0445475 4.43113e-08
-0.0444576 4.41868e-08
-0.0443677 4.40496e-08
-0.0442778 4.39076e-08
-0.0441879 4.37528e-08
-0.044098 4.35991e-08
-0.044008 4.3437e-08
-0.0439181 4.32747e-08
-0.0438282 4.31106e-08
-0.0437383 4.29436e-08
-0.0436484 4.27962e-08
-0.0435585 4.26494e-08
-0.0434686 4.24928e-08
-0.0433787 4.23352e-08
-0.0432888 4.21711e-08
-0.0431989 4.19971e-08
-0.043109 4.18355e-08
-0.0430191 4.16598e-08
-0.0429292 4.14875e-08
-0.0428393 4.13266e-08
-0.0427494 4.11538e-08
-0.0426595 4.09804e-08
-0.0425696 4.08139e-08
-0.0424797 4.06516e-08
-0.0423898 4.05088e-08
-0.0422999 4.03768e-08
-0.04221 4.02459e-08
-0.0421201 4.01284e-08
-0.0420302 4.00131e-08
-0.0419403 3.98999e-08
-0.0418503 3.97984e-08
-0.0417604 3.97116e-08
-0.0416705 3.9614e-08
-0.0415806 3.95139e-08
-0.0414907 3.94308e-08
-0.0414008 3.93534e-08
-0.0413109 3.92784e-08
-0.041221 3.92058e-08
-0.0411311 3.91342e-08
-0.0410412 3.90822e-08
-0.0409513 3.9048e-08
-0.0408614 3.90091e-08
-0.0407715 3.89612e-08
-0.0406816 3.89179e-08
-0.0405917 3.8885e-08
-0.0405018 3.88659e-08
-0.0404119 3.88545e-08
-0.040322 3.88393e-08
-0.0402321 3.88183e-08
-0.0401422 3.87975e-08
-0.0400523 3.87729e-08
-0.0399624 3.87621e-08
-0.0398725 3.87537e-08
-0.0397826 3.87523e-08
-0.0396927 3.87543e-08
-0.0396027 3.87504e-08
-0.0395128 3.87394e-08
-0.0394229 3.87256e-08
-0.039333 3.87174e-08
-0.0392431 3.87224e-08
-0.0391532 3.87219e-08
-0.0390633 3.87294e-08
-0.0389734 3.87467e-08
-0.0388835 3.87832e-08
-0.0387936 3.88304e-08
-0.0387037 3.88928e-08
-0.0386138 3.89469e-08
-0.0385239 3.89951e-08
-0.038434 3.90263e-08
-0.0383441 3.90397e-08
-0.0382542 3.90593e-08
-0.0381643 3.90891e-08
-0.0380744 3.91123e-08
-0.0379845 3.9134e-08
-0.0378946 3.91569e-08
-0.0378047 3.91955e-08
-0.0377148 3.92331e-08
-0.0376249 3.92661e-08
-0.037535 3.92869e-08
-0.037445 3.9315e-08
-0.0373551 3.93143e-08
-0.0372652 3.93097e-08
-0.0371753 3.92956e-08
-0.0370854 3.92752e-08
-0.0369955 3.92441e-08
-0.0369056 3.9203e-08
-0.0368157 3.91388e-08
-0.0367258 3.90636e-08
-0.0366359 3.89854e-08
-0.036546 3.89169e-08
-0.0364561 3.88468e-08
-0.0363662 3.87553e-08
-0.0362763 3.86447e-08
-0.0361864 3.85438e-08
-0.0360965 3.84352e-08
-0.0360066 3.8304e-08
-0.0359167 3.81748e-08
-0.0358268 3.80267e-08
-0.0357369 3.78677e-08
-0.035647 3.77085e-08
-0.0355571 3.757e-08
-0.0354672 3.74445e-08
-0.0353773 3.73052e-08
-0.0352873 3.71515e-08
-0.0351974 3.7005e-08
-0.0351075 3.68692e-08
-0.0350176 3.67304e-08
-0.0349277 3.65891e-08
-0.0348378 3.64443e-08
-0.0347479 3.62842e-08
-0.034658 3.61132e-08
-0.0345681 3.59368e-08
-0.0344782 3.57781e-08
-0.0343883 3.56163e-08
-0.0342984 3.54586e-08
-0.0342085 3.53104e-08
-0.0341186 3.51719e-08
-0.0340287 3.50356e-08
-0.0339388 3.49139e-08
-0.0338489 3.47947e-08
-0.033759 3.46726e-08
-0.0336691 3.45425e-08
-0.0335792 3.43947e-08
-0.0334893 3.42347e-08
-0.0333994 3.40754e-08
-0.0333095 3.39057e-08
-0.0332196 3.37429e-08
-0.0331296 3.35834e-08
-0.0330397 3.3425e-08
-0.0329498 3.3261e-08
-0.0328599 3.30975e-08
-0.03277 3.29245e-08
-0.0326801 3.27536e-08
-0.0325902 3.25638e-08
-0.0325003 3.23642e-08
-0.0324104 3.21706e-08
-0.0323205 3.19657e-08
-0.0322306 3.1738e-08
-0.0321407 3.15174e-08
-0.0320508 3.13015e-08
-0.0319609 3.10621e-08
-0.031871 3.08156e-08
-0.0317811 3.05725e-08
-0.0316912 3.0333e-08
-0.0316013 3.00812e-08
-0.0315114 2.9814e-08
-0.0314215 2.95676e-08
-0.0313316 2.93333e-08
-0.0312417 2.90812e-08
-0.0311518 2.88105e-08
-0.0310619 2.857e-08
-0.0309719 2.83151e-08
-0.030882 2.80361e-08
-0.0307921 2.77572e-08
-0.0307022 2.74743e-08
-0.0306123 2.71985e-08
-0.0305224 2.69024e-08
-0.0304325 2.66023e-08
-0.0303426 2.63108e-08
-0.0302527 2.60331e-08
-0.0301628 2.57431e-08
-0.0300729 2.54683e-08
-0.029983 2.52036e-08
-0.0298931 2.4911e-08
-0.0298032 2.46242e-08
-0.0297133 2.43344e-08
-0.0296234 2.40571e-08
-0.0295335 2.3781e-08
-0.0294436 2.35011e-08
-0.0293537 2.32135e-08
-0.0292638 2.29251e-08
-0.0291739 2.26353e-08
-0.029084 2.23481e-08
-0.0289941 2.20862e-08
-0.0289042 2.18201e-08
-0.0288142 2.15515e-08
-0.0287243 2.12914e-08
-0.0286344 2.10388e-08
-0.0285445 2.07921e-08
-0.0284546 2.05508e-08
-0.0283647 2.03118e-08
-0.0282748 2.00713e-08
-0.0281849 1.98271e-08
-0.028095 1.95739e-08
-0.0280051 1.93298e-08
-0.0279152 1.91035e-08
-0.0278253 1.88901e-08
-0.0277354 1.86695e-08
-0.0276455 1.84592e-08
-0.0275556 1.8243e-08
-0.0274657 1.80327e-08
-0.0273758 1.78385e-08
-0.0272859 1.76484e-08
-0.027196 1.74604e-08
-0.0271061 1.72686e-08
-0.0270162 1.70714e-08
-0.0269263 1.68783e-08
-0.0268364 1.66988e-08
-0.0267465 1.65259e-08
-0.0266565 1.6347e-08
-0.0265666 1.618e-08
-0.0264767 1.60041e-08
-0.0263868 1.58371e-08
-0.0262969 1.56793e-08
-0.026207 1.5524e-08
-0.0261171 1.53659e-08
-0.0260272 1.52187e-08
-0.0259373 1.50608e-08
-0.0258474 1.48977e-08
-0.0257575 1.47406e-08
-0.0256676 1.45822e-08
-0.0255777 1.44404e-08
-0.0254878 1.42998e-08
-0.0253979 1.41634e-08
-0.025308 1.40318e-08
-0.0252181 1.39058e-08
-0.0251282 1.37745e-08
-0.0250383 1.36425e-08
-0.0249484 1.3535e-08
-0.0248585 1.342e-08
-0.0247686 1.33101e-08
-0.0246787 1.31949e-08
-0.0245888 1.30892e-08
-0.0244988 1.29957e-08
-0.0244089 1.29094e-08
-0.024319 1.28215e-08
-0.0242291 1.27335e-08
-0.0241392 1.26487e-08
-0.0240493 1.25613e-08
-0.0239594 1.24824e-08
-0.0238695 1.24098e-08
-0.0237796 1.23405e-08
-0.0236897 1.228e-08
-0.0235998 1.22257e-08
-0.0235099 1.21649e-08
-0.02342 1.21101e-08
-0.0233301 1.20553e-08
-0.0232402 1.19935e-08
-0.0231503 1.19251e-08
-0.0230604 1.18516e-08
-0.0229705 1.17846e-08
-0.0228806 1.1719e-08
-0.0227907 1.16626e-08
-0.0227008 1.16087e-08
-0.0226109 1.15645e-08
-0.022521 1.15194e-08
-0.0224311 1.14638e-08
-0.0223411 1.14126e-08
-0.0222512 1.13512e-08
-0.0221613 1.12856e-08
-0.0220714 1.12174e-08
-0.0219815 1.11541e-08
-0.0218916 1.1086e-08
-0.0218017 1.10276e-08
-0.0217118 1.09682e-08
-0.0216219 1.09049e-08
-0.021532 1.08416e-08
-0.0214421 1.07758e-08
-0.0213522 1.07122e-08
-0.0212623 1.06515e-08
-0.0211724 1.05775e-08
-0.0210825 1.05128e-08
-0.0209926 1.04587e-08
-0.0209027 1.04129e-08
-0.0208128 1.03669e-08
-0.0207229 1.03308e-08
-0.020633 1.02804e-08
-0.0205431 1.0223e-08
-0.0204532 1.01573e-08
-0.0203633 1.01006e-08
-0.0202734 1.00524e-08
-0.0201835 9.99121e-09
-0.0200935 9.93086e-09
-0.0200036 9.88733e-09
-0.0199137 9.85167e-09
-0.0198238 9.8113e-09
-0.0197339 9.77435e-09
-0.019644 9.74288e-09
-0.0195541 9.71892e-09
-0.0194642 9.6822e-09
-0.0193743 9.64692e-09
-0.0192844 9.6241e-09
-0.0191945 9.61114e-09
-0.0191046 9.59155e-09
-0.0190147 9.56384e-09
-0.0189248 9.5503e-09
-0.0188349 9.5318e-09
-0.018745 9.50334e-09
-0.0186551 9.47606e-09
-0.0185652 9.45906e-09
-0.0184753 9.4509e-09
-0.0183854 9.4225e-09
-0.0182955 9.39521e-09
-0.0182056 9.36945e-09
-0.0181157 9.34793e-09
-0.0180258 9.30588e-09
-0.0179358 9.26629e-09
-0.0178459 9.24128e-09
-0.017756 9.21294e-09
-0.0176661 9.17921e-09
-0.0175762 9.14685e-09
-0.0174863 9.12079e-09
-0.0173964 9.10237e-09
-0.0173065 9.08213e-09
-0.0172166 9.04727e-09
-0.0171267 9.0199e-09
-0.0170368 8.99226e-09
-0.0169469 8.94787e-09
-0.016857 8.93057e-09
-0.0167671 8.92502e-09
-0.0166772 8.91969e-09
-0.0165873 8.91458e-09
-0.0164974 8.90403e-09
-0.0164075 8.89228e-09
-0.0163176 8.89677e-09
-0.0162277 8.91025e-09
-0.0161378 8.91218e-09
-0.0160479 8.92393e-09
-0.015958 8.93122e-09
-0.0158681 8.941e-09
-0.0157781 8.98119e-09
-0.0156882 9.0291e-09
-0.0155983 9.08152e-09
-0.0155084 9.12094e-09
-0.0154185 9.15574e-09
-0.0153286 9.19491e-09
-0.0152387 9.22113e-09
-0.0151488 9.24817e-09
-0.0150589 9.27908e-09
-0.014969 9.31022e-09
-0.0148791 9.34237e-09
-0.0147892 9.38803e-09
-0.0146993 9.43802e-09
-0.0146094 9.48048e-09
-0.0145195 9.52369e-09
-0.0144296 9.53496e-09
-0.0143397 9.55926e-09
-0.0142498 9.57614e-09
-0.0141599 9.56754e-09
-0.01407 9.57733e-09
-0.0139801 9.57787e-09
-0.0138902 9.57964e-09
-0.0138003 9.57161e-09
-0.0137104 9.58023e-09
-0.0136204 9.57174e-09
-0.0135305 9.54608e-09
-0.0134406 9.51219e-09
-0.0133507 9.45371e-09
-0.0132608 9.40179e-09
-0.0131709 9.32215e-09
-0.013081 9.25644e-09
-0.0129911 9.19685e-09
-0.0129012 9.12594e-09
-0.0128113 9.05427e-09
-0.0127214 8.96935e-09
-0.0126315 8.90603e-09
-0.0125416 8.83215e-09
-0.0124517 8.74411e-09
-0.0123618 8.6536e-09
-0.0122719 8.55025e-09
-0.012182 8.42617e-09
-0.0120921 8.29531e-09
-0.0120022 8.18147e-09
-0.0119123 8.05261e-09
-0.0118224 7.93717e-09
-0.0117325 7.82597e-09
-0.0116426 7.6972e-09
-0.0115527 7.59103e-09
-0.0114627 7.47936e-09
-0.0113728 7.37228e-09
-0.0112829 7.27443e-09
-0.011193 7.15399e-09
-0.0111031 7.0276e-09
-0.0110132 6.89505e-09
-0.0109233 6.76035e-09
-0.0108334 6.61429e-09
-0.0107435 6.48536e-09
-0.0106536 6.35662e-09
-0.0105637 6.21809e-09
-0.0104738 6.09473e-09
-0.0103839 5.965e-09
-0.010294 5.85578e-09
-0.0102041 5.73436e-09
-0.0101142 5.61671e-09
-0.0100243 5.49905e-09
-0.00993438 5.36562e-09
-0.00984447 5.23429e-09
-0.00975457 5.09044e-09
-0.00966466 4.95832e-09
-0.00957476 4.83369e-09
-0.00948486 4.71159e-09
-0.00939495 4.59137e-09
-0.00930505 4.47636e-09
-0.00921514 4.37095e-09
-0.00912524 4.26593e-09
-0.00903534 4.16956e-09
-0.00894543 4.06996e-09
-0.00885553 3.96607e-09
-0.00876562 3.8717e-09
-0.00867572 3.76429e-09
-0.00858582 3.66481e-09
-0.00849591 3.59169e-09
-0.00840601 3.51974e-09
-0.0083161 3.44629e-09
-0.0082262 3.37995e-09
-0.00813629 3.30813e-09
-0.00804639 3.2414e-09
-0.00795649 3.18354e-09
-0.00786658 3.13452e-09
-0.00777668 3.09728e-09
-0.00768677 3.07115e-09
-0.00759687 3.03791e-09
-0.00750697 3.00778e-09
-0.00741706 2.99956e-09
-0.00732716 2.99797e-09
-0.00723725 2.99375e-09
-0.00714735 2.98761e-09
-0.00705744 2.97269e-09
-0.00696754 2.95546e-09
-0.00687764 2.93773e-09
-0.00678773 2.93355e-09
-0.00669783 2.9458e-09
-0.00660792 2.96117e-09
-0.00651802 2.96307e-09
-0.00642812 2.97506e-09
-0.00633821 3.00032e-09
-0.00624831 3.02883e-09
-0.0061584 3.05205e-09
-0.0060685 3.0618e-09
-0.00597859 3.06724e-09
-0.00588869 3.0645e-09
-0.00579879 3.04739e-09
-0.00570888 3.03284e-09
-0.00561898 3.01794e-09
-0.00552907 2.99342e-09
-0.00543917 2.96271e-09
-0.00534927 2.94028e-09
-0.00525936 2.92796e-09
-0.00516946 2.91505e-09
-0.00507955 2.89175e-09
-0.00498965 2.86005e-09
-0.00489975 2.83092e-09
-0.00480984 2.78214e-09
-0.00471994 2.72405e-09
-0.00463003 2.6626e-09
-0.00454013 2.58639e-09
-0.00445022 2.50372e-09
-0.00436032 2.42058e-09
-0.00427042 2.33921e-09
-0.00418051 2.27247e-09
-0.00409061 2.20123e-09
-0.0040007 2.12365e-09
-0.0039108 2.04354e-09
-0.0038209 1.95798e-09
-0.00373099 1.86746e-09
-0.00364109 1.79009e-09
-0.00355118 1.70635e-09
-0.00346128 1.614e-09
-0.00337137 1.52525e-09
-0.00328147 1.427e-09
-0.00319157 1.33345e-09
-0.00310166 1.25822e-09
-0.00301176 1.18164e-09
-0.00292185 1.10885e-09
-0.00283195 1.03191e-09
-0.00274205 9.53767e-10
-0.00265214 8.90434e-10
-0.00256224 8.36354e-10
-0.00247233 7.80663e-10
-0.00238243 7.28531e-10
-0.00229252 6.73468e-10
-0.00220262 6.12575e-10
-0.00211272 5.57368e-10
-0.00202281 5.09457e-10
-0.00193291 4.66824e-10
-0.001843 4.22326e-10
-0.0017531 3.77254e-10
-0.0016632 3.44439e-10
-0.00157329 3.22726e-10
-0.00148339 3.07795e-10
-0.00139348 2.97363e-10
-0.00130358 2.88808e-10
-0.00121368 2.67709e-10
-0.00112377 2.46022e-10
-0.00103387 2.09138e-10
-0.000943963 1.77171e-10
-0.000854059 1.5478e-10
-0.000764154 1.26993e-10
-0.00067425 9.92467e-11
-0.000584346 7.86589e-11
-0.000494442 6.69599e-11
-0.000404538 6.28003e-11
-0.000314634 6.97862e-11
-0.00022473 6.27417e-11
-0.000134825 4.99876e-11
-4.49212e-05 3.15124e-11
4.49829e-05 0
0.000134887 -1.31108e-11
0.000224791 -2.45142e-11
0.000314695 -4.14159e-11
0.0004046 -5.91422e-11
0.000494504 -7.23455e-11
0.000584408 -7.98643e-11
0.000674312 -7.74265e-11
0.000764216 -7.54487e-11
0.00085412 -7.68664e-11
0.000944024 -8.04788e-11
0.00103393 -8.51334e-11
0.00112383 -7.50343e-11
0.00121374 -5.98572e-11
0.00130364 -4.82606e-11
0.00139355 -3.95295e-11
0.00148345 -3.37611e-11
0.00157335 -2.60598e-11
0.00166326 -9.64873e-12
0.00175316 5.04481e-12
0.00184307 1.17791e-11
0.00193297 2.77892e-11
0.00202287 3.38007e-11
0.00211278 4.73461e-11
0.00220268 6.50951e-11
0.00229259 7.10647e-11
0.00238249 7.64628e-11
0.00247239 6.93134e-11
0.0025623 6.57253e-11
0.0026522 6.79843e-11
0.00274211 6.98026e-11
0.00283201 6.52123e-11
0.00292192 5.15903e-11
0.00301182 3.81987e-11
0.00310172 4.12126e-12
0.00319163 -2.95763e-11
0.00328153 -7.59998e-11
0.00337144 -1.23301e-10
0.00346134 -1.68473e-10
0.00355124 -2.27148e-10
0.00364115 -2.68711e-10
0.00373105 -3.07861e-10
0.00382096 -3.51769e-10
0.00391086 -4.03999e-10
0.00400077 -4.63486e-10
0.00409067 -5.20137e-10
0.00418057 -5.90579e-10
0.00427048 -6.59281e-10
0.00436038 -7.30828e-10
0.00445029 -7.93265e-10
0.00454019 -8.5116e-10
0.00463009 -9.06668e-10
0.00472 -9.6174e-10
0.0048099 -1.01709e-09
0.00489981 -1.08064e-09
0.00498971 -1.14744e-09
0.00507962 -1.20571e-09
0.00516952 -1.25625e-09
0.00525942 -1.3241e-09
0.00534933 -1.38405e-09
0.00543923 -1.43591e-09
0.00552914 -1.47753e-09
0.00561904 -1.49785e-09
0.00570894 -1.53519e-09
0.00579885 -1.59372e-09
0.00588875 -1.66463e-09
0.00597866 -1.74236e-09
0.00606856 -1.83536e-09
0.00615846 -1.92723e-09
0.00624837 -2.01583e-09
0.00633827 -2.12795e-09
0.00642818 -2.21956e-09
0.00651808 -2.30718e-09
0.00660799 -2.39164e-09
0.00669789 -2.46302e-09
0.00678779 -2.56091e-09
0.0068777 -2.67858e-09
0.0069676 -2.80793e-09
0.00705751 -2.94362e-09
0.00714741 -3.09173e-09
0.00723731 -3.25032e-09
0.00732722 -3.40275e-09
0.00741712 -3.57411e-09
0.00750703 -3.72269e-09
0.00759693 -3.87424e-09
0.00768684 -4.02807e-09
0.00777674 -4.17901e-09
0.00786664 -4.34756e-09
0.00795655 -4.50692e-09
0.00804645 -4.65943e-09
0.00813636 -4.79883e-09
0.00822626 -4.94475e-09
0.00831616 -5.08513e-09
0.00840607 -5.20808e-09
0.00849597 -5.34123e-09
0.00858588 -5.45082e-09
0.00867578 -5.57733e-09
0.00876569 -5.6986e-09
0.00885559 -5.81106e-09
0.00894549 -5.93715e-09
0.0090354 -6.04612e-09
0.0091253 -6.13638e-09
0.00921521 -6.20626e-09
0.00930511 -6.28897e-09
0.00939501 -6.35646e-09
0.00948492 -6.40993e-09
0.00957482 -6.46698e-09
0.00966473 -6.52546e-09
0.00975463 -6.59678e-09
0.00984453 -6.65506e-09
0.00993444 -6.71661e-09
0.0100243 -6.76432e-09
0.0101142 -6.80995e-09
0.0102042 -6.85125e-09
0.0102941 -6.87722e-09
0.010384 -6.91465e-09
0.0104739 -6.9312e-09
0.0105638 -6.94121e-09
0.0106537 -6.95471e-09
0.0107436 -6.96621e-09
0.0108335 -6.97217e-09
0.0109234 -6.97856e-09
0.0110133 -6.99401e-09
0.0111032 -6.97687e-09
0.0111931 -6.98281e-09
0.011283 -6.97356e-09
0.0113729 -6.95401e-09
0.0114628 -6.94612e-09
0.0115527 -6.9208e-09
0.0116426 -6.8856e-09
0.0117325 -6.85362e-09
0.0118224 -6.81686e-09
0.0119123 -6.7814e-09
0.0120022 -6.7624e-09
0.0120921 -6.74448e-09
0.012182 -6.7198e-09
0.0122719 -6.69274e-09
0.0123619 -6.66375e-09
0.0124518 -6.64428e-09
0.0125417 -6.62741e-09
0.0126316 -6.60417e-09
0.0127215 -6.57262e-09
0.0128114 -6.54459e-09
0.0129013 -6.53403e-09
0.0129912 -6.54042e-09
0.0130811 -6.53721e-09
0.013171 -6.5329e-09
0.0132609 -6.51624e-09
0.0133508 -6.49194e-09
0.0134407 -6.4816e-09
0.0135306 -6.4803e-09
0.0136205 -6.4855e-09
0.0137104 -6.48983e-09
0.0138003 -6.49248e-09
0.0138902 -6.49459e-09
0.0139801 -6.51558e-09
0.01407 -6.54066e-09
0.0141599 -6.55163e-09
0.0142498 -6.56084e-09
0.0143397 -6.57238e-09
0.0144296 -6.59048e-09
0.0145196 -6.60822e-09
0.0146095 -6.62371e-09
0.0146994 -6.64145e-09
0.0147893 -6.65735e-09
0.0148792 -6.67725e-09
0.0149691 -6.69333e-09
0.015059 -6.71517e-09
0.0151489 -6.73564e-09
0.0152388 -6.74921e-09
0.0153287 -6.75907e-09
0.0154186 -6.78015e-09
0.0155085 -6.79812e-09
0.0155984 -6.80655e-09
0.0156883 -6.80217e-09
0.0157782 -6.8085e-09
0.0158681 -6.81688e-09
0.015958 -6.8306e-09
0.0160479 -6.84544e-09
0.0161378 -6.85703e-09
0.0162277 -6.87075e-09
0.0163176 -6.87863e-09
0.0164075 -6.87878e-09
0.0164974 -6.88351e-09
0.0165873 -6.89193e-09
0.0166773 -6.89241e-09
0.0167672 -6.89478e-09
0.0168571 -6.91495e-09
0.016947 -6.93014e-09
0.0170369 -6.95003e-09
0.0171268 -6.96144e-09
0.0172167 -6.97988e-09
0.0173066 -7.00317e-09
0.0173965 -7.02299e-09
0.0174864 -7.03215e-09
0.0175763 -7.05894e-09
0.0176662 -7.09879e-09
0.0177561 -7.13433e-09
0.017846 -7.18319e-09
0.0179359 -7.23017e-09
0.0180258 -7.27191e-09
0.0181157 -7.30362e-09
0.0182056 -7.33676e-09
0.0182955 -7.36699e-09
0.0183854 -7.40854e-09
0.0184753 -7.44858e-09
0.0185652 -7.49284e-09
0.0186551 -7.5437e-09
0.018745 -7.59919e-09
0.0188349 -7.66997e-09
0.0189249 -7.73753e-09
0.0190148 -7.80604e-09
0.0191047 -7.87127e-09
0.0191946 -7.93925e-09
0.0192845 -8.00854e-09
0.0193744 -8.06967e-09
0.0194643 -8.15257e-09
0.0195542 -8.24013e-09
0.0196441 -8.32688e-09
0.019734 -8.40556e-09
0.0198239 -8.49078e-09
0.0199138 -8.57328e-09
0.0200037 -8.64527e-09
0.0200936 -8.71662e-09
0.0201835 -8.78669e-09
0.0202734 -8.86832e-09
0.0203633 -8.94732e-09
0.0204532 -9.02329e-09
0.0205431 -9.10727e-09
0.020633 -9.1872e-09
0.0207229 -9.26041e-09
0.0208128 -9.33354e-09
0.0209027 -9.40157e-09
0.0209926 -9.45673e-09
0.0210826 -9.50611e-09
0.0211725 -9.54889e-09
0.0212624 -9.58693e-09
0.0213523 -9.62523e-09
0.0214422 -9.66663e-09
0.0215321 -9.69644e-09
0.021622 -9.73175e-09
0.0217119 -9.76534e-09
0.0218018 -9.78958e-09
0.0218917 -9.82491e-09
0.0219816 -9.85373e-09
0.0220715 -9.88125e-09
0.0221614 -9.90407e-09
0.0222513 -9.92801e-09
0.0223412 -9.9442e-09
0.0224311 -9.96275e-09
0.022521 -9.97232e-09
0.0226109 -9.96309e-09
0.0227008 -9.9739e-09
0.0227907 -9.97943e-09
0.0228806 -9.98485e-09
0.0229705 -9.99594e-09
0.0230604 -1.00088e-08
0.0231503 -1.0027e-08
0.0232403 -1.00373e-08
0.0233302 -1.00477e-08
0.0234201 -1.0063e-08
0.02351 -1.00794e-08
0.0235999 -1.00759e-08
0.0236898 -1.00697e-08
0.0237797 -1.00678e-08
0.0238696 -1.00643e-08
0.0239595 -1.00495e-08
0.0240494 -1.0034e-08
0.0241393 -1.00253e-08
0.0242292 -1.00192e-08
0.0243191 -9.99948e-09
0.024409 -9.97291e-09
0.0244989 -9.95128e-09
0.0245888 -9.93714e-09
0.0246787 -9.9192e-09
0.0247686 -9.90742e-09
0.0248585 -9.89097e-09
0.0249484 -9.86114e-09
0.0250383 -9.82626e-09
0.0251282 -9.79528e-09
0.0252181 -9.7752e-09
0.025308 -9.76248e-09
0.025398 -9.74514e-09
0.0254879 -9.72669e-09
0.0255778 -9.71504e-09
0.0256677 -9.72706e-09
0.0257576 -9.74204e-09
0.0258475 -9.76381e-09
0.0259374 -9.78286e-09
0.0260273 -9.79161e-09
0.0261172 -9.80691e-09
0.0262071 -9.8258e-09
0.026297 -9.87099e-09
0.0263869 -9.92188e-09
0.0264768 -9.98758e-09
0.0265667 -1.00547e-08
0.0266566 -1.01244e-08
0.0267465 -1.02149e-08
0.0268364 -1.03111e-08
0.0269263 -1.04121e-08
0.0270162 -1.05061e-08
0.0271061 -1.05982e-08
0.027196 -1.06984e-08
0.0272859 -1.08004e-08
0.0273758 -1.08908e-08
0.0274657 -1.09878e-08
0.0275557 -1.10891e-08
0.0276456 -1.11843e-08
0.0277355 -1.12743e-08
0.0278254 -1.13653e-08
0.0279153 -1.14728e-08
0.0280052 -1.15752e-08
0.0280951 -1.16635e-08
0.028185 -1.1763e-08
0.0282749 -1.18683e-08
0.0283648 -1.19567e-08
0.0284547 -1.20392e-08
0.0285446 -1.21291e-08
0.0286345 -1.22125e-08
0.0287244 -1.23019e-08
0.0288143 -1.23875e-08
0.0289042 -1.24713e-08
0.0289941 -1.2558e-08
0.029084 -1.26379e-08
0.0291739 -1.27006e-08
0.0292638 -1.27754e-08
0.0293537 -1.28475e-08
0.0294436 -1.29286e-08
0.0295335 -1.30238e-08
0.0296234 -1.31225e-08
0.0297134 -1.32057e-08
0.0298033 -1.32927e-08
0.0298932 -1.33816e-08
0.0299831 -1.34711e-08
0.030073 -1.35624e-08
0.0301629 -1.36379e-08
0.0302528 -1.37181e-08
0.0303427 -1.38031e-08
0.0304326 -1.38981e-08
0.0305225 -1.40117e-08
0.0306124 -1.41428e-08
0.0307023 -1.42743e-08
0.0307922 -1.44078e-08
0.0308821 -1.45426e-08
0.030972 -1.46862e-08
0.0310619 -1.48439e-08
0.0311518 -1.49839e-08
0.0312417 -1.51247e-08
0.0313316 -1.52829e-08
0.0314215 -1.54347e-08
0.0315114 -1.55968e-08
0.0316013 -1.57743e-08
0.0316912 -1.59575e-08
0.0317811 -1.61568e-08
0.0318711 -1.6363e-08
0.031961 -1.65797e-08
0.0320509 -1.68165e-08
0.0321408 -1.70228e-08
0.0322307 -1.72389e-08
0.0323206 -1.74738e-08
0.0324105 -1.77099e-08
0.0325004 -1.79314e-08
0.0325903 -1.81572e-08
0.0326802 -1.83824e-08
0.0327701 -1.8612e-08
0.03286 -1.88417e-08
0.0329499 -1.90763e-08
0.0330398 -1.93445e-08
0.0331297 -1.96376e-08
0.0332196 -1.99168e-08
0.0333095 -2.02035e-08
0.0333994 -2.04728e-08
0.0334893 -2.07637e-08
0.0335792 -2.10482e-08
0.0336691 -2.13258e-08
0.033759 -2.16124e-08
0.0338489 -2.18957e-08
0.0339388 -2.21824e-08
0.0340288 -2.24789e-08
0.0341187 -2.27633e-08
0.0342086 -2.30446e-08
0.0342985 -2.33213e-08
0.0343884 -2.35784e-08
0.0344783 -2.38226e-08
0.0345682 -2.40862e-08
0.0346581 -2.4327e-08
0.034748 -2.45569e-08
0.0348379 -2.47858e-08
0.0349278 -2.5013e-08
0.0350177 -2.52367e-08
0.0351076 -2.54503e-08
0.0351975 -2.56311e-08
0.0352874 -2.58051e-08
0.0353773 -2.5983e-08
0.0354672 -2.61484e-08
0.0355571 -2.63164e-08
0.035647 -2.64683e-08
0.0357369 -2.66238e-08
0.0358268 -2.67909e-08
0.0359167 -2.69395e-08
0.0360066 -2.70799e-08
0.0360965 -2.7231e-08
0.0361865 -2.74046e-08
0.0362764 -2.75797e-08
0.0363663 -2.77485e-08
0.0364562 -2.79101e-08
0.0365461 -2.8052e-08
0.036636 -2.8176e-08
0.0367259 -2.82996e-08
0.0368158 -2.84516e-08
0.0369057 -2.85977e-08
0.0369956 -2.87263e-08
0.0370855 -2.88446e-08
0.0371754 -2.89507e-08
0.0372653 -2.90612e-08
0.0373552 -2.9184e-08
0.0374451 -2.92877e-08
0.037535 -2.93692e-08
0.0376249 -2.94503e-08
0.0377148 -2.95352e-08
0.0378047 -2.96023e-08
0.0378946 -2.96567e-08
0.0379845 -2.97018e-08
0.0380744 -2.97353e-08
0.0381643 -2.97621e-08
0.0382542 -2.97838e-08
0.0383441 -2.98115e-08
0.0384341 -2.98439e-08
0.038524 -2.98589e-08
0.0386139 -2.98597e-08
0.0387038 -2.98708e-08
0.0387937 -2.98708e-08
0.0388836 -2.98633e-08
0.0389735 -2.98807e-08
0.0390634 -2.99052e-08
0.0391533 -2.99464e-08
0.0392432 -3.00066e-08
0.0393331 -3.00737e-08
0.039423 -3.01255e-08
0.0395129 -3.0174e-08
0.0396028 -3.02183e-08
0.0396927 -3.02411e-08
0.0397826 -3.02513e-08
0.0398725 -3.02635e-08
0.0399624 -3.02811e-08
0.0400523 -3.02981e-08
0.0401422 -3.03194e-08
0.0402321 -3.03487e-08
0.040322 -3.03775e-08
0.0404119 -3.04041e-08
0.0405018 -3.04145e-08
0.0405918 -3.04315e-08
0.0406817 -3.04322e-08
0.0407716 -3.0406e-08
0.0408615 -3.03842e-08
0.0409514 -3.03977e-08
0.0410413 -3.04152e-08
0.0411312 -3.04403e-08
0.0412211 -3.04583e-08
0.041311 -3.04625e-08
0.0414009 -3.04634e-08
0.0414908 -3.04497e-08
0.0415807 -3.04117e-08
0.0416706 -3.03923e-08
0.0417605 -3.03376e-08
0.0418504 -3.02981e-08
0.0419403 -3.02487e-08
0.0420302 -3.02361e-08
0.0421201 -3.02304e-08
0.04221 -3.02288e-08
0.0422999 -3.02081e-08
0.0423898 -3.01833e-08
0.0424797 -3.0166e-08
0.0425696 -3.01478e-08
0.0426595 -3.01391e-08
0.0427495 -3.01356e-08
0.0428394 -3.01264e-08
0.0429293 -3.01243e-08
0.0430192 -3.01335e-08
0.0431091 -3.01716e-08
0.043199 -3.0198e-08
0.0432889 -3.02081e-08
0.0433788 -3.0201e-08
0.0434687 -3.02309e-08
0.0435586 -3.02488e-08
0.0436485 -3.03092e-08
0.0437384 -3.03619e-08
0.0438283 -3.04358e-08
0.0439182 -3.0498e-08
0.0440081 -3.05621e-08
0.044098 -3.06455e-08
0.0441879 -3.07081e-08
0.0442778 -3.07599e-08
0.0443677 -3.07877e-08
0.0444576 -3.0789e-08
0.0445475 -3.08017e-08
0.0446374 -3.07826e-08
0.0447273 -3.07619e-08
0.0448172 -3.07196e-08
0.0449072 -3.06981e-08
0.0449971 -3.07004e-08
0.045087 -3.07109e-08
0.0451769 -3.07008e-08
0.0452668 -3.0697e-08
0.0453567 -3.06903e-08
0.0454466 -3.06686e-08
0.0455365 -3.06487e-08
0.0456264 -3.06438e-08
0.0457163 -3.06305e-08
0.0458062 -3.06425e-08
0.0458961 -3.0622e-08
0.045986 -3.05869e-08
0.0460759 -3.05707e-08
0.0461658 -3.05589e-08
0.0462557 -3.05788e-08
0.0463456 -3.06097e-08
0.0464355 -3.06108e-08
0.0465254 -3.06192e-08
0.0466153 -3.06484e-08
0.0467052 -3.07042e-08
0.0467951 -3.0763e-08
0.046885 -3.08253e-08
0.0469749 -3.08767e-08
0.0470649 -3.09219e-08
0.0471548 -3.09659e-08
0.0472447 -3.1038e-08
0.0473346 -3.11172e-08
0.0474245 -3.12053e-08
0.0475144 -3.12786e-08
0.0476043 -3.13384e-08
0.0476942 -3.13823e-08
0.0477841 -3.14304e-08
0.047874 -3.15169e-08
0.0479639 -3.16035e-08
0.0480538 -3.16976e-08
0.0481437 -3.1789e-08
0.0482336 -3.18743e-08
0.0483235 -3.19561e-08
0.0484134 -3.20584e-08
0.0485033 -3.21492e-08
0.0485932 -3.21962e-08
0.0486831 -3.22356e-08
0.048773 -3.2267e-08
0.0488629 -3.2313e-08
0.0489528 -3.23726e-08
0.0490427 -3.24339e-08
0.0491326 -3.25052e-08
0.0492226 -3.25899e-08
0.0493125 -3.2659e-08
0.0494024 -3.27229e-08
0.0494923 -3.27671e-08
0.0495822 -3.28029e-08
0.0496721 -3.28438e-08
0.049762 -3.28966e-08
0.0498519 -3.29522e-08
0.0499418 -3.29877e-08
0.0500317 -3.30416e-08
0.0501216 -3.31262e-08
0.0502115 -3.31968e-08
0.0503014 -3.32807e-08
0.0503913 -3.3379e-08
0.0504812 -3.34747e-08
0.0505711 -3.35654e-08
0.050661 -3.36444e-08
0.0507509 -3.37257e-08
0.0508408 -3.37951e-08
0.0509307 -3.38358e-08
0.0510206 -3.38518e-08
0.0511105 -3.38788e-08
0.0512004 -3.39081e-08
0.0512903 -3.39361e-08
0.0513803 -3.39409e-08
0.0514702 -3.39526e-08
0.0515601 -3.39856e-08
0.05165 -3.40044e-08
0.0517399 -3.40084e-08
0.0518298 -3.40281e-08
0.0519197 -3.40214e-08
0.0520096 -3.40209e-08
0.0520995 -3.40496e-08
0.0521894 -3.409e-08
0.0522793 -3.41343e-08
0.0523692 -3.41801e-08
0.0524591 -3.42266e-08
0.052549 -3.42762e-08
0.0526389 -3.432e-08
0.0527288 -3.43744e-08
0.0528187 -3.44334e-08
0.0529086 -3.4515e-08
0.0529985 -3.45846e-08
0.0530884 -3.46784e-08
0.0531783 -3.4765e-08
0.0532682 -3.48639e-08
0.0533581 -3.49445e-08
0.053448 -3.50148e-08
0.053538 -3.50905e-08
0.0536279 -3.51446e-08
0.0537178 -3.52095e-08
0.0538077 -3.52668e-08
0.0538976 -3.5342e-08
0.0539875 -3.54101e-08
0.0540774 -3.54675e-08
0.0541673 -3.55146e-08
0.0542572 -3.55583e-08
0.0543471 -3.5641e-08
0.054437 -3.57279e-08
0.0545269 -3.57974e-08
0.0546168 -3.58787e-08
0.0547067 -3.59567e-08
0.0547966 -3.60205e-08
0.0548865 -3.60898e-08
0.0549764 -3.61635e-08
0.0550663 -3.62489e-08
0.0551562 -3.63011e-08
0.0552461 -3.63731e-08
0.055336 -3.64605e-08
0.0554259 -3.65389e-08
0.0555158 -3.66397e-08
0.0556057 -3.67246e-08
0.0556956 -3.68767e-08
0.0557856 -3.70186e-08
0.0558755 -3.71544e-08
0.0559654 -3.73236e-08
0.0560553 -3.7486e-08
0.0561452 -3.7631e-08
0.0562351 -3.77958e-08
0.056325 -3.79476e-08
0.0564149 -3.80719e-08
0.0565048 -3.81701e-08
0.0565947 -3.82524e-08
0.0566846 -3.83202e-08
0.0567745 -3.83706e-08
0.0568644 -3.84258e-08
0.0569543 -3.84729e-08
0.0570442 -3.85106e-08
0.0571341 -3.85318e-08
0.057224 -3.8563e-08
0.0573139 -3.86495e-08
0.0574038 -3.87366e-08
0.0574937 -3.88076e-08
0.0575836 -3.88611e-08
0.0576735 -3.89084e-08
0.0577634 -3.88938e-08
0.0578533 -3.88601e-08
0.0579433 -3.8851e-08
0.0580332 -3.88194e-08
0.0581231 -3.8761e-08
0.058213 -3.87166e-08
0.0583029 -3.86852e-08
0.0583928 -3.86289e-08
0.0584827 -3.85525e-08
0.0585726 -3.84439e-08
0.0586625 -3.83621e-08
0.0587524 -3.82774e-08
0.0588423 -3.82158e-08
0.0589322 -3.81525e-08
0.0590221 -3.80843e-08
0.059112 -3.79942e-08
0.0592019 -3.79018e-08
0.0592918 -3.78224e-08
0.0593817 -3.77618e-08
0.0594716 -3.77182e-08
0.0595615 -3.7649e-08
0.0596514 -3.75805e-08
0.0597413 -3.75167e-08
0.0598312 -3.74364e-08
0.0599211 -3.73803e-08
0.060011 -3.73396e-08
0.060101 -3.72933e-08
0.0601909 -3.7239e-08
0.0602808 -3.7186e-08
0.0603707 -3.71606e-08
0.0604606 -3.71651e-08
0.0605505 -3.71667e-08
0.0606404 -3.71527e-08
0.0607303 -3.71485e-08
0.0608202 -3.71613e-08
0.0609101 -3.7157e-08
0.061 -3.7143e-08
0.0610899 -3.71046e-08
0.0611798 -3.70456e-08
0.0612697 -3.70019e-08
0.0613596 -3.69714e-08
0.0614495 -3.69214e-08
0.0615394 -3.68738e-08
0.0616293 -3.6804e-08
0.0617192 -3.67209e-08
0.0618091 -3.66277e-08
0.061899 -3.65329e-08
0.0619889 -3.642e-08
0.0620788 -3.63333e-08
0.0621687 -3.62492e-08
0.0622587 -3.61366e-08
0.0623486 -3.60228e-08
0.0624385 -3.59041e-08
0.0625284 -3.5754e-08
0.0626183 -3.55787e-08
0.0627082 -3.54239e-08
0.0627981 -3.52714e-08
0.062888 -3.51235e-08
0.0629779 -3.49826e-08
0.0630678 -3.48625e-08
0.0631577 -3.47231e-08
0.0632476 -3.46119e-08
0.0633375 -3.44862e-08
0.0634274 -3.43397e-08
0.0635173 -3.42379e-08
0.0636072 -3.41228e-08
0.0636971 -3.40475e-08
0.063787 -3.39786e-08
0.0638769 -3.39105e-08
0.0639668 -3.38752e-08
0.0640567 -3.38921e-08
0.0641466 -3.3941e-08
0.0642365 -3.40491e-08
0.0643264 -3.40999e-08
0.0644164 -3.41765e-08
0.0645063 -3.42137e-08
0.0645962 -3.42552e-08
0.0646861 -3.43538e-08
0.064776 -3.44516e-08
0.0648659 -3.45762e-08
0.0649558 -3.46762e-08
0.0650457 -3.4814e-08
0.0651356 -3.48929e-08
0.0652255 -3.49584e-08
0.0653154 -3.50825e-08
0.0654053 -3.52208e-08
0.0654952 -3.53709e-08
0.0655851 -3.5513e-08
0.065675 -3.56769e-08
0.0657649 -3.58192e-08
0.0658548 -3.59856e-08
0.0659447 -3.61355e-08
0.0660346 -3.62401e-08
0.0661245 -3.63577e-08
0.0662144 -3.65301e-08
0.0663043 -3.67321e-08
0.0663942 -3.69212e-08
0.0664841 -3.71597e-08
0.0665741 -3.73814e-08
0.066664 -3.7616e-08
0.0667539 -3.78279e-08
0.0668438 -3.80419e-08
0.0669337 -3.82206e-08
0.0670236 -3.83976e-08
0.0671135 -3.85527e-08
0.0672034 -3.86862e-08
0.0672933 -3.88704e-08
0.0673832 -3.90596e-08
0.0674731 -3.928e-08
0.067563 -3.95201e-08
0.0676529 -3.97407e-08
0.0677428 -3.99332e-08
0.0678327 -4.02248e-08
0.0679226 -4.05232e-08
0.0680125 -4.07723e-08
0.0681024 -4.10364e-08
0.0681923 -4.12715e-08
0.0682822 -4.14163e-08
0.0683721 -4.15678e-08
0.068462 -4.17242e-08
0.0685519 -4.1883e-08
0.0686418 -4.20012e-08
0.0687318 -4.21131e-08
0.0688217 -4.21553e-08
0.0689116 -4.21274e-08
0.0690015 -4.21237e-08
0.0690914 -4.21738e-08
0.0691813 -4.22516e-08
0.0692712 -4.23718e-08
0.0693611 -4.25327e-08
0.069451 -4.26574e-08
0.0695409 -4.27534e-08
0.0696308 -4.27903e-08
0.0697207 -4.29118e-08
0.0698106 -4.29882e-08
0.0699005 -4.3023e-08
0.0699904 -4.31012e-08
0.0700803 -4.31755e-08
0.0701702 -4.31801e-08
0.0702601 -4.31696e-08
0.07035 -4.31195e-08
0.0704399 -4.3164e-08
0.0705298 -4.3169e-08
0.0706197 -4.31776e-08
0.0707096 -4.31025e-08
0.0707995 -4.30348e-08
0.0708895 -4.30589e-08
0.0709794 -4.30535e-08
0.0710693 -4.30284e-08
0.0711592 -4.30039e-08
0.0712491 -4.29881e-08
0.071339 -4.30186e-08
0.0714289 -4.30539e-08
0.0715188 -4.30478e-08
0.0716087 -4.30482e-08
0.0716986 -4.3072e-08
0.0717885 -4.30375e-08
0.0718784 -4.30128e-08
0.0719683 -4.29572e-08
0.0720582 -4.28886e-08
0.0721481 -4.28427e-08
0.072238 -4.28512e-08
0.0723279 -4.2853e-08
0.0724178 -4.28642e-08
0.0725077 -4.28281e-08
0.0725976 -4.27376e-08
0.0726875 -4.26978e-08
0.0727774 -4.27045e-08
0.0728673 -4.27008e-08
0.0729572 -4.268e-08
0.0730472 -4.26437e-08
0.0731371 -4.25627e-08
0.073227 -4.25352e-08
0.0733169 -4.25013e-08
0.0734068 -4.24865e-08
0.0734967 -4.24189e-08
0.0735866 -4.23981e-08
0.0736765 -4.23787e-08
0.0737664 -4.2396e-08
0.0738563 -4.24242e-08
0.0739462 -4.24245e-08
0.0740361 -4.24093e-08
0.074126 -4.24413e-08
0.0742159 -4.24777e-08
0.0743058 -4.25471e-08
0.0743957 -4.25922e-08
0.0744856 -4.26869e-08
0.0745755 -4.27938e-08
0.0746654 -4.28072e-08
0.0747553 -4.28135e-08
0.0748452 -4.27847e-08
0.0749351 -4.27697e-08
0.075025 -4.27529e-08
0.0751149 -4.27354e-08
0.0752048 -4.27696e-08
0.0752948 -4.27405e-08
0.0753847 -4.26619e-08
0.0754746 -4.25208e-08
0.0755645 -4.23932e-08
0.0756544 -4.22509e-08
0.0757443 -4.2107e-08
0.0758342 -4.19797e-08
0.0759241 -4.18154e-08
0.076014 -4.15907e-08
0.0761039 -4.1367e-08
0.0761938 -4.10783e-08
0.0762837 -4.07877e-08
0.0763736 -4.0471e-08
0.0764635 -4.01335e-08
0.0765534 -3.9847e-08
0.0766433 -3.95627e-08
0.0767332 -3.92589e-08
0.0768231 -3.89586e-08
0.076913 -3.87095e-08
0.0770029 -3.84652e-08
0.0770928 -3.82988e-08
0.0771827 -3.81038e-08
0.0772726 -3.802e-08
0.0773625 -3.79072e-08
0.0774525 -3.78223e-08
0.0775424 -3.77154e-08
0.0776323 -3.75304e-08
0.0777222 -3.73078e-08
0.0778121 -3.70659e-08
0.077902 -3.6792e-08
0.0779919 -3.64497e-08
0.0780818 -3.61286e-08
0.0781717 -3.57646e-08
0.0782616 -3.54579e-08
0.0783515 -3.51857e-08
0.0784414 -3.49263e-08
0.0785313 -3.46642e-08
0.0786212 -3.43402e-08
0.0787111 -3.40704e-08
0.078801 -3.38323e-08
0.0788909 -3.35254e-08
0.0789808 -3.32354e-08
0.0790707 -3.29317e-08
0.0791606 -3.25698e-08
0.0792505 -3.2176e-08
0.0793404 -3.17564e-08
0.0794303 -3.13131e-08
0.0795202 -3.08646e-08
0.0796102 -3.05048e-08
0.0797001 -3.01624e-08
0.07979 -2.98042e-08
0.0798799 -2.952e-08
0.0799698 -2.92629e-08
0.0800597 -2.9059e-08
0.0801496 -2.87856e-08
0.0802395 -2.85245e-08
0.0803294 -2.83188e-08
0.0804193 -2.80026e-08
0.0805092 -2.76323e-08
0.0805991 -2.73313e-08
0.080689 -2.70061e-08
0.0807789 -2.66258e-08
0.0808688 -2.62852e-08
0.0809587 -2.60858e-08
0.0810486 -2.5934e-08
0.0811385 -2.59761e-08
0.0812284 -2.60348e-08
0.0813183 -2.606e-08
0.0814082 -2.60482e-08
0.0814981 -2.62505e-08
0.081588 -2.64197e-08
0.0816779 -2.66118e-08
0.0817679 -2.68038e-08
0.0818578 -2.71077e-08
0.0819477 -2.73354e-08
0.0820376 -2.74046e-08
0.0821275 -2.75013e-08
0.0822174 -2.75065e-08
0.0823073 -2.75996e-08
0.0823972 -2.77176e-08
0.0824871 -2.78388e-08
0.082577 -2.77548e-08
0.0826669 -2.7732e-08
0.0827568 -2.76739e-08
0.0828467 -2.7505e-08
0.0829366 -2.73116e-08
0.0830265 -2.71673e-08
0.0831164 -2.71878e-08
0.0832063 -2.70916e-08
0.0832962 -2.69555e-08
0.0833861 -2.6863e-08
0.083476 -2.67107e-08
0.0835659 -2.66287e-08
0.0836558 -2.65634e-08
0.0837457 -2.63728e-08
0.0838356 -2.62336e-08
0.0839256 -2.60769e-08
0.0840155 -2.59308e-08
0.0841054 -2.5771e-08
0.0841953 -2.56251e-08
0.0842852 -2.54039e-08
0.0843751 -2.52281e-08
0.084465 -2.50453e-08
0.0845549 -2.49002e-08
0.0846448 -2.47144e-08
0.0847347 -2.4608e-08
0.0848246 -2.44889e-08
0.0849145 -2.43504e-08
0.0850044 -2.42183e-08
0.0850943 -2.40306e-08
0.0851842 -2.3803e-08
0.0852741 -2.35838e-08
0.085364 -2.32957e-08
0.0854539 -2.29286e-08
0.0855438 -2.2706e-08
0.0856337 -2.24253e-08
0.0857236 -2.2113e-08
0.0858135 -2.18088e-08
0.0859034 -2.15275e-08
0.0859933 -2.12631e-08
0.0860833 -2.09862e-08
0.0861732 -2.07302e-08
0.0862631 -2.04217e-08
0.086353 -2.01172e-08
0.0864429 -1.97985e-08
0.0865328 -1.94649e-08
0.0866227 -1.90882e-08
0.0867126 -1.87259e-08
0.0868025 -1.84054e-08
0.0868924 -1.80522e-08
0.0869823 -1.7777e-08
0.0870722 -1.75409e-08
0.0871621 -1.7254e-08
0.087252 -1.70467e-08
0.0873419 -1.67816e-08
0.0874318 -1.66073e-08
0.0875217 -1.65243e-08
0.0876116 -1.64945e-08
0.0877015 -1.65039e-08
0.0877914 -1.66008e-08
0.0878813 -1.66263e-08
0.0879712 -1.66857e-08
0.0880611 -1.66475e-08
0.088151 -1.66344e-08
0.088241 -1.66755e-08
0.0883309 -1.65672e-08
0.0884208 -1.64567e-08
0.0885107 -1.63937e-08
0.0886006 -1.63829e-08
0.0886905 -1.62755e-08
0.0887804 -1.60473e-08
0.0888703 -1.57642e-08
0.0889602 -1.55758e-08
0.0890501 -1.53309e-08
0.08914 -1.51272e-08
0.0892299 -1.48827e-08
0.0893198 -1.46482e-08
0.0894097 -1.44641e-08
0.0894996 -1.42922e-08
0.0895895 -1.40974e-08
0.0896794 -1.39068e-08
0.0897693 -1.37298e-08
0.0898592 -1.36538e-08
0.0899491 -1.3552e-08
0.090039 -1.34803e-08
0.0901289 -1.34218e-08
0.0902188 -1.33677e-08
0.0903087 -1.33178e-08
0.0903987 -1.32659e-08
0.0904886 -1.31899e-08
0.0905785 -1.30369e-08
0.0906684 -1.28396e-08
0.0907583 -1.26294e-08
0.0908482 -1.24254e-08
0.0909381 -1.22089e-08
0.091028 -1.20361e-08
0.0911179 -1.18186e-08
0.0912078 -1.16485e-08
0.0912977 -1.1468e-08
0.0913876 -1.12031e-08
0.0914775 -1.09472e-08
0.0915674 -1.07104e-08
0.0916573 -1.04811e-08
0.0917472 -1.02646e-08
0.0918371 -1.00806e-08
0.091927 -9.90264e-09
0.0920169 -9.65238e-09
0.0921068 -9.51304e-09
0.0921967 -9.39345e-09
0.0922866 -9.26735e-09
0.0923765 -9.16803e-09
0.0924664 -9.11435e-09
0.0925564 -9.12413e-09
0.0926463 -9.14387e-09
0.0927362 -9.10215e-09
0.0928261 -9.03696e-09
0.092916 -8.96093e-09
0.0930059 -8.99915e-09
0.0930958 -9.0406e-09
0.0931857 -8.95401e-09
0.0932756 -8.90633e-09
0.0933655 -8.91438e-09
0.0934554 -8.90281e-09
0.0935453 -8.75168e-09
0.0936352 -8.50783e-09
0.0937251 -8.36774e-09
0.093815 -8.31153e-09
0.0939049 -8.33033e-09
0.0939948 -8.34356e-09
0.0940847 -8.24509e-09
0.0941746 -8.1161e-09
0.0942645 -7.97858e-09
0.0943544 -7.81996e-09
0.0944443 -7.604e-09
0.0945342 -7.5476e-09
0.0946241 -7.54429e-09
0.094714 -7.63544e-09
0.094804 -7.64423e-09
0.0948939 -7.62029e-09
0.0949838 -7.47826e-09
0.0950737 -7.27982e-09
0.0951636 -7.00021e-09
0.0952535 -6.70691e-09
0.0953434 -6.31646e-09
0.0954333 -5.85502e-09
0.0955232 -5.34179e-09
0.0956131 -4.774e-09
0.095703 -4.24526e-09
0.0957929 -3.67843e-09
0.0958828 -3.12788e-09
0.0959727 -2.55887e-09
0.0960626 -2.0431e-09
0.0961525 -1.57824e-09
0.0962424 -1.17718e-09
0.0963323 -8.23138e-10
0.0964222 -5.52097e-10
0.0965121 -2.89141e-10
0.096602 -6.63961e-11
0.0966919 2.59825e-10
0.0967818 6.38856e-10
0.0968717 1.035e-09
0.0969617 1.37936e-09
0.0970516 1.71474e-09
0.0971415 2.06674e-09
0.0972314 2.46086e-09
0.0973213 2.85747e-09
0.0974112 3.27501e-09
0.0975011 3.71818e-09
0.097591 4.11897e-09
0.0976809 4.55995e-09
0.0977708 4.90416e-09
0.0978607 5.27391e-09
0.0979506 5.53556e-09
0.0980405 5.84658e-09
0.0981304 6.05686e-09
0.0982203 6.16943e-09
0.0983102 6.14702e-09
0.0984001 6.18376e-09
0.09849 6.1152e-09
0.0985799 6.02093e-09
0.0986698 5.97497e-09
0.0987597 5.9235e-09
0.0988496 5.99749e-09
0.0989395 6.1707e-09
0.0990294 6.25239e-09
0.0991194 6.40847e-09
0.0992093 6.58858e-09
0.0992992 6.95201e-09
0.0993891 7.3756e-09
0.099479 7.77441e-09
0.0995689 8.25703e-09
0.0996588 8.68128e-09
0.0997487 8.93324e-09
0.0998386 9.21764e-09
0.0999285 9.32721e-09
0.100018 9.56928e-09
0.100108 9.90023e-09
0.100198 1.00532e-08
0.100288 1.0147e-08
0.100378 1.01799e-08
0.100468 1.03503e-08
0.100558 1.04729e-08
0.100648 1.07962e-08
0.100738 1.11994e-08
0.100828 1.16391e-08
0.100917 1.18733e-08
0.101007 1.20796e-08
0.101097 1.22303e-08
0.101187 1.23146e-08
0.101277 1.2471e-08
0.101367 1.29465e-08
0.101457 1.30847e-08
0.101547 1.33305e-08
0.101637 1.34409e-08
0.101727 1.32801e-08
0.101816 1.31737e-08
0.101906 1.34669e-08
0.101996 1.38168e-08
0.102086 1.41459e-08
0.102176 1.46403e-08
0.102266 1.54525e-08
0.102356 1.58676e-08
0.102446 1.65072e-08
0.102536 1.75219e-08
0.102626 1.84781e-08
0.102716 1.95761e-08
0.102805 2.0283e-08
0.102895 2.07882e-08
0.102985 2.08915e-08
0.103075 2.07847e-08
0.103165 2.03066e-08
0.103255 1.94226e-08
0.103345 1.77801e-08
0.103435 1.64532e-08
0.103525 1.43954e-08
0.103615 1.22328e-08
0.103704 1.00521e-08
0.103794 8.31401e-09
0.103884 6.90473e-09
0.103974 5.44336e-09
0.104064 4.92565e-09
0.104154 5.13904e-09
0.104244 5.19455e-09
0.104334 5.37245e-09
0.104424 6.01492e-09
0.104514 5.4577e-09
0.104604 5.59445e-09
0.104693 5.8443e-09
0.104783 5.41127e-09
0.104873 5.25559e-09
0.104963 5.81514e-09
0.105053 6.50316e-09
0.105143 6.06655e-09
0.105233 5.1649e-09
0.105323 5.25482e-09
0.105413 5.81285e-09
0.105503 6.90918e-09
0.105592 8.19684e-09
0.105682 8.28795e-09
0.105772 8.10531e-09
0.105862 7.80003e-09
0.105952 6.80021e-09
0.106042 6.06646e-09
0.106132 5.18615e-09
0.106222 4.83828e-09
0.106312 4.32229e-09
0.106402 3.26025e-09
0.106491 1.85983e-09
0.106581 3.23685e-10
0.106671 -7.70864e-10
0.106761 -9.17503e-10
0.106851 -1.02608e-09
0.106941 -6.31426e-10
0.107031 -3.33867e-11
0.107121 9.2538e-10
0.107211 1.64285e-09
0.107301 2.39091e-09
0.107391 3.31347e-09
0.10748 3.75948e-09
0.10757 4.75855e-09
0.10766 5.34438e-09
0.10775 5.87755e-09
0.10784 6.19331e-09
0.10793 5.99007e-09
0.10802 5.23395e-09
0.10811 4.30753e-09
0.1082 3.32145e-09
0.10829 3.24569e-09
0.108379 2.86129e-09
0.108469 2.82987e-09
0.108559 3.00915e-09
0.108649 3.06968e-09
0.108739 3.60491e-09
0.108829 3.97012e-09
0.108919 4.40448e-09
0.109009 4.68677e-09
0.109099 5.43238e-09
0.109189 6.10472e-09
0.109279 7.00867e-09
0.109368 7.76864e-09
0.109458 8.59786e-09
0.109548 9.49766e-09
0.109638 1.05755e-08
0.109728 1.13919e-08
0.109818 1.2183e-08
0.109908 1.31898e-08
0.109998 1.41218e-08
0.110088 1.48263e-08
0.110178 1.54807e-08
0.110267 1.60901e-08
0.110357 1.63533e-08
0.110447 1.65982e-08
0.110537 1.68097e-08
0.110627 1.68701e-08
0.110717 1.69037e-08
0.110807 1.69378e-08
0.110897 1.68516e-08
0.110987 1.64507e-08
0.111077 1.5962e-08
0.111167 1.55033e-08
0.111256 1.50144e-08
0.111346 1.4721e-08
0.111436 1.4741e-08
0.111526 1.45886e-08
0.111616 1.46068e-08
0.111706 1.45852e-08
0.111796 1.48947e-08
0.111886 1.49679e-08
0.111976 1.52906e-08
0.112066 1.5797e-08
0.112155 1.66502e-08
0.112245 1.74421e-08
0.112335 1.8192e-08
0.112425 1.85997e-08
0.112515 1.86451e-08
0.112605 1.86094e-08
0.112695 1.87182e-08
0.112785 1.88676e-08
0.112875 1.90286e-08
0.112965 1.94156e-08
0.113054 1.95532e-08
0.113144 1.95592e-08
0.113234 1.9402e-08
0.113324 1.9374e-08
0.113414 1.93225e-08
0.113504 1.93878e-08
0.113594 1.97574e-08
0.113684 2.0139e-08
0.113774 2.04112e-08
0.113864 2.08067e-08
0.113954 2.1061e-08
0.114043 2.13895e-08
0.114133 2.19154e-08
0.114223 2.24072e-08
0.114313 2.27273e-08
0.114403 2.30244e-08
0.114493 2.33108e-08
0.114583 2.36002e-08
0.114673 2.39136e-08
0.114763 2.42483e-08
0.114853 2.46013e-08
0.114942 2.49904e-08
0.115032 2.52061e-08
0.115122 2.5306e-08
0.115212 2.53683e-08
0.115302 2.552e-08
0.115392 2.56455e-08
0.115482 2.56622e-08
0.115572 2.56538e-08
0.115662 2.56945e-08
0.115752 2.57836e-08
0.115842 2.58661e-08
0.115931 2.58917e-08
0.116021 2.59016e-08
0.116111 2.59795e-08
0.116201 2.61038e-08
0.116291 2.61046e-08
0.116381 2.62411e-08
0.116471 2.64684e-08
0.116561 2.67363e-08
0.116651 2.70482e-08
0.116741 2.72369e-08
0.11683 2.74341e-08
0.11692 2.76031e-08
0.11701 2.78614e-08
0.1171 2.808e-08
0.11719 2.84082e-08
0.11728 2.87424e-08
0.11737 2.92233e-08
0.11746 2.96289e-08
0.11755 2.99634e-08
0.11764 3.02508e-08
0.11773 3.05391e-08
0.117819 3.08147e-08
0.117909 3.11094e-08
0.117999 3.15506e-08
0.118089 3.18623e-08
0.118179 3.24409e-08
0.118269 3.26503e-08
0.118359 3.29362e-08
0.118449 3.31675e-08
0.118539 3.31608e-08
0.118629 3.32208e-08
0.118718 3.37212e-08
0.118808 3.43992e-08
0.118898 3.53023e-08
0.118988 3.58342e-08
0.119078 3.62049e-08
0.119168 3.66014e-08
0.119258 3.67029e-08
0.119348 3.75492e-08
0.119438 3.8226e-08
0.119528 3.89763e-08
0.119617 3.99669e-08
0.119707 4.06682e-08
0.119797 4.07907e-08
0.119887 4.07192e-08
0.119977 4.07004e-08
0.120067 4.10084e-08
0.120157 4.11085e-08
0.120247 4.13411e-08
0.120337 4.16303e-08
0.120427 4.13247e-08
0.120517 4.13394e-08
0.120606 4.1396e-08
0.120696 4.15623e-08
0.120786 4.18225e-08
0.120876 4.25598e-08
0.120966 4.34304e-08
0.121056 4.43394e-08
0.121146 4.52349e-08
0.121236 4.6466e-08
0.121326 4.76227e-08
0.121416 4.87213e-08
0.121505 4.98834e-08
0.121595 5.08277e-08
0.121685 5.16777e-08
0.121775 5.22127e-08
0.121865 5.2884e-08
0.121955 5.28928e-08
0.122045 5.29264e-08
0.122135 5.30308e-08
0.122225 5.26903e-08
0.122315 5.18876e-08
0.122405 5.12707e-08
0.122494 5.02032e-08
0.122584 4.9118e-08
0.122674 4.77537e-08
0.122764 4.68141e-08
0.122854 4.6093e-08
0.122944 4.52942e-08
0.123034 4.51657e-08
0.123124 4.38628e-08
0.123214 4.23168e-08
0.123304 4.05718e-08
0.123393 3.92866e-08
0.123483 3.85606e-08
0.123573 3.84126e-08
0.123663 3.82177e-08
0.123753 3.8213e-08
0.123843 3.83153e-08
0.123933 3.85668e-08
0.124023 3.77558e-08
0.124113 3.79804e-08
0.124203 3.94127e-08
0.124293 4.17657e-08
0.124382 4.57628e-08
0.124472 4.89976e-08
0.124562 5.08306e-08
0.124652 5.1594e-08
0.124742 5.24394e-08
0.124832 5.31361e-08
0.124922 5.33645e-08
0.125012 5.33041e-08
0.125102 5.42361e-08
0.125192 5.4737e-08
0.125281 5.46506e-08
0.125371 5.43882e-08
0.125461 5.40414e-08
0.125551 5.43027e-08
0.125641 5.55722e-08
0.125731 5.7926e-08
0.125821 6.04441e-08
0.125911 6.31735e-08
0.126001 6.62447e-08
0.126091 7.00693e-08
0.126181 7.32849e-08
0.12627 7.72702e-08
0.12636 8.02597e-08
0.12645 8.31273e-08
0.12654 8.48997e-08
0.12663 8.70091e-08
0.12672 9.00829e-08
0.12681 9.39263e-08
0.1269 9.91291e-08
0.12699 1.04583e-07
0.12708 1.10666e-07
0.127169 1.14649e-07
0.127259 1.17544e-07
0.127349 1.19414e-07
0.127439 1.20424e-07
0.127529 1.2058e-07
0.127619 1.20043e-07
0.127709 1.18757e-07
0.127799 1.17043e-07
0.127889 1.15281e-07
0.127979 1.13996e-07
0.128068 1.13011e-07
0.128158 1.11623e-07
0.128248 1.10963e-07
0.128338 1.09866e-07
0.128428 1.09311e-07
0.128518 1.08896e-07
0.128608 1.08846e-07
0.128698 1.08739e-07
0.128788 1.09673e-07
0.128878 1.10684e-07
0.128968 1.11634e-07
0.129057 1.12052e-07
0.129147 1.12095e-07
0.129237 1.11914e-07
0.129327 1.11053e-07
0.129417 1.10554e-07
0.129507 1.10347e-07
0.129597 1.10039e-07
0.129687 1.0968e-07
0.129777 1.09559e-07
0.129867 1.09085e-07
0.129956 1.09031e-07
0.130046 1.08666e-07
0.130136 1.08662e-07
0.130226 1.08649e-07
0.130316 1.08679e-07
0.130406 1.09324e-07
0.130496 1.09603e-07
0.130586 1.099e-07
0.130676 1.1024e-07
0.130766 1.10723e-07
0.130856 1.11564e-07
0.130945 1.12298e-07
0.131035 1.13371e-07
0.131125 1.15393e-07
0.131215 1.16933e-07
0.131305 1.19885e-07
0.131395 1.21969e-07
0.131485 1.23856e-07
0.131575 1.25757e-07
0.131665 1.26622e-07
0.131755 1.27075e-07
0.131844 1.26138e-07
0.131934 1.2299e-07
0.132024 1.20837e-07
0.132114 1.17671e-07
0.132204 1.1579e-07
0.132294 1.14095e-07
0.132384 1.12118e-07
0.132474 1.10227e-07
0.132564 1.0854e-07
0.132654 1.07015e-07
0.132744 1.05268e-07
0.132833 1.03199e-07
0.132923 1.01732e-07
0.133013 1.01012e-07
0.133103 1.01676e-07
0.133193 1.01544e-07
0.133283 1.00651e-07
0.133373 1.00208e-07
0.133463 1.00649e-07
0.133553 1.02267e-07
0.133643 1.02819e-07
0.133732 1.03857e-07
0.133822 1.04511e-07
0.133912 1.05314e-07
0.134002 1.04784e-07
0.134092 1.04334e-07
0.134182 1.03736e-07
0.134272 1.04023e-07
0.134362 1.04439e-07
0.134452 1.04981e-07
0.134542 1.05012e-07
0.134631 1.05303e-07
0.134721 1.05505e-07
0.134811 1.06416e-07
