-0.134811 -2.1694e-08
-0.134721 -2.21759e-08
-0.134631 -2.22921e-08
-0.134542 -2.29101e-08
-0.134452 -2.29267e-08
-0.134362 -2.27496e-08
-0.134272 -2.31536e-08
-0.134182 -2.34057e-08
-0.134092 -2.36201e-08
-0.134002 -2.34027e-08
-0.133912 -2.30034e-08
-0.133822 -2.27219e-08
-0.133732 -2.22927e-08
-0.133642 -2.20494e-08
-0.133553 -2.20087e-08
-0.133463 -2.13791e-08
-0.133373 -2.13751e-08
-0.133283 -2.11678e-08
-0.133193 -2.09157e-08
-0.133103 -2.09412e-08
-0.133013 -2.07662e-08
-0.132923 -2.10741e-08
-0.132833 -2.1547e-08
-0.132743 -2.15894e-08
-0.132654 -2.13843e-08
-0.132564 -2.12512e-08
-0.132474 -2.09758e-08
-0.132384 -2.11095e-08
-0.132294 -2.12398e-08
-0.132204 -2.15676e-08
-0.132114 -2.14617e-08
-0.132024 -2.15583e-08
-0.131934 -2.19236e-08
-0.131844 -2.18286e-08
-0.131754 -2.15618e-08
-0.131665 -2.14153e-08
-0.131575 -2.1735e-08
-0.131485 -2.19055e-08
-0.131395 -2.23843e-08
-0.131305 -2.27241e-08
-0.131215 -2.29374e-08
-0.131125 -2.27803e-08
-0.131035 -2.31461e-08
-0.130945 -2.32175e-08
-0.130855 -2.3003e-08
-0.130766 -2.29223e-08
-0.130676 -2.31653e-08
-0.130586 -2.27593e-08
-0.130496 -2.2601e-08
-0.130406 -2.24395e-08
-0.130316 -2.2254e-08
-0.130226 -2.12318e-08
-0.130136 -2.05704e-08
-0.130046 -2.03439e-08
-0.129956 -1.97445e-08
-0.129867 -1.89225e-08
-0.129777 -1.88336e-08
-0.129687 -1.90702e-08
-0.129597 -1.8289e-08
-0.129507 -1.83711e-08
-0.129417 -1.79836e-08
-0.129327 -1.77599e-08
-0.129237 -1.75964e-08
-0.129147 -1.80918e-08
-0.129057 -1.83638e-08
-0.128967 -1.86935e-08
-0.128878 -1.87849e-08
-0.128788 -1.96393e-08
-0.128698 -1.92362e-08
-0.128608 -1.95113e-08
-0.128518 -1.93313e-08
-0.128428 -1.94424e-08
-0.128338 -1.96794e-08
-0.128248 -1.94418e-08
-0.128158 -1.99255e-08
-0.128068 -2.01988e-08
-0.127979 -1.97079e-08
-0.127889 -1.9638e-08
-0.127799 -1.95772e-08
-0.127709 -1.96412e-08
-0.127619 -1.9776e-08
-0.127529 -1.98824e-08
-0.127439 -2.00883e-08
-0.127349 -1.99992e-08
-0.127259 -2.07958e-08
-0.127169 -2.10439e-08
-0.127079 -2.04366e-08
-0.12699 -2.05832e-08
-0.1269 -2.10554e-08
-0.12681 -2.1354e-08
-0.12672 -2.14039e-08
-0.12663 -2.11116e-08
-0.12654 -2.08252e-08
-0.12645 -2.01893e-08
-0.12636 -1.97719e-08
-0.12627 -1.93174e-08
-0.12618 -1.84688e-08
-0.126091 -1.85302e-08
-0.126001 -1.82294e-08
-0.125911 -1.80553e-08
-0.125821 -1.75172e-08
-0.125731 -1.69913e-08
-0.125641 -1.68587e-08
-0.125551 -1.71872e-08
-0.125461 -1.76677e-08
-0.125371 -1.7683e-08
-0.125281 -1.78744e-08
-0.125191 -1.8709e-08
-0.125102 -1.90485e-08
-0.125012 -1.93776e-08
-0.124922 -1.97077e-08
-0.124832 -1.96983e-08
-0.124742 -2.00327e-08
-0.124652 -2.06099e-08
-0.124562 -2.09842e-08
-0.124472 -2.09786e-08
-0.124382 -2.09523e-08
-0.124292 -2.12752e-08
-0.124203 -2.11414e-08
-0.124113 -2.0913e-08
-0.124023 -2.07982e-08
-0.123933 -2.08147e-08
-0.123843 -2.05462e-08
-0.123753 -2.0245e-08
-0.123663 -2.01944e-08
-0.123573 -1.94189e-08
-0.123483 -1.89961e-08
-0.123393 -1.85312e-08
-0.123304 -1.81545e-08
-0.123214 -1.76626e-08
-0.123124 -1.73744e-08
-0.123034 -1.71394e-08
-0.122944 -1.69242e-08
-0.122854 -1.66771e-08
-0.122764 -1.69452e-08
-0.122674 -1.67425e-08
-0.122584 -1.68004e-08
-0.122494 -1.70935e-08
-0.122404 -1.70894e-08
-0.122315 -1.73423e-08
-0.122225 -1.74905e-08
-0.122135 -1.77441e-08
-0.122045 -1.80425e-08
-0.121955 -1.81124e-08
-0.121865 -1.82104e-08
-0.121775 -1.80881e-08
-0.121685 -1.79908e-08
-0.121595 -1.81149e-08
-0.121505 -1.83749e-08
-0.121416 -1.81638e-08
-0.121326 -1.82157e-08
-0.121236 -1.8104e-08
-0.121146 -1.80299e-08
-0.121056 -1.77835e-08
-0.120966 -1.7831e-08
-0.120876 -1.79456e-08
-0.120786 -1.8309e-08
-0.120696 -1.85734e-08
-0.120606 -1.84736e-08
-0.120516 -1.84112e-08
-0.120427 -1.82919e-08
-0.120337 -1.8417e-08
-0.120247 -1.84764e-08
-0.120157 -1.8429e-08
-0.120067 -1.83711e-08
-0.119977 -1.86793e-08
-0.119887 -1.87286e-08
-0.119797 -1.86481e-08
-0.119707 -1.85104e-08
-0.119617 -1.82753e-08
-0.119528 -1.81508e-08
-0.119438 -1.80399e-08
-0.119348 -1.78635e-08
-0.119258 -1.7679e-08
-0.119168 -1.73281e-08
-0.119078 -1.74205e-08
-0.118988 -1.7141e-08
-0.118898 -1.67899e-08
-0.118808 -1.66134e-08
-0.118718 -1.62336e-08
-0.118628 -1.58912e-08
-0.118539 -1.55434e-08
-0.118449 -1.52182e-08
-0.118359 -1.53132e-08
-0.118269 -1.53615e-08
-0.118179 -1.52565e-08
-0.118089 -1.51692e-08
-0.117999 -1.49507e-08
-0.117909 -1.49204e-08
-0.117819 -1.4669e-08
-0.117729 -1.47541e-08
-0.11764 -1.48918e-08
-0.11755 -1.51591e-08
-0.11746 -1.5312e-08
-0.11737 -1.54495e-08
-0.11728 -1.51057e-08
-0.11719 -1.50762e-08
-0.1171 -1.51962e-08
-0.11701 -1.52626e-08
-0.11692 -1.52896e-08
-0.11683 -1.53274e-08
-0.116741 -1.53197e-08
-0.116651 -1.50165e-08
-0.116561 -1.46904e-08
-0.116471 -1.45919e-08
-0.116381 -1.42891e-08
-0.116291 -1.4268e-08
-0.116201 -1.42769e-08
-0.116111 -1.41552e-08
-0.116021 -1.38618e-08
-0.115931 -1.39903e-08
-0.115841 -1.40865e-08
-0.115752 -1.39668e-08
-0.115662 -1.37189e-08
-0.115572 -1.38896e-08
-0.115482 -1.39168e-08
-0.115392 -1.36777e-08
-0.115302 -1.36641e-08
-0.115212 -1.34732e-08
-0.115122 -1.34016e-08
-0.115032 -1.33473e-08
-0.114942 -1.30796e-08
-0.114853 -1.29782e-08
-0.114763 -1.2816e-08
-0.114673 -1.25253e-08
-0.114583 -1.25938e-08
-0.114493 -1.21893e-08
-0.114403 -1.20383e-08
-0.114313 -1.217e-08
-0.114223 -1.19377e-08
-0.114133 -1.18962e-08
-0.114043 -1.18497e-08
-0.113953 -1.17383e-08
-0.113864 -1.17241e-08
-0.113774 -1.15749e-08
-0.113684 -1.17134e-08
-0.113594 -1.17884e-08
-0.113504 -1.18538e-08
-0.113414 -1.20724e-08
-0.113324 -1.19916e-08
-0.113234 -1.2043e-08
-0.113144 -1.20182e-08
-0.113054 -1.18689e-08
-0.112965 -1.17556e-08
-0.112875 -1.17669e-08
-0.112785 -1.16587e-08
-0.112695 -1.15019e-08
-0.112605 -1.10734e-08
-0.112515 -1.07591e-08
-0.112425 -1.03588e-08
-0.112335 -1.00582e-08
-0.112245 -9.78245e-09
-0.112155 -9.55618e-09
-0.112065 -9.52852e-09
-0.111976 -9.35605e-09
-0.111886 -9.15121e-09
-0.111796 -8.90256e-09
-0.111706 -8.84889e-09
-0.111616 -8.7313e-09
-0.111526 -8.89315e-09
-0.111436 -8.79361e-09
-0.111346 -8.77857e-09
-0.111256 -8.78534e-09
-0.111166 -8.92847e-09
-0.111077 -8.81545e-09
-0.110987 -8.73025e-09
-0.110897 -8.60226e-09
-0.110807 -8.58635e-09
-0.110717 -8.5497e-09
-0.110627 -8.39668e-09
-0.110537 -8.32611e-09
-0.110447 -8.19907e-09
-0.110357 -8.11617e-09
-0.110267 -8.00528e-09
-0.110178 -7.86076e-09
-0.110088 -7.82853e-09
-0.109998 -7.68173e-09
-0.109908 -7.40903e-09
-0.109818 -7.44262e-09
-0.109728 -7.21402e-09
-0.109638 -7.00194e-09
-0.109548 -6.77092e-09
-0.109458 -6.68184e-09
-0.109368 -6.51556e-09
-0.109278 -6.56009e-09
-0.109189 -6.31903e-09
-0.109099 -6.06128e-09
-0.109009 -5.87405e-09
-0.108919 -5.77957e-09
-0.108829 -5.69183e-09
-0.108739 -5.402e-09
-0.108649 -5.37315e-09
-0.108559 -5.21627e-09
-0.108469 -5.1213e-09
-0.108379 -5.01944e-09
-0.10829 -4.9473e-09
-0.1082 -4.69469e-09
-0.10811 -4.70333e-09
-0.10802 -4.60129e-09
-0.10793 -4.50334e-09
-0.10784 -4.50846e-09
-0.10775 -4.41618e-09
-0.10766 -4.38466e-09
-0.10757 -4.27612e-09
-0.10748 -4.26456e-09
-0.10739 -4.0261e-09
-0.107301 -3.93159e-09
-0.107211 -3.90414e-09
-0.107121 -3.82745e-09
-0.107031 -3.76087e-09
-0.106941 -3.63039e-09
-0.106851 -3.4968e-09
-0.106761 -3.451e-09
-0.106671 -3.3885e-09
-0.106581 -3.44249e-09
-0.106491 -3.3628e-09
-0.106402 -3.26494e-09
-0.106312 -3.18506e-09
-0.106222 -2.96805e-09
-0.106132 -2.73428e-09
-0.106042 -2.54105e-09
-0.105952 -2.3413e-09
-0.105862 -2.20824e-09
-0.105772 -2.00856e-09
-0.105682 -1.87425e-09
-0.105592 -1.74355e-09
-0.105502 -1.43541e-09
-0.105413 -1.29023e-09
-0.105323 -1.25612e-09
-0.105233 -1.16456e-09
-0.105143 -1.07803e-09
-0.105053 -1.00948e-09
-0.104963 -9.78187e-10
-0.104873 -8.56253e-10
-0.104783 -7.22752e-10
-0.104693 -5.89873e-10
-0.104603 -3.49045e-10
-0.104514 -2.5625e-10
-0.104424 -1.27419e-10
-0.104334 6.93166e-11
-0.104244 2.14239e-10
-0.104154 4.17667e-10
-0.104064 5.69735e-10
-0.103974 8.20909e-10
-0.103884 9.89264e-10
-0.103794 1.19487e-09
-0.103704 1.3316e-09
-0.103614 1.36101e-09
-0.103525 1.4762e-09
-0.103435 1.71924e-09
-0.103345 1.82086e-09
-0.103255 1.99863e-09
-0.103165 2.09544e-09
-0.103075 2.29129e-09
-0.102985 2.46224e-09
-0.102895 2.57567e-09
-0.102805 2.78051e-09
-0.102715 2.96017e-09
-0.102626 3.12895e-09
-0.102536 3.49846e-09
-0.102446 3.58395e-09
-0.102356 3.82128e-09
-0.102266 3.86244e-09
-0.102176 4.04309e-09
-0.102086 4.13864e-09
-0.101996 4.22938e-09
-0.101906 4.292e-09
-0.101816 4.42041e-09
-0.101727 4.52161e-09
-0.101637 4.73621e-09
-0.101547 4.88031e-09
-0.101457 4.90169e-09
-0.101367 5.04496e-09
-0.101277 5.20636e-09
-0.101187 5.38326e-09
-0.101097 5.44267e-09
-0.101007 5.71808e-09
-0.100917 5.87669e-09
-0.100827 6.23575e-09
-0.100738 6.47743e-09
-0.100648 6.62124e-09
-0.100558 6.75942e-09
-0.100468 6.99131e-09
-0.100378 7.23002e-09
-0.100288 7.54599e-09
-0.100198 7.74372e-09
-0.100108 7.96584e-09
-0.100018 8.25165e-09
-0.0999284 8.44001e-09
-0.0998385 8.56468e-09
-0.0997486 8.75496e-09
-0.0996587 8.98142e-09
-0.0995688 9.13351e-09
-0.0994789 9.37831e-09
-0.099389 9.60471e-09
-0.0992991 9.82058e-09
-0.0992092 9.86193e-09
-0.0991193 1.00569e-08
-0.0990294 1.02562e-08
-0.0989395 1.03384e-08
-0.0988496 1.04732e-08
-0.0987597 1.06089e-08
-0.0986698 1.06819e-08
-0.0985799 1.08327e-08
-0.09849 1.08662e-08
-0.0984001 1.09712e-08
-0.0983102 1.10705e-08
-0.0982202 1.11799e-08
-0.0981303 1.13478e-08
-0.0980404 1.14352e-08
-0.0979505 1.16088e-08
-0.0978606 1.17682e-08
-0.0977707 1.19158e-08
-0.0976808 1.20915e-08
-0.0975909 1.21868e-08
-0.097501 1.22926e-08
-0.0974111 1.24981e-08
-0.0973212 1.25738e-08
-0.0972313 1.26641e-08
-0.0971414 1.27387e-08
-0.0970515 1.27437e-08
-0.0969616 1.28931e-08
-0.0968717 1.29803e-08
-0.0967818 1.31241e-08
-0.0966919 1.31953e-08
-0.096602 1.32446e-08
-0.0965121 1.33568e-08
-0.0964222 1.34587e-08
-0.0963323 1.35196e-08
-0.0962424 1.36559e-08
-0.0961525 1.37526e-08
-0.0960626 1.39816e-08
-0.0959726 1.41567e-08
-0.0958827 1.43079e-08
-0.0957928 1.44417e-08
-0.0957029 1.46138e-08
-0.095613 1.47093e-08
-0.0955231 1.4846e-08
-0.0954332 1.50798e-08
-0.0953433 1.53337e-08
-0.0952534 1.54968e-08
-0.0951635 1.57868e-08
-0.0950736 1.60186e-08
-0.0949837 1.61964e-08
-0.0948938 1.63962e-08
-0.0948039 1.64909e-08
-0.094714 1.66018e-08
-0.0946241 1.67694e-08
-0.0945342 1.70994e-08
-0.0944443 1.72786e-08
-0.0943544 1.7479e-08
-0.0942645 1.76151e-08
-0.0941746 1.77863e-08
-0.0940847 1.7837e-08
-0.0939948 1.80628e-08
-0.0939049 1.82374e-08
-0.0938149 1.83656e-08
-0.093725 1.85342e-08
-0.0936351 1.8701e-08
-0.0935452 1.88362e-08
-0.0934553 1.89097e-08
-0.0933654 1.90351e-08
-0.0932755 1.9088e-08
-0.0931856 1.92542e-08
-0.0930957 1.94044e-08
-0.0930058 1.9619e-08
-0.0929159 1.97113e-08
-0.092826 1.98317e-08
-0.0927361 1.99981e-08
-0.0926462 2.01519e-08
-0.0925563 2.02639e-08
-0.0924664 2.04293e-08
-0.0923765 2.05452e-08
-0.0922866 2.06594e-08
-0.0921967 2.07245e-08
-0.0921068 2.08304e-08
-0.0920169 2.08792e-08
-0.091927 2.08936e-08
-0.0918371 2.09766e-08
-0.0917472 2.11254e-08
-0.0916572 2.12042e-08
-0.0915673 2.13358e-08
-0.0914774 2.13969e-08
-0.0913875 2.15494e-08
-0.0912976 2.17738e-08
-0.0912077 2.19583e-08
-0.0911178 2.21643e-08
-0.0910279 2.22873e-08
-0.090938 2.25001e-08
-0.0908481 2.26988e-08
-0.0907582 2.28131e-08
-0.0906683 2.30145e-08
-0.0905784 2.31965e-08
-0.0904885 2.34143e-08
-0.0903986 2.36006e-08
-0.0903087 2.36682e-08
-0.0902188 2.38084e-08
-0.0901289 2.39492e-08
-0.090039 2.41087e-08
-0.0899491 2.42905e-08
-0.0898592 2.44312e-08
-0.0897693 2.45849e-08
-0.0896794 2.47971e-08
-0.0895895 2.49475e-08
-0.0894995 2.51069e-08
-0.0894096 2.52757e-08
-0.0893197 2.54712e-08
-0.0892298 2.56469e-08
-0.0891399 2.58374e-08
-0.08905 2.6016e-08
-0.0889601 2.61812e-08
-0.0888702 2.64146e-08
-0.0887803 2.66204e-08
-0.0886904 2.68173e-08
-0.0886005 2.69308e-08
-0.0885106 2.71266e-08
-0.0884207 2.72231e-08
-0.0883308 2.73782e-08
-0.0882409 2.75332e-08
-0.088151 2.76327e-08
-0.0880611 2.77924e-08
-0.0879712 2.79155e-08
-0.0878813 2.80425e-08
-0.0877914 2.80853e-08
-0.0877015 2.81959e-08
-0.0876116 2.83177e-08
-0.0875217 2.84545e-08
-0.0874318 2.85403e-08
-0.0873418 2.8697e-08
-0.0872519 2.87446e-08
-0.087162 2.88753e-08
-0.0870721 2.89667e-08
-0.0869822 2.90559e-08
-0.0868923 2.91176e-08
-0.0868024 2.92146e-08
-0.0867125 2.93071e-08
-0.0866226 2.94292e-08
-0.0865327 2.95538e-08
-0.0864428 2.96605e-08
-0.0863529 2.98242e-08
-0.086263 2.9936e-08
-0.0861731 3.00238e-08
-0.0860832 3.01102e-08
-0.0859933 3.02387e-08
-0.0859034 3.03765e-08
-0.0858135 3.05325e-08
-0.0857236 3.06861e-08
-0.0856337 3.0809e-08
-0.0855438 3.09121e-08
-0.0854539 3.10261e-08
-0.085364 3.11424e-08
-0.0852741 3.12564e-08
-0.0851841 3.13672e-08
-0.0850942 3.15185e-08
-0.0850043 3.17043e-08
-0.0849144 3.18033e-08
-0.0848245 3.19258e-08
-0.0847346 3.20521e-08
-0.0846447 3.22213e-08
-0.0845548 3.23224e-08
-0.0844649 3.24152e-08
-0.084375 3.25209e-08
-0.0842851 3.26433e-08
-0.0841952 3.27198e-08
-0.0841053 3.28648e-08
-0.0840154 3.29393e-08
-0.0839255 3.30556e-08
-0.0838356 3.31852e-08
-0.0837457 3.32858e-08
-0.0836558 3.33742e-08
-0.0835659 3.34663e-08
-0.083476 3.35688e-08
-0.0833861 3.36374e-08
-0.0832962 3.37419e-08
-0.0832063 3.37989e-08
-0.0831164 3.38614e-08
-0.0830264 3.3942e-08
-0.0829365 3.40027e-08
-0.0828466 3.4065e-08
-0.0827567 3.41423e-08
-0.0826668 3.41976e-08
-0.0825769 3.42494e-08
-0.082487 3.42992e-08
-0.0823971 3.43387e-08
-0.0823072 3.44367e-08
-0.0822173 3.44658e-08
-0.0821274 3.45528e-08
-0.0820375 3.46567e-08
-0.0819476 3.4726e-08
-0.0818577 3.47719e-08
-0.0817678 3.48398e-08
-0.0816779 3.49276e-08
-0.081588 3.50135e-08
-0.0814981 3.5095e-08
-0.0814082 3.51604e-08
-0.0813183 3.52687e-08
-0.0812284 3.53411e-08
-0.0811385 3.54414e-08
-0.0810486 3.55556e-08
-0.0809587 3.56648e-08
-0.0808687 3.57815e-08
-0.0807788 3.58557e-08
-0.0806889 3.59098e-08
-0.080599 3.59997e-08
-0.0805091 3.61067e-08
-0.0804192 3.61915e-08
-0.0803293 3.62784e-08
-0.0802394 3.63633e-08
-0.0801495 3.6404e-08
-0.0800596 3.64829e-08
-0.0799697 3.65499e-08
-0.0798798 3.65992e-08
-0.0797899 3.66537e-08
-0.0797 3.67245e-08
-0.0796101 3.67676e-08
-0.0795202 3.6855e-08
-0.0794303 3.68906e-08
-0.0793404 3.69621e-08
-0.0792505 3.70156e-08
-0.0791606 3.70816e-08
-0.0790707 3.71585e-08
-0.0789808 3.72092e-08
-0.0788909 3.72781e-08
-0.078801 3.73552e-08
-0.078711 3.74111e-08
-0.0786211 3.74593e-08
-0.0785312 3.75078e-08
-0.0784413 3.75602e-08
-0.0783514 3.76251e-08
-0.0782615 3.7681e-08
-0.0781716 3.77253e-08
-0.0780817 3.78137e-08
-0.0779918 3.79015e-08
-0.0779019 3.7965e-08
-0.077812 3.80475e-08
-0.0777221 3.81115e-08
-0.0776322 3.82054e-08
-0.0775423 3.82816e-08
-0.0774524 3.83724e-08
-0.0773625 3.84405e-08
-0.0772726 3.8491e-08
-0.0771827 3.85496e-08
-0.0770928 3.86037e-08
-0.0770029 3.86594e-08
-0.076913 3.86772e-08
-0.0768231 3.87152e-08
-0.0767332 3.87601e-08
-0.0766433 3.87882e-08
-0.0765534 3.87916e-08
-0.0764634 3.88365e-08
-0.0763735 3.88421e-08
-0.0762836 3.88678e-08
-0.0761937 3.88799e-08
-0.0761038 3.89083e-08
-0.0760139 3.89199e-08
-0.075924 3.89465e-08
-0.0758341 3.89756e-08
-0.0757442 3.9006e-08
-0.0756543 3.90263e-08
-0.0755644 3.90638e-08
-0.0754745 3.91044e-08
-0.0753846 3.91305e-08
-0.0752947 3.91938e-08
-0.0752048 3.92128e-08
-0.0751149 3.92455e-08
-0.075025 3.92867e-08
-0.0749351 3.93074e-08
-0.0748452 3.93325e-08
-0.0747553 3.93747e-08
-0.0746654 3.94102e-08
-0.0745755 3.94207e-08
-0.0744856 3.94488e-08
-0.0743957 3.94765e-08
-0.0743057 3.94761e-08
-0.0742158 3.9487e-08
-0.0741259 3.95021e-08
-0.074036 3.94979e-08
-0.0739461 3.95098e-08
-0.0738562 3.9506e-08
-0.0737663 3.95102e-08
-0.0736764 3.95143e-08
-0.0735865 3.94978e-08
-0.0734966 3.94976e-08
-0.0734067 3.95024e-08
-0.0733168 3.95163e-08
-0.0732269 3.95238e-08
-0.073137 3.95393e-08
-0.0730471 3.95578e-08
-0.0729572 3.95729e-08
-0.0728673 3.95856e-08
-0.0727774 3.96235e-08
-0.0726875 3.96537e-08
-0.0725976 3.96902e-08
-0.0725077 3.97028e-08
-0.0724178 3.97498e-08
-0.0723279 3.97745e-08
-0.072238 3.98013e-08
-0.072148 3.98212e-08
-0.0720581 3.98473e-08
-0.0719682 3.98856e-08
-0.0718783 3.99423e-08
-0.0717884 3.99868e-08
-0.0716985 4.00143e-08
-0.0716086 4.00523e-08
-0.0715187 4.00903e-08
-0.0714288 4.0123e-08
-0.0713389 4.01371e-08
-0.071249 4.01748e-08
-0.0711591 4.02338e-08
-0.0710692 4.028e-08
-0.0709793 4.03548e-08
-0.0708894 4.04108e-08
-0.0707995 4.04508e-08
-0.0707096 4.04841e-08
-0.0706197 4.05263e-08
-0.0705298 4.05613e-08
-0.0704399 4.05977e-08
-0.07035 4.06372e-08
-0.0702601 4.06748e-08
-0.0701702 4.06977e-08
-0.0700803 4.07191e-08
-0.0699903 4.0741e-08
-0.0699004 4.07699e-08
-0.0698105 4.07663e-08
-0.0697206 4.07757e-08
-0.0696307 4.07919e-08
-0.0695408 4.08156e-08
-0.0694509 4.0819e-08
-0.069361 4.08291e-08
-0.0692711 4.08537e-08
-0.0691812 4.08597e-08
-0.0690913 4.08776e-08
-0.0690014 4.0911e-08
-0.0689115 4.0935e-08
-0.0688216 4.09703e-08
-0.0687317 4.10153e-08
-0.0686418 4.10215e-08
-0.0685519 4.10378e-08
-0.068462 4.1069e-08
-0.0683721 4.1124e-08
-0.0682822 4.11542e-08
-0.0681923 4.11819e-08
-0.0681024 4.12158e-08
-0.0680125 4.12399e-08
-0.0679226 4.12723e-08
-0.0678326 4.13089e-08
-0.0677427 4.13314e-08
-0.0676528 4.13531e-08
-0.0675629 4.13752e-08
-0.067473 4.14015e-08
-0.0673831 4.14262e-08
-0.0672932 4.14767e-08
-0.0672033 4.14943e-08
-0.0671134 4.15361e-08
-0.0670235 4.15626e-08
-0.0669336 4.15844e-08
-0.0668437 4.165e-08
-0.0667538 4.17026e-08
-0.0666639 4.17353e-08
-0.066574 4.17793e-08
-0.0664841 4.18084e-08
-0.0663942 4.18457e-08
-0.0663043 4.18691e-08
-0.0662144 4.18931e-08
-0.0661245 4.19092e-08
-0.0660346 4.19259e-08
-0.0659447 4.19247e-08
-0.0658548 4.19479e-08
-0.0657649 4.19667e-08
-0.0656749 4.19689e-08
-0.065585 4.19667e-08
-0.0654951 4.19705e-08
-0.0654052 4.19692e-08
-0.0653153 4.19415e-08
-0.0652254 4.1925e-08
-0.0651355 4.19135e-08
-0.0650456 4.18957e-08
-0.0649557 4.18806e-08
-0.0648658 4.18589e-08
-0.0647759 4.18343e-08
-0.064686 4.18108e-08
-0.0645961 4.17848e-08
-0.0645062 4.1751e-08
-0.0644163 4.17343e-08
-0.0643264 4.17184e-08
-0.0642365 4.16891e-08
-0.0641466 4.16583e-08
-0.0640567 4.16229e-08
-0.0639668 4.15767e-08
-0.0638769 4.15365e-08
-0.063787 4.14877e-08
-0.0636971 4.1435e-08
-0.0636072 4.1405e-08
-0.0635172 4.13697e-08
-0.0634273 4.13247e-08
-0.0633374 4.12788e-08
-0.0632475 4.1245e-08
-0.0631576 4.12116e-08
-0.0630677 4.11807e-08
-0.0629778 4.1148e-08
-0.0628879 4.11184e-08
-0.062798 4.10886e-08
-0.0627081 4.1054e-08
-0.0626182 4.10059e-08
-0.0625283 4.09828e-08
-0.0624384 4.09701e-08
-0.0623485 4.09367e-08
-0.0622586 4.08939e-08
-0.0621687 4.08631e-08
-0.0620788 4.08413e-08
-0.0619889 4.08197e-08
-0.061899 4.07988e-08
-0.0618091 4.07851e-08
-0.0617192 4.07625e-08
-0.0616293 4.07336e-08
-0.0615394 4.0712e-08
-0.0614495 4.06979e-08
-0.0613595 4.06915e-08
-0.0612696 4.06815e-08
-0.0611797 4.06814e-08
-0.0610898 4.06772e-08
-0.0609999 4.06886e-08
-0.06091 4.06725e-08
-0.0608201 4.06712e-08
-0.0607302 4.06803e-08
-0.0606403 4.06742e-08
-0.0605504 4.06672e-08
-0.0604605 4.06596e-08
-0.0603706 4.06632e-08
-0.0602807 4.06679e-08
-0.0601908 4.06596e-08
-0.0601009 4.06602e-08
-0.060011 4.06617e-08
-0.0599211 4.0665e-08
-0.0598312 4.06576e-08
-0.0597413 4.06651e-08
-0.0596514 4.06642e-08
-0.0595615 4.0649e-08
-0.0594716 4.06413e-08
-0.0593817 4.06333e-08
-0.0592918 4.06069e-08
-0.0592018 4.05972e-08
-0.0591119 4.05702e-08
-0.059022 4.05547e-08
-0.0589321 4.05293e-08
-0.0588422 4.05113e-08
-0.0587523 4.05095e-08
-0.0586624 4.04816e-08
-0.0585725 4.046e-08
-0.0584826 4.04386e-08
-0.0583927 4.04176e-08
-0.0583028 4.03897e-08
-0.0582129 4.03717e-08
-0.058123 4.03509e-08
-0.0580331 4.03397e-08
-0.0579432 4.0311e-08
-0.0578533 4.02821e-08
-0.0577634 4.02488e-08
-0.0576735 4.02337e-08
-0.0575836 4.02065e-08
-0.0574937 4.01606e-08
-0.0574038 4.01248e-08
-0.0573139 4.00857e-08
-0.057224 4.0078e-08
-0.0571341 4.00634e-08
-0.0570442 4.00397e-08
-0.0569542 4.00188e-08
-0.0568643 3.99862e-08
-0.0567744 3.99676e-08
-0.0566845 3.99634e-08
-0.0565946 3.99445e-08
-0.0565047 3.99389e-08
-0.0564148 3.99361e-08
-0.0563249 3.99266e-08
-0.056235 3.99113e-08
-0.0561451 3.98926e-08
-0.0560552 3.98834e-08
-0.0559653 3.98795e-08
-0.0558754 3.98722e-08
-0.0557855 3.98768e-08
-0.0556956 3.98729e-08
-0.0556057 3.98688e-08
-0.0555158 3.98677e-08
-0.0554259 3.98737e-08
-0.055336 3.98819e-08
-0.0552461 3.98816e-08
-0.0551562 3.98801e-08
-0.0550663 3.98682e-08
-0.0549764 3.98578e-08
-0.0548865 3.98507e-08
-0.0547965 3.98294e-08
-0.0547066 3.98205e-08
-0.0546167 3.98153e-08
-0.0545268 3.98123e-08
-0.0544369 3.98024e-08
-0.054347 3.97917e-08
-0.0542571 3.9782e-08
-0.0541672 3.97728e-08
-0.0540773 3.97553e-08
-0.0539874 3.97481e-08
-0.0538975 3.97288e-08
-0.0538076 3.97089e-08
-0.0537177 3.96873e-08
-0.0536278 3.96619e-08
-0.0535379 3.96547e-08
-0.053448 3.96285e-08
-0.0533581 3.9613e-08
-0.0532682 3.95877e-08
-0.0531783 3.95672e-08
-0.0530884 3.95426e-08
-0.0529985 3.9508e-08
-0.0529086 3.94794e-08
-0.0528187 3.9453e-08
-0.0527288 3.94254e-08
-0.0526388 3.93971e-08
-0.0525489 3.93656e-08
-0.052459 3.9329e-08
-0.0523691 3.92931e-08
-0.0522792 3.92683e-08
-0.0521893 3.92459e-08
-0.0520994 3.921e-08
-0.0520095 3.91821e-08
-0.0519196 3.91473e-08
-0.0518297 3.91095e-08
-0.0517398 3.90652e-08
-0.0516499 3.90204e-08
-0.05156 3.89831e-08
-0.0514701 3.89469e-08
-0.0513802 3.89188e-08
-0.0512903 3.88812e-08
-0.0512004 3.88413e-08
-0.0511105 3.88017e-08
-0.0510206 3.87688e-08
-0.0509307 3.87359e-08
-0.0508408 3.87035e-08
-0.0507509 3.86646e-08
-0.050661 3.86237e-08
-0.0505711 3.85821e-08
-0.0504811 3.8547e-08
-0.0503912 3.85113e-08
-0.0503013 3.84713e-08
-0.0502114 3.8427e-08
-0.0501215 3.83777e-08
-0.0500316 3.83358e-08
-0.0499417 3.83035e-08
-0.0498518 3.82597e-08
-0.0497619 3.8218e-08
-0.049672 3.81748e-08
-0.0495821 3.81292e-08
-0.0494922 3.80888e-08
-0.0494023 3.80536e-08
-0.0493124 3.80093e-08
-0.0492225 3.79645e-08
-0.0491326 3.79188e-08
-0.0490427 3.78765e-08
-0.0489528 3.78276e-08
-0.0488629 3.77875e-08
-0.048773 3.77344e-08
-0.0486831 3.76919e-08
-0.0485932 3.76403e-08
-0.0485033 3.75934e-08
-0.0484134 3.75519e-08
-0.0483234 3.75043e-08
-0.0482335 3.74558e-08
-0.0481436 3.74109e-08
-0.0480537 3.73709e-08
-0.0479638 3.73264e-08
-0.0478739 3.72769e-08
-0.047784 3.72357e-08
-0.0476941 3.71786e-08
-0.0476042 3.71396e-08
-0.0475143 3.70891e-08
-0.0474244 3.70437e-08
-0.0473345 3.7e-08
-0.0472446 3.69549e-08
-0.0471547 3.69068e-08
-0.0470648 3.68448e-08
-0.0469749 3.67917e-08
-0.046885 3.67383e-08
-0.0467951 3.66865e-08
-0.0467052 3.66363e-08
-0.0466153 3.65831e-08
-0.0465254 3.65368e-08
-0.0464355 3.64774e-08
-0.0463456 3.64291e-08
-0.0462557 3.63811e-08
-0.0461657 3.6328e-08
-0.0460758 3.62662e-08
-0.0459859 3.62038e-08
-0.045896 3.61442e-08
-0.0458061 3.60845e-08
-0.0457162 3.60269e-08
-0.0456263 3.59665e-08
-0.0455364 3.59094e-08
-0.0454465 3.58438e-08
-0.0453566 3.57914e-08
-0.0452667 3.57445e-08
-0.0451768 3.56923e-08
-0.0450869 3.5635e-08
-0.044997 3.55756e-08
-0.0449071 3.55161e-08
-0.0448172 3.54593e-08
-0.0447273 3.54097e-08
-0.0446374 3.536e-08
-0.0445475 3.53102e-08
-0.0444576 3.526e-08
-0.0443677 3.52114e-08
-0.0442778 3.51646e-08
-0.0441879 3.51094e-08
-0.044098 3.50572e-08
-0.044008 3.50063e-08
-0.0439181 3.49467e-08
-0.0438282 3.48955e-08
-0.0437383 3.48486e-08
-0.0436484 3.47966e-08
-0.0435585 3.47427e-08
-0.0434686 3.46892e-08
-0.0433787 3.4631e-08
-0.0432888 3.45753e-08
-0.0431989 3.45096e-08
-0.043109 3.44551e-08
-0.0430191 3.43969e-08
-0.0429292 3.43349e-08
-0.0428393 3.42732e-08
-0.0427494 3.42103e-08
-0.0426595 3.41633e-08
-0.0425696 3.41027e-08
-0.0424797 3.40387e-08
-0.0423898 3.39796e-08
-0.0422999 3.39162e-08
-0.04221 3.3855e-08
-0.0421201 3.37941e-08
-0.0420302 3.3728e-08
-0.0419403 3.36562e-08
-0.0418503 3.35947e-08
-0.0417604 3.35283e-08
-0.0416705 3.34635e-08
-0.0415806 3.34023e-08
-0.0414907 3.33411e-08
-0.0414008 3.32847e-08
-0.0413109 3.32231e-08
-0.041221 3.3165e-08
-0.0411311 3.31056e-08
-0.0410412 3.30455e-08
-0.0409513 3.29848e-08
-0.0408614 3.29209e-08
-0.0407715 3.28558e-08
-0.0406816 3.27933e-08
-0.0405917 3.2729e-08
-0.0405018 3.26633e-08
-0.0404119 3.25956e-08
-0.040322 3.25313e-08
-0.0402321 3.24623e-08
-0.0401422 3.24042e-08
-0.0400523 3.23335e-08
-0.0399624 3.22746e-08
-0.0398725 3.22069e-08
-0.0397826 3.2136e-08
-0.0396927 3.20694e-08
-0.0396027 3.20047e-08
-0.0395128 3.19353e-08
-0.0394229 3.1863e-08
-0.039333 3.17855e-08
-0.0392431 3.17133e-08
-0.0391532 3.1644e-08
-0.0390633 3.15776e-08
-0.0389734 3.15119e-08
-0.0388835 3.14475e-08
-0.0387936 3.13751e-08
-0.0387037 3.13099e-08
-0.0386138 3.12437e-08
-0.0385239 3.11713e-08
-0.038434 3.10989e-08
-0.0383441 3.10285e-08
-0.0382542 3.09564e-08
-0.0381643 3.0892e-08
-0.0380744 3.0832e-08
-0.0379845 3.07617e-08
-0.0378946 3.06929e-08
-0.0378047 3.0628e-08
-0.0377148 3.05604e-08
-0.0376249 3.04934e-08
-0.037535 3.04237e-08
-0.037445 3.03526e-08
-0.0373551 3.02858e-08
-0.0372652 3.02189e-08
-0.0371753 3.01455e-08
-0.0370854 3.00756e-08
-0.0369955 3.00034e-08
-0.0369056 2.99336e-08
-0.0368157 2.98677e-08
-0.0367258 2.98056e-08
-0.0366359 2.97422e-08
-0.036546 2.96725e-08
-0.0364561 2.96014e-08
-0.0363662 2.95314e-08
-0.0362763 2.94556e-08
-0.0361864 2.93872e-08
-0.0360965 2.93151e-08
-0.0360066 2.9238e-08
-0.0359167 2.9169e-08
-0.0358268 2.91022e-08
-0.0357369 2.90365e-08
-0.035647 2.89689e-08
-0.0355571 2.89028e-08
-0.0354672 2.88352e-08
-0.0353773 2.87696e-08
-0.0352873 2.86963e-08
-0.0351974 2.86201e-08
-0.0351075 2.85598e-08
-0.0350176 2.84863e-08
-0.0349277 2.84187e-08
-0.0348378 2.8352e-08
-0.0347479 2.82837e-08
-0.034658 2.82166e-08
-0.0345681 2.8138e-08
-0.0344782 2.80715e-08
-0.0343883 2.80069e-08
-0.0342984 2.79467e-08
-0.0342085 2.78827e-08
-0.0341186 2.78177e-08
-0.0340287 2.77487e-08
-0.0339388 2.76777e-08
-0.0338489 2.76044e-08
-0.033759 2.75337e-08
-0.0336691 2.74701e-08
-0.0335792 2.73959e-08
-0.0334893 2.73159e-08
-0.0333994 2.72453e-08
-0.0333095 2.71711e-08
-0.0332196 2.71065e-08
-0.0331296 2.70394e-08
-0.0330397 2.69707e-08
-0.0329498 2.68943e-08
-0.0328599 2.6819e-08
-0.03277 2.67385e-08
-0.0326801 2.66701e-08
-0.0325902 2.66039e-08
-0.0325003 2.65268e-08
-0.0324104 2.6453e-08
-0.0323205 2.6384e-08
-0.0322306 2.63055e-08
-0.0321407 2.62327e-08
-0.0320508 2.61633e-08
-0.0319609 2.60843e-08
-0.031871 2.60014e-08
-0.0317811 2.59231e-08
-0.0316912 2.58462e-08
-0.0316013 2.57721e-08
-0.0315114 2.56919e-08
-0.0314215 2.56173e-08
-0.0313316 2.55468e-08
-0.0312417 2.54748e-08
-0.0311518 2.53937e-08
-0.0310619 2.53247e-08
-0.0309719 2.52506e-08
-0.030882 2.51679e-08
-0.0307921 2.50937e-08
-0.0307022 2.50136e-08
-0.0306123 2.49393e-08
-0.0305224 2.48557e-08
-0.0304325 2.47713e-08
-0.0303426 2.4688e-08
-0.0302527 2.46074e-08
-0.0301628 2.4526e-08
-0.0300729 2.44491e-08
-0.029983 2.43737e-08
-0.0298931 2.42936e-08
-0.0298032 2.42156e-08
-0.0297133 2.41379e-08
-0.0296234 2.40539e-08
-0.0295335 2.39676e-08
-0.0294436 2.3881e-08
-0.0293537 2.37892e-08
-0.0292638 2.36986e-08
-0.0291739 2.36161e-08
-0.029084 2.35331e-08
-0.0289941 2.34436e-08
-0.0289042 2.33569e-08
-0.0288142 2.32672e-08
-0.0287243 2.31835e-08
-0.0286344 2.30943e-08
-0.0285445 2.30029e-08
-0.0284546 2.29139e-08
-0.0283647 2.2818e-08
-0.0282748 2.27201e-08
-0.0281849 2.26283e-08
-0.028095 2.25343e-08
-0.0280051 2.24403e-08
-0.0279152 2.2348e-08
-0.0278253 2.22545e-08
-0.0277354 2.21577e-08
-0.0276455 2.20744e-08
-0.0275556 2.19807e-08
-0.0274657 2.18863e-08
-0.0273758 2.17924e-08
-0.0272859 2.16971e-08
-0.027196 2.16014e-08
-0.0271061 2.15095e-08
-0.0270162 2.14157e-08
-0.0269263 2.13232e-08
-0.0268364 2.1236e-08
-0.0267465 2.11432e-08
-0.0266565 2.10529e-08
-0.0265666 2.09692e-08
-0.0264767 2.08735e-08
-0.0263868 2.07804e-08
-0.0262969 2.06923e-08
-0.026207 2.06049e-08
-0.0261171 2.0512e-08
-0.0260272 2.04258e-08
-0.0259373 2.03393e-08
-0.0258474 2.02553e-08
-0.0257575 2.0176e-08
-0.0256676 2.00832e-08
-0.0255777 2.00034e-08
-0.0254878 1.99207e-08
-0.0253979 1.98374e-08
-0.025308 1.97536e-08
-0.0252181 1.96734e-08
-0.0251282 1.95918e-08
-0.0250383 1.95039e-08
-0.0249484 1.94219e-08
-0.0248585 1.93349e-08
-0.0247686 1.92574e-08
-0.0246787 1.9176e-08
-0.0245888 1.909e-08
-0.0244988 1.90118e-08
-0.0244089 1.89396e-08
-0.024319 1.88637e-08
-0.0242291 1.87854e-08
-0.0241392 1.87092e-08
-0.0240493 1.8639e-08
-0.0239594 1.85667e-08
-0.0238695 1.84908e-08
-0.0237796 1.8412e-08
-0.0236897 1.83362e-08
-0.0235998 1.82583e-08
-0.0235099 1.81787e-08
-0.02342 1.81077e-08
-0.0233301 1.80348e-08
-0.0232402 1.79634e-08
-0.0231503 1.78915e-08
-0.0230604 1.78243e-08
-0.0229705 1.77658e-08
-0.0228806 1.76985e-08
-0.0227907 1.76293e-08
-0.0227008 1.75683e-08
-0.0226109 1.75048e-08
-0.022521 1.74417e-08
-0.0224311 1.73779e-08
-0.0223411 1.73177e-08
-0.0222512 1.72539e-08
-0.0221613 1.7191e-08
-0.0220714 1.71261e-08
-0.0219815 1.70711e-08
-0.0218916 1.70091e-08
-0.0218017 1.6953e-08
-0.0217118 1.68925e-08
-0.0216219 1.68385e-08
-0.021532 1.67815e-08
-0.0214421 1.67282e-08
-0.0213522 1.66747e-08
-0.0212623 1.66143e-08
-0.0211724 1.65552e-08
-0.0210825 1.64967e-08
-0.0209926 1.64397e-08
-0.0209027 1.63882e-08
-0.0208128 1.6329e-08
-0.0207229 1.62751e-08
-0.020633 1.62123e-08
-0.0205431 1.6153e-08
-0.0204532 1.60948e-08
-0.0203633 1.60419e-08
-0.0202734 1.59851e-08
-0.0201835 1.59286e-08
-0.0200935 1.58716e-08
-0.0200036 1.58151e-08
-0.0199137 1.57561e-08
-0.0198238 1.56961e-08
-0.0197339 1.56366e-08
-0.019644 1.5575e-08
-0.0195541 1.55087e-08
-0.0194642 1.54393e-08
-0.0193743 1.53791e-08
-0.0192844 1.53168e-08
-0.0191945 1.52532e-08
-0.0191046 1.51935e-08
-0.0190147 1.51299e-08
-0.0189248 1.50649e-08
-0.0188349 1.4997e-08
-0.018745 1.49263e-08
-0.0186551 1.48598e-08
-0.0185652 1.47925e-08
-0.0184753 1.47183e-08
-0.0183854 1.46456e-08
-0.0182955 1.45704e-08
-0.0182056 1.44978e-08
-0.0181157 1.44271e-08
-0.0180258 1.43568e-08
-0.0179358 1.42865e-08
-0.0178459 1.42123e-08
-0.017756 1.41429e-08
-0.0176661 1.407e-08
-0.0175762 1.39947e-08
-0.0174863 1.39189e-08
-0.0173964 1.38439e-08
-0.0173065 1.377e-08
-0.0172166 1.36882e-08
-0.0171267 1.36167e-08
-0.0170368 1.35471e-08
-0.0169469 1.34706e-08
-0.016857 1.34002e-08
-0.0167671 1.33255e-08
-0.0166772 1.32531e-08
-0.0165873 1.3177e-08
-0.0164974 1.31012e-08
-0.0164075 1.3024e-08
-0.0163176 1.29464e-08
-0.0162277 1.28699e-08
-0.0161378 1.27928e-08
-0.0160479 1.27198e-08
-0.015958 1.26418e-08
-0.0158681 1.25638e-08
-0.0157781 1.24927e-08
-0.0156882 1.24197e-08
-0.0155983 1.23442e-08
-0.0155084 1.22655e-08
-0.0154185 1.21879e-08
-0.0153286 1.21136e-08
-0.0152387 1.20328e-08
-0.0151488 1.1957e-08
-0.0150589 1.18799e-08
-0.014969 1.18011e-08
-0.0148791 1.17223e-08
-0.0147892 1.16426e-08
-0.0146993 1.15691e-08
-0.0146094 1.14969e-08
-0.0145195 1.14296e-08
-0.0144296 1.1355e-08
-0.0143397 1.12826e-08
-0.0142498 1.1214e-08
-0.0141599 1.11369e-08
-0.01407 1.10688e-08
-0.0139801 1.09944e-08
-0.0138902 1.09144e-08
-0.0138003 1.08345e-08
-0.0137104 1.07613e-08
-0.0136204 1.06871e-08
-0.0135305 1.06153e-08
-0.0134406 1.05514e-08
-0.0133507 1.04758e-08
-0.0132608 1.04115e-08
-0.0131709 1.03468e-08
-0.013081 1.02821e-08
-0.0129911 1.02185e-08
-0.0129012 1.01497e-08
-0.0128113 1.00812e-08
-0.0127214 1.00114e-08
-0.0126315 9.94715e-09
-0.0125416 9.87614e-09
-0.0124517 9.80498e-09
-0.0123618 9.74072e-09
-0.0122719 9.67513e-09
-0.012182 9.61016e-09
-0.0120921 9.55073e-09
-0.0120022 9.49022e-09
-0.0119123 9.42343e-09
-0.0118224 9.35539e-09
-0.0117325 9.29449e-09
-0.0116426 9.22875e-09
-0.0115527 9.17193e-09
-0.0114627 9.10518e-09
-0.0113728 9.03812e-09
-0.0112829 8.9743e-09
-0.011193 8.90711e-09
-0.0111031 8.84646e-09
-0.0110132 8.78554e-09
-0.0109233 8.72233e-09
-0.0108334 8.65407e-09
-0.0107435 8.59275e-09
-0.0106536 8.53373e-09
-0.0105637 8.46652e-09
-0.0104738 8.40885e-09
-0.0103839 8.34186e-09
-0.010294 8.27942e-09
-0.0102041 8.21278e-09
-0.0101142 8.15042e-09
-0.0100243 8.092e-09
-0.00993438 8.02733e-09
-0.00984447 7.96444e-09
-0.00975457 7.89656e-09
-0.00966466 7.83195e-09
-0.00957476 7.77109e-09
-0.00948486 7.70622e-09
-0.00939495 7.64063e-09
-0.00930505 7.57857e-09
-0.00921514 7.51127e-09
-0.00912524 7.44225e-09
-0.00903534 7.3807e-09
-0.00894543 7.31935e-09
-0.00885553 7.25312e-09
-0.00876562 7.19065e-09
-0.00867572 7.11888e-09
-0.00858582 7.05094e-09
-0.00849591 6.9905e-09
-0.00840601 6.92298e-09
-0.0083161 6.8555e-09
-0.0082262 6.79475e-09
-0.00813629 6.72536e-09
-0.00804639 6.6579e-09
-0.00795649 6.58761e-09
-0.00786658 6.52164e-09
-0.00777668 6.45119e-09
-0.00768677 6.38442e-09
-0.00759687 6.31135e-09
-0.00750697 6.24276e-09
-0.00741706 6.17804e-09
-0.00732716 6.10602e-09
-0.00723725 6.03699e-09
-0.00714735 5.97149e-09
-0.00705744 5.90623e-09
-0.00696754 5.83504e-09
-0.00687764 5.76042e-09
-0.00678773 5.69591e-09
-0.00669783 5.62308e-09
-0.00660792 5.55546e-09
-0.00651802 5.47898e-09
-0.00642812 5.40858e-09
-0.00633821 5.33731e-09
-0.00624831 5.26496e-09
-0.0061584 5.19331e-09
-0.0060685 5.12073e-09
-0.00597859 5.05214e-09
-0.00588869 4.98303e-09
-0.00579879 4.90897e-09
-0.00570888 4.84449e-09
-0.00561898 4.77245e-09
-0.00552907 4.70052e-09
-0.00543917 4.62691e-09
-0.00534927 4.55367e-09
-0.00525936 4.48076e-09
-0.00516946 4.41085e-09
-0.00507955 4.33681e-09
-0.00498965 4.26072e-09
-0.00489975 4.19355e-09
-0.00480984 4.12371e-09
-0.00471994 4.04577e-09
-0.00463003 3.98008e-09
-0.00454013 3.90604e-09
-0.00445022 3.83308e-09
-0.00436032 3.76222e-09
-0.00427042 3.68697e-09
-0.00418051 3.61641e-09
-0.00409061 3.54509e-09
-0.0040007 3.46788e-09
-0.0039108 3.3926e-09
-0.0038209 3.31814e-09
-0.00373099 3.24152e-09
-0.00364109 3.16667e-09
-0.00355118 3.09667e-09
-0.00346128 3.02383e-09
-0.00337137 2.95397e-09
-0.00328147 2.87985e-09
-0.00319157 2.80254e-09
-0.00310166 2.73126e-09
-0.00301176 2.65408e-09
-0.00292185 2.57796e-09
-0.00283195 2.50255e-09
-0.00274205 2.42034e-09
-0.00265214 2.34428e-09
-0.00256224 2.27262e-09
-0.00247233 2.20124e-09
-0.00238243 2.13097e-09
-0.00229252 2.05779e-09
-0.00220262 1.97909e-09
-0.00211272 1.90062e-09
-0.00202281 1.82387e-09
-0.00193291 1.75e-09
-0.001843 1.67289e-09
-0.0017531 1.58946e-09
-0.0016632 1.51188e-09
-0.00157329 1.43375e-09
-0.00148339 1.36138e-09
-0.00139348 1.28684e-09
-0.00130358 1.21668e-09
-0.00121368 1.13866e-09
-0.00112377 1.05894e-09
-0.00103387 9.76277e-10
-0.000943963 8.98853e-10
-0.000854059 8.24018e-10
-0.000764154 7.39489e-10
-0.00067425 6.57148e-10
-0.000584346 5.76313e-10
-0.000494442 4.93668e-10
-0.000404538 4.15711e-10
-0.000314634 3.36215e-10
-0.00022473 2.52364e-10
-0.000134825 1.69857e-10
-4.49212e-05 8.82548e-11
4.49829e-05 0
0.000134887 -8.15819e-11
0.000224791 -1.69934e-10
0.000314695 -2.58282e-10
0.0004046 -3.42862e-10
0.000494504 -4.3184e-10
0.000584408 -5.18425e-10
0.000674312 -5.99769e-10
0.000764216 -6.89887e-10
0.00085412 -7.77762e-10
0.000944024 -8.59813e-10
0.00103393 -9.48541e-10
0.00112383 -1.04038e-09
0.00121374 -1.13046e-09
0.00130364 -1.22162e-09
0.00139355 -1.30462e-09
0.00148345 -1.39193e-09
0.00157335 -1.48278e-09
0.00166326 -1.56805e-09
0.00175316 -1.65387e-09
0.00184307 -1.74697e-09
0.00193297 -1.83042e-09
0.00202287 -1.91632e-09
0.00211278 -2.00465e-09
0.00220268 -2.09346e-09
0.00229259 -2.18211e-09
0.00238249 -2.26739e-09
0.00247239 -2.35108e-09
0.0025623 -2.43708e-09
0.0026522 -2.52658e-09
0.00274211 -2.61001e-09
0.00283201 -2.70021e-09
0.00292192 -2.78559e-09
0.00301182 -2.86939e-09
0.00310172 -2.95731e-09
0.00319163 -3.03776e-09
0.00328153 -3.12327e-09
0.00337144 -3.20832e-09
0.00346134 -3.29022e-09
0.00355124 -3.37818e-09
0.00364115 -3.46549e-09
0.00373105 -3.55755e-09
0.00382096 -3.64427e-09
0.00391086 -3.73246e-09
0.00400077 -3.82052e-09
0.00409067 -3.91051e-09
0.00418057 -3.99759e-09
0.00427048 -4.08015e-09
0.00436038 -4.17118e-09
0.00445029 -4.25725e-09
0.00454019 -4.3424e-09
0.00463009 -4.4354e-09
0.00472 -4.5245e-09
0.0048099 -4.62382e-09
0.00489981 -4.71512e-09
0.00498971 -4.80725e-09
0.00507962 -4.9032e-09
0.00516952 -5.00018e-09
0.00525942 -5.09271e-09
0.00534933 -5.18845e-09
0.00543923 -5.2884e-09
0.00552914 -5.38349e-09
0.00561904 -5.47227e-09
0.00570894 -5.56919e-09
0.00579885 -5.66322e-09
0.00588875 -5.76586e-09
0.00597866 -5.86562e-09
0.00606856 -5.95931e-09
0.00615846 -6.05814e-09
0.00624837 -6.15846e-09
0.00633827 -6.2609e-09
0.00642818 -6.36016e-09
0.00651808 -6.46008e-09
0.00660799 -6.56024e-09
0.00669789 -6.64995e-09
0.00678779 -6.75207e-09
0.0068777 -6.84991e-09
0.0069676 -6.957e-09
0.00705751 -7.05461e-09
0.00714741 -7.15001e-09
0.00723731 -7.24706e-09
0.00732722 -7.34247e-09
0.00741712 -7.44629e-09
0.00750703 -7.53579e-09
0.00759693 -7.63255e-09
0.00768684 -7.7317e-09
0.00777674 -7.82361e-09
0.00786664 -7.92225e-09
0.00795655 -8.0248e-09
0.00804645 -8.12434e-09
0.00813636 -8.21571e-09
0.00822626 -8.31392e-09
0.00831616 -8.40269e-09
0.00840607 -8.49214e-09
0.00849597 -8.58811e-09
0.00858588 -8.67522e-09
0.00867578 -8.76551e-09
0.00876569 -8.85673e-09
0.00885559 -8.94885e-09
0.00894549 -9.04623e-09
0.0090354 -9.14346e-09
0.0091253 -9.23576e-09
0.00921521 -9.33188e-09
0.00930511 -9.42801e-09
0.00939501 -9.51823e-09
0.00948492 -9.60398e-09
0.00957482 -9.69634e-09
0.00966473 -9.78326e-09
0.00975463 -9.86798e-09
0.00984453 -9.95731e-09
0.00993444 -1.00533e-08
0.0100243 -1.01415e-08
0.0101142 -1.02321e-08
0.0102042 -1.03238e-08
0.0102941 -1.04091e-08
0.010384 -1.05063e-08
0.0104739 -1.05977e-08
0.0105638 -1.06845e-08
0.0106537 -1.07766e-08
0.0107436 -1.08605e-08
0.0108335 -1.09435e-08
0.0109234 -1.10349e-08
0.0110133 -1.11258e-08
0.0111032 -1.12042e-08
0.0111931 -1.12968e-08
0.011283 -1.13842e-08
0.0113729 -1.147e-08
0.0114628 -1.15636e-08
0.0115527 -1.16547e-08
0.0116426 -1.17461e-08
0.0117325 -1.18278e-08
0.0118224 -1.19137e-08
0.0119123 -1.20025e-08
0.0120022 -1.20848e-08
0.0120921 -1.2169e-08
0.012182 -1.22501e-08
0.0122719 -1.23352e-08
0.0123619 -1.24151e-08
0.0124518 -1.24927e-08
0.0125417 -1.25791e-08
0.0126316 -1.2666e-08
0.0127215 -1.27493e-08
0.0128114 -1.28264e-08
0.0129013 -1.29058e-08
0.0129912 -1.29872e-08
0.0130811 -1.30607e-08
0.013171 -1.31439e-08
0.0132609 -1.32183e-08
0.0133508 -1.32895e-08
0.0134407 -1.33685e-08
0.0135306 -1.34429e-08
0.0136205 -1.35211e-08
0.0137104 -1.35943e-08
0.0138003 -1.36718e-08
0.0138902 -1.37484e-08
0.0139801 -1.38308e-08
0.01407 -1.39086e-08
0.0141599 -1.39782e-08
0.0142498 -1.40518e-08
0.0143397 -1.41187e-08
0.0144296 -1.41877e-08
0.0145196 -1.42564e-08
0.0146095 -1.43304e-08
0.0146994 -1.43996e-08
0.0147893 -1.44705e-08
0.0148792 -1.45443e-08
0.0149691 -1.46247e-08
0.015059 -1.46997e-08
0.0151489 -1.47746e-08
0.0152388 -1.48405e-08
0.0153287 -1.49091e-08
0.0154186 -1.49758e-08
0.0155085 -1.50466e-08
0.0155984 -1.51165e-08
0.0156883 -1.51816e-08
0.0157782 -1.52515e-08
0.0158681 -1.53221e-08
0.015958 -1.53963e-08
0.0160479 -1.54731e-08
0.0161378 -1.55467e-08
0.0162277 -1.56258e-08
0.0163176 -1.56996e-08
0.0164075 -1.57751e-08
0.0164974 -1.58468e-08
0.0165873 -1.59289e-08
0.0166773 -1.6004e-08
0.0167672 -1.60747e-08
0.0168571 -1.61526e-08
0.016947 -1.62305e-08
0.0170369 -1.63028e-08
0.0171268 -1.63772e-08
0.0172167 -1.64583e-08
0.0173066 -1.65422e-08
0.0173965 -1.66254e-08
0.0174864 -1.67073e-08
0.0175763 -1.67865e-08
0.0176662 -1.68699e-08
0.0177561 -1.69524e-08
0.017846 -1.70395e-08
0.0179359 -1.71194e-08
0.0180258 -1.72007e-08
0.0181157 -1.72772e-08
0.0182056 -1.73527e-08
0.0182955 -1.74339e-08
0.0183854 -1.75162e-08
0.0184753 -1.76014e-08
0.0185652 -1.76858e-08
0.0186551 -1.77707e-08
0.018745 -1.78498e-08
0.0188349 -1.79298e-08
0.0189249 -1.80137e-08
0.0190148 -1.80867e-08
0.0191047 -1.81668e-08
0.0191946 -1.82485e-08
0.0192845 -1.83308e-08
0.0193744 -1.84079e-08
0.0194643 -1.84897e-08
0.0195542 -1.85694e-08
0.0196441 -1.86556e-08
0.019734 -1.87294e-08
0.0198239 -1.88044e-08
0.0199138 -1.88841e-08
0.0200037 -1.8958e-08
0.0200936 -1.90334e-08
0.0201835 -1.911e-08
0.0202734 -1.91873e-08
0.0203633 -1.9265e-08
0.0204532 -1.93354e-08
0.0205431 -1.94079e-08
0.020633 -1.94861e-08
0.0207229 -1.9557e-08
0.0208128 -1.9633e-08
0.0209027 -1.97073e-08
0.0209926 -1.97832e-08
0.0210826 -1.98552e-08
0.0211725 -1.99265e-08
0.0212624 -1.99952e-08
0.0213523 -2.00671e-08
0.0214422 -2.01386e-08
0.0215321 -2.01956e-08
0.021622 -2.02622e-08
0.0217119 -2.0336e-08
0.0218018 -2.03989e-08
0.0218917 -2.04731e-08
0.0219816 -2.05345e-08
0.0220715 -2.06051e-08
0.0221614 -2.0672e-08
0.0222513 -2.07388e-08
0.0223412 -2.07979e-08
0.0224311 -2.08653e-08
0.022521 -2.0928e-08
0.0226109 -2.09834e-08
0.0227008 -2.10507e-08
0.0227907 -2.11169e-08
0.0228806 -2.11769e-08
0.0229705 -2.12404e-08
0.0230604 -2.12988e-08
0.0231503 -2.13588e-08
0.0232403 -2.14205e-08
0.0233302 -2.14775e-08
0.0234201 -2.15302e-08
0.02351 -2.15921e-08
0.0235999 -2.16406e-08
0.0236898 -2.16952e-08
0.0237797 -2.17527e-08
0.0238696 -2.18084e-08
0.0239595 -2.18634e-08
0.0240494 -2.19188e-08
0.0241393 -2.19715e-08
0.0242292 -2.2022e-08
0.0243191 -2.20775e-08
0.024409 -2.21289e-08
0.0244989 -2.21844e-08
0.0245888 -2.22395e-08
0.0246787 -2.2292e-08
0.0247686 -2.23448e-08
0.0248585 -2.24021e-08
0.0249484 -2.24537e-08
0.0250383 -2.25052e-08
0.0251282 -2.25508e-08
0.0252181 -2.25943e-08
0.025308 -2.26457e-08
0.025398 -2.26979e-08
0.0254879 -2.27514e-08
0.0255778 -2.2799e-08
0.0256677 -2.2856e-08
0.0257576 -2.29047e-08
0.0258475 -2.29586e-08
0.0259374 -2.30135e-08
0.0260273 -2.30683e-08
0.0261172 -2.31194e-08
0.0262071 -2.31608e-08
0.026297 -2.32047e-08
0.0263869 -2.3251e-08
0.0264768 -2.32977e-08
0.0265667 -2.33436e-08
0.0266566 -2.33899e-08
0.0267465 -2.34352e-08
0.0268364 -2.34751e-08
0.0269263 -2.35197e-08
0.0270162 -2.35574e-08
0.0271061 -2.35977e-08
0.027196 -2.36385e-08
0.0272859 -2.3677e-08
0.0273758 -2.37093e-08
0.0274657 -2.37465e-08
0.0275557 -2.37863e-08
0.0276456 -2.382e-08
0.0277355 -2.38594e-08
0.0278254 -2.38888e-08
0.0279153 -2.39248e-08
0.0280052 -2.39607e-08
0.0280951 -2.39881e-08
0.028185 -2.40236e-08
0.0282749 -2.40579e-08
0.0283648 -2.40884e-08
0.0284547 -2.41195e-08
0.0285446 -2.41599e-08
0.0286345 -2.41886e-08
0.0287244 -2.42192e-08
0.0288143 -2.42505e-08
0.0289042 -2.42821e-08
0.0289941 -2.43231e-08
0.029084 -2.43579e-08
0.0291739 -2.4393e-08
0.0292638 -2.44332e-08
0.0293537 -2.44675e-08
0.0294436 -2.44995e-08
0.0295335 -2.45467e-08
0.0296234 -2.4585e-08
0.0297134 -2.46187e-08
0.0298033 -2.46579e-08
0.0298932 -2.46939e-08
0.0299831 -2.47409e-08
0.030073 -2.47852e-08
0.0301629 -2.4831e-08
0.0302528 -2.48681e-08
0.0303427 -2.49104e-08
0.0304326 -2.49445e-08
0.0305225 -2.49868e-08
0.0306124 -2.50328e-08
0.0307023 -2.50782e-08
0.0307922 -2.51216e-08
0.0308821 -2.51639e-08
0.030972 -2.52092e-08
0.0310619 -2.52576e-08
0.0311518 -2.53029e-08
0.0312417 -2.535e-08
0.0313316 -2.54009e-08
0.0314215 -2.54538e-08
0.0315114 -2.54998e-08
0.0316013 -2.55472e-08
0.0316912 -2.55929e-08
0.0317811 -2.56409e-08
0.0318711 -2.56855e-08
0.031961 -2.57231e-08
0.0320509 -2.57751e-08
0.0321408 -2.58164e-08
0.0322307 -2.58585e-08
0.0323206 -2.59015e-08
0.0324105 -2.59502e-08
0.0325004 -2.59989e-08
0.0325903 -2.60494e-08
0.0326802 -2.61023e-08
0.0327701 -2.61497e-08
0.03286 -2.61927e-08
0.0329499 -2.62349e-08
0.0330398 -2.62774e-08
0.0331297 -2.63236e-08
0.0332196 -2.63672e-08
0.0333095 -2.64145e-08
0.0333994 -2.64513e-08
0.0334893 -2.64901e-08
0.0335792 -2.65276e-08
0.0336691 -2.65679e-08
0.033759 -2.66043e-08
0.0338489 -2.66412e-08
0.0339388 -2.66757e-08
0.0340288 -2.67106e-08
0.0341187 -2.67386e-08
0.0342086 -2.67711e-08
0.0342985 -2.68069e-08
0.0343884 -2.68375e-08
0.0344783 -2.68695e-08
0.0345682 -2.68973e-08
0.0346581 -2.69158e-08
0.034748 -2.69458e-08
0.0348379 -2.6972e-08
0.0349278 -2.69998e-08
0.0350177 -2.70305e-08
0.0351076 -2.70549e-08
0.0351975 -2.70787e-08
0.0352874 -2.70941e-08
0.0353773 -2.71175e-08
0.0354672 -2.71409e-08
0.0355571 -2.71661e-08
0.035647 -2.71914e-08
0.0357369 -2.72163e-08
0.0358268 -2.72532e-08
0.0359167 -2.72857e-08
0.0360066 -2.73201e-08
0.0360965 -2.73486e-08
0.0361865 -2.7379e-08
0.0362764 -2.74085e-08
0.0363663 -2.74401e-08
0.0364562 -2.74788e-08
0.0365461 -2.75118e-08
0.036636 -2.75477e-08
0.0367259 -2.75848e-08
0.0368158 -2.76246e-08
0.0369057 -2.76695e-08
0.0369956 -2.77065e-08
0.0370855 -2.77494e-08
0.0371754 -2.77857e-08
0.0372653 -2.78261e-08
0.0373552 -2.78687e-08
0.0374451 -2.79083e-08
0.037535 -2.79458e-08
0.0376249 -2.79864e-08
0.0377148 -2.80289e-08
0.0378047 -2.80643e-08
0.0378946 -2.81002e-08
0.0379845 -2.81391e-08
0.0380744 -2.81763e-08
0.0381643 -2.822e-08
0.0382542 -2.82553e-08
0.0383441 -2.82898e-08
0.0384341 -2.83176e-08
0.038524 -2.83441e-08
0.0386139 -2.83706e-08
0.0387038 -2.83992e-08
0.0387937 -2.84347e-08
0.0388836 -2.84616e-08
0.0389735 -2.84926e-08
0.0390634 -2.85207e-08
0.0391533 -2.85512e-08
0.0392432 -2.85771e-08
0.0393331 -2.8598e-08
0.039423 -2.86176e-08
0.0395129 -2.8642e-08
0.0396028 -2.86711e-08
0.0396927 -2.86976e-08
0.0397826 -2.87154e-08
0.0398725 -2.87356e-08
0.0399624 -2.87609e-08
0.0400523 -2.8784e-08
0.0401422 -2.8801e-08
0.0402321 -2.88311e-08
0.040322 -2.88503e-08
0.0404119 -2.88767e-08
0.0405018 -2.88993e-08
0.0405918 -2.89232e-08
0.0406817 -2.89473e-08
0.0407716 -2.89745e-08
0.0408615 -2.89907e-08
0.0409514 -2.90126e-08
0.0410413 -2.90348e-08
0.0411312 -2.9058e-08
0.0412211 -2.90876e-08
0.041311 -2.91093e-08
0.0414009 -2.91311e-08
0.0414908 -2.91559e-08
0.0415807 -2.91798e-08
0.0416706 -2.92084e-08
0.0417605 -2.92297e-08
0.0418504 -2.92447e-08
0.0419403 -2.92651e-08
0.0420302 -2.92862e-08
0.0421201 -2.93191e-08
0.04221 -2.93568e-08
0.0422999 -2.93845e-08
0.0423898 -2.94065e-08
0.0424797 -2.94324e-08
0.0425696 -2.94541e-08
0.0426595 -2.94804e-08
0.0427495 -2.95176e-08
0.0428394 -2.95433e-08
0.0429293 -2.95615e-08
0.0430192 -2.95908e-08
0.0431091 -2.96325e-08
0.043199 -2.96723e-08
0.0432889 -2.97077e-08
0.0433788 -2.97311e-08
0.0434687 -2.9765e-08
0.0435586 -2.97895e-08
0.0436485 -2.98202e-08
0.0437384 -2.98477e-08
0.0438283 -2.98803e-08
0.0439182 -2.99144e-08
0.0440081 -2.99347e-08
0.044098 -2.99649e-08
0.0441879 -2.9983e-08
0.0442778 -3.0005e-08
0.0443677 -3.00317e-08
0.0444576 -3.005e-08
0.0445475 -3.00761e-08
0.0446374 -3.00848e-08
0.0447273 -3.0103e-08
0.0448172 -3.01188e-08
0.0449072 -3.01356e-08
0.0449971 -3.01441e-08
0.045087 -3.01541e-08
0.0451769 -3.01573e-08
0.0452668 -3.01691e-08
0.0453567 -3.0182e-08
0.0454466 -3.01908e-08
0.0455365 -3.01903e-08
0.0456264 -3.02021e-08
0.0457163 -3.02054e-08
0.0458062 -3.02135e-08
0.0458961 -3.02091e-08
0.045986 -3.02094e-08
0.0460759 -3.0203e-08
0.0461658 -3.0195e-08
0.0462557 -3.01934e-08
0.0463456 -3.01953e-08
0.0464355 -3.01995e-08
0.0465254 -3.01996e-08
0.0466153 -3.02086e-08
0.0467052 -3.02224e-08
0.0467951 -3.02328e-08
0.046885 -3.0246e-08
0.0469749 -3.02431e-08
0.0470649 -3.02457e-08
0.0471548 -3.02493e-08
0.0472447 -3.0255e-08
0.0473346 -3.02647e-08
0.0474245 -3.02736e-08
0.0475144 -3.02777e-08
0.0476043 -3.0281e-08
0.0476942 -3.02905e-08
0.0477841 -3.02971e-08
0.047874 -3.03165e-08
0.0479639 -3.0322e-08
0.0480538 -3.03307e-08
0.0481437 -3.03452e-08
0.0482336 -3.03559e-08
0.0483235 -3.03627e-08
0.0484134 -3.03623e-08
0.0485033 -3.03648e-08
0.0485932 -3.03586e-08
0.0486831 -3.03564e-08
0.048773 -3.03538e-08
0.0488629 -3.03488e-08
0.0489528 -3.03573e-08
0.0490427 -3.03609e-08
0.0491326 -3.03641e-08
0.0492226 -3.03654e-08
0.0493125 -3.03567e-08
0.0494024 -3.03563e-08
0.0494923 -3.0356e-08
0.0495822 -3.03511e-08
0.0496721 -3.03522e-08
0.049762 -3.03483e-08
0.0498519 -3.03498e-08
0.0499418 -3.03418e-08
0.0500317 -3.03533e-08
0.0501216 -3.0359e-08
0.0502115 -3.03611e-08
0.0503014 -3.03742e-08
0.0503913 -3.03787e-08
0.0504812 -3.03909e-08
0.0505711 -3.03837e-08
0.050661 -3.03794e-08
0.0507509 -3.03796e-08
0.0508408 -3.03785e-08
0.0509307 -3.03813e-08
0.0510206 -3.03802e-08
0.0511105 -3.03816e-08
0.0512004 -3.038e-08
0.0512903 -3.03731e-08
0.0513803 -3.03696e-08
0.0514702 -3.03745e-08
0.0515601 -3.03732e-08
0.05165 -3.03747e-08
0.0517399 -3.03611e-08
0.0518298 -3.0352e-08
0.0519197 -3.03384e-08
0.0520096 -3.03172e-08
0.0520995 -3.03127e-08
0.0521894 -3.03113e-08
0.0522793 -3.03145e-08
0.0523692 -3.03147e-08
0.0524591 -3.0302e-08
0.052549 -3.0289e-08
0.0526389 -3.02878e-08
0.0527288 -3.02944e-08
0.0528187 -3.02891e-08
0.0529086 -3.02834e-08
0.0529985 -3.02818e-08
0.0530884 -3.02746e-08
0.0531783 -3.02677e-08
0.0532682 -3.02657e-08
0.0533581 -3.02639e-08
0.053448 -3.02628e-08
0.053538 -3.02582e-08
0.0536279 -3.02619e-08
0.0537178 -3.02581e-08
0.0538077 -3.02436e-08
0.0538976 -3.02428e-08
0.0539875 -3.02388e-08
0.0540774 -3.02438e-08
0.0541673 -3.02532e-08
0.0542572 -3.02355e-08
0.0543471 -3.02334e-08
0.054437 -3.0223e-08
0.0545269 -3.02082e-08
0.0546168 -3.0202e-08
0.0547067 -3.01831e-08
0.0547966 -3.01705e-08
0.0548865 -3.01457e-08
0.0549764 -3.01475e-08
0.0550663 -3.01418e-08
0.0551562 -3.01315e-08
0.0552461 -3.01151e-08
0.055336 -3.01027e-08
0.0554259 -3.00969e-08
0.0555158 -3.00851e-08
0.0556057 -3.00587e-08
0.0556956 -3.00661e-08
0.0557856 -3.00475e-08
0.0558755 -3.00217e-08
0.0559654 -3.00025e-08
0.0560553 -2.9979e-08
0.0561452 -2.99728e-08
0.0562351 -2.99465e-08
0.056325 -2.99351e-08
0.0564149 -2.99224e-08
0.0565048 -2.99108e-08
0.0565947 -2.9891e-08
0.0566846 -2.98694e-08
0.0567745 -2.98537e-08
0.0568644 -2.98403e-08
0.0569543 -2.98127e-08
0.0570442 -2.9794e-08
0.0571341 -2.97742e-08
0.057224 -2.97584e-08
0.0573139 -2.97362e-08
0.0574038 -2.97087e-08
0.0574937 -2.96847e-08
0.0575836 -2.9649e-08
0.0576735 -2.96292e-08
0.0577634 -2.96056e-08
0.0578533 -2.95656e-08
0.0579433 -2.95551e-08
0.0580332 -2.95372e-08
0.0581231 -2.95224e-08
0.058213 -2.95023e-08
0.0583029 -2.94774e-08
0.0583928 -2.94406e-08
0.0584827 -2.94146e-08
0.0585726 -2.93837e-08
0.0586625 -2.93632e-08
0.0587524 -2.93474e-08
0.0588423 -2.93336e-08
0.0589322 -2.93194e-08
0.0590221 -2.93007e-08
0.059112 -2.92745e-08
0.0592019 -2.92345e-08
0.0592918 -2.92109e-08
0.0593817 -2.91991e-08
0.0594716 -2.91785e-08
0.0595615 -2.91422e-08
0.0596514 -2.91136e-08
0.0597413 -2.90916e-08
0.0598312 -2.90829e-08
0.0599211 -2.90494e-08
0.060011 -2.90226e-08
0.060101 -2.9003e-08
0.0601909 -2.89772e-08
0.0602808 -2.89322e-08
0.0603707 -2.89019e-08
0.0604606 -2.88756e-08
0.0605505 -2.88416e-08
0.0606404 -2.87951e-08
0.0607303 -2.87588e-08
0.0608202 -2.87342e-08
0.0609101 -2.8697e-08
0.061 -2.86687e-08
0.0610899 -2.86392e-08
0.0611798 -2.86063e-08
0.0612697 -2.85722e-08
0.0613596 -2.85349e-08
0.0614495 -2.84927e-08
0.0615394 -2.84623e-08
0.0616293 -2.84126e-08
0.0617192 -2.83587e-08
0.0618091 -2.8315e-08
0.061899 -2.82808e-08
0.0619889 -2.82376e-08
0.0620788 -2.81948e-08
0.0621687 -2.81565e-08
0.0622587 -2.81071e-08
0.0623486 -2.80657e-08
0.0624385 -2.8024e-08
0.0625284 -2.79901e-08
0.0626183 -2.79446e-08
0.0627082 -2.78914e-08
0.0627981 -2.78541e-08
0.062888 -2.78111e-08
0.0629779 -2.77634e-08
0.0630678 -2.77304e-08
0.0631577 -2.7688e-08
0.0632476 -2.76383e-08
0.0633375 -2.76013e-08
0.0634274 -2.755e-08
0.0635173 -2.74992e-08
0.0636072 -2.74431e-08
0.0636971 -2.7408e-08
0.063787 -2.73597e-08
0.0638769 -2.72991e-08
0.0639668 -2.72495e-08
0.0640567 -2.7198e-08
0.0641466 -2.71327e-08
0.0642365 -2.70816e-08
0.0643264 -2.70215e-08
0.0644164 -2.69834e-08
0.0645063 -2.69379e-08
0.0645962 -2.68869e-08
0.0646861 -2.6828e-08
0.064776 -2.67951e-08
0.0648659 -2.67562e-08
0.0649558 -2.67085e-08
0.0650457 -2.66703e-08
0.0651356 -2.66177e-08
0.0652255 -2.65758e-08
0.0653154 -2.65473e-08
0.0654053 -2.64827e-08
0.0654952 -2.64428e-08
0.0655851 -2.63959e-08
0.065675 -2.63709e-08
0.0657649 -2.63289e-08
0.0658548 -2.6293e-08
0.0659447 -2.62485e-08
0.0660346 -2.6185e-08
0.0661245 -2.61405e-08
0.0662144 -2.60948e-08
0.0663043 -2.60563e-08
0.0663942 -2.60275e-08
0.0664841 -2.5995e-08
0.0665741 -2.59484e-08
0.066664 -2.59083e-08
0.0667539 -2.5865e-08
0.0668438 -2.58161e-08
0.0669337 -2.57838e-08
0.0670236 -2.57369e-08
0.0671135 -2.56874e-08
0.0672034 -2.56648e-08
0.0672933 -2.56442e-08
0.0673832 -2.56127e-08
0.0674731 -2.55702e-08
0.067563 -2.55272e-08
0.0676529 -2.5478e-08
0.0677428 -2.54244e-08
0.0678327 -2.53864e-08
0.0679226 -2.53758e-08
0.0680125 -2.5354e-08
0.0681024 -2.53399e-08
0.0681923 -2.53237e-08
0.0682822 -2.52812e-08
0.0683721 -2.52554e-08
0.068462 -2.52375e-08
0.0685519 -2.52153e-08
0.0686418 -2.51751e-08
0.0687318 -2.5142e-08
0.0688217 -2.51331e-08
0.0689116 -2.51119e-08
0.0690015 -2.50875e-08
0.0690914 -2.50585e-08
0.0691813 -2.50238e-08
0.0692712 -2.49809e-08
0.0693611 -2.49476e-08
0.069451 -2.49212e-08
0.0695409 -2.48943e-08
0.0696308 -2.48643e-08
0.0697207 -2.48535e-08
0.0698106 -2.48218e-08
0.0699005 -2.4792e-08
0.0699904 -2.47666e-08
0.0700803 -2.47381e-08
0.0701702 -2.47046e-08
0.0702601 -2.46752e-08
0.07035 -2.46677e-08
0.0704399 -2.46663e-08
0.0705298 -2.46521e-08
0.0706197 -2.46354e-08
0.0707096 -2.46146e-08
0.0707995 -2.45938e-08
0.0708895 -2.45643e-08
0.0709794 -2.45594e-08
0.0710693 -2.45595e-08
0.0711592 -2.45343e-08
0.0712491 -2.45027e-08
0.071339 -2.44667e-08
0.0714289 -2.44127e-08
0.0715188 -2.43759e-08
0.0716087 -2.4322e-08
0.0716986 -2.4292e-08
0.0717885 -2.42344e-08
0.0718784 -2.42117e-08
0.0719683 -2.4166e-08
0.0720582 -2.41313e-08
0.0721481 -2.41028e-08
0.072238 -2.40703e-08
0.0723279 -2.40327e-08
0.0724178 -2.40103e-08
0.0725077 -2.39853e-08
0.0725976 -2.39359e-08
0.0726875 -2.39118e-08
0.0727774 -2.38875e-08
0.0728673 -2.385e-08
0.0729572 -2.38001e-08
0.0730472 -2.37617e-08
0.0731371 -2.37236e-08
0.073227 -2.36744e-08
0.0733169 -2.36258e-08
0.0734068 -2.35836e-08
0.0734967 -2.3535e-08
0.0735866 -2.34771e-08
0.0736765 -2.34176e-08
0.0737664 -2.33743e-08
0.0738563 -2.33389e-08
0.0739462 -2.32832e-08
0.0740361 -2.32435e-08
0.074126 -2.31957e-08
0.0742159 -2.31502e-08
0.0743058 -2.31172e-08
0.0743957 -2.30801e-08
0.0744856 -2.30474e-08
0.0745755 -2.30031e-08
0.0746654 -2.29599e-08
0.0747553 -2.29265e-08
0.0748452 -2.28998e-08
0.0749351 -2.28658e-08
0.075025 -2.28227e-08
0.0751149 -2.2816e-08
0.0752048 -2.28096e-08
0.0752948 -2.28063e-08
0.0753847 -2.28199e-08
0.0754746 -2.27964e-08
0.0755645 -2.27824e-08
0.0756544 -2.27763e-08
0.0757443 -2.27411e-08
0.0758342 -2.27152e-08
0.0759241 -2.26962e-08
0.076014 -2.26722e-08
0.0761039 -2.26594e-08
0.0761938 -2.26269e-08
0.0762837 -2.2579e-08
0.0763736 -2.25527e-08
0.0764635 -2.24867e-08
0.0765534 -2.24712e-08
0.0766433 -2.24179e-08
0.0767332 -2.23827e-08
0.0768231 -2.23686e-08
0.076913 -2.23625e-08
0.0770029 -2.23102e-08
0.0770928 -2.23067e-08
0.0771827 -2.22747e-08
0.0772726 -2.22641e-08
0.0773625 -2.22409e-08
0.0774525 -2.22258e-08
0.0775424 -2.22458e-08
0.0776323 -2.2263e-08
0.0777222 -2.22889e-08
0.0778121 -2.22596e-08
0.077902 -2.22636e-08
0.0779919 -2.22452e-08
0.0780818 -2.2266e-08
0.0781717 -2.22659e-08
0.0782616 -2.22603e-08
0.0783515 -2.22661e-08
0.0784414 -2.2263e-08
0.0785313 -2.22668e-08
0.0786212 -2.22603e-08
0.0787111 -2.22508e-08
0.078801 -2.22587e-08
0.0788909 -2.22859e-08
0.0789808 -2.2278e-08
0.0790707 -2.22744e-08
0.0791606 -2.23032e-08
0.0792505 -2.22955e-08
0.0793404 -2.22967e-08
0.0794303 -2.23076e-08
0.0795202 -2.23074e-08
0.0796102 -2.23242e-08
0.0797001 -2.2305e-08
0.07979 -2.23116e-08
0.0798799 -2.23275e-08
0.0799698 -2.23116e-08
0.0800597 -2.23322e-08
0.0801496 -2.23168e-08
0.0802395 -2.22708e-08
0.0803294 -2.2246e-08
0.0804193 -2.21891e-08
0.0805092 -2.21398e-08
0.0805991 -2.21232e-08
0.080689 -2.20923e-08
0.0807789 -2.20231e-08
0.0808688 -2.19622e-08
0.0809587 -2.1948e-08
0.0810486 -2.19352e-08
0.0811385 -2.19534e-08
0.0812284 -2.19598e-08
0.0813183 -2.19638e-08
0.0814082 -2.19849e-08
0.0814981 -2.19986e-08
0.081588 -2.19915e-08
0.0816779 -2.20059e-08
0.0817679 -2.2029e-08
0.0818578 -2.20491e-08
0.0819477 -2.2041e-08
0.0820376 -2.20269e-08
0.0821275 -2.20511e-08
0.0822174 -2.20758e-08
0.0823073 -2.20603e-08
0.0823972 -2.20875e-08
0.0824871 -2.20979e-08
0.082577 -2.2089e-08
0.0826669 -2.20898e-08
0.0827568 -2.20824e-08
0.0828467 -2.21093e-08
0.0829366 -2.21129e-08
0.0830265 -2.2142e-08
0.0831164 -2.21877e-08
0.0832063 -2.22053e-08
0.0832962 -2.21822e-08
0.0833861 -2.22243e-08
0.083476 -2.22297e-08
0.0835659 -2.22623e-08
0.0836558 -2.2262e-08
0.0837457 -2.22725e-08
0.0838356 -2.22927e-08
0.0839256 -2.23016e-08
0.0840155 -2.23039e-08
0.0841054 -2.2278e-08
0.0841953 -2.23368e-08
0.0842852 -2.23121e-08
0.0843751 -2.23535e-08
0.084465 -2.23422e-08
0.0845549 -2.23638e-08
0.0846448 -2.23676e-08
0.0847347 -2.24639e-08
0.0848246 -2.24954e-08
0.0849145 -2.25244e-08
0.0850044 -2.25237e-08
0.0850943 -2.259e-08
0.0851842 -2.26137e-08
0.0852741 -2.26342e-08
0.085364 -2.26496e-08
0.0854539 -2.26338e-08
0.0855438 -2.26748e-08
0.0856337 -2.26667e-08
0.0857236 -2.26947e-08
0.0858135 -2.27508e-08
0.0859034 -2.27974e-08
0.0859933 -2.28412e-08
0.0860833 -2.28817e-08
0.0861732 -2.28764e-08
0.0862631 -2.2913e-08
0.086353 -2.30018e-08
0.0864429 -2.3086e-08
0.0865328 -2.31702e-08
0.0866227 -2.32276e-08
0.0867126 -2.33233e-08
0.0868025 -2.33915e-08
0.0868924 -2.34306e-08
0.0869823 -2.35115e-08
0.0870722 -2.36025e-08
0.0871621 -2.36735e-08
0.087252 -2.37926e-08
0.0873419 -2.37731e-08
0.0874318 -2.38227e-08
0.0875217 -2.38695e-08
0.0876116 -2.39181e-08
0.0877015 -2.39652e-08
0.0877914 -2.39544e-08
0.0878813 -2.39742e-08
0.0879712 -2.40357e-08
0.0880611 -2.4058e-08
0.088151 -2.41134e-08
0.088241 -2.41443e-08
0.0883309 -2.41993e-08
0.0884208 -2.42592e-08
0.0885107 -2.42958e-08
0.0886006 -2.43708e-08
0.0886905 -2.4365e-08
0.0887804 -2.43906e-08
0.0888703 -2.44305e-08
0.0889602 -2.44811e-08
0.0890501 -2.44997e-08
0.08914 -2.45109e-08
0.0892299 -2.45201e-08
0.0893198 -2.45103e-08
0.0894097 -2.4532e-08
0.0894996 -2.45692e-08
0.0895895 -2.45936e-08
0.0896794 -2.46444e-08
0.0897693 -2.47296e-08
0.0898592 -2.48754e-08
0.0899491 -2.48817e-08
0.090039 -2.49163e-08
0.0901289 -2.49556e-08
0.0902188 -2.49934e-08
0.0903087 -2.5052e-08
0.0903987 -2.51233e-08
0.0904886 -2.52003e-08
0.0905785 -2.52276e-08
0.0906684 -2.52604e-08
0.0907583 -2.53239e-08
0.0908482 -2.53403e-08
0.0909381 -2.53525e-08
0.091028 -2.55078e-08
0.0911179 -2.55626e-08
0.0912078 -2.56403e-08
0.0912977 -2.57278e-08
0.0913876 -2.57917e-08
0.0914775 -2.57742e-08
0.0915674 -2.58195e-08
0.0916573 -2.58699e-08
0.0917472 -2.59106e-08
0.0918371 -2.59548e-08
0.091927 -2.60318e-08
0.0920169 -2.60118e-08
0.0921068 -2.59996e-08
0.0921967 -2.60076e-08
0.0922866 -2.6008e-08
0.0923765 -2.60521e-08
0.0924664 -2.60942e-08
0.0925564 -2.6126e-08
0.0926463 -2.6188e-08
0.0927362 -2.6246e-08
0.0928261 -2.62639e-08
0.092916 -2.62565e-08
0.0930059 -2.62384e-08
0.0930958 -2.63391e-08
0.0931857 -2.6375e-08
0.0932756 -2.64618e-08
0.0933655 -2.64336e-08
0.0934554 -2.644e-08
0.0935453 -2.64584e-08
0.0936352 -2.64527e-08
0.0937251 -2.64869e-08
0.093815 -2.65346e-08
0.0939049 -2.65657e-08
0.0939948 -2.66144e-08
0.0940847 -2.66238e-08
0.0941746 -2.65915e-08
0.0942645 -2.66392e-08
0.0943544 -2.66691e-08
0.0944443 -2.67316e-08
0.0945342 -2.67332e-08
0.0946241 -2.68674e-08
0.094714 -2.69283e-08
0.094804 -2.69294e-08
0.0948939 -2.69108e-08
0.0949838 -2.69354e-08
0.0950737 -2.69378e-08
0.0951636 -2.70147e-08
0.0952535 -2.70814e-08
0.0953434 -2.71023e-08
0.0954333 -2.7149e-08
0.0955232 -2.72674e-08
0.0956131 -2.73332e-08
0.095703 -2.73538e-08
0.0957929 -2.73617e-08
0.0958828 -2.73912e-08
0.0959727 -2.75178e-08
0.0960626 -2.76117e-08
0.0961525 -2.77082e-08
0.0962424 -2.77322e-08
0.0963323 -2.78268e-08
0.0964222 -2.78645e-08
0.0965121 -2.79452e-08
0.096602 -2.80172e-08
0.0966919 -2.80655e-08
0.0967818 -2.81668e-08
0.0968717 -2.83142e-08
0.0969617 -2.83817e-08
0.0970516 -2.84711e-08
0.0971415 -2.85201e-08
0.0972314 -2.86629e-08
0.0973213 -2.87817e-08
0.0974112 -2.88192e-08
0.0975011 -2.89446e-08
0.097591 -2.89864e-08
0.0976809 -2.90806e-08
0.0977708 -2.91931e-08
0.0978607 -2.92018e-08
0.0979506 -2.92307e-08
0.0980405 -2.92335e-08
0.0981304 -2.93259e-08
0.0982203 -2.94404e-08
0.0983102 -2.94484e-08
0.0984001 -2.94283e-08
0.09849 -2.94858e-08
0.0985799 -2.95336e-08
0.0986698 -2.96216e-08
0.0987597 -2.9588e-08
0.0988496 -2.96107e-08
0.0989395 -2.97281e-08
0.0990294 -2.9752e-08
0.0991194 -2.99235e-08
0.0992093 -2.99655e-08
0.0992992 -3.00508e-08
0.0993891 -3.01995e-08
0.099479 -3.04572e-08
0.0995689 -3.05904e-08
0.0996588 -3.06753e-08
0.0997487 -3.08303e-08
0.0998386 -3.10148e-08
0.0999285 -3.11736e-08
0.100018 -3.13598e-08
0.100108 -3.1479e-08
0.100198 -3.15879e-08
0.100288 -3.16167e-08
0.100378 -3.17197e-08
0.100468 -3.17417e-08
0.100558 -3.17218e-08
0.100648 -3.1738e-08
0.100738 -3.17503e-08
0.100828 -3.1707e-08
0.100917 -3.17845e-08
0.101007 -3.17598e-08
0.101097 -3.18539e-08
0.101187 -3.19037e-08
0.101277 -3.19079e-08
0.101367 -3.18963e-08
0.101457 -3.18908e-08
0.101547 -3.19777e-08
0.101637 -3.19682e-08
0.101727 -3.19343e-08
0.101816 -3.18916e-08
0.101906 -3.19269e-08
0.101996 -3.18357e-08
0.102086 -3.185e-08
0.102176 -3.18347e-08
0.102266 -3.18225e-08
0.102356 -3.18454e-08
0.102446 -3.20418e-08
0.102536 -3.20872e-08
0.102626 -3.21666e-08
0.102716 -3.22893e-08
0.102805 -3.24359e-08
0.102895 -3.25821e-08
0.102985 -3.2761e-08
0.103075 -3.28576e-08
0.103165 -3.28238e-08
0.103255 -3.28406e-08
0.103345 -3.27743e-08
0.103435 -3.27206e-08
0.103525 -3.26241e-08
0.103615 -3.25448e-08
0.103704 -3.25105e-08
0.103794 -3.24852e-08
0.103884 -3.24564e-08
0.103974 -3.24765e-08
0.104064 -3.24025e-08
0.104154 -3.24568e-08
0.104244 -3.25374e-08
0.104334 -3.26907e-08
0.104424 -3.27857e-08
0.104514 -3.28656e-08
0.104604 -3.30125e-08
0.104693 -3.31768e-08
0.104783 -3.32912e-08
0.104873 -3.35079e-08
0.104963 -3.37002e-08
0.105053 -3.37722e-08
0.105143 -3.3974e-08
0.105233 -3.40222e-08
0.105323 -3.40464e-08
0.105413 -3.4141e-08
0.105503 -3.4312e-08
0.105592 -3.43631e-08
0.105682 -3.45164e-08
0.105772 -3.44769e-08
0.105862 -3.44376e-08
0.105952 -3.43866e-08
0.106042 -3.4477e-08
0.106132 -3.44843e-08
0.106222 -3.44572e-08
0.106312 -3.45801e-08
0.106402 -3.45598e-08
0.106491 -3.46725e-08
0.106581 -3.47977e-08
0.106671 -3.49193e-08
0.106761 -3.49233e-08
0.106851 -3.51677e-08
0.106941 -3.53242e-08
0.107031 -3.54562e-08
0.107121 -3.55219e-08
0.107211 -3.55958e-08
0.107301 -3.56138e-08
0.107391 -3.57011e-08
0.10748 -3.57094e-08
0.10757 -3.56935e-08
0.10766 -3.56629e-08
0.10775 -3.5582e-08
0.10784 -3.55018e-08
0.10793 -3.54425e-08
0.10802 -3.53134e-08
0.10811 -3.51007e-08
0.1082 -3.50527e-08
0.10829 -3.50512e-08
0.108379 -3.51504e-08
0.108469 -3.5113e-08
0.108559 -3.52336e-08
0.108649 -3.53635e-08
0.108739 -3.55387e-08
0.108829 -3.56937e-08
0.108919 -3.58009e-08
0.109009 -3.58304e-08
0.109099 -3.60477e-08
0.109189 -3.60531e-08
0.109279 -3.63211e-08
0.109368 -3.64916e-08
0.109458 -3.65505e-08
0.109548 -3.67769e-08
0.109638 -3.67136e-08
0.109728 -3.66614e-08
0.109818 -3.65438e-08
0.109908 -3.64954e-08
0.109998 -3.65529e-08
0.110088 -3.64658e-08
0.110178 -3.65186e-08
0.110267 -3.65622e-08
0.110357 -3.6421e-08
0.110447 -3.63749e-08
0.110537 -3.63651e-08
0.110627 -3.62988e-08
0.110717 -3.63141e-08
0.110807 -3.62716e-08
0.110897 -3.64546e-08
0.110987 -3.64421e-08
0.111077 -3.63787e-08
0.111167 -3.64611e-08
0.111256 -3.62615e-08
0.111346 -3.61574e-08
0.111436 -3.61389e-08
0.111526 -3.58438e-08
0.111616 -3.57787e-08
0.111706 -3.55547e-08
0.111796 -3.54549e-08
0.111886 -3.54147e-08
0.111976 -3.51798e-08
0.112066 -3.51564e-08
0.112155 -3.52731e-08
0.112245 -3.51191e-08
0.112335 -3.53079e-08
0.112425 -3.53599e-08
0.112515 -3.53993e-08
0.112605 -3.55375e-08
0.112695 -3.56915e-08
0.112785 -3.57033e-08
0.112875 -3.57675e-08
0.112965 -3.58861e-08
0.113054 -3.58646e-08
0.113144 -3.57578e-08
0.113234 -3.56626e-08
0.113324 -3.57903e-08
0.113414 -3.58124e-08
0.113504 -3.59016e-08
0.113594 -3.60361e-08
0.113684 -3.5944e-08
0.113774 -3.59279e-08
0.113864 -3.60112e-08
0.113954 -3.58125e-08
0.114043 -3.5942e-08
0.114133 -3.6182e-08
0.114223 -3.6386e-08
0.114313 -3.64099e-08
0.114403 -3.65389e-08
0.114493 -3.63372e-08
0.114583 -3.6353e-08
0.114673 -3.64148e-08
0.114763 -3.65088e-08
0.114853 -3.6428e-08
0.114942 -3.65781e-08
0.115032 -3.66827e-08
0.115122 -3.67517e-08
0.115212 -3.67771e-08
0.115302 -3.68081e-08
0.115392 -3.69172e-08
0.115482 -3.70532e-08
0.115572 -3.71467e-08
0.115662 -3.71023e-08
0.115752 -3.69983e-08
0.115842 -3.71159e-08
0.115931 -3.71342e-08
0.116021 -3.71168e-08
0.116111 -3.71363e-08
0.116201 -3.70634e-08
0.116291 -3.71044e-08
0.116381 -3.71202e-08
0.116471 -3.71682e-08
0.116561 -3.74061e-08
0.116651 -3.76683e-08
0.116741 -3.78185e-08
0.11683 -3.79615e-08
0.11692 -3.79116e-08
0.11701 -3.81611e-08
0.1171 -3.80799e-08
0.11719 -3.81185e-08
0.11728 -3.79698e-08
0.11737 -3.78186e-08
0.11746 -3.78335e-08
0.11755 -3.78772e-08
0.11764 -3.75622e-08
0.11773 -3.73715e-08
0.117819 -3.72502e-08
0.117909 -3.71756e-08
0.117999 -3.72009e-08
0.118089 -3.72057e-08
0.118179 -3.73755e-08
0.118269 -3.73811e-08
0.118359 -3.76208e-08
0.118449 -3.7798e-08
0.118539 -3.77457e-08
0.118629 -3.7814e-08
0.118718 -3.80292e-08
0.118808 -3.78871e-08
0.118898 -3.81317e-08
0.118988 -3.81934e-08
0.119078 -3.78696e-08
0.119168 -3.78545e-08
0.119258 -3.77798e-08
0.119348 -3.7934e-08
0.119438 -3.76965e-08
0.119528 -3.75898e-08
0.119617 -3.76638e-08
0.119707 -3.75019e-08
0.119797 -3.74837e-08
0.119887 -3.75616e-08
0.119977 -3.70902e-08
0.120067 -3.7085e-08
0.120157 -3.73703e-08
0.120247 -3.73508e-08
0.120337 -3.71671e-08
0.120427 -3.68103e-08
0.120517 -3.69305e-08
0.120606 -3.68381e-08
0.120696 -3.68444e-08
0.120786 -3.6931e-08
0.120876 -3.70119e-08
0.120966 -3.71927e-08
0.121056 -3.78617e-08
0.121146 -3.79824e-08
0.121236 -3.82006e-08
0.121326 -3.83019e-08
0.121416 -3.86581e-08
0.121505 -3.86942e-08
0.121595 -3.87023e-08
0.121685 -3.87444e-08
0.121775 -3.85933e-08
0.121865 -3.88805e-08
0.121955 -3.912e-08
0.122045 -3.90835e-08
0.122135 -3.87725e-08
0.122225 -3.88441e-08
0.122315 -3.87838e-08
0.122405 -3.85664e-08
0.122494 -3.83588e-08
0.122584 -3.84207e-08
0.122674 -3.81704e-08
0.122764 -3.80243e-08
0.122854 -3.77884e-08
0.122944 -3.69976e-08
0.123034 -3.63413e-08
0.123124 -3.5783e-08
0.123214 -3.53377e-08
0.123304 -3.53647e-08
0.123393 -3.54837e-08
0.123483 -3.55673e-08
0.123573 -3.53945e-08
0.123663 -3.52638e-08
0.123753 -3.55028e-08
0.123843 -3.53791e-08
0.123933 -3.54334e-08
0.124023 -3.59571e-08
0.124113 -3.62358e-08
0.124203 -3.6502e-08
0.124293 -3.6585e-08
0.124382 -3.66834e-08
0.124472 -3.65464e-08
0.124562 -3.63215e-08
0.124652 -3.64937e-08
0.124742 -3.63175e-08
0.124832 -3.62856e-08
0.124922 -3.5942e-08
0.125012 -3.60278e-08
0.125102 -3.56665e-08
0.125192 -3.56522e-08
0.125281 -3.57526e-08
0.125371 -3.55967e-08
0.125461 -3.49205e-08
0.125551 -3.48864e-08
0.125641 -3.49621e-08
0.125731 -3.49775e-08
0.125821 -3.46807e-08
0.125911 -3.42193e-08
0.126001 -3.37669e-08
0.126091 -3.36099e-08
0.126181 -3.37335e-08
0.12627 -3.30408e-08
0.12636 -3.27089e-08
0.12645 -3.27056e-08
0.12654 -3.30612e-08
0.12663 -3.31785e-08
0.12672 -3.30768e-08
0.12681 -3.29721e-08
0.1269 -3.32463e-08
0.12699 -3.34354e-08
0.12708 -3.3801e-08
0.127169 -3.31895e-08
0.127259 -3.36283e-08
0.127349 -3.40075e-08
0.127439 -3.42755e-08
0.127529 -3.39798e-08
0.127619 -3.39098e-08
0.127709 -3.38087e-08
0.127799 -3.36181e-08
0.127889 -3.32928e-08
0.127979 -3.32085e-08
0.128068 -3.24643e-08
0.128158 -3.25911e-08
0.128248 -3.23723e-08
0.128338 -3.20364e-08
0.128428 -3.19645e-08
0.128518 -3.14367e-08
0.128608 -3.10103e-08
0.128698 -3.06222e-08
0.128788 -3.01477e-08
0.128878 -3.07038e-08
0.128968 -3.07959e-08
0.129057 -3.08006e-08
0.129147 -3.05334e-08
0.129237 -3.08531e-08
0.129327 -3.11672e-08
0.129417 -3.0639e-08
0.129507 -3.05654e-08
0.129597 -3.06962e-08
0.129687 -3.0731e-08
0.129777 -3.09885e-08
0.129867 -3.07715e-08
0.129956 -2.99475e-08
0.130046 -2.94411e-08
0.130136 -2.90947e-08
0.130226 -2.89627e-08
0.130316 -2.83502e-08
0.130406 -2.80192e-08
0.130496 -2.7766e-08
0.130586 -2.74288e-08
0.130676 -2.69531e-08
0.130766 -2.65768e-08
0.130856 -2.66427e-08
0.130945 -2.64281e-08
0.131035 -2.65066e-08
0.131125 -2.6948e-08
0.131215 -2.67453e-08
0.131305 -2.63199e-08
0.131395 -2.61455e-08
0.131485 -2.67267e-08
0.131575 -2.69622e-08
0.131665 -2.72635e-08
0.131755 -2.73239e-08
0.131844 -2.72909e-08
0.131934 -2.67662e-08
0.132024 -2.69741e-08
0.132114 -2.69129e-08
0.132204 -2.65706e-08
0.132294 -2.68197e-08
0.132384 -2.69664e-08
0.132474 -2.71171e-08
0.132564 -2.65487e-08
0.132654 -2.63447e-08
0.132744 -2.58906e-08
0.132833 -2.58421e-08
0.132923 -2.59917e-08
0.133013 -2.65178e-08
0.133103 -2.63991e-08
0.133193 -2.65377e-08
0.133283 -2.62242e-08
0.133373 -2.63118e-08
0.133463 -2.66536e-08
0.133553 -2.59921e-08
0.133643 -2.61982e-08
0.133732 -2.59405e-08
0.133822 -2.53386e-08
0.133912 -2.45425e-08
0.134002 -2.39947e-08
0.134092 -2.31741e-08
0.134182 -2.30283e-08
0.134272 -2.27199e-08
0.134362 -2.28325e-08
0.134452 -2.18305e-08
0.134542 -2.13905e-08
0.134631 -2.1464e-08
0.134721 -2.14936e-08
0.134811 -2.16781e-08
