-0.134811 -1.40623e-08
-0.134721 -1.46518e-08
-0.134631 -1.49296e-08
-0.134542 -1.51749e-08
-0.134452 -1.48087e-08
-0.134362 -1.42556e-08
-0.134272 -1.45561e-08
-0.134182 -1.48939e-08
-0.134092 -1.46452e-08
-0.134002 -1.40889e-08
-0.133912 -1.37199e-08
-0.133822 -1.35233e-08
-0.133732 -1.27749e-08
-0.133642 -1.22434e-08
-0.133553 -1.21973e-08
-0.133463 -1.16893e-08
-0.133373 -1.17765e-08
-0.133283 -1.12137e-08
-0.133193 -1.11533e-08
-0.133103 -1.09023e-08
-0.133013 -1.11728e-08
-0.132923 -1.09123e-08
-0.132833 -1.09017e-08
-0.132743 -1.00683e-08
-0.132654 -9.68937e-09
-0.132564 -9.07247e-09
-0.132474 -8.82624e-09
-0.132384 -8.69245e-09
-0.132294 -8.21058e-09
-0.132204 -8.79981e-09
-0.132114 -8.38006e-09
-0.132024 -7.94588e-09
-0.131934 -7.6175e-09
-0.131844 -7.44964e-09
-0.131754 -7.07101e-09
-0.131665 -6.77656e-09
-0.131575 -7.06444e-09
-0.131485 -7.0019e-09
-0.131395 -7.16319e-09
-0.131305 -7.23461e-09
-0.131215 -7.34937e-09
-0.131125 -7.30326e-09
-0.131035 -7.52621e-09
-0.130945 -7.41471e-09
-0.130855 -7.04769e-09
-0.130766 -7.03673e-09
-0.130676 -7.37187e-09
-0.130586 -6.76986e-09
-0.130496 -6.27635e-09
-0.130406 -5.94377e-09
-0.130316 -5.28489e-09
-0.130226 -5.53705e-09
-0.130136 -5.0864e-09
-0.130046 -5.27509e-09
-0.129956 -4.93566e-09
-0.129867 -5.25426e-09
-0.129777 -5.51546e-09
-0.129687 -6.04085e-09
-0.129597 -4.99673e-09
-0.129507 -4.83307e-09
-0.129417 -4.75599e-09
-0.129327 -5.14472e-09
-0.129237 -4.603e-09
-0.129147 -4.51931e-09
-0.129057 -4.7006e-09
-0.128967 -4.71149e-09
-0.128878 -4.44542e-09
-0.128788 -4.50217e-09
-0.128698 -3.69466e-09
-0.128608 -3.66592e-09
-0.128518 -3.45723e-09
-0.128428 -3.44506e-09
-0.128338 -3.2644e-09
-0.128248 -3.24503e-09
-0.128158 -3.64776e-09
-0.128068 -3.27061e-09
-0.127979 -3.31643e-09
-0.127889 -3.12045e-09
-0.127799 -2.96452e-09
-0.127709 -2.58082e-09
-0.127619 -2.933e-09
-0.127529 -2.71771e-09
-0.127439 -2.57741e-09
-0.127349 -2.33464e-09
-0.127259 -2.24802e-09
-0.127169 -1.92117e-09
-0.127079 -1.34983e-09
-0.12699 -1.09526e-09
-0.1269 -1.52165e-09
-0.12681 -1.31642e-09
-0.12672 -1.6385e-09
-0.12663 -1.7595e-09
-0.12654 -1.504e-09
-0.12645 -8.52296e-10
-0.12636 -4.37123e-10
-0.12627 -5.97663e-10
-0.12618 -6.08956e-10
-0.126091 -8.13127e-10
-0.126001 -1.41337e-09
-0.125911 -1.24499e-09
-0.125821 -1.03649e-09
-0.125731 -8.65178e-10
-0.125641 -6.08844e-10
-0.125551 -6.69589e-10
-0.125461 -8.58241e-10
-0.125371 -8.31448e-10
-0.125281 -6.4589e-10
-0.125191 -9.61061e-10
-0.125102 -8.37832e-10
-0.125012 -4.848e-10
-0.124922 -1.39497e-10
-0.124832 -2.74521e-10
-0.124742 -1.12345e-10
-0.124652 -4.4945e-10
-0.124562 -3.43317e-10
-0.124472 5.26861e-11
-0.124382 2.66272e-11
-0.124292 9.81232e-11
-0.124203 1.1789e-10
-0.124113 8.86753e-10
-0.124023 8.11574e-10
-0.123933 9.25181e-10
-0.123843 1.03388e-09
-0.123753 1.01233e-09
-0.123663 1.11326e-09
-0.123573 1.50671e-09
-0.123483 1.36991e-09
-0.123393 1.36727e-09
-0.123304 1.80862e-09
-0.123214 2.49842e-09
-0.123124 2.44738e-09
-0.123034 2.08344e-09
-0.122944 2.21389e-09
-0.122854 2.04141e-09
-0.122764 2.09231e-09
-0.122674 2.45569e-09
-0.122584 2.35198e-09
-0.122494 2.26197e-09
-0.122404 2.51315e-09
-0.122315 2.37244e-09
-0.122225 2.57139e-09
-0.122135 2.43306e-09
-0.122045 2.27629e-09
-0.121955 2.42317e-09
-0.121865 2.23702e-09
-0.121775 2.47967e-09
-0.121685 2.48019e-09
-0.121595 2.30124e-09
-0.121505 2.45731e-09
-0.121416 2.65214e-09
-0.121326 2.58899e-09
-0.121236 2.74848e-09
-0.121146 2.86112e-09
-0.121056 3.17245e-09
-0.120966 3.25853e-09
-0.120876 3.43275e-09
-0.120786 3.51683e-09
-0.120696 3.55895e-09
-0.120606 3.99061e-09
-0.120516 4.23361e-09
-0.120427 4.18403e-09
-0.120337 4.1835e-09
-0.120247 4.28662e-09
-0.120157 4.31529e-09
-0.120067 4.64421e-09
-0.119977 4.66421e-09
-0.119887 4.73353e-09
-0.119797 4.92877e-09
-0.119707 5.0614e-09
-0.119617 5.19486e-09
-0.119528 5.26708e-09
-0.119438 5.10601e-09
-0.119348 5.08846e-09
-0.119258 5.09056e-09
-0.119168 5.17184e-09
-0.119078 5.16778e-09
-0.118988 5.09194e-09
-0.118898 5.18175e-09
-0.118808 5.11421e-09
-0.118718 5.06606e-09
-0.118628 5.2274e-09
-0.118539 5.41154e-09
-0.118449 5.6196e-09
-0.118359 5.69841e-09
-0.118269 5.89873e-09
-0.118179 5.97785e-09
-0.118089 6.23736e-09
-0.117999 6.41768e-09
-0.117909 6.40777e-09
-0.117819 6.60566e-09
-0.117729 6.82998e-09
-0.11764 6.74007e-09
-0.11755 6.54954e-09
-0.11746 6.78926e-09
-0.11737 6.82846e-09
-0.11728 7.00866e-09
-0.11719 7.09873e-09
-0.1171 7.27724e-09
-0.11701 7.0446e-09
-0.11692 7.08537e-09
-0.11683 7.12145e-09
-0.116741 7.14167e-09
-0.116651 7.15467e-09
-0.116561 7.40295e-09
-0.116471 7.6565e-09
-0.116381 7.91641e-09
-0.116291 7.94929e-09
-0.116201 7.83699e-09
-0.116111 7.71811e-09
-0.116021 7.84605e-09
-0.115931 7.9204e-09
-0.115841 7.92869e-09
-0.115752 8.05819e-09
-0.115662 8.08829e-09
-0.115572 8.1325e-09
-0.115482 8.19303e-09
-0.115392 8.31583e-09
-0.115302 8.28025e-09
-0.115212 8.50373e-09
-0.115122 8.69151e-09
-0.115032 8.61199e-09
-0.114942 8.72156e-09
-0.114853 8.76634e-09
-0.114763 8.80026e-09
-0.114673 8.90739e-09
-0.114583 8.88771e-09
-0.114493 9.1326e-09
-0.114403 9.10179e-09
-0.114313 9.32147e-09
-0.114223 9.44402e-09
-0.114133 9.40281e-09
-0.114043 9.63029e-09
-0.113953 9.99515e-09
-0.113864 9.85267e-09
-0.113774 9.86057e-09
-0.113684 9.81917e-09
-0.113594 1.00233e-08
-0.113504 1.01402e-08
-0.113414 1.01172e-08
-0.113324 1.01944e-08
-0.113234 1.02756e-08
-0.113144 1.02167e-08
-0.113054 1.03651e-08
-0.112965 1.03438e-08
-0.112875 1.02963e-08
-0.112785 1.03005e-08
-0.112695 1.02362e-08
-0.112605 1.03986e-08
-0.112515 1.0315e-08
-0.112425 1.06358e-08
-0.112335 1.0688e-08
-0.112245 1.07236e-08
-0.112155 1.0605e-08
-0.112065 1.07862e-08
-0.111976 1.07747e-08
-0.111886 1.08336e-08
-0.111796 1.10744e-08
-0.111706 1.12003e-08
-0.111616 1.12015e-08
-0.111526 1.13427e-08
-0.111436 1.13041e-08
-0.111346 1.11731e-08
-0.111256 1.13609e-08
-0.111166 1.12608e-08
-0.111077 1.1435e-08
-0.110987 1.1499e-08
-0.110897 1.15754e-08
-0.110807 1.16474e-08
-0.110717 1.16831e-08
-0.110627 1.17512e-08
-0.110537 1.17393e-08
-0.110447 1.18355e-08
-0.110357 1.19027e-08
-0.110267 1.19973e-08
-0.110178 1.20573e-08
-0.110088 1.211e-08
-0.109998 1.21602e-08
-0.109908 1.23608e-08
-0.109818 1.23614e-08
-0.109728 1.24722e-08
-0.109638 1.24697e-08
-0.109548 1.25509e-08
-0.109458 1.27354e-08
-0.109368 1.27109e-08
-0.109278 1.27991e-08
-0.109189 1.29546e-08
-0.109099 1.28539e-08
-0.109009 1.29385e-08
-0.108919 1.28352e-08
-0.108829 1.28133e-08
-0.108739 1.29694e-08
-0.108649 1.29284e-08
-0.108559 1.30908e-08
-0.108469 1.3171e-08
-0.108379 1.31953e-08
-0.10829 1.33587e-08
-0.1082 1.34132e-08
-0.10811 1.34712e-08
-0.10802 1.3409e-08
-0.10793 1.34344e-08
-0.10784 1.35162e-08
-0.10775 1.35547e-08
-0.10766 1.35504e-08
-0.10757 1.36744e-08
-0.10748 1.37525e-08
-0.10739 1.38671e-08
-0.107301 1.3879e-08
-0.107211 1.39599e-08
-0.107121 1.39705e-08
-0.107031 1.40694e-08
-0.106941 1.42268e-08
-0.106851 1.43908e-08
-0.106761 1.45786e-08
-0.106671 1.45862e-08
-0.106581 1.4638e-08
-0.106491 1.47556e-08
-0.106402 1.49085e-08
-0.106312 1.49031e-08
-0.106222 1.50746e-08
-0.106132 1.5118e-08
-0.106042 1.52037e-08
-0.105952 1.53207e-08
-0.105862 1.53725e-08
-0.105772 1.53579e-08
-0.105682 1.53468e-08
-0.105592 1.54911e-08
-0.105502 1.55848e-08
-0.105413 1.57049e-08
-0.105323 1.57104e-08
-0.105233 1.56768e-08
-0.105143 1.56462e-08
-0.105053 1.56878e-08
-0.104963 1.56346e-08
-0.104873 1.57274e-08
-0.104783 1.5785e-08
-0.104693 1.57405e-08
-0.104603 1.58148e-08
-0.104514 1.58307e-08
-0.104424 1.58072e-08
-0.104334 1.58687e-08
-0.104244 1.6005e-08
-0.104154 1.61067e-08
-0.104064 1.61983e-08
-0.103974 1.62742e-08
-0.103884 1.63862e-08
-0.103794 1.65358e-08
-0.103704 1.66481e-08
-0.103614 1.67913e-08
-0.103525 1.68383e-08
-0.103435 1.69657e-08
-0.103345 1.69581e-08
-0.103255 1.69184e-08
-0.103165 1.69561e-08
-0.103075 1.69648e-08
-0.102985 1.70235e-08
-0.102895 1.71131e-08
-0.102805 1.72359e-08
-0.102715 1.73513e-08
-0.102626 1.74174e-08
-0.102536 1.75126e-08
-0.102446 1.74992e-08
-0.102356 1.76473e-08
-0.102266 1.76663e-08
-0.102176 1.76637e-08
-0.102086 1.7765e-08
-0.101996 1.77714e-08
-0.101906 1.78152e-08
-0.101816 1.79399e-08
-0.101727 1.78923e-08
-0.101637 1.79357e-08
-0.101547 1.79271e-08
-0.101457 1.79235e-08
-0.101367 1.79589e-08
-0.101277 1.79378e-08
-0.101187 1.79711e-08
-0.101097 1.79405e-08
-0.101007 1.80663e-08
-0.100917 1.80912e-08
-0.100827 1.81193e-08
-0.100738 1.80994e-08
-0.100648 1.80362e-08
-0.100558 1.7944e-08
-0.100468 1.80347e-08
-0.100378 1.80983e-08
-0.100288 1.82052e-08
-0.100198 1.82244e-08
-0.100108 1.82968e-08
-0.100018 1.84005e-08
-0.0999284 1.84233e-08
-0.0998385 1.84742e-08
-0.0997486 1.85354e-08
-0.0996587 1.86203e-08
-0.0995688 1.86698e-08
-0.0994789 1.87861e-08
-0.099389 1.88506e-08
-0.0992991 1.89323e-08
-0.0992092 1.88964e-08
-0.0991193 1.89538e-08
-0.0990294 1.90573e-08
-0.0989395 1.90315e-08
-0.0988496 1.91183e-08
-0.0987597 1.91907e-08
-0.0986698 1.92172e-08
-0.0985799 1.92697e-08
-0.09849 1.92653e-08
-0.0984001 1.93208e-08
-0.0983102 1.93221e-08
-0.0982202 1.93376e-08
-0.0981303 1.94225e-08
-0.0980404 1.94905e-08
-0.0979505 1.95583e-08
-0.0978606 1.96041e-08
-0.0977707 1.9627e-08
-0.0976808 1.96263e-08
-0.0975909 1.96395e-08
-0.097501 1.96779e-08
-0.0974111 1.97869e-08
-0.0973212 1.97886e-08
-0.0972313 1.98832e-08
-0.0971414 1.99526e-08
-0.0970515 1.99628e-08
-0.0969616 2.00258e-08
-0.0968717 2.003e-08
-0.0967818 2.00934e-08
-0.0966919 2.01521e-08
-0.096602 2.02074e-08
-0.0965121 2.02888e-08
-0.0964222 2.03929e-08
-0.0963323 2.03875e-08
-0.0962424 2.04384e-08
-0.0961525 2.04041e-08
-0.0960626 2.05105e-08
-0.0959726 2.05659e-08
-0.0958827 2.0616e-08
-0.0957928 2.06195e-08
-0.0957029 2.06526e-08
-0.095613 2.06423e-08
-0.0955231 2.06604e-08
-0.0954332 2.07474e-08
-0.0953433 2.08332e-08
-0.0952534 2.086e-08
-0.0951635 2.10052e-08
-0.0950736 2.1104e-08
-0.0949837 2.11349e-08
-0.0948938 2.11904e-08
-0.0948039 2.11955e-08
-0.094714 2.12199e-08
-0.0946241 2.12689e-08
-0.0945342 2.14547e-08
-0.0944443 2.14843e-08
-0.0943544 2.15228e-08
-0.0942645 2.15378e-08
-0.0941746 2.15896e-08
-0.0940847 2.15283e-08
-0.0939948 2.1623e-08
-0.0939049 2.16723e-08
-0.0938149 2.16748e-08
-0.093725 2.1711e-08
-0.0936351 2.1788e-08
-0.0935452 2.18004e-08
-0.0934553 2.18187e-08
-0.0933654 2.18499e-08
-0.0932755 2.18228e-08
-0.0931856 2.18857e-08
-0.0930957 2.19412e-08
-0.0930058 2.20105e-08
-0.0929159 2.19613e-08
-0.092826 2.19481e-08
-0.0927361 2.20056e-08
-0.0926462 2.20686e-08
-0.0925563 2.20978e-08
-0.0924664 2.21204e-08
-0.0923765 2.21417e-08
-0.0922866 2.2184e-08
-0.0921967 2.2174e-08
-0.0921068 2.22225e-08
-0.0920169 2.22214e-08
-0.091927 2.21951e-08
-0.0918371 2.22091e-08
-0.0917472 2.23075e-08
-0.0916572 2.23107e-08
-0.0915673 2.23582e-08
-0.0914774 2.23287e-08
-0.0913875 2.23593e-08
-0.0912976 2.24076e-08
-0.0912077 2.24537e-08
-0.0911178 2.24857e-08
-0.0910279 2.24674e-08
-0.090938 2.25323e-08
-0.0908481 2.2611e-08
-0.0907582 2.26201e-08
-0.0906683 2.26829e-08
-0.0905784 2.27257e-08
-0.0904885 2.27861e-08
-0.0903986 2.28809e-08
-0.0903087 2.28349e-08
-0.0902188 2.28759e-08
-0.0901289 2.29165e-08
-0.090039 2.29738e-08
-0.0899491 2.30386e-08
-0.0898592 2.30598e-08
-0.0897693 2.30773e-08
-0.0896794 2.3135e-08
-0.0895895 2.31431e-08
-0.0894995 2.31622e-08
-0.0894096 2.31737e-08
-0.0893197 2.32142e-08
-0.0892298 2.32449e-08
-0.0891399 2.32689e-08
-0.08905 2.32956e-08
-0.0889601 2.33039e-08
-0.0888702 2.33638e-08
-0.0887803 2.33957e-08
-0.0886904 2.34772e-08
-0.0886005 2.34658e-08
-0.0885106 2.35378e-08
-0.0884207 2.35486e-08
-0.0883308 2.35782e-08
-0.0882409 2.36364e-08
-0.088151 2.3638e-08
-0.0880611 2.36983e-08
-0.0879712 2.37218e-08
-0.0878813 2.37522e-08
-0.0877914 2.37216e-08
-0.0877015 2.37527e-08
-0.0876116 2.37743e-08
-0.0875217 2.38158e-08
-0.0874318 2.38079e-08
-0.0873418 2.38712e-08
-0.0872519 2.38357e-08
-0.087162 2.38966e-08
-0.0870721 2.39192e-08
-0.0869822 2.39237e-08
-0.0868923 2.39288e-08
-0.0868024 2.39626e-08
-0.0867125 2.39881e-08
-0.0866226 2.40094e-08
-0.0865327 2.40545e-08
-0.0864428 2.40673e-08
-0.0863529 2.41364e-08
-0.086263 2.41781e-08
-0.0861731 2.4185e-08
-0.0860832 2.41871e-08
-0.0859933 2.42307e-08
-0.0859034 2.42657e-08
-0.0858135 2.4334e-08
-0.0857236 2.4389e-08
-0.0856337 2.44204e-08
-0.0855438 2.44217e-08
-0.0854539 2.44507e-08
-0.085364 2.45045e-08
-0.0852741 2.45167e-08
-0.0851841 2.45256e-08
-0.0850942 2.45662e-08
-0.0850043 2.46158e-08
-0.0849144 2.46139e-08
-0.0848245 2.46401e-08
-0.0847346 2.46616e-08
-0.0846447 2.47184e-08
-0.0845548 2.47138e-08
-0.0844649 2.47019e-08
-0.084375 2.47137e-08
-0.0842851 2.47156e-08
-0.0841952 2.4702e-08
-0.0841053 2.47526e-08
-0.0840154 2.47507e-08
-0.0839255 2.47822e-08
-0.0838356 2.48415e-08
-0.0837457 2.48731e-08
-0.0836558 2.48906e-08
-0.0835659 2.49298e-08
-0.083476 2.49803e-08
-0.0833861 2.5001e-08
-0.0832962 2.50507e-08
-0.0832063 2.50623e-08
-0.0831164 2.50736e-08
-0.0830264 2.51225e-08
-0.0829365 2.51185e-08
-0.0828466 2.51242e-08
-0.0827567 2.51562e-08
-0.0826668 2.51573e-08
-0.0825769 2.51564e-08
-0.082487 2.51463e-08
-0.0823971 2.51441e-08
-0.0823072 2.51794e-08
-0.0822173 2.51402e-08
-0.0821274 2.51784e-08
-0.0820375 2.52269e-08
-0.0819476 2.52275e-08
-0.0818577 2.52396e-08
-0.0817678 2.52555e-08
-0.0816779 2.52816e-08
-0.081588 2.53187e-08
-0.0814981 2.53336e-08
-0.0814082 2.53475e-08
-0.0813183 2.53912e-08
-0.0812284 2.54162e-08
-0.0811385 2.54299e-08
-0.0810486 2.54908e-08
-0.0809587 2.55344e-08
-0.0808687 2.55977e-08
-0.0807788 2.55921e-08
-0.0806889 2.55722e-08
-0.080599 2.55749e-08
-0.0805091 2.56316e-08
-0.0804192 2.56531e-08
-0.0803293 2.56815e-08
-0.0802394 2.57025e-08
-0.0801495 2.57155e-08
-0.0800596 2.57663e-08
-0.0799697 2.57821e-08
-0.0798798 2.57853e-08
-0.0797899 2.58084e-08
-0.0797 2.58497e-08
-0.0796101 2.58459e-08
-0.0795202 2.59121e-08
-0.0794303 2.59153e-08
-0.0793404 2.59628e-08
-0.0792505 2.59906e-08
-0.0791606 2.60153e-08
-0.0790707 2.60542e-08
-0.0789808 2.6059e-08
-0.0788909 2.60853e-08
-0.078801 2.61118e-08
-0.078711 2.61099e-08
-0.0786211 2.61217e-08
-0.0785312 2.61411e-08
-0.0784413 2.61284e-08
-0.0783514 2.61282e-08
-0.0782615 2.61239e-08
-0.0781716 2.61101e-08
-0.0780817 2.61347e-08
-0.0779918 2.61609e-08
-0.0779019 2.61655e-08
-0.077812 2.61942e-08
-0.0777221 2.62043e-08
-0.0776322 2.62412e-08
-0.0775423 2.62603e-08
-0.0774524 2.62993e-08
-0.0773625 2.63116e-08
-0.0772726 2.63198e-08
-0.0771827 2.633e-08
-0.0770928 2.63455e-08
-0.0770029 2.63565e-08
-0.076913 2.63468e-08
-0.0768231 2.63643e-08
-0.0767332 2.6382e-08
-0.0766433 2.63933e-08
-0.0765534 2.63898e-08
-0.0764634 2.64047e-08
-0.0763735 2.63948e-08
-0.0762836 2.64022e-08
-0.0761937 2.63926e-08
-0.0761038 2.63996e-08
-0.0760139 2.64004e-08
-0.075924 2.63928e-08
-0.0758341 2.6391e-08
-0.0757442 2.63839e-08
-0.0756543 2.63792e-08
-0.0755644 2.63742e-08
-0.0754745 2.63792e-08
-0.0753846 2.63665e-08
-0.0752947 2.63936e-08
-0.0752048 2.63868e-08
-0.0751149 2.63954e-08
-0.075025 2.64036e-08
-0.0749351 2.63996e-08
-0.0748452 2.64307e-08
-0.0747553 2.64513e-08
-0.0746654 2.64771e-08
-0.0745755 2.64704e-08
-0.0744856 2.65052e-08
-0.0743957 2.65231e-08
-0.0743057 2.65297e-08
-0.0742158 2.6544e-08
-0.0741259 2.65496e-08
-0.074036 2.65473e-08
-0.0739461 2.6567e-08
-0.0738562 2.65658e-08
-0.0737663 2.65763e-08
-0.0736764 2.65886e-08
-0.0735865 2.65856e-08
-0.0734966 2.65818e-08
-0.0734067 2.65837e-08
-0.0733168 2.66229e-08
-0.0732269 2.66428e-08
-0.073137 2.66718e-08
-0.0730471 2.67074e-08
-0.0729572 2.67217e-08
-0.0728673 2.67293e-08
-0.0727774 2.67422e-08
-0.0726875 2.67654e-08
-0.0725976 2.67845e-08
-0.0725077 2.67841e-08
-0.0724178 2.68236e-08
-0.0723279 2.68407e-08
-0.072238 2.68436e-08
-0.072148 2.68418e-08
-0.0720581 2.68433e-08
-0.0719682 2.68496e-08
-0.0718783 2.68588e-08
-0.0717884 2.68712e-08
-0.0716985 2.6868e-08
-0.0716086 2.68802e-08
-0.0715187 2.68805e-08
-0.0714288 2.6877e-08
-0.0713389 2.687e-08
-0.071249 2.68585e-08
-0.0711591 2.68614e-08
-0.0710692 2.68739e-08
-0.0709793 2.69087e-08
-0.0708894 2.69459e-08
-0.0707995 2.69666e-08
-0.0707096 2.69707e-08
-0.0706197 2.69735e-08
-0.0705298 2.69768e-08
-0.0704399 2.69839e-08
-0.07035 2.69768e-08
-0.0702601 2.69687e-08
-0.0701702 2.69691e-08
-0.0700803 2.69624e-08
-0.0699903 2.69601e-08
-0.0699004 2.69702e-08
-0.0698105 2.69469e-08
-0.0697206 2.69378e-08
-0.0696307 2.6955e-08
-0.0695408 2.69594e-08
-0.0694509 2.69415e-08
-0.069361 2.6936e-08
-0.0692711 2.69424e-08
-0.0691812 2.69358e-08
-0.0690913 2.69416e-08
-0.0690014 2.69459e-08
-0.0689115 2.69448e-08
-0.0688216 2.69525e-08
-0.0687317 2.69642e-08
-0.0686418 2.69552e-08
-0.0685519 2.69426e-08
-0.068462 2.69622e-08
-0.0683721 2.69789e-08
-0.0682822 2.69942e-08
-0.0681923 2.69999e-08
-0.0681024 2.70047e-08
-0.0680125 2.70174e-08
-0.0679226 2.70287e-08
-0.0678326 2.70286e-08
-0.0677427 2.70351e-08
-0.0676528 2.70418e-08
-0.0675629 2.70266e-08
-0.067473 2.70056e-08
-0.0673831 2.70042e-08
-0.0672932 2.7028e-08
-0.0672033 2.70224e-08
-0.0671134 2.70344e-08
-0.0670235 2.70297e-08
-0.0669336 2.70142e-08
-0.0668437 2.70418e-08
-0.0667538 2.70571e-08
-0.0666639 2.70563e-08
-0.066574 2.70615e-08
-0.0664841 2.70729e-08
-0.0663942 2.70908e-08
-0.0663043 2.70971e-08
-0.0662144 2.71023e-08
-0.0661245 2.7099e-08
-0.0660346 2.71072e-08
-0.0659447 2.70894e-08
-0.0658548 2.70971e-08
-0.0657649 2.71248e-08
-0.0656749 2.71309e-08
-0.065585 2.71325e-08
-0.0654951 2.7138e-08
-0.0654052 2.7154e-08
-0.0653153 2.71446e-08
-0.0652254 2.71419e-08
-0.0651355 2.71459e-08
-0.0650456 2.71462e-08
-0.0649557 2.71514e-08
-0.0648658 2.71622e-08
-0.0647759 2.71678e-08
-0.064686 2.71656e-08
-0.0645961 2.71644e-08
-0.0645062 2.71612e-08
-0.0644163 2.71672e-08
-0.0643264 2.71632e-08
-0.0642365 2.71518e-08
-0.0641466 2.71529e-08
-0.0640567 2.71596e-08
-0.0639668 2.7153e-08
-0.0638769 2.71532e-08
-0.063787 2.71436e-08
-0.0636971 2.71316e-08
-0.0636072 2.71355e-08
-0.0635172 2.7126e-08
-0.0634273 2.71205e-08
-0.0633374 2.71125e-08
-0.0632475 2.71141e-08
-0.0631576 2.71161e-08
-0.0630677 2.71198e-08
-0.0629778 2.71105e-08
-0.0628879 2.71084e-08
-0.062798 2.70896e-08
-0.0627081 2.70782e-08
-0.0626182 2.70602e-08
-0.0625283 2.70637e-08
-0.0624384 2.70715e-08
-0.0623485 2.70585e-08
-0.0622586 2.70461e-08
-0.0621687 2.704e-08
-0.0620788 2.70328e-08
-0.0619889 2.70327e-08
-0.061899 2.70308e-08
-0.0618091 2.70342e-08
-0.0617192 2.70311e-08
-0.0616293 2.70174e-08
-0.0615394 2.70035e-08
-0.0614495 2.70033e-08
-0.0613595 2.69973e-08
-0.0612696 2.69924e-08
-0.0611797 2.69926e-08
-0.0610898 2.69952e-08
-0.0609999 2.70006e-08
-0.06091 2.69894e-08
-0.0608201 2.69856e-08
-0.0607302 2.69974e-08
-0.0606403 2.69996e-08
-0.0605504 2.69892e-08
-0.0604605 2.69825e-08
-0.0603706 2.69848e-08
-0.0602807 2.69879e-08
-0.0601908 2.69703e-08
-0.0601009 2.69687e-08
-0.060011 2.69728e-08
-0.0599211 2.69831e-08
-0.0598312 2.69612e-08
-0.0597413 2.69737e-08
-0.0596514 2.69646e-08
-0.0595615 2.69439e-08
-0.0594716 2.69395e-08
-0.0593817 2.69425e-08
-0.0592918 2.6936e-08
-0.0592018 2.69447e-08
-0.0591119 2.69274e-08
-0.059022 2.6933e-08
-0.0589321 2.69294e-08
-0.0588422 2.69386e-08
-0.0587523 2.69562e-08
-0.0586624 2.69535e-08
-0.0585725 2.69518e-08
-0.0584826 2.6957e-08
-0.0583927 2.69656e-08
-0.0583028 2.69564e-08
-0.0582129 2.69473e-08
-0.058123 2.69543e-08
-0.0580331 2.69688e-08
-0.0579432 2.69664e-08
-0.0578533 2.69628e-08
-0.0577634 2.69562e-08
-0.0576735 2.69658e-08
-0.0575836 2.69651e-08
-0.0574937 2.69577e-08
-0.0574038 2.69501e-08
-0.0573139 2.69362e-08
-0.057224 2.69502e-08
-0.0571341 2.69575e-08
-0.0570442 2.6955e-08
-0.0569542 2.69565e-08
-0.0568643 2.69359e-08
-0.0567744 2.69329e-08
-0.0566845 2.69394e-08
-0.0565946 2.69362e-08
-0.0565047 2.69335e-08
-0.0564148 2.69326e-08
-0.0563249 2.69209e-08
-0.056235 2.69108e-08
-0.0561451 2.69098e-08
-0.0560552 2.69156e-08
-0.0559653 2.6904e-08
-0.0558754 2.69012e-08
-0.0557855 2.69003e-08
-0.0556956 2.68979e-08
-0.0556057 2.68901e-08
-0.0555158 2.68797e-08
-0.0554259 2.68735e-08
-0.055336 2.68751e-08
-0.0552461 2.68664e-08
-0.0551562 2.68562e-08
-0.0550663 2.68352e-08
-0.0549764 2.68262e-08
-0.0548865 2.68277e-08
-0.0547965 2.68078e-08
-0.0547066 2.68041e-08
-0.0546167 2.67873e-08
-0.0545268 2.67775e-08
-0.0544369 2.67628e-08
-0.054347 2.67559e-08
-0.0542571 2.67499e-08
-0.0541672 2.6739e-08
-0.0540773 2.67312e-08
-0.0539874 2.67214e-08
-0.0538975 2.67097e-08
-0.0538076 2.66955e-08
-0.0537177 2.66744e-08
-0.0536278 2.66532e-08
-0.0535379 2.66487e-08
-0.053448 2.6634e-08
-0.0533581 2.66303e-08
-0.0532682 2.66151e-08
-0.0531783 2.66029e-08
-0.0530884 2.6593e-08
-0.0529985 2.65702e-08
-0.0529086 2.65602e-08
-0.0528187 2.65328e-08
-0.0527288 2.65183e-08
-0.0526388 2.64985e-08
-0.0525489 2.64837e-08
-0.052459 2.64649e-08
-0.0523691 2.64417e-08
-0.0522792 2.64227e-08
-0.0521893 2.641e-08
-0.0520994 2.63942e-08
-0.0520095 2.63753e-08
-0.0519196 2.63498e-08
-0.0518297 2.63265e-08
-0.0517398 2.62989e-08
-0.0516499 2.62725e-08
-0.05156 2.62519e-08
-0.0514701 2.62315e-08
-0.0513802 2.62169e-08
-0.0512903 2.61988e-08
-0.0512004 2.61789e-08
-0.0511105 2.61608e-08
-0.0510206 2.61363e-08
-0.0509307 2.612e-08
-0.0508408 2.60971e-08
-0.0507509 2.60785e-08
-0.050661 2.60579e-08
-0.0505711 2.60313e-08
-0.0504811 2.60111e-08
-0.0503912 2.5996e-08
-0.0503013 2.59766e-08
-0.0502114 2.59575e-08
-0.0501215 2.59342e-08
-0.0500316 2.59075e-08
-0.0499417 2.58932e-08
-0.0498518 2.58701e-08
-0.0497619 2.58513e-08
-0.049672 2.58221e-08
-0.0495821 2.57908e-08
-0.0494922 2.57647e-08
-0.0494023 2.5745e-08
-0.0493124 2.57222e-08
-0.0492225 2.5696e-08
-0.0491326 2.56646e-08
-0.0490427 2.56365e-08
-0.0489528 2.56117e-08
-0.0488629 2.55921e-08
-0.048773 2.55646e-08
-0.0486831 2.55425e-08
-0.0485932 2.5509e-08
-0.0485033 2.54832e-08
-0.0484134 2.54588e-08
-0.0483234 2.54309e-08
-0.0482335 2.53944e-08
-0.0481436 2.53688e-08
-0.0480537 2.53409e-08
-0.0479638 2.5313e-08
-0.0478739 2.52818e-08
-0.047784 2.52616e-08
-0.0476941 2.5225e-08
-0.0476042 2.52063e-08
-0.0475143 2.51794e-08
-0.0474244 2.51562e-08
-0.0473345 2.51282e-08
-0.0472446 2.50991e-08
-0.0471547 2.50702e-08
-0.0470648 2.50351e-08
-0.0469749 2.5014e-08
-0.046885 2.49762e-08
-0.0467951 2.49443e-08
-0.0467052 2.49159e-08
-0.0466153 2.48847e-08
-0.0465254 2.48615e-08
-0.0464355 2.48223e-08
-0.0463456 2.47984e-08
-0.0462557 2.47753e-08
-0.0461657 2.47553e-08
-0.0460758 2.47233e-08
-0.0459859 2.46865e-08
-0.045896 2.46553e-08
-0.0458061 2.46238e-08
-0.0457162 2.45934e-08
-0.0456263 2.45578e-08
-0.0455364 2.45283e-08
-0.0454465 2.44912e-08
-0.0453566 2.44598e-08
-0.0452667 2.44407e-08
-0.0451768 2.44142e-08
-0.0450869 2.43824e-08
-0.044997 2.43488e-08
-0.0449071 2.43078e-08
-0.0448172 2.42742e-08
-0.0447273 2.42498e-08
-0.0446374 2.42242e-08
-0.0445475 2.41972e-08
-0.0444576 2.41728e-08
-0.0443677 2.41481e-08
-0.0442778 2.41265e-08
-0.0441879 2.40988e-08
-0.044098 2.40683e-08
-0.044008 2.40406e-08
-0.0439181 2.4006e-08
-0.0438282 2.39844e-08
-0.0437383 2.39569e-08
-0.0436484 2.39338e-08
-0.0435585 2.39075e-08
-0.0434686 2.38834e-08
-0.0433787 2.38486e-08
-0.0432888 2.38195e-08
-0.0431989 2.37844e-08
-0.043109 2.37592e-08
-0.0430191 2.37317e-08
-0.0429292 2.36981e-08
-0.0428393 2.36592e-08
-0.0427494 2.36268e-08
-0.0426595 2.36064e-08
-0.0425696 2.35735e-08
-0.0424797 2.35327e-08
-0.0423898 2.34969e-08
-0.0422999 2.3458e-08
-0.04221 2.34238e-08
-0.0421201 2.33887e-08
-0.0420302 2.33519e-08
-0.0419403 2.33097e-08
-0.0418503 2.32771e-08
-0.0417604 2.32361e-08
-0.0416705 2.32008e-08
-0.0415806 2.31653e-08
-0.0414907 2.31264e-08
-0.0414008 2.3094e-08
-0.0413109 2.30575e-08
-0.041221 2.30276e-08
-0.0411311 2.29928e-08
-0.0410412 2.29566e-08
-0.0409513 2.29205e-08
-0.0408614 2.28837e-08
-0.0407715 2.28495e-08
-0.0406816 2.28189e-08
-0.0405917 2.27834e-08
-0.0405018 2.27487e-08
-0.0404119 2.27121e-08
-0.040322 2.26806e-08
-0.0402321 2.2638e-08
-0.0401422 2.26038e-08
-0.0400523 2.25642e-08
-0.0399624 2.25319e-08
-0.0398725 2.24962e-08
-0.0397826 2.24612e-08
-0.0396927 2.24244e-08
-0.0396027 2.23902e-08
-0.0395128 2.23553e-08
-0.0394229 2.23157e-08
-0.039333 2.22735e-08
-0.0392431 2.22327e-08
-0.0391532 2.21917e-08
-0.0390633 2.21557e-08
-0.0389734 2.21183e-08
-0.0388835 2.20837e-08
-0.0387936 2.20413e-08
-0.0387037 2.20054e-08
-0.0386138 2.19694e-08
-0.0385239 2.19277e-08
-0.038434 2.18836e-08
-0.0383441 2.1838e-08
-0.0382542 2.17935e-08
-0.0381643 2.17556e-08
-0.0380744 2.17266e-08
-0.0379845 2.16845e-08
-0.0378946 2.16419e-08
-0.0378047 2.16019e-08
-0.0377148 2.15551e-08
-0.0376249 2.15165e-08
-0.037535 2.14799e-08
-0.037445 2.14379e-08
-0.0373551 2.1401e-08
-0.0372652 2.13605e-08
-0.0371753 2.13133e-08
-0.0370854 2.12737e-08
-0.0369955 2.12273e-08
-0.0369056 2.11856e-08
-0.0368157 2.11433e-08
-0.0367258 2.1107e-08
-0.0366359 2.10698e-08
-0.036546 2.10261e-08
-0.0364561 2.09768e-08
-0.0363662 2.09369e-08
-0.0362763 2.08897e-08
-0.0361864 2.08502e-08
-0.0360965 2.08074e-08
-0.0360066 2.07657e-08
-0.0359167 2.0726e-08
-0.0358268 2.06871e-08
-0.0357369 2.065e-08
-0.035647 2.0616e-08
-0.0355571 2.05801e-08
-0.0354672 2.05418e-08
-0.0353773 2.05007e-08
-0.0352873 2.04522e-08
-0.0351974 2.04021e-08
-0.0351075 2.03678e-08
-0.0350176 2.03206e-08
-0.0349277 2.02807e-08
-0.0348378 2.02429e-08
-0.0347479 2.02019e-08
-0.034658 2.0162e-08
-0.0345681 2.0117e-08
-0.0344782 2.00782e-08
-0.0343883 2.00423e-08
-0.0342984 2.00043e-08
-0.0342085 1.9962e-08
-0.0341186 1.99223e-08
-0.0340287 1.98856e-08
-0.0339388 1.98434e-08
-0.0338489 1.98006e-08
-0.033759 1.97607e-08
-0.0336691 1.97266e-08
-0.0335792 1.96824e-08
-0.0334893 1.96308e-08
-0.0333994 1.95872e-08
-0.0333095 1.95382e-08
-0.0332196 1.95038e-08
-0.0331296 1.94612e-08
-0.0330397 1.94279e-08
-0.0329498 1.93855e-08
-0.0328599 1.93462e-08
-0.03277 1.93009e-08
-0.0326801 1.92616e-08
-0.0325902 1.9233e-08
-0.0325003 1.91855e-08
-0.0324104 1.91414e-08
-0.0323205 1.91055e-08
-0.0322306 1.90607e-08
-0.0321407 1.90197e-08
-0.0320508 1.89824e-08
-0.0319609 1.8936e-08
-0.031871 1.88847e-08
-0.0317811 1.88351e-08
-0.0316912 1.87863e-08
-0.0316013 1.87462e-08
-0.0315114 1.86995e-08
-0.0314215 1.86552e-08
-0.0313316 1.8616e-08
-0.0312417 1.85736e-08
-0.0311518 1.85238e-08
-0.0310619 1.84882e-08
-0.0309719 1.84496e-08
-0.030882 1.84008e-08
-0.0307921 1.83588e-08
-0.0307022 1.83128e-08
-0.0306123 1.8273e-08
-0.0305224 1.82283e-08
-0.0304325 1.81827e-08
-0.0303426 1.81378e-08
-0.0302527 1.80953e-08
-0.0301628 1.80509e-08
-0.0300729 1.80098e-08
-0.029983 1.79736e-08
-0.0298931 1.79328e-08
-0.0298032 1.78912e-08
-0.0297133 1.78518e-08
-0.0296234 1.7811e-08
-0.0295335 1.77669e-08
-0.0294436 1.77239e-08
-0.0293537 1.76763e-08
-0.0292638 1.76289e-08
-0.0291739 1.75903e-08
-0.029084 1.75516e-08
-0.0289941 1.75062e-08
-0.0289042 1.74636e-08
-0.0288142 1.74147e-08
-0.0287243 1.73758e-08
-0.0286344 1.73271e-08
-0.0285445 1.7282e-08
-0.0284546 1.72381e-08
-0.0283647 1.7188e-08
-0.0282748 1.71353e-08
-0.0281849 1.70893e-08
-0.028095 1.70387e-08
-0.0280051 1.69926e-08
-0.0279152 1.69466e-08
-0.0278253 1.68978e-08
-0.0277354 1.68487e-08
-0.0276455 1.68095e-08
-0.0275556 1.6767e-08
-0.0274657 1.67184e-08
-0.0273758 1.66737e-08
-0.0272859 1.6624e-08
-0.027196 1.65768e-08
-0.0271061 1.65341e-08
-0.0270162 1.64917e-08
-0.0269263 1.64468e-08
-0.0268364 1.64036e-08
-0.0267465 1.63555e-08
-0.0266565 1.63077e-08
-0.0265666 1.6266e-08
-0.0264767 1.62119e-08
-0.0263868 1.61646e-08
-0.0262969 1.612e-08
-0.026207 1.60727e-08
-0.0261171 1.60211e-08
-0.0260272 1.59758e-08
-0.0259373 1.59293e-08
-0.0258474 1.5889e-08
-0.0257575 1.58498e-08
-0.0256676 1.57959e-08
-0.0255777 1.57544e-08
-0.0254878 1.57086e-08
-0.0253979 1.56607e-08
-0.025308 1.5615e-08
-0.0252181 1.55703e-08
-0.0251282 1.55237e-08
-0.0250383 1.54706e-08
-0.0249484 1.54274e-08
-0.0248585 1.53763e-08
-0.0247686 1.53373e-08
-0.0246787 1.52905e-08
-0.0245888 1.52395e-08
-0.0244988 1.51952e-08
-0.0244089 1.51562e-08
-0.024319 1.51113e-08
-0.0242291 1.50677e-08
-0.0241392 1.50231e-08
-0.0240493 1.49828e-08
-0.0239594 1.49404e-08
-0.0238695 1.48992e-08
-0.0237796 1.48523e-08
-0.0236897 1.48095e-08
-0.0235998 1.47602e-08
-0.0235099 1.47077e-08
-0.02342 1.46627e-08
-0.0233301 1.46148e-08
-0.0232402 1.45698e-08
-0.0231503 1.45213e-08
-0.0230604 1.44759e-08
-0.0229705 1.44346e-08
-0.0228806 1.43865e-08
-0.0227907 1.43352e-08
-0.0227008 1.42957e-08
-0.0226109 1.42505e-08
-0.022521 1.42026e-08
-0.0224311 1.41517e-08
-0.0223411 1.41087e-08
-0.0222512 1.40609e-08
-0.0221613 1.40114e-08
-0.0220714 1.3958e-08
-0.0219815 1.39166e-08
-0.0218916 1.38679e-08
-0.0218017 1.38251e-08
-0.0217118 1.37776e-08
-0.0216219 1.37339e-08
-0.021532 1.36868e-08
-0.0214421 1.36365e-08
-0.0213522 1.35919e-08
-0.0212623 1.35376e-08
-0.0211724 1.34849e-08
-0.0210825 1.34346e-08
-0.0209926 1.33841e-08
-0.0209027 1.33411e-08
-0.0208128 1.32908e-08
-0.0207229 1.32406e-08
-0.020633 1.31881e-08
-0.0205431 1.31382e-08
-0.0204532 1.30892e-08
-0.0203633 1.3044e-08
-0.0202734 1.29963e-08
-0.0201835 1.29492e-08
-0.0200935 1.28995e-08
-0.0200036 1.28489e-08
-0.0199137 1.2798e-08
-0.0198238 1.27445e-08
-0.0197339 1.26947e-08
-0.019644 1.26463e-08
-0.0195541 1.25926e-08
-0.0194642 1.25364e-08
-0.0193743 1.24888e-08
-0.0192844 1.24423e-08
-0.0191945 1.23909e-08
-0.0191046 1.23457e-08
-0.0190147 1.22957e-08
-0.0189248 1.22425e-08
-0.0188349 1.21911e-08
-0.018745 1.21377e-08
-0.0186551 1.20883e-08
-0.0185652 1.20386e-08
-0.0184753 1.19822e-08
-0.0183854 1.19285e-08
-0.0182955 1.1873e-08
-0.0182056 1.18212e-08
-0.0181157 1.17703e-08
-0.0180258 1.17222e-08
-0.0179358 1.1672e-08
-0.0178459 1.16172e-08
-0.017756 1.15656e-08
-0.0176661 1.15159e-08
-0.0175762 1.14613e-08
-0.0174863 1.14067e-08
-0.0173964 1.13514e-08
-0.0173065 1.1301e-08
-0.0172166 1.12428e-08
-0.0171267 1.11924e-08
-0.0170368 1.11455e-08
-0.0169469 1.10916e-08
-0.016857 1.10423e-08
-0.0167671 1.09872e-08
-0.0166772 1.09319e-08
-0.0165873 1.0875e-08
-0.0164974 1.08246e-08
-0.0164075 1.07664e-08
-0.0163176 1.07122e-08
-0.0162277 1.06581e-08
-0.0161378 1.06031e-08
-0.0160479 1.0552e-08
-0.015958 1.0497e-08
-0.0158681 1.04438e-08
-0.0157781 1.03928e-08
-0.0156882 1.03421e-08
-0.0155983 1.02875e-08
-0.0155084 1.02277e-08
-0.0154185 1.01685e-08
-0.0153286 1.01138e-08
-0.0152387 1.00551e-08
-0.0151488 9.9996e-09
-0.0150589 9.94527e-09
-0.014969 9.89336e-09
-0.0148791 9.8391e-09
-0.0147892 9.78199e-09
-0.0146993 9.72896e-09
-0.0146094 9.67669e-09
-0.0145195 9.62908e-09
-0.0144296 9.57361e-09
-0.0143397 9.51896e-09
-0.0142498 9.46618e-09
-0.0141599 9.40726e-09
-0.01407 9.35704e-09
-0.0139801 9.30364e-09
-0.0138902 9.23958e-09
-0.0138003 9.17691e-09
-0.0137104 9.12147e-09
-0.0136204 9.06286e-09
-0.0135305 9.00874e-09
-0.0134406 8.95748e-09
-0.0133507 8.89519e-09
-0.0132608 8.84383e-09
-0.0131709 8.79165e-09
-0.013081 8.74055e-09
-0.0129911 8.68822e-09
-0.0129012 8.63175e-09
-0.0128113 8.57522e-09
-0.0127214 8.5157e-09
-0.0126315 8.46246e-09
-0.0125416 8.40377e-09
-0.0124517 8.34646e-09
-0.0123618 8.29336e-09
-0.0122719 8.23937e-09
-0.012182 8.18307e-09
-0.0120921 8.13274e-09
-0.0120022 8.07904e-09
-0.0119123 8.0214e-09
-0.0118224 7.95995e-09
-0.0117325 7.9049e-09
-0.0116426 7.84399e-09
-0.0115527 7.79422e-09
-0.0114627 7.73199e-09
-0.0113728 7.67259e-09
-0.0112829 7.61364e-09
-0.011193 7.5511e-09
-0.0111031 7.49688e-09
-0.0110132 7.4404e-09
-0.0109233 7.3836e-09
-0.0108334 7.32291e-09
-0.0107435 7.27055e-09
-0.0106536 7.21818e-09
-0.0105637 7.15725e-09
-0.0104738 7.1039e-09
-0.0103839 7.03994e-09
-0.010294 6.98145e-09
-0.0102041 6.92374e-09
-0.0101142 6.86664e-09
-0.0100243 6.81428e-09
-0.00993438 6.75613e-09
-0.00984447 6.70033e-09
-0.00975457 6.63722e-09
-0.00966466 6.57848e-09
-0.00957476 6.52476e-09
-0.00948486 6.46626e-09
-0.00939495 6.40729e-09
-0.00930505 6.35062e-09
-0.00921514 6.2901e-09
-0.00912524 6.22926e-09
-0.00903534 6.17703e-09
-0.00894543 6.12375e-09
-0.00885553 6.0653e-09
-0.00876562 6.00956e-09
-0.00867572 5.94769e-09
-0.00858582 5.89129e-09
-0.00849591 5.83514e-09
-0.00840601 5.77528e-09
-0.0083161 5.71609e-09
-0.0082262 5.66268e-09
-0.00813629 5.6056e-09
-0.00804639 5.54806e-09
-0.00795649 5.49114e-09
-0.00786658 5.43572e-09
-0.00777668 5.37595e-09
-0.00768677 5.3208e-09
-0.00759687 5.2587e-09
-0.00750697 5.20006e-09
-0.00741706 5.14325e-09
-0.00732716 5.08151e-09
-0.00723725 5.02414e-09
-0.00714735 4.96912e-09
-0.00705744 4.91313e-09
-0.00696754 4.85229e-09
-0.00687764 4.79198e-09
-0.00678773 4.73823e-09
-0.00669783 4.67896e-09
-0.00660792 4.62251e-09
-0.00651802 4.55691e-09
-0.00642812 4.49916e-09
-0.00633821 4.4421e-09
-0.00624831 4.38094e-09
-0.0061584 4.32309e-09
-0.0060685 4.26284e-09
-0.00597859 4.20678e-09
-0.00588869 4.14866e-09
-0.00579879 4.0852e-09
-0.00570888 4.03115e-09
-0.00561898 3.96876e-09
-0.00552907 3.90657e-09
-0.00543917 3.84286e-09
-0.00534927 3.78547e-09
-0.00525936 3.7254e-09
-0.00516946 3.66478e-09
-0.00507955 3.60288e-09
-0.00498965 3.53881e-09
-0.00489975 3.48365e-09
-0.00480984 3.42143e-09
-0.00471994 3.35405e-09
-0.00463003 3.29559e-09
-0.00454013 3.23138e-09
-0.00445022 3.16908e-09
-0.00436032 3.10899e-09
-0.00427042 3.04615e-09
-0.00418051 2.98495e-09
-0.00409061 2.92513e-09
-0.0040007 2.85795e-09
-0.0039108 2.79498e-09
-0.0038209 2.73251e-09
-0.00373099 2.66449e-09
-0.00364109 2.59723e-09
-0.00355118 2.53695e-09
-0.00346128 2.47208e-09
-0.00337137 2.41178e-09
-0.00328147 2.34708e-09
-0.00319157 2.27868e-09
-0.00310166 2.22024e-09
-0.00301176 2.15622e-09
-0.00292185 2.0904e-09
-0.00283195 2.02731e-09
-0.00274205 1.95827e-09
-0.00265214 1.88946e-09
-0.00256224 1.8261e-09
-0.00247233 1.76475e-09
-0.00238243 1.7013e-09
-0.00229252 1.641e-09
-0.00220262 1.57128e-09
-0.00211272 1.50551e-09
-0.00202281 1.44218e-09
-0.00193291 1.38065e-09
-0.001843 1.31708e-09
-0.0017531 1.24704e-09
-0.0016632 1.18095e-09
-0.00157329 1.11565e-09
-0.00148339 1.05437e-09
-0.00139348 9.92342e-10
-0.00130358 9.36474e-10
-0.00121368 8.72727e-10
-0.00112377 8.05932e-10
-0.00103387 7.4046e-10
-0.000943963 6.7807e-10
-0.000854059 6.20619e-10
-0.000764154 5.53769e-10
-0.00067425 4.8843e-10
-0.000584346 4.25542e-10
-0.000494442 3.64195e-10
-0.000404538 3.05368e-10
-0.000314634 2.48595e-10
-0.00022473 1.87277e-10
-0.000134825 1.25467e-10
-4.49212e-05 6.45131e-11
4.49829e-05 0
0.000134887 -5.59075e-11
0.000224791 -1.17048e-10
0.000314695 -1.81298e-10
0.0004046 -2.39128e-10
0.000494504 -3.03747e-10
0.000584408 -3.61103e-10
0.000674312 -4.15382e-10
0.000764216 -4.77357e-10
0.00085412 -5.37384e-10
0.000944024 -5.9179e-10
0.00103393 -6.53501e-10
0.00112383 -7.14294e-10
0.00121374 -7.71503e-10
0.00130364 -8.32641e-10
0.00139355 -8.87936e-10
0.00148345 -9.46669e-10
0.00157335 -1.00857e-09
0.00166326 -1.06352e-09
0.00175316 -1.12135e-09
0.00184307 -1.18621e-09
0.00193297 -1.24157e-09
0.00202287 -1.29897e-09
0.00211278 -1.35853e-09
0.00220268 -1.4172e-09
0.00229259 -1.47741e-09
0.00238249 -1.53374e-09
0.00247239 -1.59047e-09
0.0025623 -1.64738e-09
0.0026522 -1.70936e-09
0.00274211 -1.76421e-09
0.00283201 -1.82725e-09
0.00292192 -1.88789e-09
0.00301182 -1.94611e-09
0.00310172 -2.00673e-09
0.00319163 -2.06087e-09
0.00328153 -2.1224e-09
0.00337144 -2.18158e-09
0.00346134 -2.2364e-09
0.00355124 -2.29593e-09
0.00364115 -2.35534e-09
0.00373105 -2.41976e-09
0.00382096 -2.47612e-09
0.00391086 -2.53648e-09
0.00400077 -2.59637e-09
0.00409067 -2.65864e-09
0.00418057 -2.71792e-09
0.00427048 -2.774e-09
0.00436038 -2.83684e-09
0.00445029 -2.89343e-09
0.00454019 -2.94834e-09
0.00463009 -3.01223e-09
0.00472 -3.07108e-09
0.0048099 -3.13777e-09
0.00489981 -3.19654e-09
0.00498971 -3.25744e-09
0.00507962 -3.32187e-09
0.00516952 -3.38671e-09
0.00525942 -3.4467e-09
0.00534933 -3.50709e-09
0.00543923 -3.5721e-09
0.00552914 -3.63491e-09
0.00561904 -3.69371e-09
0.00570894 -3.75752e-09
0.00579885 -3.81576e-09
0.00588875 -3.88242e-09
0.00597866 -3.94833e-09
0.00606856 -4.0074e-09
0.00615846 -4.07e-09
0.00624837 -4.13557e-09
0.00633827 -4.19896e-09
0.00642818 -4.2625e-09
0.00651808 -4.32861e-09
0.00660799 -4.39084e-09
0.00669789 -4.44619e-09
0.00678779 -4.51245e-09
0.0068777 -4.57315e-09
0.0069676 -4.64346e-09
0.00705751 -4.70767e-09
0.00714741 -4.7683e-09
0.00723731 -4.82785e-09
0.00732722 -4.88773e-09
0.00741712 -4.95416e-09
0.00750703 -5.01454e-09
0.00759693 -5.08008e-09
0.00768684 -5.14508e-09
0.00777674 -5.20271e-09
0.00786664 -5.26757e-09
0.00795655 -5.33238e-09
0.00804645 -5.39821e-09
0.00813636 -5.45265e-09
0.00822626 -5.51401e-09
0.00831616 -5.56752e-09
0.00840607 -5.62515e-09
0.00849597 -5.68995e-09
0.00858588 -5.74747e-09
0.00867578 -5.80963e-09
0.00876569 -5.8687e-09
0.00885559 -5.92964e-09
0.00894549 -5.9929e-09
0.0090354 -6.05765e-09
0.0091253 -6.11623e-09
0.00921521 -6.17852e-09
0.00930511 -6.24343e-09
0.00939501 -6.29974e-09
0.00948492 -6.35848e-09
0.00957482 -6.42176e-09
0.00966473 -6.47761e-09
0.00975463 -6.54004e-09
0.00984453 -6.59941e-09
0.00993444 -6.6644e-09
0.0100243 -6.72684e-09
0.0101142 -6.78959e-09
0.0102042 -6.85127e-09
0.0102941 -6.90517e-09
0.010384 -6.97003e-09
0.0104739 -7.03222e-09
0.0105638 -7.08901e-09
0.0106537 -7.15304e-09
0.0107436 -7.20686e-09
0.0108335 -7.25908e-09
0.0109234 -7.32214e-09
0.0110133 -7.38763e-09
0.0111032 -7.44391e-09
0.0111931 -7.50947e-09
0.011283 -7.57102e-09
0.0113729 -7.63208e-09
0.0114628 -7.69754e-09
0.0115527 -7.76045e-09
0.0116426 -7.82159e-09
0.0117325 -7.87929e-09
0.0118224 -7.9385e-09
0.0119123 -8.00296e-09
0.0120022 -8.06358e-09
0.0120921 -8.12448e-09
0.012182 -8.17963e-09
0.0122719 -8.24359e-09
0.0123619 -8.29726e-09
0.0124518 -8.35482e-09
0.0125417 -8.41921e-09
0.0126316 -8.48457e-09
0.0127215 -8.54676e-09
0.0128114 -8.60519e-09
0.0129013 -8.66393e-09
0.0129912 -8.72372e-09
0.0130811 -8.78024e-09
0.013171 -8.84081e-09
0.0132609 -8.89769e-09
0.0133508 -8.9518e-09
0.0134407 -9.01679e-09
0.0135306 -9.07326e-09
0.0136205 -9.13375e-09
0.0137104 -9.19312e-09
0.0138003 -9.25627e-09
0.0138902 -9.31627e-09
0.0139801 -9.38356e-09
0.01407 -9.4442e-09
0.0141599 -9.49845e-09
0.0142498 -9.55907e-09
0.0143397 -9.61354e-09
0.0144296 -9.67003e-09
0.0145196 -9.72605e-09
0.0146095 -9.78524e-09
0.0146994 -9.84018e-09
0.0147893 -9.89568e-09
0.0148792 -9.95719e-09
0.0149691 -1.00185e-08
0.015059 -1.00806e-08
0.0151489 -1.0139e-08
0.0152388 -1.01921e-08
0.0153287 -1.02481e-08
0.0154186 -1.03032e-08
0.0155085 -1.03606e-08
0.0155984 -1.04188e-08
0.0156883 -1.04763e-08
0.0157782 -1.05318e-08
0.0158681 -1.05851e-08
0.015958 -1.06441e-08
0.0160479 -1.07062e-08
0.0161378 -1.07622e-08
0.0162277 -1.08226e-08
0.0163176 -1.08786e-08
0.0164075 -1.09329e-08
0.0164974 -1.0987e-08
0.0165873 -1.10502e-08
0.0166773 -1.11081e-08
0.0167672 -1.1161e-08
0.0168571 -1.12194e-08
0.016947 -1.12751e-08
0.0170369 -1.13314e-08
0.0171268 -1.13902e-08
0.0172167 -1.145e-08
0.0173066 -1.15162e-08
0.0173965 -1.15764e-08
0.0174864 -1.16324e-08
0.0175763 -1.16886e-08
0.0176662 -1.17472e-08
0.0177561 -1.18056e-08
0.017846 -1.18669e-08
0.0179359 -1.1925e-08
0.0180258 -1.19837e-08
0.0181157 -1.20391e-08
0.0182056 -1.20928e-08
0.0182955 -1.21553e-08
0.0183854 -1.22146e-08
0.0184753 -1.22788e-08
0.0185652 -1.23417e-08
0.0186551 -1.24063e-08
0.018745 -1.24685e-08
0.0188349 -1.2532e-08
0.0189249 -1.26004e-08
0.0190148 -1.26547e-08
0.0191047 -1.27154e-08
0.0191946 -1.27772e-08
0.0192845 -1.28439e-08
0.0193744 -1.29021e-08
0.0194643 -1.29619e-08
0.0195542 -1.30268e-08
0.0196441 -1.30973e-08
0.019734 -1.31533e-08
0.0198239 -1.32136e-08
0.0199138 -1.32786e-08
0.0200037 -1.33405e-08
0.0200936 -1.33968e-08
0.0201835 -1.34586e-08
0.0202734 -1.35169e-08
0.0203633 -1.35792e-08
0.0204532 -1.36344e-08
0.0205431 -1.36949e-08
0.020633 -1.37589e-08
0.0207229 -1.38192e-08
0.0208128 -1.38822e-08
0.0209027 -1.39468e-08
0.0209926 -1.40082e-08
0.0210826 -1.40701e-08
0.0211725 -1.41301e-08
0.0212624 -1.41906e-08
0.0213523 -1.42559e-08
0.0214422 -1.43155e-08
0.0215321 -1.4366e-08
0.021622 -1.44262e-08
0.0217119 -1.4488e-08
0.0218018 -1.45438e-08
0.0218917 -1.46074e-08
0.0219816 -1.46635e-08
0.0220715 -1.47252e-08
0.0221614 -1.47863e-08
0.0222513 -1.48485e-08
0.0223412 -1.49062e-08
0.0224311 -1.49685e-08
0.022521 -1.5031e-08
0.0226109 -1.50848e-08
0.0227008 -1.51529e-08
0.0227907 -1.52181e-08
0.0228806 -1.52783e-08
0.0229705 -1.53405e-08
0.0230604 -1.53932e-08
0.0231503 -1.54556e-08
0.0232403 -1.55177e-08
0.0233302 -1.55792e-08
0.0234201 -1.56337e-08
0.02351 -1.57012e-08
0.0235999 -1.5759e-08
0.0236898 -1.58198e-08
0.0237797 -1.5887e-08
0.0238696 -1.59521e-08
0.0239595 -1.60158e-08
0.0240494 -1.60798e-08
0.0241393 -1.61403e-08
0.0242292 -1.61996e-08
0.0243191 -1.62628e-08
0.024409 -1.63199e-08
0.0244989 -1.63857e-08
0.0245888 -1.64502e-08
0.0246787 -1.65091e-08
0.0247686 -1.65697e-08
0.0248585 -1.66304e-08
0.0249484 -1.66893e-08
0.0250383 -1.6746e-08
0.0251282 -1.68049e-08
0.0252181 -1.68585e-08
0.025308 -1.69171e-08
0.025398 -1.69783e-08
0.0254879 -1.70379e-08
0.0255778 -1.70955e-08
0.0256677 -1.71636e-08
0.0257576 -1.72212e-08
0.0258475 -1.7283e-08
0.0259374 -1.73447e-08
0.0260273 -1.74117e-08
0.0261172 -1.74761e-08
0.0262071 -1.75291e-08
0.026297 -1.75858e-08
0.0263869 -1.76471e-08
0.0264768 -1.77105e-08
0.0265667 -1.77755e-08
0.0266566 -1.78418e-08
0.0267465 -1.79055e-08
0.0268364 -1.79652e-08
0.0269263 -1.80301e-08
0.0270162 -1.80923e-08
0.0271061 -1.81553e-08
0.027196 -1.822e-08
0.0272859 -1.8284e-08
0.0273758 -1.83444e-08
0.0274657 -1.84081e-08
0.0275557 -1.84738e-08
0.0276456 -1.85359e-08
0.0277355 -1.86024e-08
0.0278254 -1.86613e-08
0.0279153 -1.87296e-08
0.0280052 -1.87979e-08
0.0280951 -1.88551e-08
0.028185 -1.89204e-08
0.0282749 -1.89866e-08
0.0283648 -1.90515e-08
0.0284547 -1.9113e-08
0.0285446 -1.91826e-08
0.0286345 -1.92444e-08
0.0287244 -1.93046e-08
0.0288143 -1.93645e-08
0.0289042 -1.94264e-08
0.0289941 -1.95012e-08
0.029084 -1.95652e-08
0.0291739 -1.96298e-08
0.0292638 -1.97009e-08
0.0293537 -1.97647e-08
0.0294436 -1.98243e-08
0.0295335 -1.98991e-08
0.0296234 -1.99626e-08
0.0297134 -2.00227e-08
0.0298033 -2.00852e-08
0.0298932 -2.01443e-08
0.0299831 -2.02171e-08
0.030073 -2.0282e-08
0.0301629 -2.03517e-08
0.0302528 -2.04061e-08
0.0303427 -2.04696e-08
0.0304326 -2.05212e-08
0.0305225 -2.05868e-08
0.0306124 -2.06601e-08
0.0307023 -2.07234e-08
0.0307922 -2.07826e-08
0.0308821 -2.08461e-08
0.030972 -2.09143e-08
0.0310619 -2.09782e-08
0.0311518 -2.10407e-08
0.0312417 -2.11077e-08
0.0313316 -2.1174e-08
0.0314215 -2.12403e-08
0.0315114 -2.12987e-08
0.0316013 -2.13642e-08
0.0316912 -2.1427e-08
0.0317811 -2.14979e-08
0.0318711 -2.15639e-08
0.031961 -2.16235e-08
0.0320509 -2.16903e-08
0.0321408 -2.17475e-08
0.0322307 -2.18057e-08
0.0323206 -2.18703e-08
0.0324105 -2.19388e-08
0.0325004 -2.20077e-08
0.0325903 -2.20765e-08
0.0326802 -2.21452e-08
0.0327701 -2.22095e-08
0.03286 -2.22735e-08
0.0329499 -2.23315e-08
0.0330398 -2.23939e-08
0.0331297 -2.24583e-08
0.0332196 -2.25138e-08
0.0333095 -2.2576e-08
0.0333994 -2.26323e-08
0.0334893 -2.26909e-08
0.0335792 -2.27553e-08
0.0336691 -2.28216e-08
0.033759 -2.28825e-08
0.0338489 -2.29453e-08
0.0339388 -2.29996e-08
0.0340288 -2.30602e-08
0.0341187 -2.3116e-08
0.0342086 -2.3177e-08
0.0342985 -2.32427e-08
0.0343884 -2.33039e-08
0.0344783 -2.33669e-08
0.0345682 -2.34281e-08
0.0346581 -2.34829e-08
0.034748 -2.35438e-08
0.0348379 -2.36008e-08
0.0349278 -2.36612e-08
0.0350177 -2.37308e-08
0.0351076 -2.37885e-08
0.0351975 -2.38439e-08
0.0352874 -2.38989e-08
0.0353773 -2.39568e-08
0.0354672 -2.40136e-08
0.0355571 -2.40734e-08
0.035647 -2.41346e-08
0.0357369 -2.41888e-08
0.0358268 -2.42552e-08
0.0359167 -2.43141e-08
0.0360066 -2.43776e-08
0.0360965 -2.44378e-08
0.0361865 -2.44982e-08
0.0362764 -2.4554e-08
0.0363663 -2.46086e-08
0.0364562 -2.4669e-08
0.0365461 -2.47277e-08
0.036636 -2.4789e-08
0.0367259 -2.48509e-08
0.0368158 -2.49137e-08
0.0369057 -2.4979e-08
0.0369956 -2.50357e-08
0.0370855 -2.50933e-08
0.0371754 -2.51473e-08
0.0372653 -2.52062e-08
0.0373552 -2.52664e-08
0.0374451 -2.53275e-08
0.037535 -2.53857e-08
0.0376249 -2.54482e-08
0.0377148 -2.55056e-08
0.0378047 -2.55613e-08
0.0378946 -2.56185e-08
0.0379845 -2.56762e-08
0.0380744 -2.57321e-08
0.0381643 -2.57996e-08
0.0382542 -2.5855e-08
0.0383441 -2.59148e-08
0.0384341 -2.59652e-08
0.038524 -2.60173e-08
0.0386139 -2.60663e-08
0.0387038 -2.61161e-08
0.0387937 -2.61707e-08
0.0388836 -2.62211e-08
0.0389735 -2.62729e-08
0.0390634 -2.63291e-08
0.0391533 -2.63838e-08
0.0392432 -2.64316e-08
0.0393331 -2.64812e-08
0.039423 -2.65286e-08
0.0395129 -2.65807e-08
0.0396028 -2.66426e-08
0.0396927 -2.66973e-08
0.0397826 -2.67457e-08
0.0398725 -2.67953e-08
0.0399624 -2.68501e-08
0.0400523 -2.69058e-08
0.0401422 -2.69548e-08
0.0402321 -2.7012e-08
0.040322 -2.70592e-08
0.0404119 -2.7117e-08
0.0405018 -2.71707e-08
0.0405918 -2.72308e-08
0.0406817 -2.72917e-08
0.0407716 -2.73495e-08
0.0408615 -2.7397e-08
0.0409514 -2.74523e-08
0.0410413 -2.75106e-08
0.0411312 -2.75657e-08
0.0412211 -2.76254e-08
0.041311 -2.76826e-08
0.0414009 -2.77383e-08
0.0414908 -2.77975e-08
0.0415807 -2.78556e-08
0.0416706 -2.79128e-08
0.0417605 -2.79631e-08
0.0418504 -2.8005e-08
0.0419403 -2.80551e-08
0.0420302 -2.81044e-08
0.0421201 -2.81569e-08
0.04221 -2.82213e-08
0.0422999 -2.82724e-08
0.0423898 -2.83166e-08
0.0424797 -2.83694e-08
0.0425696 -2.841e-08
0.0426595 -2.84628e-08
0.0427495 -2.85193e-08
0.0428394 -2.85642e-08
0.0429293 -2.86058e-08
0.0430192 -2.86563e-08
0.0431091 -2.87165e-08
0.043199 -2.878e-08
0.0432889 -2.8834e-08
0.0433788 -2.88775e-08
0.0434687 -2.89334e-08
0.0435586 -2.89828e-08
0.0436485 -2.90337e-08
0.0437384 -2.90825e-08
0.0438283 -2.91321e-08
0.0439182 -2.9195e-08
0.0440081 -2.92397e-08
0.044098 -2.92996e-08
0.0441879 -2.935e-08
0.0442778 -2.94033e-08
0.0443677 -2.94598e-08
0.0444576 -2.95178e-08
0.0445475 -2.95821e-08
0.0446374 -2.96295e-08
0.0447273 -2.96916e-08
0.0448172 -2.97404e-08
0.0449072 -2.97943e-08
0.0449971 -2.98438e-08
0.045087 -2.98949e-08
0.0451769 -2.99396e-08
0.0452668 -2.99893e-08
0.0453567 -3.00436e-08
0.0454466 -3.00945e-08
0.0455365 -3.01356e-08
0.0456264 -3.01886e-08
0.0457163 -3.02376e-08
0.0458062 -3.02957e-08
0.0458961 -3.03407e-08
0.045986 -3.03912e-08
0.0460759 -3.04409e-08
0.0461658 -3.04855e-08
0.0462557 -3.05319e-08
0.0463456 -3.05813e-08
0.0464355 -3.06267e-08
0.0465254 -3.06678e-08
0.0466153 -3.07145e-08
0.0467052 -3.07696e-08
0.0467951 -3.08231e-08
0.046885 -3.08817e-08
0.0469749 -3.09243e-08
0.0470649 -3.09746e-08
0.0471548 -3.10238e-08
0.0472447 -3.10762e-08
0.0473346 -3.11328e-08
0.0474245 -3.11857e-08
0.0475144 -3.12315e-08
0.0476043 -3.12824e-08
0.0476942 -3.13354e-08
0.0477841 -3.1383e-08
0.047874 -3.14403e-08
0.0479639 -3.14906e-08
0.0480538 -3.15416e-08
0.0481437 -3.15924e-08
0.0482336 -3.16474e-08
0.0483235 -3.16987e-08
0.0484134 -3.17465e-08
0.0485033 -3.17945e-08
0.0485932 -3.18353e-08
0.0486831 -3.18754e-08
0.048773 -3.19169e-08
0.0488629 -3.19567e-08
0.0489528 -3.20038e-08
0.0490427 -3.20496e-08
0.0491326 -3.20974e-08
0.0492226 -3.21398e-08
0.0493125 -3.21787e-08
0.0494024 -3.22241e-08
0.0494923 -3.22683e-08
0.0495822 -3.23074e-08
0.0496721 -3.23483e-08
0.049762 -3.23828e-08
0.0498519 -3.24275e-08
0.0499418 -3.24615e-08
0.0500317 -3.25134e-08
0.0501216 -3.256e-08
0.0502115 -3.2605e-08
0.0503014 -3.26581e-08
0.0503913 -3.27008e-08
0.0504812 -3.27537e-08
0.0505711 -3.27916e-08
0.050661 -3.28329e-08
0.0507509 -3.28831e-08
0.0508408 -3.29309e-08
0.0509307 -3.29809e-08
0.0510206 -3.30257e-08
0.0511105 -3.30732e-08
0.0512004 -3.31212e-08
0.0512903 -3.31606e-08
0.0513803 -3.32061e-08
0.0514702 -3.32586e-08
0.0515601 -3.33015e-08
0.05165 -3.33465e-08
0.0517399 -3.33807e-08
0.0518298 -3.3422e-08
0.0519197 -3.3461e-08
0.0520096 -3.34926e-08
0.0520995 -3.35358e-08
0.0521894 -3.3579e-08
0.0522793 -3.36319e-08
0.0523692 -3.36715e-08
0.0524591 -3.37045e-08
0.052549 -3.37361e-08
0.0526389 -3.37795e-08
0.0527288 -3.38311e-08
0.0528187 -3.38706e-08
0.0529086 -3.39118e-08
0.0529985 -3.39593e-08
0.0530884 -3.39996e-08
0.0531783 -3.40364e-08
0.0532682 -3.40767e-08
0.0533581 -3.41244e-08
0.053448 -3.41726e-08
0.053538 -3.42131e-08
0.0536279 -3.42684e-08
0.0537178 -3.43097e-08
0.0538077 -3.43475e-08
0.0538976 -3.44002e-08
0.0539875 -3.44506e-08
0.0540774 -3.4512e-08
0.0541673 -3.45753e-08
0.0542572 -3.46106e-08
0.0543471 -3.4662e-08
0.054437 -3.47069e-08
0.0545269 -3.47508e-08
0.0546168 -3.48043e-08
0.0547067 -3.48491e-08
0.0547966 -3.48931e-08
0.0548865 -3.49284e-08
0.0549764 -3.49922e-08
0.0550663 -3.5043e-08
0.0551562 -3.50881e-08
0.0552461 -3.51306e-08
0.055336 -3.51793e-08
0.0554259 -3.52317e-08
0.0555158 -3.52759e-08
0.0556057 -3.53213e-08
0.0556956 -3.53875e-08
0.0557856 -3.54339e-08
0.0558755 -3.54798e-08
0.0559654 -3.5529e-08
0.0560553 -3.55645e-08
0.0561452 -3.56229e-08
0.0562351 -3.56547e-08
0.056325 -3.57067e-08
0.0564149 -3.57543e-08
0.0565048 -3.57998e-08
0.0565947 -3.58513e-08
0.0566846 -3.58991e-08
0.0567745 -3.59523e-08
0.0568644 -3.60119e-08
0.0569543 -3.60585e-08
0.0570442 -3.61064e-08
0.0571341 -3.61467e-08
0.057224 -3.62012e-08
0.0573139 -3.62511e-08
0.0574038 -3.62936e-08
0.0574937 -3.63315e-08
0.0575836 -3.63698e-08
0.0576735 -3.64291e-08
0.0577634 -3.64748e-08
0.0578533 -3.65e-08
0.0579433 -3.65621e-08
0.0580332 -3.66095e-08
0.0581231 -3.66652e-08
0.058213 -3.67049e-08
0.0583029 -3.6751e-08
0.0583928 -3.67902e-08
0.0584827 -3.68322e-08
0.0585726 -3.68712e-08
0.0586625 -3.69214e-08
0.0587524 -3.69743e-08
0.0588423 -3.70307e-08
0.0589322 -3.70845e-08
0.0590221 -3.71334e-08
0.059112 -3.71815e-08
0.0592019 -3.72113e-08
0.0592918 -3.72553e-08
0.0593817 -3.7315e-08
0.0594716 -3.73714e-08
0.0595615 -3.74043e-08
0.0596514 -3.74396e-08
0.0597413 -3.7477e-08
0.0598312 -3.75343e-08
0.0599211 -3.75678e-08
0.060011 -3.7615e-08
0.060101 -3.7668e-08
0.0601909 -3.77173e-08
0.0602808 -3.77451e-08
0.0603707 -3.77906e-08
0.0604606 -3.78375e-08
0.0605505 -3.78829e-08
0.0606404 -3.79119e-08
0.0607303 -3.79596e-08
0.0608202 -3.80113e-08
0.0609101 -3.80487e-08
0.061 -3.81019e-08
0.0610899 -3.81478e-08
0.0611798 -3.81875e-08
0.0612697 -3.8236e-08
0.0613596 -3.82833e-08
0.0614495 -3.83172e-08
0.0615394 -3.83665e-08
0.0616293 -3.8404e-08
0.0617192 -3.8441e-08
0.0618091 -3.84887e-08
0.061899 -3.85408e-08
0.0619889 -3.85858e-08
0.0620788 -3.86312e-08
0.0621687 -3.86688e-08
0.0622587 -3.87038e-08
0.0623486 -3.87649e-08
0.0624385 -3.88172e-08
0.0625284 -3.88677e-08
0.0626183 -3.89109e-08
0.0627082 -3.89631e-08
0.0627981 -3.90165e-08
0.062888 -3.90477e-08
0.0629779 -3.90945e-08
0.0630678 -3.91386e-08
0.0631577 -3.91852e-08
0.0632476 -3.92226e-08
0.0633375 -3.92739e-08
0.0634274 -3.9315e-08
0.0635173 -3.93615e-08
0.0636072 -3.93977e-08
0.0636971 -3.94638e-08
0.063787 -3.95247e-08
0.0638769 -3.95504e-08
0.0639668 -3.9595e-08
0.0640567 -3.96464e-08
0.0641466 -3.96778e-08
0.0642365 -3.97392e-08
0.0643264 -3.97813e-08
0.0644164 -3.98284e-08
0.0645063 -3.98715e-08
0.0645962 -3.99289e-08
0.0646861 -3.997e-08
0.064776 -4.00283e-08
0.0648659 -4.00824e-08
0.0649558 -4.01374e-08
0.0650457 -4.01891e-08
0.0651356 -4.02374e-08
0.0652255 -4.03014e-08
0.0653154 -4.03757e-08
0.0654053 -4.04103e-08
0.0654952 -4.0457e-08
0.0655851 -4.04903e-08
0.065675 -4.0556e-08
0.0657649 -4.06068e-08
0.0658548 -4.06593e-08
0.0659447 -4.0715e-08
0.0660346 -4.07544e-08
0.0661245 -4.08021e-08
0.0662144 -4.0856e-08
0.0663043 -4.09031e-08
0.0663942 -4.09564e-08
0.0664841 -4.10213e-08
0.0665741 -4.10705e-08
0.066664 -4.11099e-08
0.0667539 -4.11461e-08
0.0668438 -4.11893e-08
0.0669337 -4.12376e-08
0.0670236 -4.12731e-08
0.0671135 -4.13011e-08
0.0672034 -4.13498e-08
0.0672933 -4.14079e-08
0.0673832 -4.14571e-08
0.0674731 -4.14945e-08
0.067563 -4.1536e-08
0.0676529 -4.15769e-08
0.0677428 -4.16173e-08
0.0678327 -4.16661e-08
0.0679226 -4.17375e-08
0.0680125 -4.17759e-08
0.0681024 -4.18298e-08
0.0681923 -4.1865e-08
0.0682822 -4.18791e-08
0.0683721 -4.19162e-08
0.068462 -4.19635e-08
0.0685519 -4.20077e-08
0.0686418 -4.20243e-08
0.0687318 -4.20653e-08
0.0688217 -4.21339e-08
0.0689116 -4.21908e-08
0.0690015 -4.22364e-08
0.0690914 -4.22765e-08
0.0691813 -4.23257e-08
0.0692712 -4.23576e-08
0.0693611 -4.2415e-08
0.069451 -4.24451e-08
0.0695409 -4.24867e-08
0.0696308 -4.25275e-08
0.0697207 -4.25981e-08
0.0698106 -4.26296e-08
0.0699005 -4.26554e-08
0.0699904 -4.26989e-08
0.0700803 -4.27314e-08
0.0701702 -4.27624e-08
0.0702601 -4.28077e-08
0.07035 -4.2851e-08
0.0704399 -4.28934e-08
0.0705298 -4.29186e-08
0.0706197 -4.29658e-08
0.0707096 -4.30012e-08
0.0707995 -4.30427e-08
0.0708895 -4.30774e-08
0.0709794 -4.31267e-08
0.0710693 -4.31762e-08
0.0711592 -4.32153e-08
0.0712491 -4.32269e-08
0.071339 -4.32493e-08
0.0714289 -4.32643e-08
0.0715188 -4.32698e-08
0.0716087 -4.32793e-08
0.0716986 -4.33164e-08
0.0717885 -4.3314e-08
0.0718784 -4.33343e-08
0.0719683 -4.33538e-08
0.0720582 -4.33618e-08
0.0721481 -4.3384e-08
0.072238 -4.34136e-08
0.0723279 -4.34202e-08
0.0724178 -4.34633e-08
0.0725077 -4.35066e-08
0.0725976 -4.3519e-08
0.0726875 -4.35607e-08
0.0727774 -4.35986e-08
0.0728673 -4.36049e-08
0.0729572 -4.36006e-08
0.0730472 -4.36389e-08
0.0731371 -4.36579e-08
0.073227 -4.36844e-08
0.0733169 -4.37072e-08
0.0734068 -4.37528e-08
0.0734967 -4.37516e-08
0.0735866 -4.37483e-08
0.0736765 -4.3741e-08
0.0737664 -4.37431e-08
0.0738563 -4.37488e-08
0.0739462 -4.37525e-08
0.0740361 -4.37812e-08
0.074126 -4.3795e-08
0.0742159 -4.38088e-08
0.0743058 -4.38357e-08
0.0743957 -4.38634e-08
0.0744856 -4.38984e-08
0.0745755 -4.39243e-08
0.0746654 -4.39512e-08
0.0747553 -4.39855e-08
0.0748452 -4.40045e-08
0.0749351 -4.40471e-08
0.075025 -4.40769e-08
0.0751149 -4.40813e-08
0.0752048 -4.41084e-08
0.0752948 -4.41196e-08
0.0753847 -4.41498e-08
0.0754746 -4.41543e-08
0.0755645 -4.41803e-08
0.0756544 -4.41951e-08
0.0757443 -4.42042e-08
0.0758342 -4.42221e-08
0.0759241 -4.42213e-08
0.076014 -4.42583e-08
0.0761039 -4.42807e-08
0.0761938 -4.42707e-08
0.0762837 -4.42668e-08
0.0763736 -4.42553e-08
0.0764635 -4.42494e-08
0.0765534 -4.42411e-08
0.0766433 -4.42524e-08
0.0767332 -4.42419e-08
0.0768231 -4.42711e-08
0.076913 -4.42744e-08
0.0770029 -4.42665e-08
0.0770928 -4.42595e-08
0.0771827 -4.42557e-08
0.0772726 -4.42751e-08
0.0773625 -4.42845e-08
0.0774525 -4.42824e-08
0.0775424 -4.43085e-08
0.0776323 -4.42886e-08
0.0777222 -4.43224e-08
0.0778121 -4.43011e-08
0.077902 -4.42881e-08
0.0779919 -4.42765e-08
0.0780818 -4.42939e-08
0.0781717 -4.42533e-08
0.0782616 -4.42713e-08
0.0783515 -4.42479e-08
0.0784414 -4.42667e-08
0.0785313 -4.4257e-08
0.0786212 -4.42732e-08
0.0787111 -4.42408e-08
0.078801 -4.42451e-08
0.0788909 -4.42802e-08
0.0789808 -4.43059e-08
0.0790707 -4.43216e-08
0.0791606 -4.43278e-08
0.0792505 -4.43308e-08
0.0793404 -4.43347e-08
0.0794303 -4.43395e-08
0.0795202 -4.43505e-08
0.0796102 -4.43813e-08
0.0797001 -4.439e-08
0.07979 -4.4394e-08
0.0798799 -4.44051e-08
0.0799698 -4.43867e-08
0.0800597 -4.44442e-08
0.0801496 -4.44551e-08
0.0802395 -4.44802e-08
0.0803294 -4.45037e-08
0.0804193 -4.44921e-08
0.0805092 -4.44585e-08
0.0805991 -4.4461e-08
0.080689 -4.44499e-08
0.0807789 -4.44386e-08
0.0808688 -4.44073e-08
0.0809587 -4.44149e-08
0.0810486 -4.44319e-08
0.0811385 -4.44393e-08
0.0812284 -4.44505e-08
0.0813183 -4.44857e-08
0.0814082 -4.44983e-08
0.0814981 -4.45453e-08
0.081588 -4.45392e-08
0.0816779 -4.45562e-08
0.0817679 -4.45321e-08
0.0818578 -4.45548e-08
0.0819477 -4.45529e-08
0.0820376 -4.45608e-08
0.0821275 -4.45892e-08
0.0822174 -4.45743e-08
0.0823073 -4.45293e-08
0.0823972 -4.45235e-08
0.0824871 -4.45117e-08
0.082577 -4.45022e-08
0.0826669 -4.45052e-08
0.0827568 -4.44976e-08
0.0828467 -4.44907e-08
0.0829366 -4.44719e-08
0.0830265 -4.44876e-08
0.0831164 -4.4516e-08
0.0832063 -4.44927e-08
0.0832962 -4.44759e-08
0.0833861 -4.44688e-08
0.083476 -4.44475e-08
0.0835659 -4.44342e-08
0.0836558 -4.44631e-08
0.0837457 -4.44836e-08
0.0838356 -4.45072e-08
0.0839256 -4.45394e-08
0.0840155 -4.45338e-08
0.0841054 -4.45013e-08
0.0841953 -4.45196e-08
0.0842852 -4.45247e-08
0.0843751 -4.45314e-08
0.084465 -4.45179e-08
0.0845549 -4.45279e-08
0.0846448 -4.44979e-08
0.0847347 -4.4551e-08
0.0848246 -4.45498e-08
0.0849145 -4.45907e-08
0.0850044 -4.4589e-08
0.0850943 -4.46214e-08
0.0851842 -4.46063e-08
0.0852741 -4.46093e-08
0.085364 -4.4629e-08
0.0854539 -4.46439e-08
0.0855438 -4.46876e-08
0.0856337 -4.46544e-08
0.0857236 -4.46692e-08
0.0858135 -4.46352e-08
0.0859034 -4.46662e-08
0.0859933 -4.46715e-08
0.0860833 -4.46962e-08
0.0861732 -4.46803e-08
0.0862631 -4.4691e-08
0.086353 -4.46665e-08
0.0864429 -4.47163e-08
0.0865328 -4.4745e-08
0.0866227 -4.47397e-08
0.0867126 -4.47589e-08
0.0868025 -4.47369e-08
0.0868924 -4.47422e-08
0.0869823 -4.47178e-08
0.0870722 -4.46821e-08
0.0871621 -4.46799e-08
0.087252 -4.47158e-08
0.0873419 -4.46744e-08
0.0874318 -4.46489e-08
0.0875217 -4.46255e-08
0.0876116 -4.46072e-08
0.0877015 -4.4619e-08
0.0877914 -4.45721e-08
0.0878813 -4.45572e-08
0.0879712 -4.45899e-08
0.0880611 -4.45539e-08
0.088151 -4.45295e-08
0.088241 -4.44909e-08
0.0883309 -4.44733e-08
0.0884208 -4.45294e-08
0.0885107 -4.45052e-08
0.0886006 -4.45074e-08
0.0886905 -4.44439e-08
0.0887804 -4.44885e-08
0.0888703 -4.45143e-08
0.0889602 -4.4527e-08
0.0890501 -4.44722e-08
0.08914 -4.44912e-08
0.0892299 -4.44697e-08
0.0893198 -4.44511e-08
0.0894097 -4.4425e-08
0.0894996 -4.4399e-08
0.0895895 -4.43649e-08
0.0896794 -4.43124e-08
0.0897693 -4.43475e-08
0.0898592 -4.43545e-08
0.0899491 -4.43135e-08
0.090039 -4.42989e-08
0.0901289 -4.42878e-08
0.0902188 -4.43242e-08
0.0903087 -4.43238e-08
0.0903987 -4.43073e-08
0.0904886 -4.43122e-08
0.0905785 -4.43134e-08
0.0906684 -4.43301e-08
0.0907583 -4.43568e-08
0.0908482 -4.43009e-08
0.0909381 -4.42459e-08
0.091028 -4.43106e-08
0.0911179 -4.42932e-08
0.0912078 -4.4316e-08
0.0912977 -4.43175e-08
0.0913876 -4.43173e-08
0.0914775 -4.42048e-08
0.0915674 -4.41866e-08
0.0916573 -4.41807e-08
0.0917472 -4.41877e-08
0.0918371 -4.4185e-08
0.091927 -4.41806e-08
0.0920169 -4.41287e-08
0.0921068 -4.40436e-08
0.0921967 -4.40497e-08
0.0922866 -4.398e-08
0.0923765 -4.39432e-08
0.0924664 -4.39634e-08
0.0925564 -4.40034e-08
0.0926463 -4.39962e-08
0.0927362 -4.401e-08
0.0928261 -4.40136e-08
0.092916 -4.39833e-08
0.0930059 -4.39061e-08
0.0930958 -4.39666e-08
0.0931857 -4.39603e-08
0.0932756 -4.39968e-08
0.0933655 -4.39165e-08
0.0934554 -4.3901e-08
0.0935453 -4.3869e-08
0.0936352 -4.38464e-08
0.0937251 -4.38103e-08
0.093815 -4.3821e-08
0.0939049 -4.37779e-08
0.0939948 -4.37962e-08
0.0940847 -4.37554e-08
0.0941746 -4.36705e-08
0.0942645 -4.36705e-08
0.0943544 -4.35985e-08
0.0944443 -4.36028e-08
0.0945342 -4.35942e-08
0.0946241 -4.36521e-08
0.094714 -4.36531e-08
0.094804 -4.36146e-08
0.0948939 -4.35433e-08
0.0949838 -4.35122e-08
0.0950737 -4.34815e-08
0.0951636 -4.35107e-08
0.0952535 -4.35288e-08
0.0953434 -4.34728e-08
0.0954333 -4.34561e-08
0.0955232 -4.34404e-08
0.0956131 -4.34e-08
0.095703 -4.32943e-08
0.0957929 -4.3234e-08
0.0958828 -4.32091e-08
0.0959727 -4.31801e-08
0.0960626 -4.31786e-08
0.0961525 -4.32271e-08
0.0962424 -4.31963e-08
0.0963323 -4.32013e-08
0.0964222 -4.31688e-08
0.0965121 -4.31998e-08
0.096602 -4.31962e-08
0.0966919 -4.3212e-08
0.0967818 -4.32521e-08
0.0968717 -4.3301e-08
0.0969617 -4.32401e-08
0.0970516 -4.32205e-08
0.0971415 -4.31781e-08
0.0972314 -4.31516e-08
0.0973213 -4.31173e-08
0.0974112 -4.30358e-08
0.0975011 -4.30814e-08
0.097591 -4.30949e-08
0.0976809 -4.30653e-08
0.0977708 -4.30418e-08
0.0978607 -4.29854e-08
0.0979506 -4.29032e-08
0.0980405 -4.29059e-08
0.0981304 -4.2922e-08
0.0982203 -4.29677e-08
0.0983102 -4.29306e-08
0.0984001 -4.29299e-08
0.09849 -4.29685e-08
0.0985799 -4.29511e-08
0.0986698 -4.30134e-08
0.0987597 -4.29306e-08
0.0988496 -4.28944e-08
0.0989395 -4.29359e-08
0.0990294 -4.28522e-08
0.0991194 -4.29345e-08
0.0992093 -4.28804e-08
0.0992992 -4.28026e-08
0.0993891 -4.28291e-08
0.099479 -4.28381e-08
0.0995689 -4.28045e-08
0.0996588 -4.27169e-08
0.0997487 -4.26767e-08
0.0998386 -4.27118e-08
0.0999285 -4.27039e-08
0.100018 -4.27358e-08
0.100108 -4.27293e-08
0.100198 -4.27626e-08
0.100288 -4.27394e-08
0.100378 -4.27219e-08
0.100468 -4.26812e-08
0.100558 -4.25674e-08
0.100648 -4.2511e-08
0.100738 -4.24025e-08
0.100828 -4.23031e-08
0.100917 -4.22695e-08
0.101007 -4.21951e-08
0.101097 -4.21724e-08
0.101187 -4.21267e-08
0.101277 -4.20699e-08
0.101367 -4.20593e-08
0.101457 -4.20293e-08
0.101547 -4.20744e-08
0.101637 -4.20932e-08
0.101727 -4.2004e-08
0.101816 -4.19238e-08
0.101906 -4.19428e-08
0.101996 -4.18236e-08
0.102086 -4.18338e-08
0.102176 -4.17935e-08
0.102266 -4.17039e-08
0.102356 -4.15899e-08
0.102446 -4.16576e-08
0.102536 -4.15497e-08
0.102626 -4.15442e-08
0.102716 -4.15735e-08
0.102805 -4.16206e-08
0.102895 -4.16373e-08
0.102985 -4.17076e-08
0.103075 -4.17346e-08
0.103165 -4.16603e-08
0.103255 -4.16719e-08
0.103345 -4.15395e-08
0.103435 -4.14303e-08
0.103525 -4.13191e-08
0.103615 -4.12767e-08
0.103704 -4.11978e-08
0.103794 -4.11222e-08
0.103884 -4.10722e-08
0.103974 -4.10204e-08
0.104064 -4.09256e-08
0.104154 -4.08574e-08
0.104244 -4.08451e-08
0.104334 -4.08883e-08
0.104424 -4.08492e-08
0.104514 -4.0834e-08
0.104604 -4.08628e-08
0.104693 -4.08671e-08
0.104783 -4.07994e-08
0.104873 -4.08605e-08
0.104963 -4.09283e-08
0.105053 -4.08707e-08
0.105143 -4.09235e-08
0.105233 -4.08489e-08
0.105323 -4.07757e-08
0.105413 -4.07445e-08
0.105503 -4.0771e-08
0.105592 -4.07239e-08
0.105682 -4.07805e-08
0.105772 -4.06973e-08
0.105862 -4.06078e-08
0.105952 -4.05085e-08
0.106042 -4.05801e-08
0.106132 -4.0519e-08
0.106222 -4.03958e-08
0.106312 -4.04061e-08
0.106402 -4.02983e-08
0.106491 -4.03349e-08
0.106581 -4.0344e-08
0.106671 -4.03235e-08
0.106761 -4.01999e-08
0.106851 -4.03056e-08
0.106941 -4.03717e-08
0.107031 -4.0412e-08
0.107121 -4.03733e-08
0.107211 -4.03113e-08
0.107301 -4.02725e-08
0.107391 -4.02415e-08
0.10748 -4.01911e-08
0.10757 -4.02003e-08
0.10766 -4.014e-08
0.10775 -4.0073e-08
0.10784 -3.99835e-08
0.10793 -3.98751e-08
0.10802 -3.9755e-08
0.10811 -3.95435e-08
0.1082 -3.95108e-08
0.10829 -3.94491e-08
0.108379 -3.94744e-08
0.108469 -3.92936e-08
0.108559 -3.92932e-08
0.108649 -3.9295e-08
0.108739 -3.93159e-08
0.108829 -3.92994e-08
0.108919 -3.93004e-08
0.109009 -3.92161e-08
0.109099 -3.92267e-08
0.109189 -3.91454e-08
0.109279 -3.922e-08
0.109368 -3.92914e-08
0.109458 -3.93043e-08
0.109548 -3.9431e-08
0.109638 -3.9385e-08
0.109728 -3.92778e-08
0.109818 -3.91178e-08
0.109908 -3.90284e-08
0.109998 -3.89762e-08
0.110088 -3.88358e-08
0.110178 -3.87016e-08
0.110267 -3.8557e-08
0.110357 -3.83637e-08
0.110447 -3.82604e-08
0.110537 -3.81841e-08
0.110627 -3.8022e-08
0.110717 -3.79939e-08
0.110807 -3.79048e-08
0.110897 -3.80486e-08
0.110987 -3.80295e-08
0.111077 -3.7998e-08
0.111167 -3.80906e-08
0.111256 -3.79369e-08
0.111346 -3.79261e-08
0.111436 -3.79902e-08
0.111526 -3.77356e-08
0.111616 -3.78041e-08
0.111706 -3.76174e-08
0.111796 -3.7518e-08
0.111886 -3.75075e-08
0.111976 -3.71886e-08
0.112066 -3.70881e-08
0.112155 -3.70814e-08
0.112245 -3.68205e-08
0.112335 -3.68179e-08
0.112425 -3.67128e-08
0.112515 -3.6595e-08
0.112605 -3.65318e-08
0.112695 -3.65324e-08
0.112785 -3.63853e-08
0.112875 -3.62694e-08
0.112965 -3.63237e-08
0.113054 -3.62774e-08
0.113144 -3.61131e-08
0.113234 -3.60583e-08
0.113324 -3.61858e-08
0.113414 -3.6183e-08
0.113504 -3.62699e-08
0.113594 -3.62714e-08
0.113684 -3.61865e-08
0.113774 -3.60973e-08
0.113864 -3.59682e-08
0.113954 -3.57526e-08
0.114043 -3.57677e-08
0.114133 -3.57866e-08
0.114223 -3.5814e-08
0.114313 -3.56202e-08
0.114403 -3.5602e-08
0.114493 -3.52496e-08
0.114583 -3.50999e-08
0.114673 -3.50864e-08
0.114763 -3.5062e-08
0.114853 -3.48854e-08
0.114942 -3.48386e-08
0.115032 -3.48527e-08
0.115122 -3.47387e-08
0.115212 -3.47866e-08
0.115302 -3.47476e-08
0.115392 -3.47903e-08
0.115482 -3.48583e-08
0.115572 -3.49394e-08
0.115662 -3.48864e-08
0.115752 -3.47275e-08
0.115842 -3.46756e-08
0.115931 -3.46597e-08
0.116021 -3.45252e-08
0.116111 -3.43949e-08
0.116201 -3.42737e-08
0.116291 -3.41596e-08
0.116381 -3.39886e-08
0.116471 -3.39863e-08
0.116561 -3.40075e-08
0.116651 -3.39993e-08
0.116741 -3.40226e-08
0.11683 -3.39668e-08
0.11692 -3.38733e-08
0.11701 -3.39872e-08
0.1171 -3.38569e-08
0.11719 -3.38433e-08
0.11728 -3.37277e-08
0.11737 -3.35541e-08
0.11746 -3.3595e-08
0.11755 -3.37208e-08
0.11764 -3.3601e-08
0.11773 -3.34701e-08
0.117819 -3.34061e-08
0.117909 -3.33424e-08
0.117999 -3.33581e-08
0.118089 -3.33617e-08
0.118179 -3.34663e-08
0.118269 -3.33768e-08
0.118359 -3.34893e-08
0.118449 -3.36027e-08
0.118539 -3.34803e-08
0.118629 -3.34775e-08
0.118718 -3.36004e-08
0.118808 -3.34061e-08
0.118898 -3.34993e-08
0.118988 -3.33448e-08
0.119078 -3.32045e-08
0.119168 -3.32573e-08
0.119258 -3.308e-08
0.119348 -3.31814e-08
0.119438 -3.30031e-08
0.119528 -3.28964e-08
0.119617 -3.3074e-08
0.119707 -3.29877e-08
0.119797 -3.28276e-08
0.119887 -3.27928e-08
0.119977 -3.24467e-08
0.120067 -3.24536e-08
0.120157 -3.26801e-08
0.120247 -3.27461e-08
0.120337 -3.25905e-08
0.120427 -3.23845e-08
0.120517 -3.24067e-08
0.120606 -3.23682e-08
0.120696 -3.21225e-08
0.120786 -3.22032e-08
0.120876 -3.23534e-08
0.120966 -3.24269e-08
0.121056 -3.29203e-08
0.121146 -3.27826e-08
0.121236 -3.2909e-08
0.121326 -3.29173e-08
0.121416 -3.322e-08
0.121505 -3.32176e-08
0.121595 -3.31632e-08
0.121685 -3.30964e-08
0.121775 -3.28382e-08
0.121865 -3.28732e-08
0.121955 -3.29441e-08
0.122045 -3.28844e-08
0.122135 -3.27724e-08
0.122225 -3.28689e-08
0.122315 -3.27683e-08
0.122405 -3.2728e-08
0.122494 -3.25202e-08
0.122584 -3.2575e-08
0.122674 -3.24943e-08
0.122764 -3.24552e-08
0.122854 -3.25326e-08
0.122944 -3.21444e-08
0.123034 -3.19927e-08
0.123124 -3.17271e-08
0.123214 -3.15043e-08
0.123304 -3.16746e-08
0.123393 -3.18336e-08
0.123483 -3.17991e-08
0.123573 -3.16395e-08
0.123663 -3.13867e-08
0.123753 -3.16556e-08
0.123843 -3.13318e-08
0.123933 -3.13054e-08
0.124023 -3.14522e-08
0.124113 -3.15546e-08
0.124203 -3.17184e-08
0.124293 -3.17126e-08
0.124382 -3.205e-08
0.124472 -3.19613e-08
0.124562 -3.17245e-08
0.124652 -3.19077e-08
0.124742 -3.17894e-08
0.124832 -3.17272e-08
0.124922 -3.11584e-08
0.125012 -3.11951e-08
0.125102 -3.09766e-08
0.125192 -3.07124e-08
0.125281 -3.06409e-08
0.125371 -3.05878e-08
0.125461 -3.0123e-08
0.125551 -3.02538e-08
0.125641 -3.0198e-08
0.125731 -3.0395e-08
0.125821 -3.02363e-08
0.125911 -2.99091e-08
0.126001 -2.95829e-08
0.126091 -2.96504e-08
0.126181 -2.97334e-08
0.12627 -2.93009e-08
0.12636 -2.9081e-08
0.12645 -2.91037e-08
0.12654 -2.91036e-08
0.12663 -2.92877e-08
0.12672 -2.92812e-08
0.12681 -2.88717e-08
0.1269 -2.88875e-08
0.12699 -2.8738e-08
0.12708 -2.86083e-08
0.127169 -2.78866e-08
0.127259 -2.80121e-08
0.127349 -2.8308e-08
0.127439 -2.82374e-08
0.127529 -2.77327e-08
0.127619 -2.75677e-08
0.127709 -2.7329e-08
0.127799 -2.71277e-08
0.127889 -2.69937e-08
0.127979 -2.69918e-08
0.128068 -2.63047e-08
0.128158 -2.65178e-08
0.128248 -2.66494e-08
0.128338 -2.66104e-08
0.128428 -2.6641e-08
0.128518 -2.65079e-08
0.128608 -2.61608e-08
0.128698 -2.58473e-08
0.128788 -2.5314e-08
0.128878 -2.58327e-08
0.128968 -2.57101e-08
0.129057 -2.54811e-08
0.129147 -2.53317e-08
0.129237 -2.54384e-08
0.129327 -2.55453e-08
0.129417 -2.49751e-08
0.129507 -2.4837e-08
0.129597 -2.48154e-08
0.129687 -2.46586e-08
0.129777 -2.53521e-08
0.129867 -2.53953e-08
0.129956 -2.49631e-08
0.130046 -2.48385e-08
0.130136 -2.4616e-08
0.130226 -2.42701e-08
0.130316 -2.3987e-08
0.130406 -2.33313e-08
0.130496 -2.34382e-08
0.130586 -2.29856e-08
0.130676 -2.21379e-08
0.130766 -2.16606e-08
0.130856 -2.16087e-08
0.130945 -2.09784e-08
0.131035 -2.08282e-08
0.131125 -2.09594e-08
0.131215 -2.07542e-08
0.131305 -2.02195e-08
0.131395 -2.02521e-08
0.131485 -2.06766e-08
0.131575 -2.08466e-08
0.131665 -2.12926e-08
0.131755 -2.10821e-08
0.131844 -2.11361e-08
0.131934 -2.11948e-08
0.132024 -2.14093e-08
0.132114 -2.12918e-08
0.132204 -2.05299e-08
0.132294 -2.09288e-08
0.132384 -2.10577e-08
0.132474 -2.12127e-08
0.132564 -2.04791e-08
0.132654 -2.00413e-08
0.132744 -1.93394e-08
0.132833 -1.9213e-08
0.132923 -1.88463e-08
0.133013 -1.87475e-08
0.133103 -1.83792e-08
0.133193 -1.86125e-08
0.133283 -1.83569e-08
0.133373 -1.8082e-08
0.133463 -1.8096e-08
0.133553 -1.75934e-08
0.133643 -1.75841e-08
0.133732 -1.71488e-08
0.133822 -1.67147e-08
0.133912 -1.56501e-08
0.134002 -1.53794e-08
0.134092 -1.465e-08
0.134182 -1.4873e-08
0.134272 -1.456e-08
0.134362 -1.51662e-08
0.134452 -1.41162e-08
0.134542 -1.39842e-08
0.134631 -1.4022e-08
0.134721 -1.46303e-08
0.134811 -1.47092e-08
