-0.134811 -1.77647e-08
-0.134721 -1.92271e-08
-0.134631 -2.00424e-08
-0.134542 -2.11407e-08
-0.134452 -2.21067e-08
-0.134362 -2.3071e-08
-0.134272 -2.36848e-08
-0.134182 -2.47926e-08
-0.134092 -2.48114e-08
-0.134002 -2.49887e-08
-0.133912 -2.47344e-08
-0.133822 -2.47091e-08
-0.133732 -2.47718e-08
-0.133642 -2.46459e-08
-0.133553 -2.49981e-08
-0.133463 -2.46759e-08
-0.133373 -2.49832e-08
-0.133283 -2.573e-08
-0.133193 -2.59259e-08
-0.133103 -2.59626e-08
-0.133013 -2.61978e-08
-0.132923 -2.74975e-08
-0.132833 -2.82764e-08
-0.132743 -3.04814e-08
-0.132654 -3.18503e-08
-0.132564 -3.21695e-08
-0.132474 -3.29578e-08
-0.132384 -3.44189e-08
-0.132294 -3.48842e-08
-0.132204 -3.70655e-08
-0.132114 -3.85605e-08
-0.132024 -3.89633e-08
-0.131934 -3.96485e-08
-0.131844 -3.889e-08
-0.131754 -3.82533e-08
-0.131665 -3.84991e-08
-0.131575 -3.86557e-08
-0.131485 -3.87187e-08
-0.131395 -3.85437e-08
-0.131305 -3.8235e-08
-0.131215 -3.83564e-08
-0.131125 -3.90581e-08
-0.131035 -3.88073e-08
-0.130945 -3.89416e-08
-0.130855 -3.93165e-08
-0.130766 -3.99932e-08
-0.130676 -4.0371e-08
-0.130586 -4.09946e-08
-0.130496 -4.16866e-08
-0.130406 -4.21792e-08
-0.130316 -4.29322e-08
-0.130226 -4.31806e-08
-0.130136 -4.41269e-08
-0.130046 -4.54605e-08
-0.129956 -4.65591e-08
-0.129867 -4.70387e-08
-0.129777 -4.7412e-08
-0.129687 -4.71283e-08
-0.129597 -4.81938e-08
-0.129507 -4.77611e-08
-0.129417 -4.80192e-08
-0.129327 -4.80034e-08
-0.129237 -4.80555e-08
-0.129147 -4.80347e-08
-0.129057 -4.80712e-08
-0.128967 -4.79084e-08
-0.128878 -4.73345e-08
-0.128788 -4.70978e-08
-0.128698 -4.71674e-08
-0.128608 -4.70144e-08
-0.128518 -4.63535e-08
-0.128428 -4.65342e-08
-0.128338 -4.63217e-08
-0.128248 -4.66361e-08
-0.128158 -4.63166e-08
-0.128068 -4.66115e-08
-0.127979 -4.76485e-08
-0.127889 -4.7848e-08
-0.127799 -4.8138e-08
-0.127709 -4.84917e-08
-0.127619 -4.83173e-08
-0.127529 -4.86304e-08
-0.127439 -4.86929e-08
-0.127349 -4.90302e-08
-0.127259 -4.89317e-08
-0.127169 -4.94566e-08
-0.127079 -4.97927e-08
-0.12699 -4.98509e-08
-0.1269 -4.98831e-08
-0.12681 -4.98127e-08
-0.12672 -4.95193e-08
-0.12663 -4.93713e-08
-0.12654 -4.95534e-08
-0.12645 -4.94292e-08
-0.12636 -4.91309e-08
-0.12627 -4.90824e-08
-0.12618 -4.90483e-08
-0.126091 -4.85622e-08
-0.126001 -4.82387e-08
-0.125911 -4.85386e-08
-0.125821 -4.91226e-08
-0.125731 -4.91874e-08
-0.125641 -4.95051e-08
-0.125551 -4.96226e-08
-0.125461 -4.97317e-08
-0.125371 -4.93427e-08
-0.125281 -4.9459e-08
-0.125191 -4.95443e-08
-0.125102 -4.97227e-08
-0.125012 -5.01575e-08
-0.124922 -5.05603e-08
-0.124832 -5.08094e-08
-0.124742 -5.08771e-08
-0.124652 -5.08136e-08
-0.124562 -5.09529e-08
-0.124472 -5.08883e-08
-0.124382 -5.10047e-08
-0.124292 -5.04598e-08
-0.124203 -5.0487e-08
-0.124113 -5.06436e-08
-0.124023 -5.05082e-08
-0.123933 -5.02319e-08
-0.123843 -5.01693e-08
-0.123753 -5.01025e-08
-0.123663 -5.00963e-08
-0.123573 -5.04267e-08
-0.123483 -5.03052e-08
-0.123393 -5.03725e-08
-0.123304 -5.04882e-08
-0.123214 -5.06093e-08
-0.123124 -5.07751e-08
-0.123034 -5.09685e-08
-0.122944 -5.15153e-08
-0.122854 -5.1601e-08
-0.122764 -5.1909e-08
-0.122674 -5.23213e-08
-0.122584 -5.24762e-08
-0.122494 -5.24209e-08
-0.122404 -5.28543e-08
-0.122315 -5.30746e-08
-0.122225 -5.2787e-08
-0.122135 -5.25003e-08
-0.122045 -5.2658e-08
-0.121955 -5.25632e-08
-0.121865 -5.256e-08
-0.121775 -5.25316e-08
-0.121685 -5.25232e-08
-0.121595 -5.22315e-08
-0.121505 -5.22248e-08
-0.121416 -5.22429e-08
-0.121326 -5.21015e-08
-0.121236 -5.20364e-08
-0.121146 -5.1802e-08
-0.121056 -5.20177e-08
-0.120966 -5.21663e-08
-0.120876 -5.21684e-08
-0.120786 -5.24564e-08
-0.120696 -5.24774e-08
-0.120606 -5.24878e-08
-0.120516 -5.28528e-08
-0.120427 -5.32554e-08
-0.120337 -5.35513e-08
-0.120247 -5.39721e-08
-0.120157 -5.43028e-08
-0.120067 -5.45517e-08
-0.119977 -5.46706e-08
-0.119887 -5.50467e-08
-0.119797 -5.5276e-08
-0.119707 -5.57243e-08
-0.119617 -5.59248e-08
-0.119528 -5.5986e-08
-0.119438 -5.61282e-08
-0.119348 -5.61826e-08
-0.119258 -5.62561e-08
-0.119168 -5.62438e-08
-0.119078 -5.61638e-08
-0.118988 -5.61607e-08
-0.118898 -5.60763e-08
-0.118808 -5.58299e-08
-0.118718 -5.56527e-08
-0.118628 -5.53783e-08
-0.118539 -5.51361e-08
-0.118449 -5.50344e-08
-0.118359 -5.51217e-08
-0.118269 -5.51874e-08
-0.118179 -5.5329e-08
-0.118089 -5.54465e-08
-0.117999 -5.59586e-08
-0.117909 -5.6216e-08
-0.117819 -5.65609e-08
-0.117729 -5.69562e-08
-0.11764 -5.72954e-08
-0.11755 -5.75308e-08
-0.11746 -5.74899e-08
-0.11737 -5.7677e-08
-0.11728 -5.81426e-08
-0.11719 -5.82629e-08
-0.1171 -5.84632e-08
-0.11701 -5.86072e-08
-0.11692 -5.8862e-08
-0.11683 -5.91686e-08
-0.116741 -5.93771e-08
-0.116651 -5.96874e-08
-0.116561 -6.00098e-08
-0.116471 -6.02484e-08
-0.116381 -6.04131e-08
-0.116291 -6.04851e-08
-0.116201 -6.02735e-08
-0.116111 -6.04432e-08
-0.116021 -6.06089e-08
-0.115931 -6.0775e-08
-0.115841 -6.08331e-08
-0.115752 -6.07994e-08
-0.115662 -6.08229e-08
-0.115572 -6.06116e-08
-0.115482 -6.06e-08
-0.115392 -6.04626e-08
-0.115302 -6.04365e-08
-0.115212 -6.04918e-08
-0.115122 -6.06289e-08
-0.115032 -6.06276e-08
-0.114942 -6.0621e-08
-0.114853 -6.09985e-08
-0.114763 -6.1145e-08
-0.114673 -6.11859e-08
-0.114583 -6.12573e-08
-0.114493 -6.15099e-08
-0.114403 -6.16787e-08
-0.114313 -6.189e-08
-0.114223 -6.21873e-08
-0.114133 -6.2376e-08
-0.114043 -6.27108e-08
-0.113953 -6.29942e-08
-0.113864 -6.33408e-08
-0.113774 -6.38927e-08
-0.113684 -6.41958e-08
-0.113594 -6.45486e-08
-0.113504 -6.48157e-08
-0.113414 -6.47297e-08
-0.113324 -6.49719e-08
-0.113234 -6.52784e-08
-0.113144 -6.53823e-08
-0.113054 -6.546e-08
-0.112965 -6.54486e-08
-0.112875 -6.54209e-08
-0.112785 -6.53029e-08
-0.112695 -6.51373e-08
-0.112605 -6.49931e-08
-0.112515 -6.49459e-08
-0.112425 -6.49267e-08
-0.112335 -6.49962e-08
-0.112245 -6.51704e-08
-0.112155 -6.54049e-08
-0.112065 -6.53666e-08
-0.111976 -6.53829e-08
-0.111886 -6.52951e-08
-0.111796 -6.53447e-08
-0.111706 -6.51923e-08
-0.111616 -6.52791e-08
-0.111526 -6.52214e-08
-0.111436 -6.52488e-08
-0.111346 -6.5325e-08
-0.111256 -6.5358e-08
-0.111166 -6.55413e-08
-0.111077 -6.56426e-08
-0.110987 -6.58544e-08
-0.110897 -6.60641e-08
-0.110807 -6.63316e-08
-0.110717 -6.66051e-08
-0.110627 -6.68094e-08
-0.110537 -6.7042e-08
-0.110447 -6.73963e-08
-0.110357 -6.74748e-08
-0.110267 -6.7687e-08
-0.110178 -6.77842e-08
-0.110088 -6.7967e-08
-0.109998 -6.80501e-08
-0.109908 -6.80508e-08
-0.109818 -6.80922e-08
-0.109728 -6.80831e-08
-0.109638 -6.79995e-08
-0.109548 -6.79663e-08
-0.109458 -6.79392e-08
-0.109368 -6.80135e-08
-0.109278 -6.81668e-08
-0.109189 -6.80913e-08
-0.109099 -6.81541e-08
-0.109009 -6.80032e-08
-0.108919 -6.79248e-08
-0.108829 -6.79951e-08
-0.108739 -6.79256e-08
-0.108649 -6.78961e-08
-0.108559 -6.76636e-08
-0.108469 -6.75663e-08
-0.108379 -6.7629e-08
-0.10829 -6.75465e-08
-0.1082 -6.76712e-08
-0.10811 -6.76687e-08
-0.10802 -6.76438e-08
-0.10793 -6.77272e-08
-0.10784 -6.77989e-08
-0.10775 -6.78733e-08
-0.10766 -6.80948e-08
-0.10757 -6.82654e-08
-0.10748 -6.8378e-08
-0.10739 -6.84109e-08
-0.107301 -6.85161e-08
-0.107211 -6.86751e-08
-0.107121 -6.8698e-08
-0.107031 -6.88085e-08
-0.106941 -6.8645e-08
-0.106851 -6.87582e-08
-0.106761 -6.89508e-08
-0.106671 -6.91016e-08
-0.106581 -6.91754e-08
-0.106491 -6.93966e-08
-0.106402 -6.96248e-08
-0.106312 -6.98185e-08
-0.106222 -6.98211e-08
-0.106132 -6.97799e-08
-0.106042 -6.9808e-08
-0.105952 -6.98005e-08
-0.105862 -6.96596e-08
-0.105772 -6.97287e-08
-0.105682 -6.95958e-08
-0.105592 -6.9419e-08
-0.105502 -6.92854e-08
-0.105413 -6.91881e-08
-0.105323 -6.9115e-08
-0.105233 -6.88567e-08
-0.105143 -6.8736e-08
-0.105053 -6.84484e-08
-0.104963 -6.84648e-08
-0.104873 -6.83295e-08
-0.104783 -6.833e-08
-0.104693 -6.82505e-08
-0.104603 -6.8322e-08
-0.104514 -6.84423e-08
-0.104424 -6.8568e-08
-0.104334 -6.88469e-08
-0.104244 -6.90382e-08
-0.104154 -6.91801e-08
-0.104064 -6.93598e-08
-0.103974 -6.96744e-08
-0.103884 -6.98036e-08
-0.103794 -7.00724e-08
-0.103704 -7.01803e-08
-0.103614 -7.01034e-08
-0.103525 -7.02028e-08
-0.103435 -7.00996e-08
-0.103345 -7.00156e-08
-0.103255 -7.00316e-08
-0.103165 -7.00163e-08
-0.103075 -6.99568e-08
-0.102985 -6.98011e-08
-0.102895 -6.95264e-08
-0.102805 -6.93386e-08
-0.102715 -6.92935e-08
-0.102626 -6.90863e-08
-0.102536 -6.89839e-08
-0.102446 -6.87865e-08
-0.102356 -6.85366e-08
-0.102266 -6.82462e-08
-0.102176 -6.80795e-08
-0.102086 -6.79121e-08
-0.101996 -6.78e-08
-0.101906 -6.78751e-08
-0.101816 -6.78342e-08
-0.101727 -6.80473e-08
-0.101637 -6.82466e-08
-0.101547 -6.83827e-08
-0.101457 -6.84591e-08
-0.101367 -6.85071e-08
-0.101277 -6.87722e-08
-0.101187 -6.88813e-08
-0.101097 -6.89315e-08
-0.101007 -6.90061e-08
-0.100917 -6.9004e-08
-0.100827 -6.89532e-08
-0.100738 -6.89162e-08
-0.100648 -6.87944e-08
-0.100558 -6.86838e-08
-0.100468 -6.84757e-08
-0.100378 -6.83246e-08
-0.100288 -6.81107e-08
-0.100198 -6.79564e-08
-0.100108 -6.75913e-08
-0.100018 -6.73507e-08
-0.0999284 -6.72784e-08
-0.0998385 -6.71754e-08
-0.0997486 -6.70338e-08
-0.0996587 -6.68344e-08
-0.0995688 -6.66672e-08
-0.0994789 -6.64616e-08
-0.099389 -6.64032e-08
-0.0992991 -6.63429e-08
-0.0992092 -6.6341e-08
-0.0991193 -6.62152e-08
-0.0990294 -6.61597e-08
-0.0989395 -6.61805e-08
-0.0988496 -6.61487e-08
-0.0987597 -6.61369e-08
-0.0986698 -6.61971e-08
-0.0985799 -6.62118e-08
-0.09849 -6.62223e-08
-0.0984001 -6.63191e-08
-0.0983102 -6.63857e-08
-0.0982202 -6.64198e-08
-0.0981303 -6.6396e-08
-0.0980404 -6.63867e-08
-0.0979505 -6.63215e-08
-0.0978606 -6.6166e-08
-0.0977707 -6.61276e-08
-0.0976808 -6.60032e-08
-0.0975909 -6.58579e-08
-0.097501 -6.56639e-08
-0.0974111 -6.54992e-08
-0.0973212 -6.54241e-08
-0.0972313 -6.52435e-08
-0.0971414 -6.51268e-08
-0.0970515 -6.50878e-08
-0.0969616 -6.51085e-08
-0.0968717 -6.51316e-08
-0.0967818 -6.50634e-08
-0.0966919 -6.50016e-08
-0.096602 -6.50161e-08
-0.0965121 -6.49689e-08
-0.0964222 -6.4843e-08
-0.0963323 -6.48454e-08
-0.0962424 -6.46805e-08
-0.0961525 -6.46966e-08
-0.0960626 -6.46016e-08
-0.0959726 -6.45727e-08
-0.0958827 -6.45635e-08
-0.0957928 -6.45422e-08
-0.0957029 -6.45427e-08
-0.095613 -6.45004e-08
-0.0955231 -6.45296e-08
-0.0954332 -6.4556e-08
-0.0953433 -6.45869e-08
-0.0952534 -6.45965e-08
-0.0951635 -6.45452e-08
-0.0950736 -6.44095e-08
-0.0949837 -6.43942e-08
-0.0948938 -6.43504e-08
-0.0948039 -6.43422e-08
-0.094714 -6.42752e-08
-0.0946241 -6.41703e-08
-0.0945342 -6.40634e-08
-0.0944443 -6.40204e-08
-0.0943544 -6.40337e-08
-0.0942645 -6.40159e-08
-0.0941746 -6.39392e-08
-0.0940847 -6.40648e-08
-0.0939948 -6.40582e-08
-0.0939049 -6.40848e-08
-0.0938149 -6.40704e-08
-0.093725 -6.40536e-08
-0.0936351 -6.4022e-08
-0.0935452 -6.40267e-08
-0.0934553 -6.40689e-08
-0.0933654 -6.39761e-08
-0.0932755 -6.39839e-08
-0.0931856 -6.38738e-08
-0.0930957 -6.37989e-08
-0.0930058 -6.36613e-08
-0.0929159 -6.36614e-08
-0.092826 -6.35252e-08
-0.0927361 -6.34079e-08
-0.0926462 -6.33452e-08
-0.0925563 -6.33426e-08
-0.0924664 -6.32422e-08
-0.0923765 -6.31702e-08
-0.0922866 -6.30673e-08
-0.0921967 -6.30311e-08
-0.0921068 -6.30378e-08
-0.0920169 -6.30611e-08
-0.091927 -6.30266e-08
-0.0918371 -6.29274e-08
-0.0917472 -6.28571e-08
-0.0916572 -6.28332e-08
-0.0915673 -6.28408e-08
-0.0914774 -6.28042e-08
-0.0913875 -6.27955e-08
-0.0912976 -6.2767e-08
-0.0912077 -6.27159e-08
-0.0911178 -6.26652e-08
-0.0910279 -6.26869e-08
-0.090938 -6.25827e-08
-0.0908481 -6.2558e-08
-0.0907582 -6.25734e-08
-0.0906683 -6.25601e-08
-0.0905784 -6.25243e-08
-0.0904885 -6.24874e-08
-0.0903986 -6.23831e-08
-0.0903087 -6.23362e-08
-0.0902188 -6.22991e-08
-0.0901289 -6.22205e-08
-0.090039 -6.21118e-08
-0.0899491 -6.20062e-08
-0.0898592 -6.19948e-08
-0.0897693 -6.19422e-08
-0.0896794 -6.18639e-08
-0.0895895 -6.18579e-08
-0.0894995 -6.1782e-08
-0.0894096 -6.1786e-08
-0.0893197 -6.17517e-08
-0.0892298 -6.16719e-08
-0.0891399 -6.16353e-08
-0.08905 -6.16077e-08
-0.0889601 -6.15849e-08
-0.0888702 -6.15631e-08
-0.0887803 -6.14953e-08
-0.0886904 -6.14552e-08
-0.0886005 -6.1464e-08
-0.0885106 -6.13903e-08
-0.0884207 -6.12978e-08
-0.0883308 -6.11987e-08
-0.0882409 -6.11308e-08
-0.088151 -6.10575e-08
-0.0880611 -6.10204e-08
-0.0879712 -6.10092e-08
-0.0878813 -6.09594e-08
-0.0877914 -6.09484e-08
-0.0877015 -6.09514e-08
-0.0876116 -6.0914e-08
-0.0875217 -6.08292e-08
-0.0874318 -6.08486e-08
-0.0873418 -6.07269e-08
-0.0872519 -6.07295e-08
-0.087162 -6.06562e-08
-0.0870721 -6.05813e-08
-0.0869822 -6.05383e-08
-0.0868923 -6.04794e-08
-0.0868024 -6.03798e-08
-0.0867125 -6.028e-08
-0.0866226 -6.02038e-08
-0.0865327 -6.013e-08
-0.0864428 -6.00072e-08
-0.0863529 -5.99036e-08
-0.086263 -5.98335e-08
-0.0861731 -5.97522e-08
-0.0860832 -5.97576e-08
-0.0859933 -5.96779e-08
-0.0859034 -5.95917e-08
-0.0858135 -5.94865e-08
-0.0857236 -5.94137e-08
-0.0856337 -5.9328e-08
-0.0855438 -5.9261e-08
-0.0854539 -5.91435e-08
-0.085364 -5.90448e-08
-0.0852741 -5.90134e-08
-0.0851841 -5.89573e-08
-0.0850942 -5.88813e-08
-0.0850043 -5.88186e-08
-0.0849144 -5.87594e-08
-0.0848245 -5.86848e-08
-0.0847346 -5.86496e-08
-0.0846447 -5.85532e-08
-0.0845548 -5.84899e-08
-0.0844649 -5.8386e-08
-0.084375 -5.83642e-08
-0.0842851 -5.82622e-08
-0.0841952 -5.82251e-08
-0.0841053 -5.81077e-08
-0.0840154 -5.80762e-08
-0.0839255 -5.80013e-08
-0.0838356 -5.78754e-08
-0.0837457 -5.77884e-08
-0.0836558 -5.77231e-08
-0.0835659 -5.76595e-08
-0.083476 -5.7543e-08
-0.0833861 -5.74183e-08
-0.0832962 -5.73191e-08
-0.0832063 -5.71959e-08
-0.0831164 -5.70538e-08
-0.0830264 -5.69507e-08
-0.0829365 -5.68289e-08
-0.0828466 -5.67532e-08
-0.0827567 -5.6659e-08
-0.0826668 -5.65728e-08
-0.0825769 -5.64665e-08
-0.082487 -5.64346e-08
-0.0823971 -5.63846e-08
-0.0823072 -5.63108e-08
-0.0822173 -5.63093e-08
-0.0821274 -5.6192e-08
-0.0820375 -5.6124e-08
-0.0819476 -5.6047e-08
-0.0818577 -5.59294e-08
-0.0817678 -5.58608e-08
-0.0816779 -5.58087e-08
-0.081588 -5.56898e-08
-0.0814981 -5.55651e-08
-0.0814082 -5.54327e-08
-0.0813183 -5.53116e-08
-0.0812284 -5.51945e-08
-0.0811385 -5.50327e-08
-0.0810486 -5.49623e-08
-0.0809587 -5.4898e-08
-0.0808687 -5.47766e-08
-0.0807788 -5.46697e-08
-0.0806889 -5.45897e-08
-0.080599 -5.44575e-08
-0.0805091 -5.42821e-08
-0.0804192 -5.41193e-08
-0.0803293 -5.3963e-08
-0.0802394 -5.38553e-08
-0.0801495 -5.36752e-08
-0.0800596 -5.35635e-08
-0.0799697 -5.34635e-08
-0.0798798 -5.3374e-08
-0.0797899 -5.33087e-08
-0.0797 -5.31459e-08
-0.0796101 -5.2979e-08
-0.0795202 -5.28599e-08
-0.0794303 -5.27843e-08
-0.0793404 -5.26602e-08
-0.0792505 -5.26142e-08
-0.0791606 -5.24837e-08
-0.0790707 -5.23271e-08
-0.0789808 -5.22147e-08
-0.0788909 -5.20364e-08
-0.078801 -5.18534e-08
-0.078711 -5.1732e-08
-0.0786211 -5.15876e-08
-0.0785312 -5.13805e-08
-0.0784413 -5.12683e-08
-0.0783514 -5.1087e-08
-0.0782615 -5.09947e-08
-0.0781716 -5.08579e-08
-0.0780817 -5.07513e-08
-0.0779918 -5.06325e-08
-0.0779019 -5.04613e-08
-0.077812 -5.02634e-08
-0.0777221 -5.00852e-08
-0.0776322 -4.98901e-08
-0.0775423 -4.97048e-08
-0.0774524 -4.94964e-08
-0.0773625 -4.93105e-08
-0.0772726 -4.91418e-08
-0.0771827 -4.89485e-08
-0.0770928 -4.87632e-08
-0.0770029 -4.86659e-08
-0.076913 -4.85465e-08
-0.0768231 -4.83554e-08
-0.0767332 -4.81907e-08
-0.0766433 -4.80321e-08
-0.0765534 -4.79114e-08
-0.0764634 -4.78064e-08
-0.0763735 -4.76863e-08
-0.0762836 -4.75037e-08
-0.0761937 -4.73725e-08
-0.0761038 -4.71897e-08
-0.0760139 -4.7019e-08
-0.075924 -4.68367e-08
-0.0758341 -4.66477e-08
-0.0757442 -4.64609e-08
-0.0756543 -4.63021e-08
-0.0755644 -4.61302e-08
-0.0754745 -4.59893e-08
-0.0753846 -4.59129e-08
-0.0752947 -4.57052e-08
-0.0752048 -4.555e-08
-0.0751149 -4.53219e-08
-0.075025 -4.51197e-08
-0.0749351 -4.48863e-08
-0.0748452 -4.46794e-08
-0.0747553 -4.44866e-08
-0.0746654 -4.43026e-08
-0.0745755 -4.41183e-08
-0.0744856 -4.39655e-08
-0.0743957 -4.3767e-08
-0.0743057 -4.35701e-08
-0.0742158 -4.34054e-08
-0.0741259 -4.32375e-08
-0.074036 -4.30713e-08
-0.0739461 -4.29141e-08
-0.0738562 -4.26877e-08
-0.0737663 -4.24697e-08
-0.0736764 -4.22669e-08
-0.0735865 -4.20616e-08
-0.0734966 -4.18371e-08
-0.0734067 -4.16445e-08
-0.0733168 -4.14114e-08
-0.0732269 -4.11758e-08
-0.073137 -4.09869e-08
-0.0730471 -4.07844e-08
-0.0729572 -4.05896e-08
-0.0728673 -4.0421e-08
-0.0727774 -4.02761e-08
-0.0726875 -4.0137e-08
-0.0725976 -3.99689e-08
-0.0725077 -3.98109e-08
-0.0724178 -3.96421e-08
-0.0723279 -3.94587e-08
-0.072238 -3.92605e-08
-0.072148 -3.90721e-08
-0.0720581 -3.8902e-08
-0.0719682 -3.87474e-08
-0.0718783 -3.85758e-08
-0.0717884 -3.84229e-08
-0.0716985 -3.82836e-08
-0.0716086 -3.81362e-08
-0.0715187 -3.79749e-08
-0.0714288 -3.77988e-08
-0.0713389 -3.76433e-08
-0.071249 -3.74698e-08
-0.0711591 -3.73268e-08
-0.0710692 -3.71401e-08
-0.0709793 -3.69758e-08
-0.0708894 -3.67819e-08
-0.0707995 -3.66253e-08
-0.0707096 -3.64114e-08
-0.0706197 -3.61746e-08
-0.0705298 -3.59648e-08
-0.0704399 -3.57612e-08
-0.07035 -3.55632e-08
-0.0702601 -3.53324e-08
-0.0701702 -3.5181e-08
-0.0700803 -3.5018e-08
-0.0699903 -3.4859e-08
-0.0699004 -3.47535e-08
-0.0698105 -3.46e-08
-0.0697206 -3.44647e-08
-0.0696307 -3.42886e-08
-0.0695408 -3.41233e-08
-0.0694509 -3.39276e-08
-0.069361 -3.37518e-08
-0.0692711 -3.35942e-08
-0.0691812 -3.34058e-08
-0.0690913 -3.32019e-08
-0.0690014 -3.3011e-08
-0.0689115 -3.27913e-08
-0.0688216 -3.25884e-08
-0.0687317 -3.23845e-08
-0.0686418 -3.22073e-08
-0.0685519 -3.20289e-08
-0.068462 -3.18385e-08
-0.0683721 -3.16494e-08
-0.0682822 -3.15006e-08
-0.0681923 -3.13243e-08
-0.0681024 -3.11369e-08
-0.0680125 -3.09352e-08
-0.0679226 -3.07502e-08
-0.0678326 -3.05207e-08
-0.0677427 -3.03486e-08
-0.0676528 -3.01456e-08
-0.0675629 -2.99564e-08
-0.067473 -2.9777e-08
-0.0673831 -2.95844e-08
-0.0672932 -2.94302e-08
-0.0672033 -2.92446e-08
-0.0671134 -2.90387e-08
-0.0670235 -2.88683e-08
-0.0669336 -2.86917e-08
-0.0668437 -2.85093e-08
-0.0667538 -2.83029e-08
-0.0666639 -2.80865e-08
-0.066574 -2.78648e-08
-0.0664841 -2.76674e-08
-0.0663942 -2.74609e-08
-0.0663043 -2.72602e-08
-0.0662144 -2.70636e-08
-0.0661245 -2.68471e-08
-0.0660346 -2.66624e-08
-0.0659447 -2.64776e-08
-0.0658548 -2.62961e-08
-0.0657649 -2.61298e-08
-0.0656749 -2.59442e-08
-0.065585 -2.57597e-08
-0.0654951 -2.55808e-08
-0.0654052 -2.53746e-08
-0.0653153 -2.5195e-08
-0.0652254 -2.50029e-08
-0.0651355 -2.48207e-08
-0.0650456 -2.46329e-08
-0.0649557 -2.44311e-08
-0.0648658 -2.42156e-08
-0.0647759 -2.40197e-08
-0.064686 -2.3794e-08
-0.0645961 -2.35639e-08
-0.0645062 -2.33582e-08
-0.0644163 -2.31637e-08
-0.0643264 -2.29446e-08
-0.0642365 -2.27109e-08
-0.0641466 -2.25016e-08
-0.0640567 -2.22961e-08
-0.0639668 -2.2109e-08
-0.0638769 -2.19011e-08
-0.063787 -2.16737e-08
-0.0636971 -2.14587e-08
-0.0636072 -2.12467e-08
-0.0635172 -2.10493e-08
-0.0634273 -2.0844e-08
-0.0633374 -2.06826e-08
-0.0632475 -2.05168e-08
-0.0631576 -2.03251e-08
-0.0630677 -2.01399e-08
-0.0629778 -1.99648e-08
-0.0628879 -1.97733e-08
-0.062798 -1.96013e-08
-0.0627081 -1.94086e-08
-0.0626182 -1.91982e-08
-0.0625283 -1.89988e-08
-0.0624384 -1.88167e-08
-0.0623485 -1.86149e-08
-0.0622586 -1.84187e-08
-0.0621687 -1.82229e-08
-0.0620788 -1.80121e-08
-0.0619889 -1.77749e-08
-0.061899 -1.75469e-08
-0.0618091 -1.73219e-08
-0.0617192 -1.71338e-08
-0.0616293 -1.69001e-08
-0.0615394 -1.66563e-08
-0.0614495 -1.64356e-08
-0.0613595 -1.62162e-08
-0.0612696 -1.59802e-08
-0.0611797 -1.5734e-08
-0.0610898 -1.55215e-08
-0.0609999 -1.53022e-08
-0.06091 -1.50746e-08
-0.0608201 -1.4857e-08
-0.0607302 -1.46456e-08
-0.0606403 -1.44241e-08
-0.0605504 -1.42072e-08
-0.0604605 -1.39996e-08
-0.0603706 -1.37786e-08
-0.0602807 -1.35742e-08
-0.0601908 -1.3347e-08
-0.0601009 -1.3121e-08
-0.060011 -1.29022e-08
-0.0599211 -1.26635e-08
-0.0598312 -1.24124e-08
-0.0597413 -1.21886e-08
-0.0596514 -1.193e-08
-0.0595615 -1.16916e-08
-0.0594716 -1.1465e-08
-0.0593817 -1.1235e-08
-0.0592918 -1.09936e-08
-0.0592018 -1.07589e-08
-0.0591119 -1.05302e-08
-0.059022 -1.02896e-08
-0.0589321 -1.003e-08
-0.0588422 -9.80347e-09
-0.0587523 -9.5976e-09
-0.0586624 -9.35859e-09
-0.0585725 -9.1509e-09
-0.0584826 -8.92413e-09
-0.0583927 -8.69056e-09
-0.0583028 -8.44562e-09
-0.0582129 -8.20456e-09
-0.058123 -7.97473e-09
-0.0580331 -7.7592e-09
-0.0579432 -7.52766e-09
-0.0578533 -7.28597e-09
-0.0577634 -7.04742e-09
-0.0576735 -6.81944e-09
-0.0575836 -6.58195e-09
-0.0574937 -6.36645e-09
-0.0574038 -6.13205e-09
-0.0573139 -5.883e-09
-0.057224 -5.64778e-09
-0.0571341 -5.42502e-09
-0.0570442 -5.1782e-09
-0.0569542 -4.9448e-09
-0.0568643 -4.70609e-09
-0.0567744 -4.48844e-09
-0.0566845 -4.25507e-09
-0.0565946 -4.02309e-09
-0.0565047 -3.78296e-09
-0.0564148 -3.56335e-09
-0.0563249 -3.34351e-09
-0.056235 -3.13591e-09
-0.0561451 -2.91499e-09
-0.0560552 -2.70762e-09
-0.0559653 -2.50172e-09
-0.0558754 -2.30017e-09
-0.0557855 -2.09843e-09
-0.0556956 -1.8891e-09
-0.0556057 -1.68687e-09
-0.0555158 -1.46984e-09
-0.0554259 -1.2661e-09
-0.055336 -1.06751e-09
-0.0552461 -8.79305e-10
-0.0551562 -6.7664e-10
-0.0550663 -4.52352e-10
-0.0549764 -2.45685e-10
-0.0548865 -6.23261e-11
-0.0547965 1.53626e-10
-0.0547066 3.59063e-10
-0.0546167 5.7094e-10
-0.0545268 7.75092e-10
-0.0544369 9.68324e-10
-0.054347 1.14601e-09
-0.0542571 1.3432e-09
-0.0541672 1.52798e-09
-0.0540773 1.71374e-09
-0.0539874 1.88962e-09
-0.0538975 2.08975e-09
-0.0538076 2.288e-09
-0.0537177 2.47557e-09
-0.0536278 2.66827e-09
-0.0535379 2.84319e-09
-0.053448 3.03086e-09
-0.0533581 3.20523e-09
-0.0532682 3.39846e-09
-0.0531783 3.59242e-09
-0.0530884 3.78361e-09
-0.0529985 3.99437e-09
-0.0529086 4.19038e-09
-0.0528187 4.41058e-09
-0.0527288 4.61922e-09
-0.0526388 4.8062e-09
-0.0525489 5.00963e-09
-0.052459 5.21923e-09
-0.0523691 5.4253e-09
-0.0522792 5.64966e-09
-0.0521893 5.85636e-09
-0.0520994 6.07206e-09
-0.0520095 6.2854e-09
-0.0519196 6.50317e-09
-0.0518297 6.72257e-09
-0.0517398 6.92716e-09
-0.0516499 7.14982e-09
-0.05156 7.35504e-09
-0.0514701 7.58043e-09
-0.0513802 7.78812e-09
-0.0512903 8.00173e-09
-0.0512004 8.22386e-09
-0.0511105 8.43991e-09
-0.0510206 8.65705e-09
-0.0509307 8.85991e-09
-0.0508408 9.05614e-09
-0.0507509 9.25924e-09
-0.050661 9.4637e-09
-0.0505711 9.68059e-09
-0.0504811 9.90726e-09
-0.0503912 1.01392e-08
-0.0503013 1.03863e-08
-0.0502114 1.062e-08
-0.0501215 1.08547e-08
-0.0500316 1.11009e-08
-0.0499417 1.13393e-08
-0.0498518 1.15934e-08
-0.0497619 1.1828e-08
-0.049672 1.20724e-08
-0.0495821 1.23092e-08
-0.0494922 1.25367e-08
-0.0494023 1.27783e-08
-0.0493124 1.303e-08
-0.0492225 1.32743e-08
-0.0491326 1.35279e-08
-0.0490427 1.37545e-08
-0.0489528 1.39968e-08
-0.0488629 1.42337e-08
-0.048773 1.44739e-08
-0.0486831 1.47088e-08
-0.0485932 1.49362e-08
-0.0485033 1.51607e-08
-0.0484134 1.53801e-08
-0.0483234 1.55979e-08
-0.0482335 1.58166e-08
-0.0481436 1.60269e-08
-0.0480537 1.62496e-08
-0.0479638 1.64519e-08
-0.0478739 1.66533e-08
-0.047784 1.68575e-08
-0.0476941 1.70652e-08
-0.0476042 1.72646e-08
-0.0475143 1.74518e-08
-0.0474244 1.76533e-08
-0.0473345 1.7852e-08
-0.0472446 1.80462e-08
-0.0471547 1.82486e-08
-0.0470648 1.84482e-08
-0.0469749 1.86392e-08
-0.046885 1.88313e-08
-0.0467951 1.90092e-08
-0.0467052 1.91947e-08
-0.0466153 1.93709e-08
-0.0465254 1.95684e-08
-0.0464355 1.97463e-08
-0.0463456 1.99308e-08
-0.0462557 2.01035e-08
-0.0461657 2.0284e-08
-0.0460758 2.04593e-08
-0.0459859 2.06243e-08
-0.045896 2.07931e-08
-0.0458061 2.09551e-08
-0.0457162 2.11152e-08
-0.0456263 2.1278e-08
-0.0455364 2.14454e-08
-0.0454465 2.16186e-08
-0.0453566 2.17682e-08
-0.0452667 2.19367e-08
-0.0451768 2.21004e-08
-0.0450869 2.22582e-08
-0.044997 2.24014e-08
-0.0449071 2.25533e-08
-0.0448172 2.26935e-08
-0.0447273 2.28437e-08
-0.0446374 2.29846e-08
-0.0445475 2.31217e-08
-0.0444576 2.32579e-08
-0.0443677 2.338e-08
-0.0442778 2.35234e-08
-0.0441879 2.36666e-08
-0.044098 2.37936e-08
-0.044008 2.39134e-08
-0.0439181 2.40281e-08
-0.0438282 2.41416e-08
-0.0437383 2.42667e-08
-0.0436484 2.43938e-08
-0.0435585 2.45197e-08
-0.0434686 2.46359e-08
-0.0433787 2.4757e-08
-0.0432888 2.4869e-08
-0.0431989 2.49887e-08
-0.043109 2.5099e-08
-0.0430191 2.5209e-08
-0.0429292 2.53091e-08
-0.0428393 2.54081e-08
-0.0427494 2.55194e-08
-0.0426595 2.56302e-08
-0.0425696 2.57372e-08
-0.0424797 2.58464e-08
-0.0423898 2.59455e-08
-0.0422999 2.60594e-08
-0.04221 2.61578e-08
-0.0421201 2.62534e-08
-0.0420302 2.6356e-08
-0.0419403 2.64487e-08
-0.0418503 2.65368e-08
-0.0417604 2.6628e-08
-0.0416705 2.67186e-08
-0.0415806 2.68097e-08
-0.0414907 2.68974e-08
-0.0414008 2.69774e-08
-0.0413109 2.70521e-08
-0.041221 2.7113e-08
-0.0411311 2.71871e-08
-0.0410412 2.72657e-08
-0.0409513 2.73365e-08
-0.0408614 2.74066e-08
-0.0407715 2.74772e-08
-0.0406816 2.75372e-08
-0.0405917 2.76016e-08
-0.0405018 2.76692e-08
-0.0404119 2.77359e-08
-0.040322 2.78008e-08
-0.0402321 2.78607e-08
-0.0401422 2.79182e-08
-0.0400523 2.79735e-08
-0.0399624 2.80316e-08
-0.0398725 2.809e-08
-0.0397826 2.81455e-08
-0.0396927 2.82012e-08
-0.0396027 2.82584e-08
-0.0395128 2.83193e-08
-0.0394229 2.83808e-08
-0.039333 2.84365e-08
-0.0392431 2.8488e-08
-0.0391532 2.85438e-08
-0.0390633 2.85977e-08
-0.0389734 2.86421e-08
-0.0388835 2.86943e-08
-0.0387936 2.87451e-08
-0.0387037 2.87948e-08
-0.0386138 2.88523e-08
-0.0385239 2.89045e-08
-0.038434 2.89553e-08
-0.0383441 2.89973e-08
-0.0382542 2.90327e-08
-0.0381643 2.90768e-08
-0.0380744 2.91064e-08
-0.0379845 2.91494e-08
-0.0378946 2.91851e-08
-0.0378047 2.92234e-08
-0.0377148 2.9259e-08
-0.0376249 2.92983e-08
-0.037535 2.93265e-08
-0.037445 2.93585e-08
-0.0373551 2.93856e-08
-0.0372652 2.94084e-08
-0.0371753 2.94349e-08
-0.0370854 2.94655e-08
-0.0369955 2.94983e-08
-0.0369056 2.95274e-08
-0.0368157 2.95499e-08
-0.0367258 2.95808e-08
-0.0366359 2.96099e-08
-0.036546 2.96438e-08
-0.0364561 2.96766e-08
-0.0363662 2.97091e-08
-0.0362763 2.9738e-08
-0.0361864 2.97701e-08
-0.0360965 2.97986e-08
-0.0360066 2.9833e-08
-0.0359167 2.98734e-08
-0.0358268 2.99123e-08
-0.0357369 2.99512e-08
-0.035647 2.99992e-08
-0.0355571 3.00403e-08
-0.0354672 3.00847e-08
-0.0353773 3.01285e-08
-0.0352873 3.01582e-08
-0.0351974 3.01885e-08
-0.0351075 3.0232e-08
-0.0350176 3.02695e-08
-0.0349277 3.02983e-08
-0.0348378 3.03401e-08
-0.0347479 3.03858e-08
-0.034658 3.04303e-08
-0.0345681 3.04654e-08
-0.0344782 3.0502e-08
-0.0343883 3.05308e-08
-0.0342984 3.05635e-08
-0.0342085 3.05847e-08
-0.0341186 3.06156e-08
-0.0340287 3.06497e-08
-0.0339388 3.06836e-08
-0.0338489 3.07246e-08
-0.033759 3.07506e-08
-0.0336691 3.07867e-08
-0.0335792 3.08126e-08
-0.0334893 3.08332e-08
-0.0333994 3.08669e-08
-0.0333095 3.0903e-08
-0.0332196 3.09343e-08
-0.0331296 3.09721e-08
-0.0330397 3.10125e-08
-0.0329498 3.10534e-08
-0.0328599 3.1095e-08
-0.03277 3.11272e-08
-0.0326801 3.11689e-08
-0.0325902 3.12152e-08
-0.0325003 3.12455e-08
-0.0324104 3.12754e-08
-0.0323205 3.13046e-08
-0.0322306 3.13328e-08
-0.0321407 3.13694e-08
-0.0320508 3.14038e-08
-0.0319609 3.14417e-08
-0.031871 3.14741e-08
-0.0317811 3.15029e-08
-0.0316912 3.15282e-08
-0.0316013 3.15667e-08
-0.0315114 3.16005e-08
-0.0314215 3.16283e-08
-0.0313316 3.16591e-08
-0.0312417 3.16807e-08
-0.0311518 3.17019e-08
-0.0310619 3.17238e-08
-0.0309719 3.17393e-08
-0.030882 3.17516e-08
-0.0307921 3.17622e-08
-0.0307022 3.17819e-08
-0.0306123 3.17945e-08
-0.0305224 3.18025e-08
-0.0304325 3.1808e-08
-0.0303426 3.18125e-08
-0.0302527 3.18228e-08
-0.0301628 3.18419e-08
-0.0300729 3.18495e-08
-0.029983 3.18613e-08
-0.0298931 3.18629e-08
-0.0298032 3.18712e-08
-0.0297133 3.18647e-08
-0.0296234 3.18588e-08
-0.0295335 3.18557e-08
-0.0294436 3.18529e-08
-0.0293537 3.18401e-08
-0.0292638 3.18259e-08
-0.0291739 3.1812e-08
-0.029084 3.17971e-08
-0.0289941 3.17942e-08
-0.0289042 3.17816e-08
-0.0288142 3.17711e-08
-0.0287243 3.17526e-08
-0.0286344 3.17404e-08
-0.0285445 3.17202e-08
-0.0284546 3.17023e-08
-0.0283647 3.16856e-08
-0.0282748 3.16531e-08
-0.0281849 3.1627e-08
-0.028095 3.15997e-08
-0.0280051 3.15672e-08
-0.0279152 3.15365e-08
-0.0278253 3.14977e-08
-0.0277354 3.14488e-08
-0.0276455 3.1404e-08
-0.0275556 3.13534e-08
-0.0274657 3.1302e-08
-0.0273758 3.12575e-08
-0.0272859 3.1208e-08
-0.027196 3.11568e-08
-0.0271061 3.11068e-08
-0.0270162 3.10542e-08
-0.0269263 3.09902e-08
-0.0268364 3.0941e-08
-0.0267465 3.08793e-08
-0.0266565 3.08114e-08
-0.0265666 3.07501e-08
-0.0264767 3.06779e-08
-0.0263868 3.06161e-08
-0.0262969 3.05503e-08
-0.026207 3.04845e-08
-0.0261171 3.04236e-08
-0.0260272 3.03546e-08
-0.0259373 3.02806e-08
-0.0258474 3.02118e-08
-0.0257575 3.01499e-08
-0.0256676 3.00718e-08
-0.0255777 2.99997e-08
-0.0254878 2.99374e-08
-0.0253979 2.9869e-08
-0.025308 2.97973e-08
-0.0252181 2.97179e-08
-0.0251282 2.96414e-08
-0.0250383 2.95566e-08
-0.0249484 2.94843e-08
-0.0248585 2.94027e-08
-0.0247686 2.93243e-08
-0.0246787 2.9238e-08
-0.0245888 2.91464e-08
-0.0244988 2.9068e-08
-0.0244089 2.89725e-08
-0.024319 2.88889e-08
-0.0242291 2.87962e-08
-0.0241392 2.87025e-08
-0.0240493 2.86112e-08
-0.0239594 2.85165e-08
-0.0238695 2.84177e-08
-0.0237796 2.83243e-08
-0.0236897 2.82321e-08
-0.0235998 2.81338e-08
-0.0235099 2.80396e-08
-0.02342 2.79485e-08
-0.0233301 2.78596e-08
-0.0232402 2.77624e-08
-0.0231503 2.76626e-08
-0.0230604 2.75654e-08
-0.0229705 2.74745e-08
-0.0228806 2.73806e-08
-0.0227907 2.72902e-08
-0.0227008 2.71961e-08
-0.0226109 2.71045e-08
-0.022521 2.70117e-08
-0.0224311 2.69177e-08
-0.0223411 2.68197e-08
-0.0222512 2.67226e-08
-0.0221613 2.66254e-08
-0.0220714 2.65275e-08
-0.0219815 2.64326e-08
-0.0218916 2.63371e-08
-0.0218017 2.62382e-08
-0.0217118 2.61415e-08
-0.0216219 2.60517e-08
-0.021532 2.59579e-08
-0.0214421 2.58626e-08
-0.0213522 2.57667e-08
-0.0212623 2.56715e-08
-0.0211724 2.55774e-08
-0.0210825 2.54799e-08
-0.0209926 2.53843e-08
-0.0209027 2.52926e-08
-0.0208128 2.51959e-08
-0.0207229 2.51027e-08
-0.020633 2.50056e-08
-0.0205431 2.49124e-08
-0.0204532 2.48137e-08
-0.0203633 2.47159e-08
-0.0202734 2.46193e-08
-0.0201835 2.45271e-08
-0.0200935 2.44328e-08
-0.0200036 2.43404e-08
-0.0199137 2.42485e-08
-0.0198238 2.41576e-08
-0.0197339 2.40668e-08
-0.019644 2.39795e-08
-0.0195541 2.3879e-08
-0.0194642 2.37868e-08
-0.0193743 2.36957e-08
-0.0192844 2.36079e-08
-0.0191945 2.35139e-08
-0.0191046 2.34233e-08
-0.0190147 2.33341e-08
-0.0189248 2.32462e-08
-0.0188349 2.31538e-08
-0.018745 2.30645e-08
-0.0186551 2.29712e-08
-0.0185652 2.28796e-08
-0.0184753 2.27877e-08
-0.0183854 2.26987e-08
-0.0182955 2.26162e-08
-0.0182056 2.25286e-08
-0.0181157 2.24513e-08
-0.0180258 2.23712e-08
-0.0179358 2.22837e-08
-0.0178459 2.21951e-08
-0.017756 2.21087e-08
-0.0176661 2.20206e-08
-0.0175762 2.19376e-08
-0.0174863 2.18543e-08
-0.0173964 2.17668e-08
-0.0173065 2.16838e-08
-0.0172166 2.1598e-08
-0.0171267 2.15151e-08
-0.0170368 2.1427e-08
-0.0169469 2.13461e-08
-0.016857 2.12612e-08
-0.0167671 2.11748e-08
-0.0166772 2.10938e-08
-0.0165873 2.10092e-08
-0.0164974 2.09156e-08
-0.0164075 2.08353e-08
-0.0163176 2.07494e-08
-0.0162277 2.06712e-08
-0.0161378 2.05863e-08
-0.0160479 2.05126e-08
-0.015958 2.04312e-08
-0.0158681 2.03468e-08
-0.0157781 2.02674e-08
-0.0156882 2.01842e-08
-0.0155983 2.00991e-08
-0.0155084 2.00214e-08
-0.0154185 1.99412e-08
-0.0153286 1.98521e-08
-0.0152387 1.97715e-08
-0.0151488 1.96866e-08
-0.0150589 1.9605e-08
-0.014969 1.95139e-08
-0.0148791 1.94201e-08
-0.0147892 1.93352e-08
-0.0146993 1.92527e-08
-0.0146094 1.91662e-08
-0.0145195 1.90783e-08
-0.0144296 1.89843e-08
-0.0143397 1.88896e-08
-0.0142498 1.88033e-08
-0.0141599 1.87093e-08
-0.01407 1.86173e-08
-0.0139801 1.85267e-08
-0.0138902 1.84383e-08
-0.0138003 1.83426e-08
-0.0137104 1.8248e-08
-0.0136204 1.81565e-08
-0.0135305 1.80603e-08
-0.0134406 1.79699e-08
-0.0133507 1.78706e-08
-0.0132608 1.77775e-08
-0.0131709 1.76832e-08
-0.013081 1.75772e-08
-0.0129911 1.74808e-08
-0.0129012 1.73768e-08
-0.0128113 1.72687e-08
-0.0127214 1.71616e-08
-0.0126315 1.70544e-08
-0.0125416 1.6943e-08
-0.0124517 1.68394e-08
-0.0123618 1.67333e-08
-0.0122719 1.66185e-08
-0.012182 1.65152e-08
-0.0120921 1.64057e-08
-0.0120022 1.62983e-08
-0.0119123 1.61844e-08
-0.0118224 1.6066e-08
-0.0117325 1.59466e-08
-0.0116426 1.58244e-08
-0.0115527 1.57022e-08
-0.0114627 1.55763e-08
-0.0113728 1.54571e-08
-0.0112829 1.53373e-08
-0.011193 1.52137e-08
-0.0111031 1.509e-08
-0.0110132 1.4971e-08
-0.0109233 1.48478e-08
-0.0108334 1.47137e-08
-0.0107435 1.45843e-08
-0.0106536 1.44533e-08
-0.0105637 1.43192e-08
-0.0104738 1.41907e-08
-0.0103839 1.40502e-08
-0.010294 1.3912e-08
-0.0102041 1.37755e-08
-0.0101142 1.36343e-08
-0.0100243 1.34977e-08
-0.00993438 1.33596e-08
-0.00984447 1.32162e-08
-0.00975457 1.30736e-08
-0.00966466 1.29399e-08
-0.00957476 1.28039e-08
-0.00948486 1.26635e-08
-0.00939495 1.25234e-08
-0.00930505 1.23709e-08
-0.00921514 1.22241e-08
-0.00912524 1.20724e-08
-0.00903534 1.19264e-08
-0.00894543 1.17753e-08
-0.00885553 1.16242e-08
-0.00876562 1.14751e-08
-0.00867572 1.1323e-08
-0.00858582 1.11788e-08
-0.00849591 1.10363e-08
-0.00840601 1.08863e-08
-0.0083161 1.07353e-08
-0.0082262 1.05826e-08
-0.00813629 1.04282e-08
-0.00804639 1.02794e-08
-0.00795649 1.01305e-08
-0.00786658 9.97671e-09
-0.00777668 9.82585e-09
-0.00768677 9.67798e-09
-0.00759687 9.51841e-09
-0.00750697 9.37081e-09
-0.00741706 9.22694e-09
-0.00732716 9.07143e-09
-0.00723725 8.9247e-09
-0.00714735 8.77696e-09
-0.00705744 8.62669e-09
-0.00696754 8.48541e-09
-0.00687764 8.33846e-09
-0.00678773 8.19464e-09
-0.00669783 8.04982e-09
-0.00660792 7.90552e-09
-0.00651802 7.75435e-09
-0.00642812 7.60701e-09
-0.00633821 7.46426e-09
-0.00624831 7.31882e-09
-0.0061584 7.18351e-09
-0.0060685 7.04356e-09
-0.00597859 6.91237e-09
-0.00588869 6.77404e-09
-0.00579879 6.63683e-09
-0.00570888 6.50419e-09
-0.00561898 6.37279e-09
-0.00552907 6.23668e-09
-0.00543917 6.09143e-09
-0.00534927 5.95326e-09
-0.00525936 5.81676e-09
-0.00516946 5.68697e-09
-0.00507955 5.55792e-09
-0.00498965 5.42648e-09
-0.00489975 5.30504e-09
-0.00480984 5.17718e-09
-0.00471994 5.04781e-09
-0.00463003 4.93276e-09
-0.00454013 4.80935e-09
-0.00445022 4.69499e-09
-0.00436032 4.57096e-09
-0.00427042 4.44802e-09
-0.00418051 4.32901e-09
-0.00409061 4.21101e-09
-0.0040007 4.08681e-09
-0.0039108 3.9742e-09
-0.0038209 3.86443e-09
-0.00373099 3.74311e-09
-0.00364109 3.63142e-09
-0.00355118 3.52498e-09
-0.00346128 3.41667e-09
-0.00337137 3.31549e-09
-0.00328147 3.20851e-09
-0.00319157 3.10238e-09
-0.00310166 3.00404e-09
-0.00301176 2.90148e-09
-0.00292185 2.79434e-09
-0.00283195 2.68896e-09
-0.00274205 2.59037e-09
-0.00265214 2.48578e-09
-0.00256224 2.38804e-09
-0.00247233 2.29154e-09
-0.00238243 2.19851e-09
-0.00229252 2.11415e-09
-0.00220262 2.01454e-09
-0.00211272 1.91985e-09
-0.00202281 1.83762e-09
-0.00193291 1.75109e-09
-0.001843 1.66423e-09
-0.0017531 1.57824e-09
-0.0016632 1.48985e-09
-0.00157329 1.40305e-09
-0.00148339 1.31644e-09
-0.00139348 1.23431e-09
-0.00130358 1.14562e-09
-0.00121368 1.06262e-09
-0.00112377 9.71934e-10
-0.00103387 8.8835e-10
-0.000943963 8.13637e-10
-0.000854059 7.43151e-10
-0.000764154 6.64138e-10
-0.00067425 5.84847e-10
-0.000584346 5.10546e-10
-0.000494442 4.38416e-10
-0.000404538 3.67238e-10
-0.000314634 2.94256e-10
-0.00022473 2.22117e-10
-0.000134825 1.48155e-10
-4.49212e-05 7.25124e-11
4.49829e-05 0
0.000134887 -6.19491e-11
0.000224791 -1.23359e-10
0.000314695 -1.8967e-10
0.0004046 -2.56156e-10
0.000494504 -3.17429e-10
0.000584408 -3.81791e-10
0.000674312 -4.41658e-10
0.000764216 -5.04211e-10
0.00085412 -5.71106e-10
0.000944024 -6.29558e-10
0.00103393 -6.92016e-10
0.00112383 -7.52842e-10
0.00121374 -8.06215e-10
0.00130364 -8.6422e-10
0.00139355 -9.23597e-10
0.00148345 -9.74297e-10
0.00157335 -1.03681e-09
0.00166326 -1.09463e-09
0.00175316 -1.14958e-09
0.00184307 -1.20952e-09
0.00193297 -1.2599e-09
0.00202287 -1.31017e-09
0.00211278 -1.3622e-09
0.00220268 -1.41586e-09
0.00229259 -1.46704e-09
0.00238249 -1.51782e-09
0.00247239 -1.56474e-09
0.0025623 -1.61951e-09
0.0026522 -1.67543e-09
0.00274211 -1.72517e-09
0.00283201 -1.77917e-09
0.00292192 -1.83143e-09
0.00301182 -1.86752e-09
0.00310172 -1.91095e-09
0.00319163 -1.95101e-09
0.00328153 -1.99531e-09
0.00337144 -2.03692e-09
0.00346134 -2.08149e-09
0.00355124 -2.12873e-09
0.00364115 -2.17964e-09
0.00373105 -2.22197e-09
0.00382096 -2.26979e-09
0.00391086 -2.31779e-09
0.00400077 -2.35558e-09
0.00409067 -2.39219e-09
0.00418057 -2.42826e-09
0.00427048 -2.46054e-09
0.00436038 -2.50213e-09
0.00445029 -2.53817e-09
0.00454019 -2.57852e-09
0.00463009 -2.62111e-09
0.00472 -2.66036e-09
0.0048099 -2.6961e-09
0.00489981 -2.73732e-09
0.00498971 -2.77378e-09
0.00507962 -2.81211e-09
0.00516952 -2.84914e-09
0.00525942 -2.88185e-09
0.00534933 -2.91635e-09
0.00543923 -2.96064e-09
0.00552914 -2.99388e-09
0.00561904 -3.02916e-09
0.00570894 -3.06397e-09
0.00579885 -3.0955e-09
0.00588875 -3.1257e-09
0.00597866 -3.15401e-09
0.00606856 -3.18515e-09
0.00615846 -3.22151e-09
0.00624837 -3.25275e-09
0.00633827 -3.28756e-09
0.00642818 -3.32281e-09
0.00651808 -3.36662e-09
0.00660799 -3.39977e-09
0.00669789 -3.43379e-09
0.00678779 -3.46544e-09
0.0068777 -3.4946e-09
0.0069676 -3.52436e-09
0.00705751 -3.54385e-09
0.00714741 -3.56699e-09
0.00723731 -3.59635e-09
0.00732722 -3.62203e-09
0.00741712 -3.65615e-09
0.00750703 -3.69089e-09
0.00759693 -3.72463e-09
0.00768684 -3.74904e-09
0.00777674 -3.77686e-09
0.00786664 -3.80881e-09
0.00795655 -3.84174e-09
0.00804645 -3.87451e-09
0.00813636 -3.90201e-09
0.00822626 -3.93412e-09
0.00831616 -3.96153e-09
0.00840607 -3.98932e-09
0.00849597 -4.02548e-09
0.00858588 -4.05039e-09
0.00867578 -4.08321e-09
0.00876569 -4.11424e-09
0.00885559 -4.14248e-09
0.00894549 -4.18078e-09
0.0090354 -4.21616e-09
0.0091253 -4.25065e-09
0.00921521 -4.27339e-09
0.00930511 -4.30318e-09
0.00939501 -4.33242e-09
0.00948492 -4.36466e-09
0.00957482 -4.39534e-09
0.00966473 -4.41908e-09
0.00975463 -4.43993e-09
0.00984453 -4.46929e-09
0.00993444 -4.50513e-09
0.0100243 -4.53841e-09
0.0101142 -4.56972e-09
0.0102042 -4.59706e-09
0.0102941 -4.63582e-09
0.010384 -4.66955e-09
0.0104739 -4.69607e-09
0.0105638 -4.72589e-09
0.0106537 -4.7556e-09
0.0107436 -4.78407e-09
0.0108335 -4.81692e-09
0.0109234 -4.84729e-09
0.0110133 -4.87929e-09
0.0111032 -4.9e-09
0.0111931 -4.93349e-09
0.011283 -4.96061e-09
0.0113729 -4.97967e-09
0.0114628 -5.01525e-09
0.0115527 -5.04697e-09
0.0116426 -5.0827e-09
0.0117325 -5.11762e-09
0.0118224 -5.14235e-09
0.0119123 -5.15863e-09
0.0120022 -5.191e-09
0.0120921 -5.21779e-09
0.012182 -5.24343e-09
0.0122719 -5.28029e-09
0.0123619 -5.3124e-09
0.0124518 -5.34308e-09
0.0125417 -5.37782e-09
0.0126316 -5.4157e-09
0.0127215 -5.44956e-09
0.0128114 -5.476e-09
0.0129013 -5.51251e-09
0.0129912 -5.54202e-09
0.0130811 -5.56422e-09
0.013171 -5.59463e-09
0.0132609 -5.61928e-09
0.0133508 -5.6497e-09
0.0134407 -5.66298e-09
0.0135306 -5.69283e-09
0.0136205 -5.71978e-09
0.0137104 -5.75183e-09
0.0138003 -5.77398e-09
0.0138902 -5.7951e-09
0.0139801 -5.81875e-09
0.01407 -5.84379e-09
0.0141599 -5.86419e-09
0.0142498 -5.89736e-09
0.0143397 -5.91872e-09
0.0144296 -5.94795e-09
0.0145196 -5.98002e-09
0.0146095 -6.01009e-09
0.0146994 -6.03357e-09
0.0147893 -6.05671e-09
0.0148792 -6.08009e-09
0.0149691 -6.10647e-09
0.015059 -6.14061e-09
0.0151489 -6.16147e-09
0.0152388 -6.18522e-09
0.0153287 -6.2098e-09
0.0154186 -6.23374e-09
0.0155085 -6.25755e-09
0.0155984 -6.27734e-09
0.0156883 -6.30065e-09
0.0157782 -6.31457e-09
0.0158681 -6.33169e-09
0.015958 -6.35365e-09
0.0160479 -6.37342e-09
0.0161378 -6.39729e-09
0.0162277 -6.42106e-09
0.0163176 -6.43156e-09
0.0164075 -6.44794e-09
0.0164974 -6.46305e-09
0.0165873 -6.4783e-09
0.0166773 -6.49355e-09
0.0167672 -6.50374e-09
0.0168571 -6.51801e-09
0.016947 -6.53018e-09
0.0170369 -6.54308e-09
0.0171268 -6.55721e-09
0.0172167 -6.57434e-09
0.0173066 -6.59002e-09
0.0173965 -6.59911e-09
0.0174864 -6.60948e-09
0.0175763 -6.61681e-09
0.0176662 -6.63682e-09
0.0177561 -6.64498e-09
0.017846 -6.66046e-09
0.0179359 -6.67596e-09
0.0180258 -6.68542e-09
0.0181157 -6.69453e-09
0.0182056 -6.70593e-09
0.0182955 -6.71475e-09
0.0183854 -6.72342e-09
0.0184753 -6.73111e-09
0.0185652 -6.729e-09
0.0186551 -6.73143e-09
0.018745 -6.73186e-09
0.0188349 -6.73386e-09
0.0189249 -6.742e-09
0.0190148 -6.74016e-09
0.0191047 -6.74495e-09
0.0191946 -6.73586e-09
0.0192845 -6.73256e-09
0.0193744 -6.73275e-09
0.0194643 -6.73219e-09
0.0195542 -6.72868e-09
0.0196441 -6.72198e-09
0.019734 -6.71986e-09
0.0198239 -6.71425e-09
0.0199138 -6.71075e-09
0.0200037 -6.69923e-09
0.0200936 -6.68363e-09
0.0201835 -6.67988e-09
0.0202734 -6.6802e-09
0.0203633 -6.67408e-09
0.0204532 -6.66192e-09
0.0205431 -6.6515e-09
0.020633 -6.64495e-09
0.0207229 -6.63886e-09
0.0208128 -6.61625e-09
0.0209027 -6.60275e-09
0.0209926 -6.58954e-09
0.0210826 -6.57411e-09
0.0211725 -6.55443e-09
0.0212624 -6.54213e-09
0.0213523 -6.51517e-09
0.0214422 -6.50115e-09
0.0215321 -6.48019e-09
0.021622 -6.46659e-09
0.0217119 -6.44999e-09
0.0218018 -6.43459e-09
0.0218917 -6.42381e-09
0.0219816 -6.39829e-09
0.0220715 -6.374e-09
0.0221614 -6.35471e-09
0.0222513 -6.33001e-09
0.0223412 -6.30364e-09
0.0224311 -6.28084e-09
0.022521 -6.24811e-09
0.0226109 -6.21584e-09
0.0227008 -6.19109e-09
0.0227907 -6.16032e-09
0.0228806 -6.12551e-09
0.0229705 -6.09778e-09
0.0230604 -6.07216e-09
0.0231503 -6.04315e-09
0.0232403 -6.01665e-09
0.0233302 -5.98847e-09
0.0234201 -5.95377e-09
0.02351 -5.92821e-09
0.0235999 -5.89021e-09
0.0236898 -5.85222e-09
0.0237797 -5.82619e-09
0.0238696 -5.79234e-09
0.0239595 -5.76014e-09
0.0240494 -5.73051e-09
0.0241393 -5.70213e-09
0.0242292 -5.67001e-09
0.0243191 -5.64097e-09
0.024409 -5.60837e-09
0.0244989 -5.58033e-09
0.0245888 -5.55121e-09
0.0246787 -5.5181e-09
0.0247686 -5.48667e-09
0.0248585 -5.45569e-09
0.0249484 -5.42419e-09
0.0250383 -5.39143e-09
0.0251282 -5.35768e-09
0.0252181 -5.31486e-09
0.025308 -5.28023e-09
0.025398 -5.24011e-09
0.0254879 -5.20818e-09
0.0255778 -5.1819e-09
0.0256677 -5.14631e-09
0.0257576 -5.11091e-09
0.0258475 -5.07779e-09
0.0259374 -5.04861e-09
0.0260273 -5.00993e-09
0.0261172 -4.97195e-09
0.0262071 -4.9375e-09
0.026297 -4.90015e-09
0.0263869 -4.86356e-09
0.0264768 -4.82857e-09
0.0265667 -4.78682e-09
0.0266566 -4.75077e-09
0.0267465 -4.72438e-09
0.0268364 -4.6843e-09
0.0269263 -4.66362e-09
0.0270162 -4.6345e-09
0.0271061 -4.62361e-09
0.027196 -4.5957e-09
0.0272859 -4.56253e-09
0.0273758 -4.53471e-09
0.0274657 -4.50105e-09
0.0275557 -4.4761e-09
0.0276456 -4.45305e-09
0.0277355 -4.43048e-09
0.0278254 -4.39478e-09
0.0279153 -4.36298e-09
0.0280052 -4.33851e-09
0.0280951 -4.30734e-09
0.028185 -4.27483e-09
0.0282749 -4.24699e-09
0.0283648 -4.21556e-09
0.0284547 -4.1822e-09
0.0285446 -4.15969e-09
0.0286345 -4.13229e-09
0.0287244 -4.10711e-09
0.0288143 -4.08609e-09
0.0289042 -4.05272e-09
0.0289941 -4.03538e-09
0.029084 -4.00158e-09
0.0291739 -3.97072e-09
0.0292638 -3.94431e-09
0.0293537 -3.91796e-09
0.0294436 -3.8848e-09
0.0295335 -3.86226e-09
0.0296234 -3.84204e-09
0.0297134 -3.8136e-09
0.0298033 -3.79642e-09
0.0298932 -3.77911e-09
0.0299831 -3.76562e-09
0.030073 -3.75369e-09
0.0301629 -3.7335e-09
0.0302528 -3.71624e-09
0.0303427 -3.69852e-09
0.0304326 -3.66574e-09
0.0305225 -3.6434e-09
0.0306124 -3.63156e-09
0.0307023 -3.61158e-09
0.0307922 -3.59593e-09
0.0308821 -3.58135e-09
0.030972 -3.57025e-09
0.0310619 -3.55882e-09
0.0311518 -3.54272e-09
0.0312417 -3.52741e-09
0.0313316 -3.50256e-09
0.0314215 -3.49529e-09
0.0315114 -3.47939e-09
0.0316013 -3.47484e-09
0.0316912 -3.46779e-09
0.0317811 -3.45304e-09
0.0318711 -3.42846e-09
0.031961 -3.41581e-09
0.0320509 -3.40337e-09
0.0321408 -3.38914e-09
0.0322307 -3.36743e-09
0.0323206 -3.35737e-09
0.0324105 -3.35478e-09
0.0325004 -3.3459e-09
0.0325903 -3.33823e-09
0.0326802 -3.33123e-09
0.0327701 -3.32383e-09
0.03286 -3.3198e-09
0.0329499 -3.304e-09
0.0330398 -3.28304e-09
0.0331297 -3.26937e-09
0.0332196 -3.25187e-09
0.0333095 -3.23637e-09
0.0333994 -3.22227e-09
0.0334893 -3.21202e-09
0.0335792 -3.20058e-09
0.0336691 -3.188e-09
0.033759 -3.17876e-09
0.0338489 -3.16778e-09
0.0339388 -3.14469e-09
0.0340288 -3.11496e-09
0.0341187 -3.09128e-09
0.0342086 -3.07359e-09
0.0342985 -3.05914e-09
0.0343884 -3.04664e-09
0.0344783 -3.02406e-09
0.0345682 -3.00582e-09
0.0346581 -2.98297e-09
0.034748 -2.96693e-09
0.0348379 -2.95014e-09
0.0349278 -2.92518e-09
0.0350177 -2.88737e-09
0.0351076 -2.85951e-09
0.0351975 -2.82927e-09
0.0352874 -2.80333e-09
0.0353773 -2.77811e-09
0.0354672 -2.75517e-09
0.0355571 -2.73217e-09
0.035647 -2.69984e-09
0.0357369 -2.66159e-09
0.0358268 -2.62772e-09
0.0359167 -2.58812e-09
0.0360066 -2.56563e-09
0.0360965 -2.5416e-09
0.0361865 -2.50341e-09
0.0362764 -2.46971e-09
0.0363663 -2.43246e-09
0.0364562 -2.39791e-09
0.0365461 -2.35524e-09
0.036636 -2.31822e-09
0.0367259 -2.28146e-09
0.0368158 -2.23635e-09
0.0369057 -2.1936e-09
0.0369956 -2.14004e-09
0.0370855 -2.08601e-09
0.0371754 -2.02965e-09
0.0372653 -1.98377e-09
0.0373552 -1.93075e-09
0.0374451 -1.87727e-09
0.037535 -1.82114e-09
0.0376249 -1.77107e-09
0.0377148 -1.71691e-09
0.0378047 -1.65846e-09
0.0378946 -1.59692e-09
0.0379845 -1.53289e-09
0.0380744 -1.4577e-09
0.0381643 -1.38449e-09
0.0382542 -1.3101e-09
0.0383441 -1.23483e-09
0.0384341 -1.15793e-09
0.038524 -1.08551e-09
0.0386139 -1.0088e-09
0.0387038 -9.38951e-10
0.0387937 -8.67108e-10
0.0388836 -7.88604e-10
0.0389735 -7.12014e-10
0.0390634 -6.31818e-10
0.0391533 -5.56301e-10
0.0392432 -4.85995e-10
0.0393331 -3.92971e-10
0.039423 -3.04869e-10
0.0395129 -2.07195e-10
0.0396028 -1.20261e-10
0.0396927 -2.04259e-11
0.0397826 7.51978e-11
0.0398725 1.68273e-10
0.0399624 2.62849e-10
0.0400523 3.49496e-10
0.0401422 4.43222e-10
0.0402321 5.38541e-10
0.040322 6.39297e-10
0.0404119 7.28855e-10
0.0405018 8.28874e-10
0.0405918 9.28271e-10
0.0406817 1.02185e-09
0.0407716 1.11949e-09
0.0408615 1.2286e-09
0.0409514 1.34331e-09
0.0410413 1.44845e-09
0.0411312 1.55936e-09
0.0412211 1.66525e-09
0.041311 1.76394e-09
0.0414009 1.87039e-09
0.0414908 1.96889e-09
0.0415807 2.06419e-09
0.0416706 2.15413e-09
0.0417605 2.24742e-09
0.0418504 2.35872e-09
0.0419403 2.47101e-09
0.0420302 2.58762e-09
0.0421201 2.69896e-09
0.04221 2.81618e-09
0.0422999 2.91988e-09
0.0423898 3.02689e-09
0.0424797 3.13091e-09
0.0425696 3.23379e-09
0.0426595 3.34012e-09
0.0427495 3.43948e-09
0.0428394 3.55779e-09
0.0429293 3.6703e-09
0.0430192 3.77294e-09
0.0431091 3.87481e-09
0.043199 3.9728e-09
0.0432889 4.06647e-09
0.0433788 4.17785e-09
0.0434687 4.29041e-09
0.0435586 4.38614e-09
0.0436485 4.50117e-09
0.0437384 4.59702e-09
0.0438283 4.69624e-09
0.0439182 4.78766e-09
0.0440081 4.88554e-09
0.044098 4.97385e-09
0.0441879 5.05623e-09
0.0442778 5.1343e-09
0.0443677 5.22587e-09
0.0444576 5.30202e-09
0.0445475 5.38283e-09
0.0446374 5.47539e-09
0.0447273 5.56852e-09
0.0448172 5.65754e-09
0.0449072 5.73926e-09
0.0449971 5.83356e-09
0.045087 5.92954e-09
0.0451769 6.0071e-09
0.0452668 6.08927e-09
0.0453567 6.16411e-09
0.0454466 6.24221e-09
0.0455365 6.31334e-09
0.0456264 6.39093e-09
0.0457163 6.46764e-09
0.0458062 6.54461e-09
0.0458961 6.62967e-09
0.045986 6.705e-09
0.0460759 6.78797e-09
0.0461658 6.86734e-09
0.0462557 6.94682e-09
0.0463456 7.02192e-09
0.0464355 7.08028e-09
0.0465254 7.15605e-09
0.0466153 7.23015e-09
0.0467052 7.2941e-09
0.0467951 7.36325e-09
0.046885 7.41386e-09
0.0469749 7.47633e-09
0.0470649 7.5287e-09
0.0471548 7.5848e-09
0.0472447 7.64815e-09
0.0473346 7.70017e-09
0.0474245 7.74773e-09
0.0475144 7.81216e-09
0.0476043 7.85881e-09
0.0476942 7.89852e-09
0.0477841 7.94371e-09
0.047874 7.98317e-09
0.0479639 8.02343e-09
0.0480538 8.06801e-09
0.0481437 8.11409e-09
0.0482336 8.15749e-09
0.0483235 8.18891e-09
0.0484134 8.23022e-09
0.0485033 8.26367e-09
0.0485932 8.30544e-09
0.0486831 8.33651e-09
0.048773 8.36599e-09
0.0488629 8.40522e-09
0.0489528 8.4319e-09
0.0490427 8.46566e-09
0.0491326 8.50063e-09
0.0492226 8.54378e-09
0.0493125 8.57192e-09
0.0494024 8.60702e-09
0.0494923 8.63385e-09
0.0495822 8.65586e-09
0.0496721 8.69728e-09
0.049762 8.74156e-09
0.0498519 8.77528e-09
0.0499418 8.81047e-09
0.0500317 8.83963e-09
0.0501216 8.88003e-09
0.0502115 8.90341e-09
0.0503014 8.93304e-09
0.0503913 8.96541e-09
0.0504812 8.98497e-09
0.0505711 9.0041e-09
0.050661 9.0259e-09
0.0507509 9.03811e-09
0.0508408 9.04857e-09
0.0509307 9.05481e-09
0.0510206 9.06467e-09
0.0511105 9.07908e-09
0.0512004 9.0946e-09
0.0512903 9.11097e-09
0.0513803 9.12079e-09
0.0514702 9.12333e-09
0.0515601 9.12456e-09
0.05165 9.14025e-09
0.0517399 9.14488e-09
0.0518298 9.14543e-09
0.0519197 9.14468e-09
0.0520096 9.14757e-09
0.0520995 9.1496e-09
0.0521894 9.14661e-09
0.0522793 9.15335e-09
0.0523692 9.16547e-09
0.0524591 9.16656e-09
0.052549 9.17328e-09
0.0526389 9.18835e-09
0.0527288 9.20151e-09
0.0528187 9.22365e-09
0.0529086 9.25653e-09
0.0529985 9.27955e-09
0.0530884 9.31594e-09
0.0531783 9.32713e-09
0.0532682 9.34574e-09
0.0533581 9.34843e-09
0.053448 9.35535e-09
0.053538 9.3725e-09
0.0536279 9.37946e-09
0.0537178 9.38392e-09
0.0538077 9.38996e-09
0.0538976 9.40455e-09
0.0539875 9.41205e-09
0.0540774 9.42316e-09
0.0541673 9.43309e-09
0.0542572 9.43338e-09
0.0543471 9.43904e-09
0.054437 9.43753e-09
0.0545269 9.43713e-09
0.0546168 9.44889e-09
0.0547067 9.44908e-09
0.0547966 9.45345e-09
0.0548865 9.46255e-09
0.0549764 9.4501e-09
0.0550663 9.45251e-09
0.0551562 9.4426e-09
0.0552461 9.4466e-09
0.055336 9.46468e-09
0.0554259 9.4716e-09
0.0555158 9.49876e-09
0.0556057 9.50432e-09
0.0556956 9.51584e-09
0.0557856 9.53725e-09
0.0558755 9.56643e-09
0.0559654 9.59598e-09
0.0560553 9.62771e-09
0.0561452 9.66204e-09
0.0562351 9.69021e-09
0.056325 9.71522e-09
0.0564149 9.74207e-09
0.0565048 9.75754e-09
0.0565947 9.78022e-09
0.0566846 9.80713e-09
0.0567745 9.81769e-09
0.0568644 9.83691e-09
0.0569543 9.84708e-09
0.0570442 9.86049e-09
0.0571341 9.87812e-09
0.057224 9.88779e-09
0.0573139 9.90951e-09
0.0574038 9.91781e-09
0.0574937 9.93655e-09
0.0575836 9.94421e-09
0.0576735 9.95099e-09
0.0577634 9.95646e-09
0.0578533 9.95394e-09
0.0579433 9.97056e-09
0.0580332 9.98181e-09
0.0581231 9.97792e-09
0.058213 9.98207e-09
0.0583029 9.98425e-09
0.0583928 9.98878e-09
0.0584827 1.00049e-08
0.0585726 1.00218e-08
0.0586625 1.0061e-08
0.0587524 1.00805e-08
0.0588423 1.01196e-08
0.0589322 1.01583e-08
0.0590221 1.01907e-08
0.059112 1.02312e-08
0.0592019 1.0261e-08
0.0592918 1.02982e-08
0.0593817 1.03391e-08
0.0594716 1.0386e-08
0.0595615 1.04137e-08
0.0596514 1.0447e-08
0.0597413 1.04654e-08
0.0598312 1.04717e-08
0.0599211 1.04815e-08
0.060011 1.05058e-08
0.060101 1.05154e-08
0.0601909 1.05415e-08
0.0602808 1.05735e-08
0.0603707 1.05735e-08
0.0604606 1.05777e-08
0.0605505 1.05759e-08
0.0606404 1.05861e-08
0.0607303 1.05762e-08
0.0608202 1.05614e-08
0.0609101 1.05603e-08
0.061 1.05628e-08
0.0610899 1.054e-08
0.0611798 1.05266e-08
0.0612697 1.05145e-08
0.0613596 1.05204e-08
0.0614495 1.05047e-08
0.0615394 1.04877e-08
0.0616293 1.0486e-08
0.0617192 1.05007e-08
0.0618091 1.04957e-08
0.061899 1.04929e-08
0.0619889 1.05133e-08
0.0620788 1.05252e-08
0.0621687 1.05139e-08
0.0622587 1.05164e-08
0.0623486 1.04982e-08
0.0624385 1.05011e-08
0.0625284 1.04789e-08
0.0626183 1.04549e-08
0.0627082 1.04405e-08
0.0627981 1.04263e-08
0.062888 1.03948e-08
0.0629779 1.03523e-08
0.0630678 1.02826e-08
0.0631577 1.02178e-08
0.0632476 1.01694e-08
0.0633375 1.0128e-08
0.0634274 1.00796e-08
0.0635173 1.00249e-08
0.0636072 9.95164e-09
0.0636971 9.89588e-09
0.063787 9.84102e-09
0.0638769 9.77524e-09
0.0639668 9.71274e-09
0.0640567 9.62798e-09
0.0641466 9.55636e-09
0.0642365 9.47936e-09
0.0643264 9.37999e-09
0.0644164 9.2833e-09
0.0645063 9.18819e-09
0.0645962 9.08209e-09
0.0646861 8.9975e-09
0.064776 8.86495e-09
0.0648659 8.77137e-09
0.0649558 8.64618e-09
0.0650457 8.53932e-09
0.0651356 8.44451e-09
0.0652255 8.32772e-09
0.0653154 8.22083e-09
0.0654053 8.11433e-09
0.0654952 7.95803e-09
0.0655851 7.82245e-09
0.065675 7.67873e-09
0.0657649 7.51315e-09
0.0658548 7.32999e-09
0.0659447 7.17015e-09
0.0660346 7.03634e-09
0.0661245 6.89725e-09
0.0662144 6.79021e-09
0.0663043 6.65184e-09
0.0663942 6.51983e-09
0.0664841 6.40746e-09
0.0665741 6.25047e-09
0.066664 6.12556e-09
0.0667539 5.97897e-09
0.0668438 5.86293e-09
0.0669337 5.68974e-09
0.0670236 5.57813e-09
0.0671135 5.47336e-09
0.0672034 5.32214e-09
0.0672933 5.16079e-09
0.0673832 5.00347e-09
0.0674731 4.83049e-09
0.067563 4.68064e-09
0.0676529 4.54339e-09
0.0677428 4.40505e-09
0.0678327 4.25901e-09
0.0679226 4.12479e-09
0.0680125 3.99292e-09
0.0681024 3.89669e-09
0.0681923 3.77323e-09
0.0682822 3.63945e-09
0.0683721 3.51615e-09
0.068462 3.38606e-09
0.0685519 3.25729e-09
0.0686418 3.16624e-09
0.0687318 3.06124e-09
0.0688217 2.95735e-09
0.0689116 2.87154e-09
0.0690015 2.78367e-09
0.0690914 2.70749e-09
0.0691813 2.60394e-09
0.0692712 2.58006e-09
0.0693611 2.53688e-09
0.069451 2.47786e-09
0.0695409 2.43353e-09
0.0696308 2.38482e-09
0.0697207 2.35862e-09
0.0698106 2.30472e-09
0.0699005 2.24608e-09
0.0699904 2.1757e-09
0.0700803 2.12619e-09
0.0701702 2.05476e-09
0.0702601 1.97952e-09
0.07035 1.90072e-09
0.0704399 1.83768e-09
0.0705298 1.77575e-09
0.0706197 1.7073e-09
0.0707096 1.6184e-09
0.0707995 1.52478e-09
0.0708895 1.48788e-09
0.0709794 1.42323e-09
0.0710693 1.37054e-09
0.0711592 1.31227e-09
0.0712491 1.26116e-09
0.071339 1.20932e-09
0.0714289 1.15744e-09
0.0715188 1.10259e-09
0.0716087 1.06091e-09
0.0716986 1.00307e-09
0.0717885 9.75466e-10
0.0718784 9.51331e-10
0.0719683 9.305e-10
0.0720582 9.06205e-10
0.0721481 8.99638e-10
0.072238 9.04578e-10
0.0723279 9.30494e-10
0.0724178 9.40613e-10
0.0725077 9.50945e-10
0.0725976 9.76612e-10
0.0726875 9.92211e-10
0.0727774 9.94092e-10
0.0728673 1.03206e-09
0.0729572 1.02012e-09
0.0730472 1.03762e-09
0.0731371 1.03709e-09
0.073227 1.02964e-09
0.0733169 1.0163e-09
0.0734068 9.95414e-10
0.0734967 9.49218e-10
0.0735866 9.25395e-10
0.0736765 9.08649e-10
0.0737664 8.64545e-10
0.0738563 8.35248e-10
0.0739462 8.26475e-10
0.0740361 8.05425e-10
0.074126 7.74399e-10
0.0742159 7.51929e-10
0.0743058 7.26168e-10
0.0743957 6.7398e-10
0.0744856 6.07463e-10
0.0745755 6.02498e-10
0.0746654 6.13391e-10
0.0747553 6.19342e-10
0.0748452 6.27242e-10
0.0749351 6.20988e-10
0.075025 6.24097e-10
0.0751149 6.17916e-10
0.0752048 6.22724e-10
0.0752948 6.43217e-10
0.0753847 6.2438e-10
0.0754746 6.36733e-10
0.0755645 6.19105e-10
0.0756544 5.94528e-10
0.0757443 5.76103e-10
0.0758342 5.67498e-10
0.0759241 5.61637e-10
0.076014 5.1355e-10
0.0761039 5.04358e-10
0.0761938 4.75718e-10
0.0762837 4.5171e-10
0.0763736 4.03503e-10
0.0764635 3.77071e-10
0.0765534 3.69648e-10
0.0766433 3.48319e-10
0.0767332 3.01003e-10
0.0768231 2.4261e-10
0.076913 1.90779e-10
0.0770029 1.6951e-10
0.0770928 1.19794e-10
0.0771827 7.01239e-11
0.0772726 4.58497e-11
0.0773625 3.5587e-12
0.0774525 -2.83247e-11
0.0775424 -6.87998e-11
0.0776323 -1.26822e-10
0.0777222 -1.99198e-10
0.0778121 -2.43762e-10
0.077902 -3.26195e-10
0.0779919 -3.89352e-10
0.0780818 -4.24857e-10
0.0781717 -4.81392e-10
0.0782616 -5.44374e-10
0.0783515 -6.24398e-10
0.0784414 -6.81738e-10
0.0785313 -7.58668e-10
0.0786212 -8.29002e-10
0.0787111 -8.42956e-10
0.078801 -8.76188e-10
0.0788909 -9.10885e-10
0.0789808 -9.24573e-10
0.0790707 -9.59423e-10
0.0791606 -1.00909e-09
0.0792505 -1.03575e-09
0.0793404 -1.08875e-09
0.0794303 -1.13605e-09
0.0795202 -1.20555e-09
0.0796102 -1.24327e-09
0.0797001 -1.33187e-09
0.07979 -1.3628e-09
0.0798799 -1.44988e-09
0.0799698 -1.53206e-09
0.0800597 -1.65592e-09
0.0801496 -1.73097e-09
0.0802395 -1.83718e-09
0.0803294 -1.90665e-09
0.0804193 -2.01667e-09
0.0805092 -2.10876e-09
0.0805991 -2.23712e-09
0.080689 -2.35165e-09
0.0807789 -2.42337e-09
0.0808688 -2.5131e-09
0.0809587 -2.60528e-09
0.0810486 -2.6931e-09
0.0811385 -2.80594e-09
0.0812284 -2.91098e-09
0.0813183 -3.04026e-09
0.0814082 -3.13068e-09
0.0814981 -3.15807e-09
0.081588 -3.18881e-09
0.0816779 -3.25177e-09
0.0817679 -3.24899e-09
0.0818578 -3.2679e-09
0.0819477 -3.27924e-09
0.0820376 -3.34677e-09
0.0821275 -3.40948e-09
0.0822174 -3.48136e-09
0.0823073 -3.49968e-09
0.0823972 -3.55598e-09
0.0824871 -3.58816e-09
0.082577 -3.65829e-09
0.0826669 -3.70525e-09
0.0827568 -3.7726e-09
0.0828467 -3.83804e-09
0.0829366 -3.95459e-09
0.0830265 -4.00831e-09
0.0831164 -4.07838e-09
0.0832063 -4.16749e-09
0.0832962 -4.21136e-09
0.0833861 -4.24114e-09
0.083476 -4.32916e-09
0.0835659 -4.39961e-09
0.0836558 -4.48144e-09
0.0837457 -4.56298e-09
0.0838356 -4.67178e-09
0.0839256 -4.77815e-09
0.0840155 -4.83923e-09
0.0841054 -4.94113e-09
0.0841953 -5.07227e-09
0.0842852 -5.09206e-09
0.0843751 -5.2107e-09
0.084465 -5.25276e-09
0.0845549 -5.31589e-09
0.0846448 -5.38207e-09
0.0847347 -5.51896e-09
0.0848246 -5.57869e-09
0.0849145 -5.71299e-09
0.0850044 -5.82251e-09
0.0850943 -5.94219e-09
0.0851842 -5.98083e-09
0.0852741 -6.03058e-09
0.085364 -6.11082e-09
0.0854539 -6.20057e-09
0.0855438 -6.32693e-09
0.0856337 -6.42729e-09
0.0857236 -6.50908e-09
0.0858135 -6.67909e-09
0.0859034 -6.80207e-09
0.0859933 -6.96769e-09
0.0860833 -7.06068e-09
0.0861732 -7.17085e-09
0.0862631 -7.26833e-09
0.086353 -7.41351e-09
0.0864429 -7.53517e-09
0.0865328 -7.7324e-09
0.0866227 -7.80111e-09
0.0867126 -7.91792e-09
0.0868025 -7.96716e-09
0.0868924 -8.00848e-09
0.0869823 -8.09294e-09
0.0870722 -8.15406e-09
0.0871621 -8.29851e-09
0.087252 -8.39884e-09
0.0873419 -8.46346e-09
0.0874318 -8.52686e-09
0.0875217 -8.6532e-09
0.0876116 -8.7688e-09
0.0877015 -8.92229e-09
0.0877914 -9.03952e-09
0.0878813 -9.13308e-09
0.0879712 -9.29222e-09
0.0880611 -9.32999e-09
0.088151 -9.39506e-09
0.088241 -9.51871e-09
0.0883309 -9.72256e-09
0.0884208 -9.87931e-09
0.0885107 -1.00378e-08
0.0886006 -1.01615e-08
0.0886905 -1.02951e-08
0.0887804 -1.03938e-08
0.0888703 -1.05209e-08
0.0889602 -1.06621e-08
0.0890501 -1.07732e-08
0.08914 -1.08063e-08
0.0892299 -1.08679e-08
0.0893198 -1.08244e-08
0.0894097 -1.08602e-08
0.0894996 -1.09298e-08
0.0895895 -1.09651e-08
0.0896794 -1.09281e-08
0.0897693 -1.09809e-08
0.0898592 -1.11608e-08
0.0899491 -1.12557e-08
0.090039 -1.13747e-08
0.0901289 -1.14457e-08
0.0902188 -1.15938e-08
0.0903087 -1.16743e-08
0.0903987 -1.18231e-08
0.0904886 -1.18874e-08
0.0905785 -1.20669e-08
0.0906684 -1.21622e-08
0.0907583 -1.22786e-08
0.0908482 -1.23658e-08
0.0909381 -1.24018e-08
0.091028 -1.25645e-08
0.0911179 -1.26245e-08
0.0912078 -1.28486e-08
0.0912977 -1.3075e-08
0.0913876 -1.32335e-08
0.0914775 -1.33426e-08
0.0915674 -1.34476e-08
0.0916573 -1.35318e-08
0.0917472 -1.36665e-08
0.0918371 -1.37604e-08
0.091927 -1.38133e-08
0.0920169 -1.38324e-08
0.0921068 -1.38955e-08
0.0921967 -1.39674e-08
0.0922866 -1.40345e-08
0.0923765 -1.41345e-08
0.0924664 -1.42254e-08
0.0925564 -1.43013e-08
0.0926463 -1.44062e-08
0.0927362 -1.44911e-08
0.0928261 -1.4682e-08
0.092916 -1.47716e-08
0.0930059 -1.48192e-08
0.0930958 -1.4915e-08
0.0931857 -1.49682e-08
0.0932756 -1.51162e-08
0.0933655 -1.51399e-08
0.0934554 -1.52312e-08
0.0935453 -1.53279e-08
0.0936352 -1.54003e-08
0.0937251 -1.5397e-08
0.093815 -1.54799e-08
0.0939049 -1.56001e-08
0.0939948 -1.56663e-08
0.0940847 -1.57883e-08
0.0941746 -1.58335e-08
0.0942645 -1.58994e-08
0.0943544 -1.58871e-08
0.0944443 -1.58497e-08
0.0945342 -1.58885e-08
0.0946241 -1.5963e-08
0.094714 -1.60598e-08
0.094804 -1.60557e-08
0.0948939 -1.60434e-08
0.0949838 -1.61276e-08
0.0950737 -1.62453e-08
0.0951636 -1.63361e-08
0.0952535 -1.64619e-08
0.0953434 -1.65179e-08
0.0954333 -1.65307e-08
0.0955232 -1.65878e-08
0.0956131 -1.66246e-08
0.095703 -1.66078e-08
0.0957929 -1.66216e-08
0.0958828 -1.66597e-08
0.0959727 -1.6671e-08
0.0960626 -1.67391e-08
0.0961525 -1.68327e-08
0.0962424 -1.68521e-08
0.0963323 -1.68537e-08
0.0964222 -1.68278e-08
0.0965121 -1.67883e-08
0.096602 -1.67623e-08
0.0966919 -1.67256e-08
0.0967818 -1.67222e-08
0.0968717 -1.67797e-08
0.0969617 -1.67574e-08
0.0970516 -1.65407e-08
0.0971415 -1.63788e-08
0.0972314 -1.62934e-08
0.0973213 -1.62386e-08
0.0974112 -1.61876e-08
0.0975011 -1.61761e-08
0.097591 -1.61851e-08
0.0976809 -1.61272e-08
0.0977708 -1.617e-08
0.0978607 -1.6197e-08
0.0979506 -1.62526e-08
0.0980405 -1.62668e-08
0.0981304 -1.63872e-08
0.0982203 -1.64882e-08
0.0983102 -1.65035e-08
0.0984001 -1.64573e-08
0.09849 -1.6477e-08
0.0985799 -1.66032e-08
0.0986698 -1.67733e-08
0.0987597 -1.67602e-08
0.0988496 -1.68626e-08
0.0989395 -1.68388e-08
0.0990294 -1.68115e-08
0.0991194 -1.68417e-08
0.0992093 -1.6753e-08
0.0992992 -1.66762e-08
0.0993891 -1.67024e-08
0.099479 -1.67901e-08
0.0995689 -1.67193e-08
0.0996588 -1.66825e-08
0.0997487 -1.66785e-08
0.0998386 -1.65524e-08
0.0999285 -1.63681e-08
0.100018 -1.62897e-08
0.100108 -1.61537e-08
0.100198 -1.62185e-08
0.100288 -1.61824e-08
0.100378 -1.61607e-08
0.100468 -1.60791e-08
0.100558 -1.59967e-08
0.100648 -1.60042e-08
0.100738 -1.59656e-08
0.100828 -1.59761e-08
0.100917 -1.61112e-08
0.101007 -1.6209e-08
0.101097 -1.6348e-08
0.101187 -1.64662e-08
0.101277 -1.6561e-08
0.101367 -1.65307e-08
0.101457 -1.65748e-08
0.101547 -1.66551e-08
0.101637 -1.66862e-08
0.101727 -1.66588e-08
0.101816 -1.65194e-08
0.101906 -1.65201e-08
0.101996 -1.63533e-08
0.102086 -1.62611e-08
0.102176 -1.61347e-08
0.102266 -1.60568e-08
0.102356 -1.59869e-08
0.102446 -1.60347e-08
0.102536 -1.59064e-08
0.102626 -1.58491e-08
0.102716 -1.58649e-08
0.102805 -1.57237e-08
0.102895 -1.56805e-08
0.102985 -1.56744e-08
0.103075 -1.56612e-08
0.103165 -1.56868e-08
0.103255 -1.57227e-08
0.103345 -1.57277e-08
0.103435 -1.55457e-08
0.103525 -1.546e-08
0.103615 -1.54079e-08
0.103704 -1.53932e-08
0.103794 -1.53274e-08
0.103884 -1.53554e-08
0.103974 -1.54362e-08
0.104064 -1.5594e-08
0.104154 -1.56257e-08
0.104244 -1.56468e-08
0.104334 -1.56853e-08
0.104424 -1.56403e-08
0.104514 -1.57739e-08
0.104604 -1.58863e-08
0.104693 -1.58803e-08
0.104783 -1.5848e-08
0.104873 -1.57828e-08
0.104963 -1.56952e-08
0.105053 -1.55444e-08
0.105143 -1.54281e-08
0.105233 -1.53386e-08
0.105323 -1.5317e-08
0.105413 -1.51613e-08
0.105503 -1.51718e-08
0.105592 -1.51549e-08
0.105682 -1.51748e-08
0.105772 -1.51522e-08
0.105862 -1.50833e-08
0.105952 -1.50812e-08
0.106042 -1.51846e-08
0.106132 -1.51241e-08
0.106222 -1.50725e-08
0.106312 -1.49516e-08
0.106402 -1.47751e-08
0.106491 -1.45265e-08
0.106581 -1.4416e-08
0.106671 -1.44783e-08
0.106761 -1.44386e-08
0.106851 -1.46672e-08
0.106941 -1.48442e-08
0.107031 -1.51195e-08
0.107121 -1.5189e-08
0.107211 -1.53107e-08
0.107301 -1.54571e-08
0.107391 -1.56051e-08
0.10748 -1.56862e-08
0.10757 -1.57653e-08
0.10766 -1.58202e-08
0.10775 -1.57312e-08
0.10784 -1.57538e-08
0.10793 -1.55878e-08
0.10802 -1.56383e-08
0.10811 -1.57079e-08
0.1082 -1.5663e-08
0.10829 -1.56338e-08
0.108379 -1.57443e-08
0.108469 -1.57799e-08
0.108559 -1.59685e-08
0.108649 -1.59558e-08
0.108739 -1.59339e-08
0.108829 -1.59926e-08
0.108919 -1.60306e-08
0.109009 -1.59091e-08
0.109099 -1.60002e-08
0.109189 -1.59397e-08
0.109279 -1.59306e-08
0.109368 -1.59708e-08
0.109458 -1.57896e-08
0.109548 -1.57345e-08
0.109638 -1.58347e-08
0.109728 -1.60008e-08
0.109818 -1.59489e-08
0.109908 -1.59889e-08
0.109998 -1.5891e-08
0.110088 -1.58793e-08
0.110178 -1.58285e-08
0.110267 -1.60103e-08
0.110357 -1.5958e-08
0.110447 -1.58989e-08
0.110537 -1.60973e-08
0.110627 -1.60489e-08
0.110717 -1.62906e-08
0.110807 -1.63118e-08
0.110897 -1.64589e-08
0.110987 -1.64047e-08
0.111077 -1.66253e-08
0.111167 -1.68331e-08
0.111256 -1.68029e-08
0.111346 -1.68534e-08
0.111436 -1.69256e-08
0.111526 -1.67116e-08
0.111616 -1.66244e-08
0.111706 -1.66778e-08
0.111796 -1.67923e-08
0.111886 -1.68157e-08
0.111976 -1.66826e-08
0.112066 -1.6696e-08
0.112155 -1.67383e-08
0.112245 -1.64905e-08
0.112335 -1.62847e-08
0.112425 -1.62279e-08
0.112515 -1.62675e-08
0.112605 -1.64598e-08
0.112695 -1.63682e-08
0.112785 -1.63492e-08
0.112875 -1.62802e-08
0.112965 -1.61958e-08
0.113054 -1.61879e-08
0.113144 -1.5952e-08
0.113234 -1.57612e-08
0.113324 -1.56081e-08
0.113414 -1.55322e-08
0.113504 -1.56365e-08
0.113594 -1.55846e-08
0.113684 -1.5622e-08
0.113774 -1.56699e-08
0.113864 -1.56929e-08
0.113954 -1.55097e-08
0.114043 -1.55087e-08
0.114133 -1.55893e-08
0.114223 -1.57779e-08
0.114313 -1.561e-08
0.114403 -1.53825e-08
0.114493 -1.51152e-08
0.114583 -1.51488e-08
0.114673 -1.51641e-08
0.114763 -1.51534e-08
0.114853 -1.51316e-08
0.114942 -1.51347e-08
0.115032 -1.52861e-08
0.115122 -1.54215e-08
0.115212 -1.53773e-08
0.115302 -1.54566e-08
0.115392 -1.54398e-08
0.115482 -1.52688e-08
0.115572 -1.5558e-08
0.115662 -1.5395e-08
0.115752 -1.5135e-08
0.115842 -1.51909e-08
0.115931 -1.48327e-08
0.116021 -1.46257e-08
0.116111 -1.46485e-08
0.116201 -1.43449e-08
0.116291 -1.42053e-08
0.116381 -1.40555e-08
0.116471 -1.3895e-08
0.116561 -1.38647e-08
0.116651 -1.36059e-08
0.116741 -1.35498e-08
0.11683 -1.33264e-08
0.11692 -1.32368e-08
0.11701 -1.27676e-08
0.1171 -1.23507e-08
0.11719 -1.2201e-08
0.11728 -1.19555e-08
0.11737 -1.17815e-08
0.11746 -1.16742e-08
0.11755 -1.1895e-08
0.11764 -1.17596e-08
0.11773 -1.18486e-08
0.117819 -1.19328e-08
0.117909 -1.19026e-08
0.117999 -1.18502e-08
0.118089 -1.17855e-08
0.118179 -1.17917e-08
0.118269 -1.18866e-08
0.118359 -1.22595e-08
0.118449 -1.2523e-08
0.118539 -1.26566e-08
0.118629 -1.27705e-08
0.118718 -1.27707e-08
0.118808 -1.26773e-08
0.118898 -1.28216e-08
0.118988 -1.30609e-08
0.119078 -1.26835e-08
0.119168 -1.25376e-08
0.119258 -1.2598e-08
0.119348 -1.25324e-08
0.119438 -1.21717e-08
0.119528 -1.164e-08
0.119617 -1.16059e-08
0.119707 -1.15583e-08
0.119797 -1.11568e-08
0.119887 -1.08126e-08
0.119977 -1.01703e-08
0.120067 -9.89231e-09
0.120157 -9.38298e-09
0.120247 -9.03289e-09
0.120337 -8.778e-09
0.120427 -8.42109e-09
0.120517 -8.28088e-09
0.120606 -8.22653e-09
0.120696 -8.42099e-09
0.120786 -8.61072e-09
0.120876 -8.94158e-09
0.120966 -9.30867e-09
0.121056 -9.521e-09
0.121146 -9.677e-09
0.121236 -1.01178e-08
0.121326 -1.02192e-08
0.121416 -1.05049e-08
0.121505 -1.07336e-08
0.121595 -1.1035e-08
0.121685 -1.14215e-08
0.121775 -1.18812e-08
0.121865 -1.15758e-08
0.121955 -1.13162e-08
0.122045 -1.12234e-08
0.122135 -1.12102e-08
0.122225 -1.10944e-08
0.122315 -1.08934e-08
0.122405 -1.05094e-08
0.122494 -1.02139e-08
0.122584 -9.86463e-09
0.122674 -9.19828e-09
0.122764 -8.89743e-09
0.122854 -8.88192e-09
0.122944 -8.72574e-09
0.123034 -8.57319e-09
0.123124 -8.15373e-09
0.123214 -7.61667e-09
0.123304 -7.7734e-09
0.123393 -8.01249e-09
0.123483 -7.87918e-09
0.123573 -7.82195e-09
0.123663 -7.94982e-09
0.123753 -8.28042e-09
0.123843 -8.43686e-09
0.123933 -8.42196e-09
0.124023 -8.45629e-09
0.124113 -8.46484e-09
0.124203 -8.76498e-09
0.124293 -9.00727e-09
0.124382 -9.74482e-09
0.124472 -9.8838e-09
0.124562 -1.00542e-08
0.124652 -1.00035e-08
0.124742 -9.73532e-09
0.124832 -9.52436e-09
0.124922 -9.52374e-09
0.125012 -9.39868e-09
0.125102 -9.28965e-09
0.125192 -9.0012e-09
0.125281 -8.79132e-09
0.125371 -8.64957e-09
0.125461 -8.37222e-09
0.125551 -8.0426e-09
0.125641 -8.00024e-09
0.125731 -8.14517e-09
0.125821 -8.30195e-09
0.125911 -8.51888e-09
0.126001 -8.58179e-09
0.126091 -8.57431e-09
0.126181 -8.66317e-09
0.12627 -8.87476e-09
0.12636 -8.60849e-09
0.12645 -9.0921e-09
0.12654 -9.44118e-09
0.12663 -9.38023e-09
0.12672 -9.45737e-09
0.12681 -9.10445e-09
0.1269 -9.04484e-09
0.12699 -8.83462e-09
0.12708 -8.88714e-09
0.127169 -8.64428e-09
0.127259 -8.68484e-09
0.127349 -8.61568e-09
0.127439 -8.48701e-09
0.127529 -8.4667e-09
0.127619 -8.64653e-09
0.127709 -8.15067e-09
0.127799 -8.08464e-09
0.127889 -8.08436e-09
0.127979 -7.95445e-09
0.128068 -7.53123e-09
0.128158 -7.79754e-09
0.128248 -7.76275e-09
0.128338 -7.51782e-09
0.128428 -7.65849e-09
0.128518 -8.02547e-09
0.128608 -8.70089e-09
0.128698 -8.95801e-09
0.128788 -9.29249e-09
0.128878 -9.57097e-09
0.128968 -9.81737e-09
0.129057 -1.01891e-08
0.129147 -1.03862e-08
0.129237 -1.06394e-08
0.129327 -1.07853e-08
0.129417 -1.09627e-08
0.129507 -1.08107e-08
0.129597 -1.10697e-08
0.129687 -1.11489e-08
0.129777 -1.09393e-08
0.129867 -1.102e-08
0.129956 -1.05143e-08
0.130046 -1.05837e-08
0.130136 -1.00039e-08
0.130226 -9.51279e-09
0.130316 -9.2022e-09
0.130406 -8.99921e-09
0.130496 -9.03089e-09
0.130586 -8.88437e-09
0.130676 -9.1203e-09
0.130766 -9.38829e-09
0.130856 -9.00684e-09
0.130945 -8.90338e-09
0.131035 -8.66871e-09
0.131125 -8.59204e-09
0.131215 -8.17618e-09
0.131305 -8.35964e-09
0.131395 -8.72826e-09
0.131485 -9.4453e-09
0.131575 -9.48038e-09
0.131665 -1.04447e-08
0.131755 -1.13724e-08
0.131844 -1.17952e-08
0.131934 -1.214e-08
0.132024 -1.27084e-08
0.132114 -1.3167e-08
0.132204 -1.33887e-08
0.132294 -1.36402e-08
0.132384 -1.39483e-08
0.132474 -1.38336e-08
0.132564 -1.37016e-08
0.132654 -1.3556e-08
0.132744 -1.31125e-08
0.132833 -1.34159e-08
0.132923 -1.32568e-08
0.133013 -1.34044e-08
0.133103 -1.27333e-08
0.133193 -1.3108e-08
0.133283 -1.28626e-08
0.133373 -1.25496e-08
0.133463 -1.26156e-08
0.133553 -1.21521e-08
0.133643 -1.30762e-08
0.133732 -1.33896e-08
0.133822 -1.41866e-08
0.133912 -1.41452e-08
0.134002 -1.35812e-08
0.134092 -1.35875e-08
0.134182 -1.38976e-08
0.134272 -1.34186e-08
0.134362 -1.33225e-08
0.134452 -1.33387e-08
0.134542 -1.42722e-08
0.134631 -1.48233e-08
0.134721 -1.44668e-08
0.134811 -1.5192e-08
