-0.134811 -5.54438e-08
-0.134721 -5.37548e-08
-0.134631 -5.40328e-08
-0.134542 -5.40122e-08
-0.134452 -5.44499e-08
-0.134362 -5.49517e-08
-0.134272 -5.55309e-08
-0.134182 -5.76998e-08
-0.134092 -5.97374e-08
-0.134002 -6.22785e-08
-0.133912 -6.35584e-08
-0.133822 -6.37004e-08
-0.133732 -6.53012e-08
-0.133642 -6.60289e-08
-0.133553 -6.73307e-08
-0.133463 -6.87085e-08
-0.133373 -6.92957e-08
-0.133283 -6.98887e-08
-0.133193 -7.03479e-08
-0.133103 -7.11864e-08
-0.133013 -7.12934e-08
-0.132923 -7.12162e-08
-0.132833 -7.09321e-08
-0.132743 -7.27068e-08
-0.132654 -7.40459e-08
-0.132564 -7.46268e-08
-0.132474 -7.35897e-08
-0.132384 -7.27035e-08
-0.132294 -7.19382e-08
-0.132204 -7.02159e-08
-0.132114 -6.94751e-08
-0.132024 -6.94892e-08
-0.131934 -6.94897e-08
-0.131844 -6.93147e-08
-0.131754 -6.9169e-08
-0.131665 -6.93533e-08
-0.131575 -6.7356e-08
-0.131485 -6.57426e-08
-0.131395 -6.4929e-08
-0.131305 -6.35177e-08
-0.131215 -6.35205e-08
-0.131125 -6.45948e-08
-0.131035 -6.44755e-08
-0.130945 -6.30452e-08
-0.130855 -6.29061e-08
-0.130766 -6.3099e-08
-0.130676 -6.29092e-08
-0.130586 -6.43998e-08
-0.130496 -6.56686e-08
-0.130406 -6.72532e-08
-0.130316 -6.83481e-08
-0.130226 -6.83345e-08
-0.130136 -6.79882e-08
-0.130046 -6.80793e-08
-0.129956 -6.9315e-08
-0.129867 -7.13179e-08
-0.129777 -7.3247e-08
-0.129687 -7.64859e-08
-0.129597 -8.02886e-08
-0.129507 -8.23516e-08
-0.129417 -8.38719e-08
-0.129327 -8.47882e-08
-0.129237 -8.59658e-08
-0.129147 -8.6691e-08
-0.129057 -8.68677e-08
-0.128967 -8.65412e-08
-0.128878 -8.48594e-08
-0.128788 -8.3593e-08
-0.128698 -8.23589e-08
-0.128608 -8.13472e-08
-0.128518 -8.12868e-08
-0.128428 -8.07335e-08
-0.128338 -7.99317e-08
-0.128248 -8.02193e-08
-0.128158 -7.98443e-08
-0.128068 -8.2372e-08
-0.127979 -8.62084e-08
-0.127889 -8.87978e-08
-0.127799 -8.99314e-08
-0.127709 -9.13261e-08
-0.127619 -9.05427e-08
-0.127529 -8.95089e-08
-0.127439 -8.75663e-08
-0.127349 -8.77146e-08
-0.127259 -8.73882e-08
-0.127169 -8.75693e-08
-0.127079 -8.62673e-08
-0.12699 -8.51944e-08
-0.1269 -8.41298e-08
-0.12681 -8.28788e-08
-0.12672 -8.24394e-08
-0.12663 -8.25217e-08
-0.12654 -8.41476e-08
-0.12645 -8.58937e-08
-0.12636 -8.7161e-08
-0.12627 -8.73694e-08
-0.12618 -8.8054e-08
-0.126091 -8.86555e-08
-0.126001 -8.79011e-08
-0.125911 -8.86195e-08
-0.125821 -8.89383e-08
-0.125731 -8.7301e-08
-0.125641 -8.56563e-08
-0.125551 -8.45014e-08
-0.125461 -8.38703e-08
-0.125371 -8.31457e-08
-0.125281 -8.31352e-08
-0.125191 -8.32093e-08
-0.125102 -8.34473e-08
-0.125012 -8.42735e-08
-0.124922 -8.55093e-08
-0.124832 -8.63376e-08
-0.124742 -8.75193e-08
-0.124652 -8.88343e-08
-0.124562 -9.05917e-08
-0.124472 -9.11093e-08
-0.124382 -9.09423e-08
-0.124292 -8.94764e-08
-0.124203 -8.86866e-08
-0.124113 -8.74231e-08
-0.124023 -8.61949e-08
-0.123933 -8.39434e-08
-0.123843 -8.21612e-08
-0.123753 -8.16139e-08
-0.123663 -8.01865e-08
-0.123573 -7.89975e-08
-0.123483 -7.78758e-08
-0.123393 -7.79756e-08
-0.123304 -7.93013e-08
-0.123214 -8.08076e-08
-0.123124 -8.16075e-08
-0.123034 -8.22561e-08
-0.122944 -8.31564e-08
-0.122854 -8.3575e-08
-0.122764 -8.38338e-08
-0.122674 -8.38565e-08
-0.122584 -8.3829e-08
-0.122494 -8.37343e-08
-0.122404 -8.3541e-08
-0.122315 -8.37111e-08
-0.122225 -8.28378e-08
-0.122135 -8.2002e-08
-0.122045 -8.15472e-08
-0.121955 -8.08969e-08
-0.121865 -8.0492e-08
-0.121775 -8.06081e-08
-0.121685 -8.1156e-08
-0.121595 -8.13512e-08
-0.121505 -8.15105e-08
-0.121416 -8.20276e-08
-0.121326 -8.21363e-08
-0.121236 -8.16394e-08
-0.121146 -8.04829e-08
-0.121056 -8.02431e-08
-0.120966 -8.09961e-08
-0.120876 -8.14988e-08
-0.120786 -8.14581e-08
-0.120696 -8.06477e-08
-0.120606 -8.02444e-08
-0.120516 -7.96604e-08
-0.120427 -7.94083e-08
-0.120337 -7.88508e-08
-0.120247 -7.89495e-08
-0.120157 -7.89919e-08
-0.120067 -7.91794e-08
-0.119977 -7.92409e-08
-0.119887 -7.8761e-08
-0.119797 -7.82358e-08
-0.119707 -7.8072e-08
-0.119617 -7.77138e-08
-0.119528 -7.75303e-08
-0.119438 -7.7084e-08
-0.119348 -7.68337e-08
-0.119258 -7.63697e-08
-0.119168 -7.59959e-08
-0.119078 -7.52704e-08
-0.118988 -7.46379e-08
-0.118898 -7.46778e-08
-0.118808 -7.48141e-08
-0.118718 -7.49572e-08
-0.118628 -7.53967e-08
-0.118539 -7.59691e-08
-0.118449 -7.64927e-08
-0.118359 -7.7266e-08
-0.118269 -7.78649e-08
-0.118179 -7.84799e-08
-0.118089 -7.86102e-08
-0.117999 -7.84973e-08
-0.117909 -7.82758e-08
-0.117819 -7.82724e-08
-0.117729 -7.8372e-08
-0.11764 -7.84019e-08
-0.11755 -7.77689e-08
-0.11746 -7.73405e-08
-0.11737 -7.67352e-08
-0.11728 -7.64204e-08
-0.11719 -7.58011e-08
-0.1171 -7.55367e-08
-0.11701 -7.50289e-08
-0.11692 -7.48262e-08
-0.11683 -7.50118e-08
-0.116741 -7.47722e-08
-0.116651 -7.44732e-08
-0.116561 -7.46476e-08
-0.116471 -7.45338e-08
-0.116381 -7.44096e-08
-0.116291 -7.46115e-08
-0.116201 -7.45598e-08
-0.116111 -7.47541e-08
-0.116021 -7.50348e-08
-0.115931 -7.55502e-08
-0.115841 -7.59374e-08
-0.115752 -7.63331e-08
-0.115662 -7.6682e-08
-0.115572 -7.68536e-08
-0.115482 -7.7311e-08
-0.115392 -7.75236e-08
-0.115302 -7.75251e-08
-0.115212 -7.77329e-08
-0.115122 -7.78592e-08
-0.115032 -7.76223e-08
-0.114942 -7.71272e-08
-0.114853 -7.66301e-08
-0.114763 -7.61263e-08
-0.114673 -7.58977e-08
-0.114583 -7.57786e-08
-0.114493 -7.58232e-08
-0.114403 -7.54713e-08
-0.114313 -7.54035e-08
-0.114223 -7.56873e-08
-0.114133 -7.61497e-08
-0.114043 -7.67759e-08
-0.113953 -7.76183e-08
-0.113864 -7.81804e-08
-0.113774 -7.89697e-08
-0.113684 -7.91785e-08
-0.113594 -7.94614e-08
-0.113504 -7.98345e-08
-0.113414 -7.97814e-08
-0.113324 -7.96483e-08
-0.113234 -7.9241e-08
-0.113144 -7.88317e-08
-0.113054 -7.84533e-08
-0.112965 -7.79566e-08
-0.112875 -7.78468e-08
-0.112785 -7.79529e-08
-0.112695 -7.81236e-08
-0.112605 -7.83269e-08
-0.112515 -7.81565e-08
-0.112425 -7.79454e-08
-0.112335 -7.86348e-08
-0.112245 -7.93411e-08
-0.112155 -8.01829e-08
-0.112065 -8.07153e-08
-0.111976 -8.0851e-08
-0.111886 -8.08575e-08
-0.111796 -8.05179e-08
-0.111706 -8.03993e-08
-0.111616 -7.99427e-08
-0.111526 -7.94653e-08
-0.111436 -7.91731e-08
-0.111346 -7.86662e-08
-0.111256 -7.79524e-08
-0.111166 -7.6942e-08
-0.111077 -7.6114e-08
-0.110987 -7.55494e-08
-0.110897 -7.53776e-08
-0.110807 -7.52874e-08
-0.110717 -7.51063e-08
-0.110627 -7.53074e-08
-0.110537 -7.5238e-08
-0.110447 -7.52307e-08
-0.110357 -7.53526e-08
-0.110267 -7.52378e-08
-0.110178 -7.48203e-08
-0.110088 -7.50226e-08
-0.109998 -7.46203e-08
-0.109908 -7.45451e-08
-0.109818 -7.42415e-08
-0.109728 -7.42861e-08
-0.109638 -7.43352e-08
-0.109548 -7.46544e-08
-0.109458 -7.47067e-08
-0.109368 -7.47455e-08
-0.109278 -7.46395e-08
-0.109189 -7.48463e-08
-0.109099 -7.54088e-08
-0.109009 -7.57953e-08
-0.108919 -7.58489e-08
-0.108829 -7.57308e-08
-0.108739 -7.5589e-08
-0.108649 -7.52664e-08
-0.108559 -7.5145e-08
-0.108469 -7.49815e-08
-0.108379 -7.47403e-08
-0.10829 -7.4412e-08
-0.1082 -7.43391e-08
-0.10811 -7.41026e-08
-0.10802 -7.41949e-08
-0.10793 -7.40095e-08
-0.10784 -7.3758e-08
-0.10775 -7.34751e-08
-0.10766 -7.32105e-08
-0.10757 -7.25988e-08
-0.10748 -7.1417e-08
-0.10739 -7.0576e-08
-0.107301 -7.01983e-08
-0.107211 -6.98979e-08
-0.107121 -6.90348e-08
-0.107031 -6.83663e-08
-0.106941 -6.76866e-08
-0.106851 -6.7046e-08
-0.106761 -6.66967e-08
-0.106671 -6.6145e-08
-0.106581 -6.57367e-08
-0.106491 -6.58095e-08
-0.106402 -6.58984e-08
-0.106312 -6.59389e-08
-0.106222 -6.56907e-08
-0.106132 -6.54383e-08
-0.106042 -6.53751e-08
-0.105952 -6.5353e-08
-0.105862 -6.54585e-08
-0.105772 -6.52251e-08
-0.105682 -6.51582e-08
-0.105592 -6.53024e-08
-0.105502 -6.55884e-08
-0.105413 -6.53299e-08
-0.105323 -6.52492e-08
-0.105233 -6.51051e-08
-0.105143 -6.49189e-08
-0.105053 -6.49087e-08
-0.104963 -6.5099e-08
-0.104873 -6.5071e-08
-0.104783 -6.52715e-08
-0.104693 -6.52448e-08
-0.104603 -6.51958e-08
-0.104514 -6.46007e-08
-0.104424 -6.37497e-08
-0.104334 -6.29415e-08
-0.104244 -6.23377e-08
-0.104154 -6.19877e-08
-0.104064 -6.15688e-08
-0.103974 -6.10231e-08
-0.103884 -6.0214e-08
-0.103794 -5.93766e-08
-0.103704 -5.86547e-08
-0.103614 -5.82169e-08
-0.103525 -5.76465e-08
-0.103435 -5.74783e-08
-0.103345 -5.73579e-08
-0.103255 -5.71047e-08
-0.103165 -5.6988e-08
-0.103075 -5.70002e-08
-0.102985 -5.6874e-08
-0.102895 -5.67661e-08
-0.102805 -5.65199e-08
-0.102715 -5.63213e-08
-0.102626 -5.63068e-08
-0.102536 -5.65272e-08
-0.102446 -5.663e-08
-0.102356 -5.69465e-08
-0.102266 -5.72361e-08
-0.102176 -5.75694e-08
-0.102086 -5.76719e-08
-0.101996 -5.77435e-08
-0.101906 -5.77988e-08
-0.101816 -5.81224e-08
-0.101727 -5.8332e-08
-0.101637 -5.86196e-08
-0.101547 -5.88423e-08
-0.101457 -5.90111e-08
-0.101367 -5.92631e-08
-0.101277 -5.93844e-08
-0.101187 -5.97619e-08
-0.101097 -5.9931e-08
-0.101007 -6.01193e-08
-0.100917 -6.03224e-08
-0.100827 -6.04915e-08
-0.100738 -6.06787e-08
-0.100648 -6.08071e-08
-0.100558 -6.08793e-08
-0.100468 -6.09208e-08
-0.100378 -6.10148e-08
-0.100288 -6.09435e-08
-0.100198 -6.06426e-08
-0.100108 -6.05663e-08
-0.100018 -6.04561e-08
-0.0999284 -6.02785e-08
-0.0998385 -6.02838e-08
-0.0997486 -6.00505e-08
-0.0996587 -5.97937e-08
-0.0995688 -5.9697e-08
-0.0994789 -5.94533e-08
-0.099389 -5.91546e-08
-0.0992991 -5.88033e-08
-0.0992092 -5.86058e-08
-0.0991193 -5.84543e-08
-0.0990294 -5.8218e-08
-0.0989395 -5.7937e-08
-0.0988496 -5.77934e-08
-0.0987597 -5.75903e-08
-0.0986698 -5.73947e-08
-0.0985799 -5.73299e-08
-0.09849 -5.72203e-08
-0.0984001 -5.70985e-08
-0.0983102 -5.70197e-08
-0.0982202 -5.69226e-08
-0.0981303 -5.70577e-08
-0.0980404 -5.7106e-08
-0.0979505 -5.70947e-08
-0.0978606 -5.70846e-08
-0.0977707 -5.68882e-08
-0.0976808 -5.68192e-08
-0.0975909 -5.67945e-08
-0.097501 -5.67761e-08
-0.0974111 -5.68279e-08
-0.0973212 -5.67857e-08
-0.0972313 -5.68499e-08
-0.0971414 -5.68703e-08
-0.0970515 -5.685e-08
-0.0969616 -5.68482e-08
-0.0968717 -5.6899e-08
-0.0967818 -5.68787e-08
-0.0966919 -5.68477e-08
-0.096602 -5.68959e-08
-0.0965121 -5.69061e-08
-0.0964222 -5.69358e-08
-0.0963323 -5.68959e-08
-0.0962424 -5.6848e-08
-0.0961525 -5.67561e-08
-0.0960626 -5.65616e-08
-0.0959726 -5.61698e-08
-0.0958827 -5.57514e-08
-0.0957928 -5.54934e-08
-0.0957029 -5.52935e-08
-0.095613 -5.50394e-08
-0.0955231 -5.46842e-08
-0.0954332 -5.42613e-08
-0.0953433 -5.3821e-08
-0.0952534 -5.34702e-08
-0.0951635 -5.31862e-08
-0.0950736 -5.27957e-08
-0.0949837 -5.25416e-08
-0.0948938 -5.23203e-08
-0.0948039 -5.20093e-08
-0.094714 -5.16674e-08
-0.0946241 -5.13734e-08
-0.0945342 -5.11128e-08
-0.0944443 -5.07063e-08
-0.0943544 -5.02344e-08
-0.0942645 -4.98065e-08
-0.0941746 -4.94135e-08
-0.0940847 -4.89563e-08
-0.0939948 -4.86354e-08
-0.0939049 -4.83677e-08
-0.0938149 -4.80408e-08
-0.093725 -4.78602e-08
-0.0936351 -4.77204e-08
-0.0935452 -4.74607e-08
-0.0934553 -4.73771e-08
-0.0933654 -4.74226e-08
-0.0932755 -4.74135e-08
-0.0931856 -4.75554e-08
-0.0930957 -4.76746e-08
-0.0930058 -4.78489e-08
-0.0929159 -4.79368e-08
-0.092826 -4.80238e-08
-0.0927361 -4.82378e-08
-0.0926462 -4.83199e-08
-0.0925563 -4.84206e-08
-0.0924664 -4.84394e-08
-0.0923765 -4.84788e-08
-0.0922866 -4.86513e-08
-0.0921967 -4.88289e-08
-0.0921068 -4.9011e-08
-0.0920169 -4.91564e-08
-0.091927 -4.92939e-08
-0.0918371 -4.93531e-08
-0.0917472 -4.95182e-08
-0.0916572 -4.96227e-08
-0.0915673 -4.9682e-08
-0.0914774 -4.97062e-08
-0.0913875 -4.98202e-08
-0.0912976 -4.97765e-08
-0.0912077 -4.97534e-08
-0.0911178 -4.96147e-08
-0.0910279 -4.93544e-08
-0.090938 -4.9146e-08
-0.0908481 -4.8997e-08
-0.0907582 -4.87949e-08
-0.0906683 -4.8515e-08
-0.0905784 -4.82673e-08
-0.0904885 -4.80235e-08
-0.0903986 -4.78977e-08
-0.0903087 -4.76251e-08
-0.0902188 -4.73292e-08
-0.0901289 -4.70764e-08
-0.090039 -4.67947e-08
-0.0899491 -4.65042e-08
-0.0898592 -4.61794e-08
-0.0897693 -4.59146e-08
-0.0896794 -4.57269e-08
-0.0895895 -4.54427e-08
-0.0894995 -4.52577e-08
-0.0894096 -4.50519e-08
-0.0893197 -4.48689e-08
-0.0892298 -4.47799e-08
-0.0891399 -4.46625e-08
-0.08905 -4.46404e-08
-0.0889601 -4.4676e-08
-0.0888702 -4.47938e-08
-0.0887803 -4.48922e-08
-0.0886904 -4.50212e-08
-0.0886005 -4.50935e-08
-0.0885106 -4.52288e-08
-0.0884207 -4.53465e-08
-0.0883308 -4.54383e-08
-0.0882409 -4.55555e-08
-0.088151 -4.57771e-08
-0.0880611 -4.59743e-08
-0.0879712 -4.61368e-08
-0.0878813 -4.6243e-08
-0.0877914 -4.62871e-08
-0.0877015 -4.63895e-08
-0.0876116 -4.63485e-08
-0.0875217 -4.63783e-08
-0.0874318 -4.63487e-08
-0.0873418 -4.63682e-08
-0.0872519 -4.63067e-08
-0.087162 -4.62923e-08
-0.0870721 -4.62109e-08
-0.0869822 -4.61352e-08
-0.0868923 -4.60721e-08
-0.0868024 -4.59979e-08
-0.0867125 -4.58956e-08
-0.0866226 -4.57237e-08
-0.0865327 -4.55311e-08
-0.0864428 -4.53914e-08
-0.0863529 -4.52401e-08
-0.086263 -4.5166e-08
-0.0861731 -4.50168e-08
-0.0860832 -4.48413e-08
-0.0859933 -4.46742e-08
-0.0859034 -4.45196e-08
-0.0858135 -4.44147e-08
-0.0857236 -4.43355e-08
-0.0856337 -4.42309e-08
-0.0855438 -4.41555e-08
-0.0854539 -4.41295e-08
-0.085364 -4.41406e-08
-0.0852741 -4.39864e-08
-0.0851841 -4.39197e-08
-0.0850942 -4.38734e-08
-0.0850043 -4.36929e-08
-0.0849144 -4.3469e-08
-0.0848245 -4.32255e-08
-0.0847346 -4.2904e-08
-0.0846447 -4.26365e-08
-0.0845548 -4.23332e-08
-0.0844649 -4.21512e-08
-0.084375 -4.18821e-08
-0.0842851 -4.16381e-08
-0.0841952 -4.14466e-08
-0.0841053 -4.12967e-08
-0.0840154 -4.11738e-08
-0.0839255 -4.1173e-08
-0.0838356 -4.11651e-08
-0.0837457 -4.11497e-08
-0.0836558 -4.11085e-08
-0.0835659 -4.1141e-08
-0.083476 -4.12362e-08
-0.0833861 -4.12657e-08
-0.0832962 -4.1243e-08
-0.0832063 -4.12464e-08
-0.0831164 -4.11896e-08
-0.0830264 -4.11423e-08
-0.0829365 -4.10977e-08
-0.0828466 -4.10719e-08
-0.0827567 -4.10459e-08
-0.0826668 -4.09796e-08
-0.0825769 -4.09091e-08
-0.082487 -4.08641e-08
-0.0823971 -4.0812e-08
-0.0823072 -4.07664e-08
-0.0822173 -4.07582e-08
-0.0821274 -4.08328e-08
-0.0820375 -4.08009e-08
-0.0819476 -4.07298e-08
-0.0818577 -4.07459e-08
-0.0817678 -4.07099e-08
-0.0816779 -4.06866e-08
-0.081588 -4.06969e-08
-0.0814981 -4.06509e-08
-0.0814082 -4.06125e-08
-0.0813183 -4.04739e-08
-0.0812284 -4.03504e-08
-0.0811385 -4.01677e-08
-0.0810486 -4.00115e-08
-0.0809587 -3.98597e-08
-0.0808687 -3.9751e-08
-0.0807788 -3.94947e-08
-0.0806889 -3.92335e-08
-0.080599 -3.89321e-08
-0.0805091 -3.8676e-08
-0.0804192 -3.83977e-08
-0.0803293 -3.81328e-08
-0.0802394 -3.79102e-08
-0.0801495 -3.77369e-08
-0.0800596 -3.76414e-08
-0.0799697 -3.75247e-08
-0.0798798 -3.75142e-08
-0.0797899 -3.75043e-08
-0.0797 -3.75556e-08
-0.0796101 -3.75622e-08
-0.0795202 -3.76377e-08
-0.0794303 -3.76849e-08
-0.0793404 -3.7745e-08
-0.0792505 -3.77979e-08
-0.0791606 -3.7895e-08
-0.0790707 -3.80137e-08
-0.0789808 -3.80177e-08
-0.0788909 -3.80481e-08
-0.078801 -3.80696e-08
-0.078711 -3.80933e-08
-0.0786211 -3.81843e-08
-0.0785312 -3.8245e-08
-0.0784413 -3.82118e-08
-0.0783514 -3.82563e-08
-0.0782615 -3.8286e-08
-0.0781716 -3.83664e-08
-0.0780817 -3.84579e-08
-0.0779918 -3.85328e-08
-0.0779019 -3.86093e-08
-0.077812 -3.86676e-08
-0.0777221 -3.87402e-08
-0.0776322 -3.88614e-08
-0.0775423 -3.89711e-08
-0.0774524 -3.90654e-08
-0.0773625 -3.91639e-08
-0.0772726 -3.92844e-08
-0.0771827 -3.93884e-08
-0.0770928 -3.94647e-08
-0.0770029 -3.95099e-08
-0.076913 -3.95559e-08
-0.0768231 -3.96098e-08
-0.0767332 -3.96142e-08
-0.0766433 -3.96029e-08
-0.0765534 -3.9614e-08
-0.0764634 -3.96419e-08
-0.0763735 -3.96724e-08
-0.0762836 -3.97411e-08
-0.0761937 -3.98153e-08
-0.0761038 -3.98773e-08
-0.0760139 -3.99114e-08
-0.075924 -3.99301e-08
-0.0758341 -3.99406e-08
-0.0757442 -3.99035e-08
-0.0756543 -3.98875e-08
-0.0755644 -3.986e-08
-0.0754745 -3.9821e-08
-0.0753846 -3.98187e-08
-0.0752947 -3.97944e-08
-0.0752048 -3.97291e-08
-0.0751149 -3.9665e-08
-0.075025 -3.95717e-08
-0.0749351 -3.94644e-08
-0.0748452 -3.94016e-08
-0.0747553 -3.9309e-08
-0.0746654 -3.91989e-08
-0.0745755 -3.90572e-08
-0.0744856 -3.8872e-08
-0.0743957 -3.86159e-08
-0.0743057 -3.83823e-08
-0.0742158 -3.80951e-08
-0.0741259 -3.78074e-08
-0.074036 -3.75092e-08
-0.0739461 -3.72788e-08
-0.0738562 -3.70253e-08
-0.0737663 -3.6762e-08
-0.0736764 -3.65308e-08
-0.0735865 -3.63292e-08
-0.0734966 -3.61259e-08
-0.0734067 -3.59033e-08
-0.0733168 -3.57669e-08
-0.0732269 -3.5573e-08
-0.073137 -3.53813e-08
-0.0730471 -3.52273e-08
-0.0729572 -3.50651e-08
-0.0728673 -3.49482e-08
-0.0727774 -3.48078e-08
-0.0726875 -3.47074e-08
-0.0725976 -3.46416e-08
-0.0725077 -3.46141e-08
-0.0724178 -3.46127e-08
-0.0723279 -3.46048e-08
-0.072238 -3.45637e-08
-0.072148 -3.45979e-08
-0.0720581 -3.46486e-08
-0.0719682 -3.47083e-08
-0.0718783 -3.47823e-08
-0.0717884 -3.48764e-08
-0.0716985 -3.49616e-08
-0.0716086 -3.50047e-08
-0.0715187 -3.5069e-08
-0.0714288 -3.51272e-08
-0.0713389 -3.52204e-08
-0.071249 -3.53243e-08
-0.0711591 -3.54166e-08
-0.0710692 -3.55455e-08
-0.0709793 -3.56698e-08
-0.0708894 -3.5827e-08
-0.0707995 -3.59571e-08
-0.0707096 -3.60994e-08
-0.0706197 -3.62174e-08
-0.0705298 -3.63149e-08
-0.0704399 -3.64456e-08
-0.07035 -3.6564e-08
-0.0702601 -3.67027e-08
-0.0701702 -3.6868e-08
-0.0700803 -3.70275e-08
-0.0699903 -3.71738e-08
-0.0699004 -3.73038e-08
-0.0698105 -3.74013e-08
-0.0697206 -3.74664e-08
-0.0696307 -3.75395e-08
-0.0695408 -3.75943e-08
-0.0694509 -3.76217e-08
-0.069361 -3.76432e-08
-0.0692711 -3.76635e-08
-0.0691812 -3.76897e-08
-0.0690913 -3.77296e-08
-0.0690014 -3.77597e-08
-0.0689115 -3.78014e-08
-0.0688216 -3.78497e-08
-0.0687317 -3.79007e-08
-0.0686418 -3.79141e-08
-0.0685519 -3.79267e-08
-0.068462 -3.79406e-08
-0.0683721 -3.79258e-08
-0.0682822 -3.79258e-08
-0.0681923 -3.78954e-08
-0.0681024 -3.78509e-08
-0.0680125 -3.78184e-08
-0.0679226 -3.7766e-08
-0.0678326 -3.76866e-08
-0.0677427 -3.76027e-08
-0.0676528 -3.75386e-08
-0.0675629 -3.74758e-08
-0.067473 -3.74329e-08
-0.0673831 -3.74037e-08
-0.0672932 -3.73895e-08
-0.0672033 -3.73373e-08
-0.0671134 -3.72815e-08
-0.0670235 -3.72083e-08
-0.0669336 -3.71422e-08
-0.0668437 -3.70807e-08
-0.0667538 -3.69701e-08
-0.0666639 -3.68691e-08
-0.066574 -3.67751e-08
-0.0664841 -3.6718e-08
-0.0663942 -3.66122e-08
-0.0663043 -3.64824e-08
-0.0662144 -3.63446e-08
-0.0661245 -3.61947e-08
-0.0660346 -3.60266e-08
-0.0659447 -3.58768e-08
-0.0658548 -3.57094e-08
-0.0657649 -3.55297e-08
-0.0656749 -3.53349e-08
-0.065585 -3.51719e-08
-0.0654951 -3.50617e-08
-0.0654052 -3.49439e-08
-0.0653153 -3.48233e-08
-0.0652254 -3.47134e-08
-0.0651355 -3.46121e-08
-0.0650456 -3.45344e-08
-0.0649557 -3.44605e-08
-0.0648658 -3.43899e-08
-0.0647759 -3.42769e-08
-0.064686 -3.41466e-08
-0.0645961 -3.40363e-08
-0.0645062 -3.39447e-08
-0.0644163 -3.38523e-08
-0.0643264 -3.37383e-08
-0.0642365 -3.36721e-08
-0.0641466 -3.35847e-08
-0.0640567 -3.35229e-08
-0.0639668 -3.34784e-08
-0.0638769 -3.34431e-08
-0.063787 -3.33801e-08
-0.0636971 -3.33151e-08
-0.0636072 -3.32785e-08
-0.0635172 -3.32463e-08
-0.0634273 -3.32248e-08
-0.0633374 -3.32037e-08
-0.0632475 -3.31681e-08
-0.0631576 -3.31315e-08
-0.0630677 -3.3078e-08
-0.0629778 -3.3044e-08
-0.0628879 -3.30583e-08
-0.062798 -3.30372e-08
-0.0627081 -3.30018e-08
-0.0626182 -3.29493e-08
-0.0625283 -3.29416e-08
-0.0624384 -3.29152e-08
-0.0623485 -3.28605e-08
-0.0622586 -3.28344e-08
-0.0621687 -3.28303e-08
-0.0620788 -3.28241e-08
-0.0619889 -3.28211e-08
-0.061899 -3.28273e-08
-0.0618091 -3.2813e-08
-0.0617192 -3.2814e-08
-0.0616293 -3.28196e-08
-0.0615394 -3.28218e-08
-0.0614495 -3.28166e-08
-0.0613595 -3.27759e-08
-0.0612696 -3.27236e-08
-0.0611797 -3.26683e-08
-0.0610898 -3.26289e-08
-0.0609999 -3.258e-08
-0.06091 -3.25205e-08
-0.0608201 -3.2483e-08
-0.0607302 -3.24616e-08
-0.0606403 -3.24619e-08
-0.0605504 -3.24572e-08
-0.0604605 -3.24655e-08
-0.0603706 -3.24696e-08
-0.0602807 -3.24593e-08
-0.0601908 -3.23972e-08
-0.0601009 -3.23318e-08
-0.060011 -3.22466e-08
-0.0599211 -3.21634e-08
-0.0598312 -3.20513e-08
-0.0597413 -3.19477e-08
-0.0596514 -3.18233e-08
-0.0595615 -3.17035e-08
-0.0594716 -3.16107e-08
-0.0593817 -3.15167e-08
-0.0592918 -3.13942e-08
-0.0592018 -3.12916e-08
-0.0591119 -3.11441e-08
-0.059022 -3.10104e-08
-0.0589321 -3.08283e-08
-0.0588422 -3.06673e-08
-0.0587523 -3.04975e-08
-0.0586624 -3.02551e-08
-0.0585725 -3.00341e-08
-0.0584826 -2.98565e-08
-0.0583927 -2.96632e-08
-0.0583028 -2.94379e-08
-0.0582129 -2.92028e-08
-0.058123 -2.90228e-08
-0.0580331 -2.88577e-08
-0.0579432 -2.86291e-08
-0.0578533 -2.83877e-08
-0.0577634 -2.81398e-08
-0.0576735 -2.78774e-08
-0.0575836 -2.76129e-08
-0.0574937 -2.73888e-08
-0.0574038 -2.7122e-08
-0.0573139 -2.68611e-08
-0.057224 -2.66258e-08
-0.0571341 -2.64236e-08
-0.0570442 -2.62248e-08
-0.0569542 -2.606e-08
-0.0568643 -2.59047e-08
-0.0567744 -2.57787e-08
-0.0566845 -2.56583e-08
-0.0565946 -2.55169e-08
-0.0565047 -2.53744e-08
-0.0564148 -2.5231e-08
-0.0563249 -2.5083e-08
-0.056235 -2.49232e-08
-0.0561451 -2.47753e-08
-0.0560552 -2.46673e-08
-0.0559653 -2.45314e-08
-0.0558754 -2.4417e-08
-0.0557855 -2.43353e-08
-0.0556956 -2.42389e-08
-0.0556057 -2.41119e-08
-0.0555158 -2.40131e-08
-0.0554259 -2.39151e-08
-0.055336 -2.38627e-08
-0.0552461 -2.38063e-08
-0.0551562 -2.37443e-08
-0.0550663 -2.36553e-08
-0.0549764 -2.35961e-08
-0.0548865 -2.35433e-08
-0.0547965 -2.34449e-08
-0.0547066 -2.33604e-08
-0.0546167 -2.3275e-08
-0.0545268 -2.32205e-08
-0.0544369 -2.3195e-08
-0.054347 -2.31613e-08
-0.0542571 -2.31072e-08
-0.0541672 -2.30579e-08
-0.0540773 -2.30016e-08
-0.0539874 -2.29622e-08
-0.0538975 -2.29367e-08
-0.0538076 -2.29246e-08
-0.0537177 -2.29015e-08
-0.0536278 -2.28814e-08
-0.0535379 -2.28725e-08
-0.053448 -2.28826e-08
-0.0533581 -2.2919e-08
-0.0532682 -2.2928e-08
-0.0531783 -2.29245e-08
-0.0530884 -2.29291e-08
-0.0529985 -2.29111e-08
-0.0529086 -2.28998e-08
-0.0528187 -2.28724e-08
-0.0527288 -2.28665e-08
-0.0526388 -2.2865e-08
-0.0525489 -2.28685e-08
-0.052459 -2.28709e-08
-0.0523691 -2.28838e-08
-0.0522792 -2.28748e-08
-0.0521893 -2.28683e-08
-0.0520994 -2.28582e-08
-0.0520095 -2.28535e-08
-0.0519196 -2.2833e-08
-0.0518297 -2.27979e-08
-0.0517398 -2.27692e-08
-0.0516499 -2.273e-08
-0.05156 -2.26956e-08
-0.0514701 -2.26591e-08
-0.0513802 -2.26457e-08
-0.0512903 -2.26337e-08
-0.0512004 -2.25921e-08
-0.0511105 -2.2546e-08
-0.0510206 -2.25162e-08
-0.0509307 -2.25055e-08
-0.0508408 -2.24751e-08
-0.0507509 -2.2448e-08
-0.050661 -2.24269e-08
-0.0505711 -2.23959e-08
-0.0504811 -2.23738e-08
-0.0503912 -2.23556e-08
-0.0503013 -2.23458e-08
-0.0502114 -2.23373e-08
-0.0501215 -2.23321e-08
-0.0500316 -2.23342e-08
-0.0499417 -2.23583e-08
-0.0498518 -2.23831e-08
-0.0497619 -2.23881e-08
-0.049672 -2.2376e-08
-0.0495821 -2.23692e-08
-0.0494922 -2.23578e-08
-0.0494023 -2.2351e-08
-0.0493124 -2.23282e-08
-0.0492225 -2.23035e-08
-0.0491326 -2.22885e-08
-0.0490427 -2.22872e-08
-0.0489528 -2.22917e-08
-0.0488629 -2.23118e-08
-0.048773 -2.23304e-08
-0.0486831 -2.23363e-08
-0.0485932 -2.23412e-08
-0.0485033 -2.23428e-08
-0.0484134 -2.23343e-08
-0.0483234 -2.23223e-08
-0.0482335 -2.23045e-08
-0.0481436 -2.22925e-08
-0.0480537 -2.22711e-08
-0.0479638 -2.22443e-08
-0.0478739 -2.2204e-08
-0.047784 -2.21798e-08
-0.0476941 -2.21368e-08
-0.0476042 -2.21084e-08
-0.0475143 -2.20883e-08
-0.0474244 -2.2064e-08
-0.0473345 -2.20252e-08
-0.0472446 -2.19917e-08
-0.0471547 -2.19538e-08
-0.0470648 -2.18985e-08
-0.0469749 -2.18563e-08
-0.046885 -2.17937e-08
-0.0467951 -2.17282e-08
-0.0467052 -2.16723e-08
-0.0466153 -2.16192e-08
-0.0465254 -2.15616e-08
-0.0464355 -2.15151e-08
-0.0463456 -2.14764e-08
-0.0462557 -2.14505e-08
-0.0461657 -2.14104e-08
-0.0460758 -2.13458e-08
-0.0459859 -2.12683e-08
-0.045896 -2.11973e-08
-0.0458061 -2.11441e-08
-0.0457162 -2.1076e-08
-0.0456263 -2.10197e-08
-0.0455364 -2.09686e-08
-0.0454465 -2.08982e-08
-0.0453566 -2.08402e-08
-0.0452667 -2.07661e-08
-0.0451768 -2.06786e-08
-0.0450869 -2.05839e-08
-0.044997 -2.04845e-08
-0.0449071 -2.03714e-08
-0.0448172 -2.02604e-08
-0.0447273 -2.01576e-08
-0.0446374 -2.00478e-08
-0.0445475 -1.99448e-08
-0.0444576 -1.98208e-08
-0.0443677 -1.9702e-08
-0.0442778 -1.9569e-08
-0.0441879 -1.94061e-08
-0.044098 -1.92562e-08
-0.044008 -1.90853e-08
-0.0439181 -1.89128e-08
-0.0438282 -1.87438e-08
-0.0437383 -1.85685e-08
-0.0436484 -1.83922e-08
-0.0435585 -1.82054e-08
-0.0434686 -1.8037e-08
-0.0433787 -1.78681e-08
-0.0432888 -1.77118e-08
-0.0431989 -1.7532e-08
-0.043109 -1.73481e-08
-0.0430191 -1.71541e-08
-0.0429292 -1.69524e-08
-0.0428393 -1.67634e-08
-0.0427494 -1.65675e-08
-0.0426595 -1.63629e-08
-0.0425696 -1.6148e-08
-0.0424797 -1.595e-08
-0.0423898 -1.57833e-08
-0.0422999 -1.56215e-08
-0.04221 -1.54484e-08
-0.0421201 -1.526e-08
-0.0420302 -1.50717e-08
-0.0419403 -1.4891e-08
-0.0418503 -1.47181e-08
-0.0417604 -1.45364e-08
-0.0416705 -1.43377e-08
-0.0415806 -1.4128e-08
-0.0414907 -1.39134e-08
-0.0414008 -1.37175e-08
-0.0413109 -1.35383e-08
-0.041221 -1.33731e-08
-0.0411311 -1.31887e-08
-0.0410412 -1.30082e-08
-0.0409513 -1.28312e-08
-0.0408614 -1.26581e-08
-0.0407715 -1.24877e-08
-0.0406816 -1.23215e-08
-0.0405917 -1.21184e-08
-0.0405018 -1.19114e-08
-0.0404119 -1.16918e-08
-0.040322 -1.14995e-08
-0.0402321 -1.13225e-08
-0.0401422 -1.11476e-08
-0.0400523 -1.09984e-08
-0.0399624 -1.08494e-08
-0.0398725 -1.07078e-08
-0.0397826 -1.05697e-08
-0.0396927 -1.04364e-08
-0.0396027 -1.03033e-08
-0.0395128 -1.01542e-08
-0.0394229 -1.00084e-08
-0.039333 -9.86694e-09
-0.0392431 -9.76345e-09
-0.0391532 -9.65448e-09
-0.0390633 -9.5359e-09
-0.0389734 -9.42165e-09
-0.0388835 -9.31791e-09
-0.0387936 -9.22921e-09
-0.0387037 -9.15266e-09
-0.0386138 -9.06169e-09
-0.0385239 -8.97728e-09
-0.038434 -8.88412e-09
-0.0383441 -8.78533e-09
-0.0382542 -8.68146e-09
-0.0381643 -8.60006e-09
-0.0380744 -8.52116e-09
-0.0379845 -8.42309e-09
-0.0378946 -8.31917e-09
-0.0378047 -8.21252e-09
-0.0377148 -8.11904e-09
-0.0376249 -8.0358e-09
-0.037535 -7.96544e-09
-0.037445 -7.87164e-09
-0.0373551 -7.7678e-09
-0.0372652 -7.65782e-09
-0.0371753 -7.56123e-09
-0.0370854 -7.45546e-09
-0.0369955 -7.34206e-09
-0.0369056 -7.24704e-09
-0.0368157 -7.14447e-09
-0.0367258 -7.04245e-09
-0.0366359 -6.95868e-09
-0.036546 -6.88281e-09
-0.0364561 -6.81858e-09
-0.0363662 -6.73886e-09
-0.0362763 -6.65379e-09
-0.0361864 -6.58411e-09
-0.0360965 -6.52083e-09
-0.0360066 -6.44143e-09
-0.0359167 -6.36955e-09
-0.0358268 -6.30146e-09
-0.0357369 -6.22825e-09
-0.035647 -6.16091e-09
-0.0355571 -6.11266e-09
-0.0354672 -6.05123e-09
-0.0353773 -5.99899e-09
-0.0352873 -5.93949e-09
-0.0351974 -5.87564e-09
-0.0351075 -5.81481e-09
-0.0350176 -5.76012e-09
-0.0349277 -5.70903e-09
-0.0348378 -5.63708e-09
-0.0347479 -5.57174e-09
-0.034658 -5.5067e-09
-0.0345681 -5.44299e-09
-0.0344782 -5.39452e-09
-0.0343883 -5.35464e-09
-0.0342984 -5.29176e-09
-0.0342085 -5.22049e-09
-0.0341186 -5.14138e-09
-0.0340287 -5.0602e-09
-0.0339388 -4.9837e-09
-0.0338489 -4.88055e-09
-0.033759 -4.79509e-09
-0.0336691 -4.7168e-09
-0.0335792 -4.63425e-09
-0.0334893 -4.56806e-09
-0.0333994 -4.51049e-09
-0.0333095 -4.4457e-09
-0.0332196 -4.3716e-09
-0.0331296 -4.30677e-09
-0.0330397 -4.233e-09
-0.0329498 -4.16489e-09
-0.0328599 -4.10727e-09
-0.03277 -4.04173e-09
-0.0326801 -3.98285e-09
-0.0325902 -3.90843e-09
-0.0325003 -3.85403e-09
-0.0324104 -3.81296e-09
-0.0323205 -3.76584e-09
-0.0322306 -3.72123e-09
-0.0321407 -3.68659e-09
-0.0320508 -3.65253e-09
-0.0319609 -3.61397e-09
-0.031871 -3.58094e-09
-0.0317811 -3.55522e-09
-0.0316912 -3.5077e-09
-0.0316013 -3.44933e-09
-0.0315114 -3.39883e-09
-0.0314215 -3.37098e-09
-0.0313316 -3.34264e-09
-0.0312417 -3.31876e-09
-0.0311518 -3.28587e-09
-0.0310619 -3.24843e-09
-0.0309719 -3.20318e-09
-0.030882 -3.16144e-09
-0.0307921 -3.11002e-09
-0.0307022 -3.04193e-09
-0.0306123 -2.96928e-09
-0.0305224 -2.88878e-09
-0.0304325 -2.81746e-09
-0.0303426 -2.76051e-09
-0.0302527 -2.69921e-09
-0.0301628 -2.62814e-09
-0.0300729 -2.55093e-09
-0.029983 -2.45915e-09
-0.0298931 -2.37407e-09
-0.0298032 -2.29385e-09
-0.0297133 -2.21268e-09
-0.0296234 -2.13248e-09
-0.0295335 -2.04454e-09
-0.0294436 -1.94815e-09
-0.0293537 -1.85843e-09
-0.0292638 -1.78136e-09
-0.0291739 -1.70157e-09
-0.029084 -1.61846e-09
-0.0289941 -1.51501e-09
-0.0289042 -1.40534e-09
-0.0288142 -1.30257e-09
-0.0287243 -1.20698e-09
-0.0286344 -1.11612e-09
-0.0285445 -1.02147e-09
-0.0284546 -9.26544e-10
-0.0283647 -8.27636e-10
-0.0282748 -7.41947e-10
-0.0281849 -6.6355e-10
-0.028095 -5.79211e-10
-0.0280051 -4.96044e-10
-0.0279152 -3.99848e-10
-0.0278253 -3.02075e-10
-0.0277354 -2.1128e-10
-0.0276455 -1.25748e-10
-0.0275556 -3.27292e-11
-0.0274657 6.27467e-11
-0.0273758 1.6139e-10
-0.0272859 2.51332e-10
-0.027196 3.39136e-10
-0.0271061 4.22614e-10
-0.0270162 5.09777e-10
-0.0269263 5.92893e-10
-0.0268364 6.89998e-10
-0.0267465 7.85475e-10
-0.0266565 8.76048e-10
-0.0265666 9.71831e-10
-0.0264767 1.06102e-09
-0.0263868 1.16784e-09
-0.0262969 1.27074e-09
-0.026207 1.36853e-09
-0.0261171 1.45671e-09
-0.0260272 1.53784e-09
-0.0259373 1.61639e-09
-0.0258474 1.71378e-09
-0.0257575 1.81722e-09
-0.0256676 1.91622e-09
-0.0255777 2.01085e-09
-0.0254878 2.11327e-09
-0.0253979 2.20303e-09
-0.025308 2.29478e-09
-0.0252181 2.3877e-09
-0.0251282 2.47528e-09
-0.0250383 2.54407e-09
-0.0249484 2.63273e-09
-0.0248585 2.69996e-09
-0.0247686 2.77321e-09
-0.0246787 2.84593e-09
-0.0245888 2.90554e-09
-0.0244988 2.96641e-09
-0.0244089 3.013e-09
-0.024319 3.05839e-09
-0.0242291 3.1066e-09
-0.0241392 3.15444e-09
-0.0240493 3.19511e-09
-0.0239594 3.2361e-09
-0.0238695 3.28156e-09
-0.0237796 3.31035e-09
-0.0236897 3.34798e-09
-0.0235998 3.37655e-09
-0.0235099 3.39556e-09
-0.02342 3.41114e-09
-0.0233301 3.42154e-09
-0.0232402 3.43726e-09
-0.0231503 3.45058e-09
-0.0230604 3.46716e-09
-0.0229705 3.47941e-09
-0.0228806 3.49937e-09
-0.0227907 3.51923e-09
-0.0227008 3.54246e-09
-0.0226109 3.56321e-09
-0.022521 3.5785e-09
-0.0224311 3.5814e-09
-0.0223411 3.58548e-09
-0.0222512 3.58797e-09
-0.0221613 3.5965e-09
-0.0220714 3.60239e-09
-0.0219815 3.61546e-09
-0.0218916 3.61989e-09
-0.0218017 3.63379e-09
-0.0217118 3.64858e-09
-0.0216219 3.66529e-09
-0.021532 3.68142e-09
-0.0214421 3.68221e-09
-0.0213522 3.68418e-09
-0.0212623 3.67313e-09
-0.0211724 3.66234e-09
-0.0210825 3.66113e-09
-0.0209926 3.66135e-09
-0.0209027 3.66058e-09
-0.0208128 3.65235e-09
-0.0207229 3.64075e-09
-0.020633 3.63016e-09
-0.0205431 3.62713e-09
-0.0204532 3.61899e-09
-0.0203633 3.60041e-09
-0.0202734 3.57881e-09
-0.0201835 3.55689e-09
-0.0200935 3.52047e-09
-0.0200036 3.49888e-09
-0.0199137 3.48338e-09
-0.0198238 3.46155e-09
-0.0197339 3.44549e-09
-0.019644 3.43346e-09
-0.0195541 3.40368e-09
-0.0194642 3.3774e-09
-0.0193743 3.33551e-09
-0.0192844 3.2917e-09
-0.0191945 3.2331e-09
-0.0191046 3.18073e-09
-0.0190147 3.1326e-09
-0.0189248 3.09263e-09
-0.0188349 3.05632e-09
-0.018745 3.02967e-09
-0.0186551 2.99478e-09
-0.0185652 2.9595e-09
-0.0184753 2.92329e-09
-0.0183854 2.87876e-09
-0.0182955 2.82702e-09
-0.0182056 2.7646e-09
-0.0181157 2.71215e-09
-0.0180258 2.67075e-09
-0.0179358 2.63097e-09
-0.0178459 2.58777e-09
-0.017756 2.55105e-09
-0.0176661 2.52819e-09
-0.0175762 2.49647e-09
-0.0174863 2.4699e-09
-0.0173964 2.43043e-09
-0.0173065 2.3997e-09
-0.0172166 2.36122e-09
-0.0171267 2.3186e-09
-0.0170368 2.28365e-09
-0.0169469 2.25592e-09
-0.016857 2.2367e-09
-0.0167671 2.21397e-09
-0.0166772 2.20436e-09
-0.0165873 2.19315e-09
-0.0164974 2.18255e-09
-0.0164075 2.17653e-09
-0.0163176 2.163e-09
-0.0162277 2.16171e-09
-0.0161378 2.15101e-09
-0.0160479 2.15198e-09
-0.015958 2.15381e-09
-0.0158681 2.1535e-09
-0.0157781 2.15526e-09
-0.0156882 2.1569e-09
-0.0155983 2.16923e-09
-0.0155084 2.17456e-09
-0.0154185 2.17778e-09
-0.0153286 2.19149e-09
-0.0152387 2.19311e-09
-0.0151488 2.20775e-09
-0.0150589 2.22182e-09
-0.014969 2.25118e-09
-0.0148791 2.26781e-09
-0.0147892 2.28393e-09
-0.0146993 2.29143e-09
-0.0146094 2.29585e-09
-0.0145195 2.30821e-09
-0.0144296 2.31193e-09
-0.0143397 2.30824e-09
-0.0142498 2.30863e-09
-0.0141599 2.30069e-09
-0.01407 2.30593e-09
-0.0139801 2.3205e-09
-0.0138902 2.32175e-09
-0.0138003 2.32762e-09
-0.0137104 2.3383e-09
-0.0136204 2.32782e-09
-0.0135305 2.32683e-09
-0.0134406 2.32309e-09
-0.0133507 2.29866e-09
-0.0132608 2.27659e-09
-0.0131709 2.25583e-09
-0.013081 2.23564e-09
-0.0129911 2.22303e-09
-0.0129012 2.21889e-09
-0.0128113 2.21321e-09
-0.0127214 2.20059e-09
-0.0126315 2.19156e-09
-0.0125416 2.17168e-09
-0.0124517 2.16146e-09
-0.0123618 2.15031e-09
-0.0122719 2.13501e-09
-0.012182 2.11696e-09
-0.0120921 2.11338e-09
-0.0120022 2.1084e-09
-0.0119123 2.11887e-09
-0.0118224 2.12733e-09
-0.0117325 2.13476e-09
-0.0116426 2.13801e-09
-0.0115527 2.1526e-09
-0.0114627 2.16183e-09
-0.0113728 2.1774e-09
-0.0112829 2.18197e-09
-0.011193 2.19624e-09
-0.0111031 2.23852e-09
-0.0110132 2.27784e-09
-0.0109233 2.32739e-09
-0.0108334 2.37714e-09
-0.0107435 2.44479e-09
-0.0106536 2.49861e-09
-0.0105637 2.54662e-09
-0.0104738 2.60669e-09
-0.0103839 2.66006e-09
-0.010294 2.71026e-09
-0.0102041 2.76184e-09
-0.0101142 2.82447e-09
-0.0100243 2.89952e-09
-0.00993438 2.9638e-09
-0.00984447 3.04006e-09
-0.00975457 3.10594e-09
-0.00966466 3.17095e-09
-0.00957476 3.23482e-09
-0.00948486 3.29846e-09
-0.00939495 3.36342e-09
-0.00930505 3.41753e-09
-0.00921514 3.46177e-09
-0.00912524 3.5001e-09
-0.00903534 3.55533e-09
-0.00894543 3.61216e-09
-0.00885553 3.66875e-09
-0.00876562 3.73002e-09
-0.00867572 3.78807e-09
-0.00858582 3.8437e-09
-0.00849591 3.89226e-09
-0.00840601 3.94167e-09
-0.0083161 3.9887e-09
-0.0082262 4.02079e-09
-0.00813629 4.06074e-09
-0.00804639 4.09273e-09
-0.00795649 4.12263e-09
-0.00786658 4.16452e-09
-0.00777668 4.2045e-09
-0.00768677 4.24371e-09
-0.00759687 4.26431e-09
-0.00750697 4.29167e-09
-0.00741706 4.32608e-09
-0.00732716 4.36444e-09
-0.00723725 4.39763e-09
-0.00714735 4.42264e-09
-0.00705744 4.44398e-09
-0.00696754 4.46612e-09
-0.00687764 4.48808e-09
-0.00678773 4.51148e-09
-0.00669783 4.5303e-09
-0.00660792 4.53274e-09
-0.00651802 4.5333e-09
-0.00642812 4.53667e-09
-0.00633821 4.54877e-09
-0.00624831 4.56239e-09
-0.0061584 4.57326e-09
-0.0060685 4.57971e-09
-0.00597859 4.58769e-09
-0.00588869 4.59245e-09
-0.00579879 4.58722e-09
-0.00570888 4.58008e-09
-0.00561898 4.55871e-09
-0.00552907 4.51959e-09
-0.00543917 4.48085e-09
-0.00534927 4.449e-09
-0.00525936 4.41974e-09
-0.00516946 4.39065e-09
-0.00507955 4.36288e-09
-0.00498965 4.32907e-09
-0.00489975 4.29959e-09
-0.00480984 4.25947e-09
-0.00471994 4.21723e-09
-0.00463003 4.16926e-09
-0.00454013 4.1057e-09
-0.00445022 4.0376e-09
-0.00436032 3.96604e-09
-0.00427042 3.89019e-09
-0.00418051 3.81309e-09
-0.00409061 3.74018e-09
-0.0040007 3.67085e-09
-0.0039108 3.60581e-09
-0.0038209 3.53891e-09
-0.00373099 3.45353e-09
-0.00364109 3.37327e-09
-0.00355118 3.28772e-09
-0.00346128 3.1953e-09
-0.00337137 3.10216e-09
-0.00328147 2.99732e-09
-0.00319157 2.88518e-09
-0.00310166 2.77234e-09
-0.00301176 2.66862e-09
-0.00292185 2.56926e-09
-0.00283195 2.46785e-09
-0.00274205 2.3697e-09
-0.00265214 2.26134e-09
-0.00256224 2.15962e-09
-0.00247233 2.06287e-09
-0.00238243 1.97256e-09
-0.00229252 1.88292e-09
-0.00220262 1.77568e-09
-0.00211272 1.6639e-09
-0.00202281 1.55486e-09
-0.00193291 1.45108e-09
-0.001843 1.34889e-09
-0.0017531 1.24853e-09
-0.0016632 1.15113e-09
-0.00157329 1.05565e-09
-0.00148339 9.69913e-10
-0.00139348 9.00846e-10
-0.00130358 8.29598e-10
-0.00121368 7.59873e-10
-0.00112377 6.87631e-10
-0.00103387 6.15998e-10
-0.000943963 5.46243e-10
-0.000854059 4.739e-10
-0.000764154 4.00159e-10
-0.00067425 3.30001e-10
-0.000584346 2.63765e-10
-0.000494442 2.07929e-10
-0.000404538 1.64583e-10
-0.000314634 1.29837e-10
-0.00022473 9.2342e-11
-0.000134825 6.09301e-11
-4.49212e-05 2.87384e-11
4.49829e-05 0
0.000134887 -2.92108e-11
0.000224791 -5.98743e-11
0.000314695 -8.86249e-11
0.0004046 -1.16778e-10
0.000494504 -1.44556e-10
0.000584408 -1.5917e-10
0.000674312 -1.73041e-10
0.000764216 -1.88618e-10
0.00085412 -2.06337e-10
0.000944024 -2.13237e-10
0.00103393 -2.19607e-10
0.00112383 -2.20028e-10
0.00121374 -2.23243e-10
0.00130364 -2.29614e-10
0.00139355 -2.36646e-10
0.00148345 -2.38687e-10
0.00157335 -2.45216e-10
0.00166326 -2.42645e-10
0.00175316 -2.53318e-10
0.00184307 -2.65073e-10
0.00193297 -2.73338e-10
0.00202287 -2.76648e-10
0.00211278 -2.75763e-10
0.00220268 -2.69625e-10
0.00229259 -2.71469e-10
0.00238249 -2.64391e-10
0.00247239 -2.56659e-10
0.0025623 -2.54327e-10
0.0026522 -2.5931e-10
0.00274211 -2.59462e-10
0.00283201 -2.76227e-10
0.00292192 -2.97328e-10
0.00301182 -3.13129e-10
0.00310172 -3.27898e-10
0.00319163 -3.40991e-10
0.00328153 -3.53254e-10
0.00337144 -3.67976e-10
0.00346134 -3.73271e-10
0.00355124 -3.78218e-10
0.00364115 -3.89724e-10
0.00373105 -4.08534e-10
0.00382096 -4.26521e-10
0.00391086 -4.54491e-10
0.00400077 -4.70712e-10
0.00409067 -4.97634e-10
0.00418057 -5.3064e-10
0.00427048 -5.66445e-10
0.00436038 -5.98663e-10
0.00445029 -6.22864e-10
0.00454019 -6.38858e-10
0.00463009 -6.62629e-10
0.00472 -6.93584e-10
0.0048099 -7.25511e-10
0.00489981 -7.56677e-10
0.00498971 -7.87156e-10
0.00507962 -8.08203e-10
0.00516952 -8.37029e-10
0.00525942 -8.72458e-10
0.00534933 -9.09651e-10
0.00543923 -9.34671e-10
0.00552914 -9.63327e-10
0.00561904 -9.91692e-10
0.00570894 -1.02063e-09
0.00579885 -1.05255e-09
0.00588875 -1.07907e-09
0.00597866 -1.09706e-09
0.00606856 -1.10405e-09
0.00615846 -1.11122e-09
0.00624837 -1.12243e-09
0.00633827 -1.13774e-09
0.00642818 -1.14936e-09
0.00651808 -1.16293e-09
0.00660799 -1.1717e-09
0.00669789 -1.19557e-09
0.00678779 -1.21776e-09
0.0068777 -1.23977e-09
0.0069676 -1.2595e-09
0.00705751 -1.26781e-09
0.00714741 -1.29273e-09
0.00723731 -1.30079e-09
0.00732722 -1.30668e-09
0.00741712 -1.31035e-09
0.00750703 -1.32388e-09
0.00759693 -1.35065e-09
0.00768684 -1.38482e-09
0.00777674 -1.4232e-09
0.00786664 -1.46217e-09
0.00795655 -1.49976e-09
0.00804645 -1.54763e-09
0.00813636 -1.58922e-09
0.00822626 -1.63028e-09
0.00831616 -1.67286e-09
0.00840607 -1.71328e-09
0.00849597 -1.75524e-09
0.00858588 -1.81479e-09
0.00867578 -1.87906e-09
0.00876569 -1.94139e-09
0.00885559 -2.02943e-09
0.00894549 -2.11763e-09
0.0090354 -2.2112e-09
0.0091253 -2.32091e-09
0.00921521 -2.42897e-09
0.00930511 -2.53748e-09
0.00939501 -2.64159e-09
0.00948492 -2.75584e-09
0.00957482 -2.87187e-09
0.00966473 -2.99134e-09
0.00975463 -3.13135e-09
0.00984453 -3.26401e-09
0.00993444 -3.40796e-09
0.0100243 -3.55715e-09
0.0101142 -3.7134e-09
0.0102042 -3.88403e-09
0.0102941 -4.03645e-09
0.010384 -4.20824e-09
0.0104739 -4.37437e-09
0.0105638 -4.55819e-09
0.0106537 -4.72244e-09
0.0107436 -4.88679e-09
0.0108335 -5.04923e-09
0.0109234 -5.21547e-09
0.0110133 -5.38164e-09
0.0111032 -5.55287e-09
0.0111931 -5.71897e-09
0.011283 -5.89615e-09
0.0113729 -6.06957e-09
0.0114628 -6.24556e-09
0.0115527 -6.41321e-09
0.0116426 -6.58336e-09
0.0117325 -6.72949e-09
0.0118224 -6.86966e-09
0.0119123 -7.00861e-09
0.0120022 -7.13426e-09
0.0120921 -7.25375e-09
0.012182 -7.36241e-09
0.0122719 -7.46419e-09
0.0123619 -7.55262e-09
0.0124518 -7.64161e-09
0.0125417 -7.7427e-09
0.0126316 -7.82317e-09
0.0127215 -7.90684e-09
0.0128114 -7.98032e-09
0.0129013 -8.04554e-09
0.0129912 -8.10715e-09
0.0130811 -8.15718e-09
0.013171 -8.18849e-09
0.0132609 -8.22535e-09
0.0133508 -8.24407e-09
0.0134407 -8.25671e-09
0.0135306 -8.27742e-09
0.0136205 -8.3007e-09
0.0137104 -8.31723e-09
0.0138003 -8.33691e-09
0.0138902 -8.35899e-09
0.0139801 -8.38985e-09
0.01407 -8.3999e-09
0.0141599 -8.40325e-09
0.0142498 -8.41029e-09
0.0143397 -8.4238e-09
0.0144296 -8.42725e-09
0.0145196 -8.43257e-09
0.0146095 -8.44293e-09
0.0146994 -8.4614e-09
0.0147893 -8.47891e-09
0.0148792 -8.50308e-09
0.0149691 -8.5336e-09
0.015059 -8.56415e-09
0.0151489 -8.57543e-09
0.0152388 -8.60242e-09
0.0153287 -8.63192e-09
0.0154186 -8.66376e-09
0.0155085 -8.70231e-09
0.0155984 -8.73952e-09
0.0156883 -8.78417e-09
0.0157782 -8.83418e-09
0.0158681 -8.88815e-09
0.015958 -8.94468e-09
0.0160479 -8.99323e-09
0.0161378 -9.04288e-09
0.0162277 -9.0955e-09
0.0163176 -9.15547e-09
0.0164075 -9.20408e-09
0.0164974 -9.26705e-09
0.0165873 -9.33365e-09
0.0166773 -9.40133e-09
0.0167672 -9.469e-09
0.0168571 -9.53477e-09
0.016947 -9.59584e-09
0.0170369 -9.65817e-09
0.0171268 -9.72375e-09
0.0172167 -9.78795e-09
0.0173066 -9.8515e-09
0.0173965 -9.90341e-09
0.0174864 -9.95261e-09
0.0175763 -1.00047e-08
0.0176662 -1.00488e-08
0.0177561 -1.01033e-08
0.017846 -1.01579e-08
0.0179359 -1.02081e-08
0.0180258 -1.02504e-08
0.0181157 -1.02952e-08
0.0182056 -1.0331e-08
0.0182955 -1.03846e-08
0.0183854 -1.04247e-08
0.0184753 -1.04649e-08
0.0185652 -1.04869e-08
0.0186551 -1.05151e-08
0.018745 -1.05502e-08
0.0188349 -1.05688e-08
0.0189249 -1.05851e-08
0.0190148 -1.05985e-08
0.0191047 -1.06106e-08
0.0191946 -1.0627e-08
0.0192845 -1.06505e-08
0.0193744 -1.0668e-08
0.0194643 -1.0689e-08
0.0195542 -1.071e-08
0.0196441 -1.07148e-08
0.019734 -1.07197e-08
0.0198239 -1.07248e-08
0.0199138 -1.07245e-08
0.0200037 -1.0713e-08
0.0200936 -1.06995e-08
0.0201835 -1.07005e-08
0.0202734 -1.06916e-08
0.0203633 -1.06991e-08
0.0204532 -1.07031e-08
0.0205431 -1.07161e-08
0.020633 -1.07381e-08
0.0207229 -1.07594e-08
0.0208128 -1.07903e-08
0.0209027 -1.08033e-08
0.0209926 -1.08222e-08
0.0210826 -1.08332e-08
0.0211725 -1.0847e-08
0.0212624 -1.08707e-08
0.0213523 -1.08947e-08
0.0214422 -1.09251e-08
0.0215321 -1.09536e-08
0.021622 -1.09876e-08
0.0217119 -1.10347e-08
0.0218018 -1.10882e-08
0.0218917 -1.11364e-08
0.0219816 -1.11813e-08
0.0220715 -1.12315e-08
0.0221614 -1.12873e-08
0.0222513 -1.13335e-08
0.0223412 -1.13845e-08
0.0224311 -1.14396e-08
0.022521 -1.14979e-08
0.0226109 -1.15442e-08
0.0227008 -1.15986e-08
0.0227907 -1.16463e-08
0.0228806 -1.16937e-08
0.0229705 -1.17377e-08
0.0230604 -1.17811e-08
0.0231503 -1.1827e-08
0.0232403 -1.1871e-08
0.0233302 -1.19016e-08
0.0234201 -1.19329e-08
0.02351 -1.19731e-08
0.0235999 -1.20123e-08
0.0236898 -1.20424e-08
0.0237797 -1.20803e-08
0.0238696 -1.20958e-08
0.0239595 -1.21287e-08
0.0240494 -1.21373e-08
0.0241393 -1.21392e-08
0.0242292 -1.21415e-08
0.0243191 -1.21455e-08
0.024409 -1.2156e-08
0.0244989 -1.21805e-08
0.0245888 -1.22017e-08
0.0246787 -1.22219e-08
0.0247686 -1.22467e-08
0.0248585 -1.22749e-08
0.0249484 -1.22936e-08
0.0250383 -1.23081e-08
0.0251282 -1.23246e-08
0.0252181 -1.23417e-08
0.025308 -1.23618e-08
0.025398 -1.24017e-08
0.0254879 -1.24465e-08
0.0255778 -1.24918e-08
0.0256677 -1.25457e-08
0.0257576 -1.26041e-08
0.0258475 -1.2676e-08
0.0259374 -1.27501e-08
0.0260273 -1.28361e-08
0.0261172 -1.2921e-08
0.0262071 -1.30127e-08
0.026297 -1.31048e-08
0.0263869 -1.3207e-08
0.0264768 -1.33155e-08
0.0265667 -1.34372e-08
0.0266566 -1.35491e-08
0.0267465 -1.36512e-08
0.0268364 -1.37642e-08
0.0269263 -1.38841e-08
0.0270162 -1.4013e-08
0.0271061 -1.41384e-08
0.027196 -1.42664e-08
0.0272859 -1.4391e-08
0.0273758 -1.45236e-08
0.0274657 -1.46492e-08
0.0275557 -1.47677e-08
0.0276456 -1.48857e-08
0.0277355 -1.4985e-08
0.0278254 -1.50708e-08
0.0279153 -1.51617e-08
0.0280052 -1.52532e-08
0.0280951 -1.53292e-08
0.028185 -1.54028e-08
0.0282749 -1.54695e-08
0.0283648 -1.55253e-08
0.0284547 -1.55824e-08
0.0285446 -1.5637e-08
0.0286345 -1.56774e-08
0.0287244 -1.57131e-08
0.0288143 -1.57437e-08
0.0289042 -1.57747e-08
0.0289941 -1.58119e-08
0.029084 -1.58327e-08
0.0291739 -1.58496e-08
0.0292638 -1.58688e-08
0.0293537 -1.58698e-08
0.0294436 -1.58733e-08
0.0295335 -1.58848e-08
0.0296234 -1.59102e-08
0.0297134 -1.59382e-08
0.0298033 -1.59638e-08
0.0298932 -1.59792e-08
0.0299831 -1.60108e-08
0.030073 -1.60394e-08
0.0301629 -1.608e-08
0.0302528 -1.61092e-08
0.0303427 -1.61528e-08
0.0304326 -1.6201e-08
0.0305225 -1.6262e-08
0.0306124 -1.63406e-08
0.0307023 -1.64195e-08
0.0307922 -1.64916e-08
0.0308821 -1.65605e-08
0.030972 -1.66351e-08
0.0310619 -1.67058e-08
0.0311518 -1.67779e-08
0.0312417 -1.68777e-08
0.0313316 -1.69837e-08
0.0314215 -1.70915e-08
0.0315114 -1.7194e-08
0.0316013 -1.73245e-08
0.0316912 -1.74389e-08
0.0317811 -1.75432e-08
0.0318711 -1.76548e-08
0.031961 -1.77571e-08
0.0320509 -1.78652e-08
0.0321408 -1.79469e-08
0.0322307 -1.80308e-08
0.0323206 -1.81297e-08
0.0324105 -1.82292e-08
0.0325004 -1.83206e-08
0.0325903 -1.84068e-08
0.0326802 -1.8496e-08
0.0327701 -1.85746e-08
0.03286 -1.86693e-08
0.0329499 -1.87489e-08
0.0330398 -1.88201e-08
0.0331297 -1.89007e-08
0.0332196 -1.89683e-08
0.0333095 -1.90277e-08
0.0333994 -1.9088e-08
0.0334893 -1.91609e-08
0.0335792 -1.92463e-08
0.0336691 -1.93241e-08
0.033759 -1.94059e-08
0.0338489 -1.94992e-08
0.0339388 -1.95815e-08
0.0340288 -1.96593e-08
0.0341187 -1.97543e-08
0.0342086 -1.98577e-08
0.0342985 -1.99668e-08
0.0343884 -2.00799e-08
0.0344783 -2.0207e-08
0.0345682 -2.03363e-08
0.0346581 -2.04817e-08
0.034748 -2.06332e-08
0.0348379 -2.07875e-08
0.0349278 -2.09381e-08
0.0350177 -2.10978e-08
0.0351076 -2.12417e-08
0.0351975 -2.13762e-08
0.0352874 -2.15153e-08
0.0353773 -2.16719e-08
0.0354672 -2.18358e-08
0.0355571 -2.19944e-08
0.035647 -2.21544e-08
0.0357369 -2.23162e-08
0.0358268 -2.24908e-08
0.0359167 -2.26368e-08
0.0360066 -2.27893e-08
0.0360965 -2.29503e-08
0.0361865 -2.30911e-08
0.0362764 -2.32229e-08
0.0363663 -2.33557e-08
0.0364562 -2.34807e-08
0.0365461 -2.36038e-08
0.036636 -2.37271e-08
0.0367259 -2.38438e-08
0.0368158 -2.39609e-08
0.0369057 -2.40847e-08
0.0369956 -2.41973e-08
0.0370855 -2.4307e-08
0.0371754 -2.44031e-08
0.0372653 -2.45131e-08
0.0373552 -2.46191e-08
0.0374451 -2.47216e-08
0.037535 -2.48146e-08
0.0376249 -2.49301e-08
0.0377148 -2.50341e-08
0.0378047 -2.5148e-08
0.0378946 -2.52608e-08
0.0379845 -2.5384e-08
0.0380744 -2.55135e-08
0.0381643 -2.56417e-08
0.0382542 -2.57397e-08
0.0383441 -2.58462e-08
0.0384341 -2.59546e-08
0.038524 -2.60837e-08
0.0386139 -2.62186e-08
0.0387038 -2.6347e-08
0.0387937 -2.64852e-08
0.0388836 -2.66244e-08
0.0389735 -2.67682e-08
0.0390634 -2.69058e-08
0.0391533 -2.70554e-08
0.0392432 -2.72004e-08
0.0393331 -2.73318e-08
0.039423 -2.74621e-08
0.0395129 -2.75911e-08
0.0396028 -2.77368e-08
0.0396927 -2.78656e-08
0.0397826 -2.7986e-08
0.0398725 -2.80914e-08
0.0399624 -2.81918e-08
0.0400523 -2.82923e-08
0.0401422 -2.8384e-08
0.0402321 -2.84723e-08
0.040322 -2.85505e-08
0.0404119 -2.86397e-08
0.0405018 -2.87294e-08
0.0405918 -2.88238e-08
0.0406817 -2.8897e-08
0.0407716 -2.89671e-08
0.0408615 -2.90177e-08
0.0409514 -2.90681e-08
0.0410413 -2.91191e-08
0.0411312 -2.91756e-08
0.0412211 -2.92382e-08
0.041311 -2.9307e-08
0.0414009 -2.93578e-08
0.0414908 -2.9415e-08
0.0415807 -2.94846e-08
0.0416706 -2.95556e-08
0.0417605 -2.96158e-08
0.0418504 -2.96716e-08
0.0419403 -2.9738e-08
0.0420302 -2.98389e-08
0.0421201 -2.99369e-08
0.04221 -3.00547e-08
0.0422999 -3.01761e-08
0.0423898 -3.02919e-08
0.0424797 -3.04062e-08
0.0425696 -3.05188e-08
0.0426595 -3.0636e-08
0.0427495 -3.07615e-08
0.0428394 -3.09068e-08
0.0429293 -3.10624e-08
0.0430192 -3.12317e-08
0.0431091 -3.14007e-08
0.043199 -3.15731e-08
0.0432889 -3.17369e-08
0.0433788 -3.18738e-08
0.0434687 -3.20203e-08
0.0435586 -3.21538e-08
0.0436485 -3.22911e-08
0.0437384 -3.24323e-08
0.0438283 -3.25669e-08
0.0439182 -3.27162e-08
0.0440081 -3.28529e-08
0.044098 -3.29792e-08
0.0441879 -3.31029e-08
0.0442778 -3.32327e-08
0.0443677 -3.33412e-08
0.0444576 -3.34754e-08
0.0445475 -3.35888e-08
0.0446374 -3.36925e-08
0.0447273 -3.38182e-08
0.0448172 -3.39171e-08
0.0449072 -3.40224e-08
0.0449971 -3.41393e-08
0.045087 -3.42225e-08
0.0451769 -3.43153e-08
0.0452668 -3.44089e-08
0.0453567 -3.45354e-08
0.0454466 -3.46864e-08
0.0455365 -3.48468e-08
0.0456264 -3.50049e-08
0.0457163 -3.51619e-08
0.0458062 -3.53249e-08
0.0458961 -3.54884e-08
0.045986 -3.56587e-08
0.0460759 -3.58253e-08
0.0461658 -3.59742e-08
0.0462557 -3.61205e-08
0.0463456 -3.62788e-08
0.0464355 -3.64239e-08
0.0465254 -3.65587e-08
0.0466153 -3.66959e-08
0.0467052 -3.68642e-08
0.0467951 -3.70191e-08
0.046885 -3.71898e-08
0.0469749 -3.73438e-08
0.0470649 -3.74943e-08
0.0471548 -3.7634e-08
0.0472447 -3.77624e-08
0.0473346 -3.78871e-08
0.0474245 -3.80054e-08
0.0475144 -3.80863e-08
0.0476043 -3.81733e-08
0.0476942 -3.82573e-08
0.0477841 -3.83491e-08
0.047874 -3.84521e-08
0.0479639 -3.85393e-08
0.0480538 -3.86044e-08
0.0481437 -3.86744e-08
0.0482336 -3.87336e-08
0.0483235 -3.88051e-08
0.0484134 -3.88722e-08
0.0485033 -3.89495e-08
0.0485932 -3.9034e-08
0.0486831 -3.91085e-08
0.048773 -3.91713e-08
0.0488629 -3.92284e-08
0.0489528 -3.92909e-08
0.0490427 -3.93584e-08
0.0491326 -3.94319e-08
0.0492226 -3.94979e-08
0.0493125 -3.95619e-08
0.0494024 -3.96224e-08
0.0494923 -3.96806e-08
0.0495822 -3.97327e-08
0.0496721 -3.97873e-08
0.049762 -3.9837e-08
0.0498519 -3.99024e-08
0.0499418 -3.99287e-08
0.0500317 -3.99655e-08
0.0501216 -4.00092e-08
0.0502115 -4.0066e-08
0.0503014 -4.01101e-08
0.0503913 -4.01413e-08
0.0504812 -4.01744e-08
0.0505711 -4.01894e-08
0.050661 -4.01684e-08
0.0507509 -4.01651e-08
0.0508408 -4.01733e-08
0.0509307 -4.01844e-08
0.0510206 -4.02009e-08
0.0511105 -4.02299e-08
0.0512004 -4.02192e-08
0.0512903 -4.02269e-08
0.0513803 -4.02133e-08
0.0514702 -4.0197e-08
0.0515601 -4.01855e-08
0.05165 -4.01705e-08
0.0517399 -4.01692e-08
0.0518298 -4.02002e-08
0.0519197 -4.02468e-08
0.0520096 -4.03122e-08
0.0520995 -4.03885e-08
0.0521894 -4.04688e-08
0.0522793 -4.05518e-08
0.0523692 -4.06184e-08
0.0524591 -4.06989e-08
0.052549 -4.07891e-08
0.0526389 -4.08781e-08
0.0527288 -4.09736e-08
0.0528187 -4.10502e-08
0.0529086 -4.11413e-08
0.0529985 -4.12585e-08
0.0530884 -4.13631e-08
0.0531783 -4.14584e-08
0.0532682 -4.15835e-08
0.0533581 -4.17169e-08
0.053448 -4.18378e-08
0.053538 -4.19711e-08
0.0536279 -4.21016e-08
0.0537178 -4.22247e-08
0.0538077 -4.23066e-08
0.0538976 -4.23819e-08
0.0539875 -4.24555e-08
0.0540774 -4.25524e-08
0.0541673 -4.26398e-08
0.0542572 -4.27342e-08
0.0543471 -4.28049e-08
0.054437 -4.29075e-08
0.0545269 -4.30149e-08
0.0546168 -4.3148e-08
0.0547067 -4.32871e-08
0.0547966 -4.34018e-08
0.0548865 -4.35376e-08
0.0549764 -4.37015e-08
0.0550663 -4.3866e-08
0.0551562 -4.40357e-08
0.0552461 -4.42142e-08
0.055336 -4.43881e-08
0.0554259 -4.45799e-08
0.0555158 -4.47779e-08
0.0556057 -4.50047e-08
0.0556956 -4.52493e-08
0.0557856 -4.54923e-08
0.0558755 -4.57569e-08
0.0559654 -4.60111e-08
0.0560553 -4.62635e-08
0.0561452 -4.65002e-08
0.0562351 -4.67166e-08
0.056325 -4.69373e-08
0.0564149 -4.7191e-08
0.0565048 -4.74151e-08
0.0565947 -4.7653e-08
0.0566846 -4.78981e-08
0.0567745 -4.81051e-08
0.0568644 -4.83168e-08
0.0569543 -4.84999e-08
0.0570442 -4.86501e-08
0.0571341 -4.87827e-08
0.057224 -4.89706e-08
0.0573139 -4.91588e-08
0.0574038 -4.93338e-08
0.0574937 -4.94472e-08
0.0575836 -4.95602e-08
0.0576735 -4.9699e-08
0.0577634 -4.98443e-08
0.0578533 -4.99735e-08
0.0579433 -5.01408e-08
0.0580332 -5.02921e-08
0.0581231 -5.04614e-08
0.058213 -5.05988e-08
0.0583029 -5.07565e-08
0.0583928 -5.08969e-08
0.0584827 -5.10182e-08
0.0585726 -5.11486e-08
0.0586625 -5.12903e-08
0.0587524 -5.14393e-08
0.0588423 -5.16062e-08
0.0589322 -5.177e-08
0.0590221 -5.19538e-08
0.059112 -5.21396e-08
0.0592019 -5.233e-08
0.0592918 -5.24702e-08
0.0593817 -5.26034e-08
0.0594716 -5.27295e-08
0.0595615 -5.28627e-08
0.0596514 -5.29988e-08
0.0597413 -5.31272e-08
0.0598312 -5.32452e-08
0.0599211 -5.33539e-08
0.060011 -5.34501e-08
0.060101 -5.35104e-08
0.0601909 -5.35764e-08
0.0602808 -5.36342e-08
0.0603707 -5.37002e-08
0.0604606 -5.37798e-08
0.0605505 -5.38579e-08
0.0606404 -5.3886e-08
0.0607303 -5.38984e-08
0.0608202 -5.39124e-08
0.0609101 -5.39303e-08
0.061 -5.39483e-08
0.0610899 -5.40004e-08
0.0611798 -5.40662e-08
0.0612697 -5.41486e-08
0.0613596 -5.42389e-08
0.0614495 -5.43077e-08
0.0615394 -5.43487e-08
0.0616293 -5.44217e-08
0.0617192 -5.45068e-08
0.0618091 -5.46122e-08
0.061899 -5.46818e-08
0.0619889 -5.47438e-08
0.0620788 -5.48279e-08
0.0621687 -5.48907e-08
0.0622587 -5.4941e-08
0.0623486 -5.49914e-08
0.0624385 -5.50447e-08
0.0625284 -5.5092e-08
0.0626183 -5.51504e-08
0.0627082 -5.52195e-08
0.0627981 -5.52899e-08
0.062888 -5.53405e-08
0.0629779 -5.54135e-08
0.0630678 -5.54603e-08
0.0631577 -5.5539e-08
0.0632476 -5.55965e-08
0.0633375 -5.56384e-08
0.0634274 -5.56732e-08
0.0635173 -5.5713e-08
0.0636072 -5.57671e-08
0.0636971 -5.58391e-08
0.063787 -5.58974e-08
0.0638769 -5.59091e-08
0.0639668 -5.59184e-08
0.0640567 -5.59541e-08
0.0641466 -5.60107e-08
0.0642365 -5.61032e-08
0.0643264 -5.62185e-08
0.0644164 -5.63082e-08
0.0645063 -5.64114e-08
0.0645962 -5.65146e-08
0.0646861 -5.66165e-08
0.064776 -5.6741e-08
0.0648659 -5.68873e-08
0.0649558 -5.70269e-08
0.0650457 -5.71744e-08
0.0651356 -5.72972e-08
0.0652255 -5.74016e-08
0.0653154 -5.74904e-08
0.0654053 -5.75489e-08
0.0654952 -5.75856e-08
0.0655851 -5.76826e-08
0.065675 -5.78245e-08
0.0657649 -5.79556e-08
0.0658548 -5.80756e-08
0.0659447 -5.8197e-08
0.0660346 -5.83502e-08
0.0661245 -5.84798e-08
0.0662144 -5.86525e-08
0.0663043 -5.88024e-08
0.0663942 -5.89485e-08
0.0664841 -5.9117e-08
0.0665741 -5.92914e-08
0.066664 -5.94318e-08
0.0667539 -5.95966e-08
0.0668438 -5.98091e-08
0.0669337 -5.99955e-08
0.0670236 -6.01738e-08
0.0671135 -6.03674e-08
0.0672034 -6.05574e-08
0.0672933 -6.07389e-08
0.0673832 -6.09184e-08
0.0674731 -6.11347e-08
0.067563 -6.13829e-08
0.0676529 -6.16464e-08
0.0677428 -6.18505e-08
0.0678327 -6.20598e-08
0.0679226 -6.22689e-08
0.0680125 -6.25457e-08
0.0681024 -6.27764e-08
0.0681923 -6.30391e-08
0.0682822 -6.3319e-08
0.0683721 -6.35693e-08
0.068462 -6.38063e-08
0.0685519 -6.40055e-08
0.0686418 -6.41948e-08
0.0687318 -6.43829e-08
0.0688217 -6.45797e-08
0.0689116 -6.47734e-08
0.0690015 -6.49319e-08
0.0690914 -6.50202e-08
0.0691813 -6.51034e-08
0.0692712 -6.52193e-08
0.0693611 -6.53614e-08
0.069451 -6.54713e-08
0.0695409 -6.56499e-08
0.0696308 -6.58614e-08
0.0697207 -6.60091e-08
0.0698106 -6.61564e-08
0.0699005 -6.62535e-08
0.0699904 -6.63723e-08
0.0700803 -6.65026e-08
0.0701702 -6.66218e-08
0.0702601 -6.67341e-08
0.07035 -6.67895e-08
0.0704399 -6.68144e-08
0.0705298 -6.68599e-08
0.0706197 -6.68916e-08
0.0707096 -6.68818e-08
0.0707995 -6.68467e-08
0.0708895 -6.68897e-08
0.0709794 -6.69525e-08
0.0710693 -6.70094e-08
0.0711592 -6.70482e-08
0.0712491 -6.71035e-08
0.071339 -6.71245e-08
0.0714289 -6.71249e-08
0.0715188 -6.714e-08
0.0716087 -6.71814e-08
0.0716986 -6.72127e-08
0.0717885 -6.73044e-08
0.0718784 -6.73864e-08
0.0719683 -6.74615e-08
0.0720582 -6.75324e-08
0.0721481 -6.75937e-08
0.072238 -6.76665e-08
0.0723279 -6.77177e-08
0.0724178 -6.77829e-08
0.0725077 -6.78468e-08
0.0725976 -6.78847e-08
0.0726875 -6.79689e-08
0.0727774 -6.80666e-08
0.0728673 -6.81581e-08
0.0729572 -6.82107e-08
0.0730472 -6.82893e-08
0.0731371 -6.83563e-08
0.073227 -6.84928e-08
0.0733169 -6.86516e-08
0.0734068 -6.88114e-08
0.0734967 -6.89716e-08
0.0735866 -6.91102e-08
0.0736765 -6.92675e-08
0.0737664 -6.93361e-08
0.0738563 -6.93428e-08
0.0739462 -6.936e-08
0.0740361 -6.94687e-08
0.074126 -6.95876e-08
0.0742159 -6.97178e-08
0.0743058 -6.97737e-08
0.0743957 -6.98531e-08
0.0744856 -6.9963e-08
0.0745755 -7.01257e-08
0.0746654 -7.02519e-08
0.0747553 -7.04149e-08
0.0748452 -7.06437e-08
0.0749351 -7.08859e-08
0.075025 -7.11892e-08
0.0751149 -7.14238e-08
0.0752048 -7.16506e-08
0.0752948 -7.18985e-08
0.0753847 -7.22595e-08
0.0754746 -7.26647e-08
0.0755645 -7.30887e-08
0.0756544 -7.34844e-08
0.0757443 -7.3876e-08
0.0758342 -7.42641e-08
0.0759241 -7.46398e-08
0.076014 -7.50661e-08
0.0761039 -7.53482e-08
0.0761938 -7.56651e-08
0.0762837 -7.59533e-08
0.0763736 -7.61785e-08
0.0764635 -7.63656e-08
0.0765534 -7.65015e-08
0.0766433 -7.65995e-08
0.0767332 -7.67166e-08
0.0768231 -7.68371e-08
0.076913 -7.69755e-08
0.0770029 -7.71727e-08
0.0770928 -7.73446e-08
0.0771827 -7.74471e-08
0.0772726 -7.75804e-08
0.0773625 -7.76374e-08
0.0774525 -7.77637e-08
0.0775424 -7.7851e-08
0.0776323 -7.78575e-08
0.0777222 -7.7864e-08
0.0778121 -7.78645e-08
0.077902 -7.78511e-08
0.0779919 -7.78532e-08
0.0780818 -7.77768e-08
0.0781717 -7.77116e-08
0.0782616 -7.76913e-08
0.0783515 -7.76323e-08
0.0784414 -7.76309e-08
0.0785313 -7.76496e-08
0.0786212 -7.76933e-08
0.0787111 -7.77564e-08
0.078801 -7.7861e-08
0.0788909 -7.80275e-08
0.0789808 -7.81966e-08
0.0790707 -7.82583e-08
0.0791606 -7.82862e-08
0.0792505 -7.84226e-08
0.0793404 -7.85244e-08
0.0794303 -7.86334e-08
0.0795202 -7.86863e-08
0.0796102 -7.87398e-08
0.0797001 -7.87392e-08
0.07979 -7.87168e-08
0.0798799 -7.86214e-08
0.0799698 -7.85214e-08
0.0800597 -7.84645e-08
0.0801496 -7.84288e-08
0.0802395 -7.8372e-08
0.0803294 -7.83702e-08
0.0804193 -7.83636e-08
0.0805092 -7.84008e-08
0.0805991 -7.84855e-08
0.080689 -7.86019e-08
0.0807789 -7.8766e-08
0.0808688 -7.8869e-08
0.0809587 -7.89669e-08
0.0810486 -7.90759e-08
0.0811385 -7.9042e-08
0.0812284 -7.90371e-08
0.0813183 -7.90357e-08
0.0814082 -7.90233e-08
0.0814981 -7.90494e-08
0.081588 -7.90717e-08
0.0816779 -7.89923e-08
0.0817679 -7.89393e-08
0.0818578 -7.8941e-08
0.0819477 -7.90386e-08
0.0820376 -7.91074e-08
0.0821275 -7.92154e-08
0.0822174 -7.93885e-08
0.0823073 -7.96027e-08
0.0823972 -7.97553e-08
0.0824871 -7.98227e-08
0.082577 -7.99291e-08
0.0826669 -8.00755e-08
0.0827568 -8.02474e-08
0.0828467 -8.04139e-08
0.0829366 -8.05804e-08
0.0830265 -8.07461e-08
0.0831164 -8.08396e-08
0.0832063 -8.09144e-08
0.0832962 -8.10011e-08
0.0833861 -8.11357e-08
0.083476 -8.11804e-08
0.0835659 -8.12622e-08
0.0836558 -8.13242e-08
0.0837457 -8.13664e-08
0.0838356 -8.13197e-08
0.0839256 -8.12252e-08
0.0840155 -8.10883e-08
0.0841054 -8.09443e-08
0.0841953 -8.08171e-08
0.0842852 -8.07675e-08
0.0843751 -8.0613e-08
0.084465 -8.04587e-08
0.0845549 -8.0378e-08
0.0846448 -8.02244e-08
0.0847347 -8.00993e-08
0.0848246 -7.9968e-08
0.0849145 -7.98936e-08
0.0850044 -7.97935e-08
0.0850943 -7.97017e-08
0.0851842 -7.96022e-08
0.0852741 -7.94316e-08
0.085364 -7.93491e-08
0.0854539 -7.92691e-08
0.0855438 -7.91818e-08
0.0856337 -7.91794e-08
0.0857236 -7.91651e-08
0.0858135 -7.91742e-08
0.0859034 -7.92762e-08
0.0859933 -7.93693e-08
0.0860833 -7.94668e-08
0.0861732 -7.94661e-08
0.0862631 -7.9626e-08
0.086353 -7.97145e-08
0.0864429 -7.98283e-08
0.0865328 -7.99893e-08
0.0866227 -8.0219e-08
0.0867126 -8.03627e-08
0.0868025 -8.04941e-08
0.0868924 -8.06294e-08
0.0869823 -8.0665e-08
0.0870722 -8.07733e-08
0.0871621 -8.08638e-08
0.087252 -8.09565e-08
0.0873419 -8.10129e-08
0.0874318 -8.11675e-08
0.0875217 -8.12487e-08
0.0876116 -8.13739e-08
0.0877015 -8.1435e-08
0.0877914 -8.15559e-08
0.0878813 -8.16233e-08
0.0879712 -8.17964e-08
0.0880611 -8.1995e-08
0.088151 -8.22109e-08
0.088241 -8.23902e-08
0.0883309 -8.25955e-08
0.0884208 -8.28446e-08
0.0885107 -8.29227e-08
0.0886006 -8.30387e-08
0.0886905 -8.30701e-08
0.0887804 -8.30649e-08
0.0888703 -8.30839e-08
0.0889602 -8.30591e-08
0.0890501 -8.29006e-08
0.08914 -8.27397e-08
0.0892299 -8.25794e-08
0.0893198 -8.25143e-08
0.0894097 -8.22998e-08
0.0894996 -8.21598e-08
0.0895895 -8.21286e-08
0.0896794 -8.21288e-08
0.0897693 -8.20924e-08
0.0898592 -8.19064e-08
0.0899491 -8.17289e-08
0.090039 -8.16209e-08
0.0901289 -8.15822e-08
0.0902188 -8.14444e-08
0.0903087 -8.1304e-08
0.0903987 -8.10715e-08
0.0904886 -8.09648e-08
0.0905785 -8.07884e-08
0.0906684 -8.05307e-08
0.0907583 -8.02066e-08
0.0908482 -8.00031e-08
0.0909381 -7.98864e-08
0.091028 -7.97605e-08
0.0911179 -7.95456e-08
0.0912078 -7.93277e-08
0.0912977 -7.90946e-08
0.0913876 -7.89079e-08
0.0914775 -7.87619e-08
0.0915674 -7.85533e-08
0.0916573 -7.84991e-08
0.0917472 -7.83905e-08
0.0918371 -7.83305e-08
0.091927 -7.83037e-08
0.0920169 -7.8152e-08
0.0921068 -7.79813e-08
0.0921967 -7.78937e-08
0.0922866 -7.78632e-08
0.0923765 -7.78667e-08
0.0924664 -7.78444e-08
0.0925564 -7.79132e-08
0.0926463 -7.78778e-08
0.0927362 -7.78312e-08
0.0928261 -7.78139e-08
0.092916 -7.77589e-08
0.0930059 -7.7682e-08
0.0930958 -7.7764e-08
0.0931857 -7.78488e-08
0.0932756 -7.7788e-08
0.0933655 -7.77318e-08
0.0934554 -7.76997e-08
0.0935453 -7.76965e-08
0.0936352 -7.76724e-08
0.0937251 -7.76558e-08
0.093815 -7.76559e-08
0.0939049 -7.77526e-08
0.0939948 -7.77705e-08
0.0940847 -7.77678e-08
0.0941746 -7.7674e-08
0.0942645 -7.76878e-08
0.0943544 -7.76938e-08
0.0944443 -7.77963e-08
0.0945342 -7.78667e-08
0.0946241 -7.78551e-08
0.094714 -7.77853e-08
0.094804 -7.76926e-08
0.0948939 -7.76646e-08
0.0949838 -7.76562e-08
0.0950737 -7.75512e-08
0.0951636 -7.76554e-08
0.0952535 -7.76903e-08
0.0953434 -7.77842e-08
0.0954333 -7.78906e-08
0.0955232 -7.78951e-08
0.0956131 -7.80337e-08
0.095703 -7.81528e-08
0.0957929 -7.83592e-08
0.0958828 -7.84797e-08
0.0959727 -7.86046e-08
0.0960626 -7.87531e-08
0.0961525 -7.88679e-08
0.0962424 -7.87099e-08
0.0963323 -7.86423e-08
0.0964222 -7.85042e-08
0.0965121 -7.83182e-08
0.096602 -7.80634e-08
0.0966919 -7.77142e-08
0.0967818 -7.74169e-08
0.0968717 -7.70386e-08
0.0969617 -7.66549e-08
0.0970516 -7.62253e-08
0.0971415 -7.5998e-08
0.0972314 -7.58898e-08
0.0973213 -7.59424e-08
0.0974112 -7.59821e-08
0.0975011 -7.60938e-08
0.097591 -7.61841e-08
0.0976809 -7.64572e-08
0.0977708 -7.67282e-08
0.0978607 -7.71904e-08
0.0979506 -7.75756e-08
0.0980405 -7.80486e-08
0.0981304 -7.83e-08
0.0982203 -7.86092e-08
0.0983102 -7.87813e-08
0.0984001 -7.90646e-08
0.09849 -7.91417e-08
0.0985799 -7.91666e-08
0.0986698 -7.9321e-08
0.0987597 -7.93781e-08
0.0988496 -7.94405e-08
0.0989395 -7.95631e-08
0.0990294 -7.96602e-08
0.0991194 -7.96876e-08
0.0992093 -7.97909e-08
0.0992992 -7.97837e-08
0.0993891 -8.01037e-08
0.099479 -8.0198e-08
0.0995689 -8.05262e-08
0.0996588 -8.09099e-08
0.0997487 -8.11153e-08
0.0998386 -8.13092e-08
0.0999285 -8.14217e-08
0.100018 -8.14424e-08
0.100108 -8.14566e-08
0.100198 -8.12869e-08
0.100288 -8.12246e-08
0.100378 -8.10474e-08
0.100468 -8.07473e-08
0.100558 -8.04652e-08
0.100648 -8.00744e-08
0.100738 -7.98192e-08
0.100828 -7.93869e-08
0.100917 -7.88841e-08
0.101007 -7.83795e-08
0.101097 -7.78718e-08
0.101187 -7.75552e-08
0.101277 -7.73612e-08
0.101367 -7.71972e-08
0.101457 -7.71376e-08
0.101547 -7.70546e-08
0.101637 -7.71672e-08
0.101727 -7.71915e-08
0.101816 -7.71754e-08
0.101906 -7.73852e-08
0.101996 -7.76145e-08
0.102086 -7.78398e-08
0.102176 -7.80066e-08
0.102266 -7.82393e-08
0.102356 -7.84217e-08
0.102446 -7.84822e-08
0.102536 -7.8594e-08
0.102626 -7.86521e-08
0.102716 -7.86399e-08
0.102805 -7.871e-08
0.102895 -7.88058e-08
0.102985 -7.88382e-08
0.103075 -7.87252e-08
0.103165 -7.862e-08
0.103255 -7.86364e-08
0.103345 -7.86693e-08
0.103435 -7.85041e-08
0.103525 -7.84386e-08
0.103615 -7.84834e-08
0.103704 -7.8452e-08
0.103794 -7.85197e-08
0.103884 -7.82867e-08
0.103974 -7.8264e-08
0.104064 -7.82549e-08
0.104154 -7.83137e-08
0.104244 -7.83047e-08
0.104334 -7.81774e-08
0.104424 -7.81103e-08
0.104514 -7.79763e-08
0.104604 -7.77497e-08
0.104693 -7.74497e-08
0.104783 -7.7185e-08
0.104873 -7.67915e-08
0.104963 -7.66026e-08
0.105053 -7.62913e-08
0.105143 -7.58898e-08
0.105233 -7.54034e-08
0.105323 -7.50703e-08
0.105413 -7.46581e-08
0.105503 -7.43771e-08
0.105592 -7.42801e-08
0.105682 -7.40765e-08
0.105772 -7.392e-08
0.105862 -7.40074e-08
0.105952 -7.38833e-08
0.106042 -7.37436e-08
0.106132 -7.35966e-08
0.106222 -7.36091e-08
0.106312 -7.36985e-08
0.106402 -7.36908e-08
0.106491 -7.35897e-08
0.106581 -7.36319e-08
0.106671 -7.37311e-08
0.106761 -7.37502e-08
0.106851 -7.37646e-08
0.106941 -7.3553e-08
0.107031 -7.35012e-08
0.107121 -7.3525e-08
0.107211 -7.37221e-08
0.107301 -7.38728e-08
0.107391 -7.40325e-08
0.10748 -7.42659e-08
0.10757 -7.42502e-08
0.10766 -7.42145e-08
0.10775 -7.42073e-08
0.10784 -7.42299e-08
0.10793 -7.40857e-08
0.10802 -7.40484e-08
0.10811 -7.40669e-08
0.1082 -7.39219e-08
0.10829 -7.37542e-08
0.108379 -7.3586e-08
0.108469 -7.32273e-08
0.108559 -7.29383e-08
0.108649 -7.26262e-08
0.108739 -7.23628e-08
0.108829 -7.20656e-08
0.108919 -7.19027e-08
0.109009 -7.16501e-08
0.109099 -7.17806e-08
0.109189 -7.1669e-08
0.109279 -7.13855e-08
0.109368 -7.11946e-08
0.109458 -7.10216e-08
0.109548 -7.10273e-08
0.109638 -7.10102e-08
0.109728 -7.09948e-08
0.109818 -7.0951e-08
0.109908 -7.09831e-08
0.109998 -7.08837e-08
0.110088 -7.09422e-08
0.110178 -7.08879e-08
0.110267 -7.09213e-08
0.110357 -7.0863e-08
0.110447 -7.08357e-08
0.110537 -7.07441e-08
0.110627 -7.0611e-08
0.110717 -7.06855e-08
0.110807 -7.07909e-08
0.110897 -7.07967e-08
0.110987 -7.09184e-08
0.111077 -7.10184e-08
0.111167 -7.11013e-08
0.111256 -7.11391e-08
0.111346 -7.1511e-08
0.111436 -7.17024e-08
0.111526 -7.19299e-08
0.111616 -7.22104e-08
0.111706 -7.25671e-08
0.111796 -7.29134e-08
0.111886 -7.30522e-08
0.111976 -7.30564e-08
0.112066 -7.29908e-08
0.112155 -7.29322e-08
0.112245 -7.2785e-08
0.112335 -7.2639e-08
0.112425 -7.23959e-08
0.112515 -7.21736e-08
0.112605 -7.19529e-08
0.112695 -7.16531e-08
0.112785 -7.16044e-08
0.112875 -7.12665e-08
0.112965 -7.08552e-08
0.113054 -7.05835e-08
0.113144 -7.02572e-08
0.113234 -7.00806e-08
0.113324 -6.9893e-08
0.113414 -6.94224e-08
0.113504 -6.91789e-08
0.113594 -6.88645e-08
0.113684 -6.86887e-08
0.113774 -6.83565e-08
0.113864 -6.80079e-08
0.113954 -6.81161e-08
0.114043 -6.81746e-08
0.114133 -6.80361e-08
0.114223 -6.78327e-08
0.114313 -6.71684e-08
0.114403 -6.65677e-08
0.114493 -6.63947e-08
0.114583 -6.61351e-08
0.114673 -6.58036e-08
0.114763 -6.5681e-08
0.114853 -6.5779e-08
0.114942 -6.58745e-08
0.115032 -6.58772e-08
0.115122 -6.59103e-08
0.115212 -6.60799e-08
0.115302 -6.64798e-08
0.115392 -6.7019e-08
0.115482 -6.72606e-08
0.115572 -6.79854e-08
0.115662 -6.86324e-08
0.115752 -6.92328e-08
0.115842 -6.92768e-08
0.115931 -6.93343e-08
0.116021 -6.90131e-08
0.116111 -6.89063e-08
0.116201 -6.853e-08
0.116291 -6.81643e-08
0.116381 -6.74629e-08
0.116471 -6.68623e-08
0.116561 -6.62298e-08
0.116651 -6.55609e-08
0.116741 -6.48944e-08
0.11683 -6.4413e-08
0.11692 -6.42331e-08
0.11701 -6.3799e-08
0.1171 -6.36757e-08
0.11719 -6.36536e-08
0.11728 -6.37224e-08
0.11737 -6.40532e-08
0.11746 -6.43636e-08
0.11755 -6.43279e-08
0.11764 -6.41975e-08
0.11773 -6.41821e-08
0.117819 -6.4401e-08
0.117909 -6.43797e-08
0.117999 -6.42352e-08
0.118089 -6.38611e-08
0.118179 -6.39311e-08
0.118269 -6.37749e-08
0.118359 -6.37718e-08
0.118449 -6.31629e-08
0.118539 -6.26645e-08
0.118629 -6.27806e-08
0.118718 -6.27175e-08
0.118808 -6.22057e-08
0.118898 -6.13937e-08
0.118988 -6.08896e-08
0.119078 -6.05855e-08
0.119168 -6.01189e-08
0.119258 -5.97454e-08
0.119348 -5.96576e-08
0.119438 -5.95608e-08
0.119528 -6.06028e-08
0.119617 -6.17556e-08
0.119707 -6.23491e-08
0.119797 -6.33372e-08
0.119887 -6.45842e-08
0.119977 -6.57245e-08
0.120067 -6.63405e-08
0.120157 -6.64809e-08
0.120247 -6.67429e-08
0.120337 -6.68951e-08
0.120427 -6.71183e-08
0.120517 -6.71938e-08
0.120606 -6.68455e-08
0.120696 -6.68806e-08
0.120786 -6.6595e-08
0.120876 -6.59088e-08
0.120966 -6.49925e-08
0.121056 -6.41922e-08
0.121146 -6.33611e-08
0.121236 -6.1931e-08
0.121326 -6.14305e-08
0.121416 -6.10769e-08
0.121505 -6.02939e-08
0.121595 -5.92889e-08
0.121685 -5.87849e-08
0.121775 -5.87043e-08
0.121865 -5.85646e-08
0.121955 -5.87699e-08
0.122045 -5.88763e-08
0.122135 -5.85605e-08
0.122225 -5.87827e-08
0.122315 -5.8899e-08
0.122405 -5.8567e-08
0.122494 -5.81727e-08
0.122584 -5.82157e-08
0.122674 -5.82915e-08
0.122764 -5.86173e-08
0.122854 -5.89393e-08
0.122944 -5.87128e-08
0.123034 -5.88445e-08
0.123124 -5.96241e-08
0.123214 -6.02637e-08
0.123304 -6.08788e-08
0.123393 -6.15395e-08
0.123483 -6.19385e-08
0.123573 -6.22798e-08
0.123663 -6.21241e-08
0.123753 -6.18801e-08
0.123843 -6.14993e-08
0.123933 -6.11377e-08
0.124023 -6.07544e-08
0.124113 -5.9634e-08
0.124203 -5.8144e-08
0.124293 -5.72286e-08
0.124382 -5.68229e-08
0.124472 -5.64092e-08
0.124562 -5.62764e-08
0.124652 -5.69258e-08
0.124742 -5.73588e-08
0.124832 -5.8025e-08
0.124922 -5.89841e-08
0.125012 -5.98057e-08
0.125102 -6.0568e-08
0.125192 -6.1545e-08
0.125281 -6.20847e-08
0.125371 -6.23767e-08
0.125461 -6.27339e-08
0.125551 -6.29186e-08
0.125641 -6.26299e-08
0.125731 -6.18311e-08
0.125821 -6.0858e-08
0.125911 -5.97005e-08
0.126001 -5.87746e-08
0.126091 -5.75254e-08
0.126181 -5.64044e-08
0.12627 -5.51991e-08
0.12636 -5.46908e-08
0.12645 -5.4938e-08
0.12654 -5.51457e-08
0.12663 -5.45415e-08
0.12672 -5.50351e-08
0.12681 -5.53612e-08
0.1269 -5.71315e-08
0.12699 -5.85127e-08
0.12708 -5.99638e-08
0.127169 -6.06905e-08
0.127259 -6.17422e-08
0.127349 -6.23464e-08
0.127439 -6.21951e-08
0.127529 -6.21941e-08
0.127619 -6.20659e-08
0.127709 -6.20169e-08
0.127799 -6.21573e-08
0.127889 -6.19567e-08
0.127979 -6.13535e-08
0.128068 -6.08916e-08
0.128158 -6.05154e-08
0.128248 -6.0633e-08
0.128338 -6.02721e-08
0.128428 -5.99551e-08
0.128518 -6.04052e-08
0.128608 -6.17437e-08
0.128698 -6.25678e-08
0.128788 -6.22723e-08
0.128878 -6.168e-08
0.128968 -6.10036e-08
0.129057 -6.03727e-08
0.129147 -5.9483e-08
0.129237 -5.90525e-08
0.129327 -5.7825e-08
0.129417 -5.73798e-08
0.129507 -5.68267e-08
0.129597 -5.67142e-08
0.129687 -5.62588e-08
0.129777 -5.58654e-08
0.129867 -5.58717e-08
0.129956 -5.55731e-08
0.130046 -5.60596e-08
0.130136 -5.67878e-08
0.130226 -5.74913e-08
0.130316 -5.80727e-08
0.130406 -5.93592e-08
0.130496 -6.07106e-08
0.130586 -6.09378e-08
0.130676 -6.16059e-08
0.130766 -6.24669e-08
0.130856 -6.30567e-08
0.130945 -6.37126e-08
0.131035 -6.42619e-08
0.131125 -6.33616e-08
0.131215 -6.20152e-08
0.131305 -6.12016e-08
0.131395 -6.09395e-08
0.131485 -5.96403e-08
0.131575 -5.88016e-08
0.131665 -5.87094e-08
0.131755 -5.9484e-08
0.131844 -5.9022e-08
0.131934 -5.77986e-08
0.132024 -5.65005e-08
0.132114 -5.55604e-08
0.132204 -5.62542e-08
0.132294 -5.72122e-08
0.132384 -5.9003e-08
0.132474 -5.92884e-08
0.132564 -6.08277e-08
0.132654 -6.06759e-08
0.132744 -6.17716e-08
0.132833 -6.15307e-08
0.132923 -6.18497e-08
0.133013 -6.29025e-08
0.133103 -6.41614e-08
0.133193 -6.50366e-08
0.133283 -6.56394e-08
0.133373 -6.53598e-08
0.133463 -6.53945e-08
0.133553 -6.60366e-08
0.133643 -6.68142e-08
0.133732 -6.69114e-08
0.133822 -6.70521e-08
0.133912 -6.84224e-08
0.134002 -6.76021e-08
0.134092 -6.66392e-08
0.134182 -6.5084e-08
0.134272 -6.35546e-08
0.134362 -6.20631e-08
0.134452 -6.13101e-08
0.134542 -6.00112e-08
0.134631 -5.84961e-08
0.134721 -5.66071e-08
0.134811 -5.61175e-08
