-0.134811 -5.26367e-08
-0.134721 -5.08421e-08
-0.134631 -4.98151e-08
-0.134542 -4.9224e-08
-0.134452 -4.92694e-08
-0.134362 -4.92738e-08
-0.134272 -4.95133e-08
-0.134182 -5.07297e-08
-0.134092 -5.14248e-08
-0.134002 -5.26277e-08
-0.133912 -5.4158e-08
-0.133822 -5.50815e-08
-0.133732 -5.65e-08
-0.133642 -5.76405e-08
-0.133553 -5.87129e-08
-0.133463 -5.95918e-08
-0.133373 -6.02644e-08
-0.133283 -6.11086e-08
-0.133193 -6.17326e-08
-0.133103 -6.21388e-08
-0.133013 -6.17015e-08
-0.132923 -6.15252e-08
-0.132833 -6.11548e-08
-0.132743 -6.13299e-08
-0.132654 -6.06073e-08
-0.132564 -5.9455e-08
-0.132474 -5.83638e-08
-0.132384 -5.81643e-08
-0.132294 -5.81284e-08
-0.132204 -5.73837e-08
-0.132114 -5.66509e-08
-0.132024 -5.60793e-08
-0.131934 -5.57366e-08
-0.131844 -5.5145e-08
-0.131754 -5.47614e-08
-0.131665 -5.47114e-08
-0.131575 -5.42944e-08
-0.131485 -5.44172e-08
-0.131395 -5.50285e-08
-0.131305 -5.48596e-08
-0.131215 -5.54505e-08
-0.131125 -5.65598e-08
-0.131035 -5.7836e-08
-0.130945 -5.85392e-08
-0.130855 -5.92261e-08
-0.130766 -6.03037e-08
-0.130676 -6.08003e-08
-0.130586 -6.17507e-08
-0.130496 -6.27167e-08
-0.130406 -6.31222e-08
-0.130316 -6.36489e-08
-0.130226 -6.38739e-08
-0.130136 -6.39136e-08
-0.130046 -6.34722e-08
-0.129956 -6.25037e-08
-0.129867 -6.2272e-08
-0.129777 -6.17399e-08
-0.129687 -6.13036e-08
-0.129597 -6.1838e-08
-0.129507 -6.16686e-08
-0.129417 -6.23716e-08
-0.129327 -6.28886e-08
-0.129237 -6.34814e-08
-0.129147 -6.46118e-08
-0.129057 -6.55534e-08
-0.128967 -6.72463e-08
-0.128878 -6.84852e-08
-0.128788 -6.95665e-08
-0.128698 -7.07183e-08
-0.128608 -7.09663e-08
-0.128518 -7.09985e-08
-0.128428 -7.03607e-08
-0.128338 -6.92264e-08
-0.128248 -6.85788e-08
-0.128158 -6.78003e-08
-0.128068 -6.75138e-08
-0.127979 -6.68935e-08
-0.127889 -6.5585e-08
-0.127799 -6.47592e-08
-0.127709 -6.45317e-08
-0.127619 -6.26485e-08
-0.127529 -6.21533e-08
-0.127439 -6.14519e-08
-0.127349 -6.149e-08
-0.127259 -6.15559e-08
-0.127169 -6.27937e-08
-0.127079 -6.22657e-08
-0.12699 -6.19405e-08
-0.1269 -6.24035e-08
-0.12681 -6.30697e-08
-0.12672 -6.21352e-08
-0.12663 -6.20363e-08
-0.12654 -6.33481e-08
-0.12645 -6.40761e-08
-0.12636 -6.51055e-08
-0.12627 -6.53256e-08
-0.12618 -6.59051e-08
-0.126091 -6.63783e-08
-0.126001 -6.69738e-08
-0.125911 -6.79888e-08
-0.125821 -6.87937e-08
-0.125731 -6.87867e-08
-0.125641 -6.91043e-08
-0.125551 -6.91961e-08
-0.125461 -6.91022e-08
-0.125371 -6.86633e-08
-0.125281 -6.85095e-08
-0.125191 -6.77559e-08
-0.125102 -6.68063e-08
-0.125012 -6.65244e-08
-0.124922 -6.62141e-08
-0.124832 -6.54951e-08
-0.124742 -6.53174e-08
-0.124652 -6.53472e-08
-0.124562 -6.60079e-08
-0.124472 -6.65583e-08
-0.124382 -6.72398e-08
-0.124292 -6.78908e-08
-0.124203 -6.87329e-08
-0.124113 -7.03391e-08
-0.124023 -7.13351e-08
-0.123933 -7.18421e-08
-0.123843 -7.24686e-08
-0.123753 -7.26633e-08
-0.123663 -7.28104e-08
-0.123573 -7.2839e-08
-0.123483 -7.22467e-08
-0.123393 -7.16823e-08
-0.123304 -7.13558e-08
-0.123214 -7.07138e-08
-0.123124 -6.9922e-08
-0.123034 -6.86451e-08
-0.122944 -6.82977e-08
-0.122854 -6.79458e-08
-0.122764 -6.78901e-08
-0.122674 -6.77559e-08
-0.122584 -6.7334e-08
-0.122494 -6.71343e-08
-0.122404 -6.76656e-08
-0.122315 -6.8282e-08
-0.122225 -6.85131e-08
-0.122135 -6.87146e-08
-0.122045 -6.95058e-08
-0.121955 -7.04011e-08
-0.121865 -7.04367e-08
-0.121775 -7.0491e-08
-0.121685 -7.09868e-08
-0.121595 -7.13784e-08
-0.121505 -7.19131e-08
-0.121416 -7.2486e-08
-0.121326 -7.25646e-08
-0.121236 -7.24227e-08
-0.121146 -7.21706e-08
-0.121056 -7.20669e-08
-0.120966 -7.20523e-08
-0.120876 -7.2018e-08
-0.120786 -7.23001e-08
-0.120696 -7.22012e-08
-0.120606 -7.18742e-08
-0.120516 -7.14641e-08
-0.120427 -7.09154e-08
-0.120337 -7.02629e-08
-0.120247 -7.07788e-08
-0.120157 -7.09858e-08
-0.120067 -7.15191e-08
-0.119977 -7.23502e-08
-0.119887 -7.2986e-08
-0.119797 -7.32308e-08
-0.119707 -7.35669e-08
-0.119617 -7.38565e-08
-0.119528 -7.43597e-08
-0.119438 -7.47024e-08
-0.119348 -7.53023e-08
-0.119258 -7.56802e-08
-0.119168 -7.59072e-08
-0.119078 -7.59159e-08
-0.118988 -7.55132e-08
-0.118898 -7.51465e-08
-0.118808 -7.48093e-08
-0.118718 -7.44453e-08
-0.118628 -7.40321e-08
-0.118539 -7.35893e-08
-0.118449 -7.31328e-08
-0.118359 -7.25859e-08
-0.118269 -7.20709e-08
-0.118179 -7.16704e-08
-0.118089 -7.12314e-08
-0.117999 -7.12324e-08
-0.117909 -7.14861e-08
-0.117819 -7.20574e-08
-0.117729 -7.24652e-08
-0.11764 -7.29071e-08
-0.11755 -7.32773e-08
-0.11746 -7.34856e-08
-0.11737 -7.39324e-08
-0.11728 -7.4519e-08
-0.11719 -7.47493e-08
-0.1171 -7.5175e-08
-0.11701 -7.54127e-08
-0.11692 -7.56965e-08
-0.11683 -7.56955e-08
-0.116741 -7.53636e-08
-0.116651 -7.5319e-08
-0.116561 -7.51739e-08
-0.116471 -7.49868e-08
-0.116381 -7.4768e-08
-0.116291 -7.45176e-08
-0.116201 -7.44182e-08
-0.116111 -7.42451e-08
-0.116021 -7.40513e-08
-0.115931 -7.39705e-08
-0.115841 -7.37797e-08
-0.115752 -7.39629e-08
-0.115662 -7.43433e-08
-0.115572 -7.4626e-08
-0.115482 -7.51335e-08
-0.115392 -7.56577e-08
-0.115302 -7.6119e-08
-0.115212 -7.64264e-08
-0.115122 -7.6191e-08
-0.115032 -7.61305e-08
-0.114942 -7.59124e-08
-0.114853 -7.58886e-08
-0.114763 -7.58135e-08
-0.114673 -7.55694e-08
-0.114583 -7.5014e-08
-0.114493 -7.49427e-08
-0.114403 -7.45193e-08
-0.114313 -7.40119e-08
-0.114223 -7.38958e-08
-0.114133 -7.428e-08
-0.114043 -7.50749e-08
-0.113953 -7.56807e-08
-0.113864 -7.61181e-08
-0.113774 -7.6776e-08
-0.113684 -7.70403e-08
-0.113594 -7.75939e-08
-0.113504 -7.81935e-08
-0.113414 -7.82341e-08
-0.113324 -7.84825e-08
-0.113234 -7.87912e-08
-0.113144 -7.86325e-08
-0.113054 -7.84067e-08
-0.112965 -7.78825e-08
-0.112875 -7.73679e-08
-0.112785 -7.67702e-08
-0.112695 -7.63358e-08
-0.112605 -7.61029e-08
-0.112515 -7.60838e-08
-0.112425 -7.5926e-08
-0.112335 -7.62679e-08
-0.112245 -7.61499e-08
-0.112155 -7.60432e-08
-0.112065 -7.58188e-08
-0.111976 -7.53714e-08
-0.111886 -7.51072e-08
-0.111796 -7.49923e-08
-0.111706 -7.495e-08
-0.111616 -7.45785e-08
-0.111526 -7.37494e-08
-0.111436 -7.2371e-08
-0.111346 -7.12213e-08
-0.111256 -7.02151e-08
-0.111166 -6.97381e-08
-0.111077 -6.92145e-08
-0.110987 -6.89635e-08
-0.110897 -6.84802e-08
-0.110807 -6.81668e-08
-0.110717 -6.77425e-08
-0.110627 -6.76022e-08
-0.110537 -6.73412e-08
-0.110447 -6.79144e-08
-0.110357 -6.84537e-08
-0.110267 -6.84631e-08
-0.110178 -6.82928e-08
-0.110088 -6.81703e-08
-0.109998 -6.77331e-08
-0.109908 -6.71227e-08
-0.109818 -6.64478e-08
-0.109728 -6.54924e-08
-0.109638 -6.47114e-08
-0.109548 -6.42304e-08
-0.109458 -6.36576e-08
-0.109368 -6.24306e-08
-0.109278 -6.17494e-08
-0.109189 -6.1424e-08
-0.109099 -6.13297e-08
-0.109009 -6.10778e-08
-0.108919 -6.06925e-08
-0.108829 -6.07616e-08
-0.108739 -6.13571e-08
-0.108649 -6.17866e-08
-0.108559 -6.1995e-08
-0.108469 -6.18391e-08
-0.108379 -6.17309e-08
-0.10829 -6.20208e-08
-0.1082 -6.21096e-08
-0.10811 -6.19131e-08
-0.10802 -6.1914e-08
-0.10793 -6.19751e-08
-0.10784 -6.2024e-08
-0.10775 -6.1899e-08
-0.10766 -6.16308e-08
-0.10757 -6.15169e-08
-0.10748 -6.15039e-08
-0.10739 -6.16846e-08
-0.107301 -6.19528e-08
-0.107211 -6.21814e-08
-0.107121 -6.22848e-08
-0.107031 -6.26885e-08
-0.106941 -6.28041e-08
-0.106851 -6.29809e-08
-0.106761 -6.3152e-08
-0.106671 -6.31712e-08
-0.106581 -6.32168e-08
-0.106491 -6.32581e-08
-0.106402 -6.32765e-08
-0.106312 -6.33261e-08
-0.106222 -6.32006e-08
-0.106132 -6.32815e-08
-0.106042 -6.34608e-08
-0.105952 -6.35776e-08
-0.105862 -6.37799e-08
-0.105772 -6.39755e-08
-0.105682 -6.42309e-08
-0.105592 -6.4567e-08
-0.105502 -6.48784e-08
-0.105413 -6.50592e-08
-0.105323 -6.51591e-08
-0.105233 -6.52215e-08
-0.105143 -6.52823e-08
-0.105053 -6.51992e-08
-0.104963 -6.52392e-08
-0.104873 -6.52281e-08
-0.104783 -6.51604e-08
-0.104693 -6.51024e-08
-0.104603 -6.52867e-08
-0.104514 -6.5516e-08
-0.104424 -6.57725e-08
-0.104334 -6.60881e-08
-0.104244 -6.65706e-08
-0.104154 -6.69604e-08
-0.104064 -6.73475e-08
-0.103974 -6.76755e-08
-0.103884 -6.78371e-08
-0.103794 -6.80265e-08
-0.103704 -6.83015e-08
-0.103614 -6.81949e-08
-0.103525 -6.7774e-08
-0.103435 -6.71261e-08
-0.103345 -6.6418e-08
-0.103255 -6.56832e-08
-0.103165 -6.5024e-08
-0.103075 -6.42316e-08
-0.102985 -6.34657e-08
-0.102895 -6.2928e-08
-0.102805 -6.23542e-08
-0.102715 -6.18064e-08
-0.102626 -6.14589e-08
-0.102536 -6.14595e-08
-0.102446 -6.15233e-08
-0.102356 -6.18293e-08
-0.102266 -6.21501e-08
-0.102176 -6.26121e-08
-0.102086 -6.29852e-08
-0.101996 -6.36155e-08
-0.101906 -6.40517e-08
-0.101816 -6.45456e-08
-0.101727 -6.49358e-08
-0.101637 -6.52289e-08
-0.101547 -6.54252e-08
-0.101457 -6.55184e-08
-0.101367 -6.55735e-08
-0.101277 -6.56969e-08
-0.101187 -6.57658e-08
-0.101097 -6.55965e-08
-0.101007 -6.54758e-08
-0.100917 -6.51879e-08
-0.100827 -6.49069e-08
-0.100738 -6.43643e-08
-0.100648 -6.38599e-08
-0.100558 -6.34768e-08
-0.100468 -6.29299e-08
-0.100378 -6.2531e-08
-0.100288 -6.20199e-08
-0.100198 -6.13823e-08
-0.100108 -6.10238e-08
-0.100018 -6.06742e-08
-0.0999284 -6.03244e-08
-0.0998385 -6.00029e-08
-0.0997486 -5.94956e-08
-0.0996587 -5.91669e-08
-0.0995688 -5.90222e-08
-0.0994789 -5.86237e-08
-0.099389 -5.84009e-08
-0.0992991 -5.7851e-08
-0.0992092 -5.74903e-08
-0.0991193 -5.71557e-08
-0.0990294 -5.68558e-08
-0.0989395 -5.62978e-08
-0.0988496 -5.59197e-08
-0.0987597 -5.5633e-08
-0.0986698 -5.55448e-08
-0.0985799 -5.54526e-08
-0.09849 -5.53397e-08
-0.0984001 -5.51107e-08
-0.0983102 -5.49999e-08
-0.0982202 -5.50733e-08
-0.0981303 -5.51513e-08
-0.0980404 -5.51634e-08
-0.0979505 -5.52113e-08
-0.0978606 -5.55018e-08
-0.0977707 -5.58138e-08
-0.0976808 -5.59831e-08
-0.0975909 -5.60185e-08
-0.097501 -5.61464e-08
-0.0974111 -5.64387e-08
-0.0973212 -5.66886e-08
-0.0972313 -5.6734e-08
-0.0971414 -5.68132e-08
-0.0970515 -5.6906e-08
-0.0969616 -5.68719e-08
-0.0968717 -5.68588e-08
-0.0967818 -5.66156e-08
-0.0966919 -5.61066e-08
-0.096602 -5.59051e-08
-0.0965121 -5.56426e-08
-0.0964222 -5.52466e-08
-0.0963323 -5.47065e-08
-0.0962424 -5.43983e-08
-0.0961525 -5.41632e-08
-0.0960626 -5.38307e-08
-0.0959726 -5.34913e-08
-0.0958827 -5.31327e-08
-0.0957928 -5.28008e-08
-0.0957029 -5.26632e-08
-0.095613 -5.25764e-08
-0.0955231 -5.24161e-08
-0.0954332 -5.23362e-08
-0.0953433 -5.23151e-08
-0.0952534 -5.24008e-08
-0.0951635 -5.23884e-08
-0.0950736 -5.24494e-08
-0.0949837 -5.26362e-08
-0.0948938 -5.27542e-08
-0.0948039 -5.29581e-08
-0.094714 -5.31677e-08
-0.0946241 -5.33582e-08
-0.0945342 -5.35623e-08
-0.0944443 -5.36824e-08
-0.0943544 -5.36428e-08
-0.0942645 -5.3611e-08
-0.0941746 -5.35141e-08
-0.0940847 -5.33929e-08
-0.0939948 -5.31482e-08
-0.0939049 -5.28268e-08
-0.0938149 -5.26802e-08
-0.093725 -5.24415e-08
-0.0936351 -5.21832e-08
-0.0935452 -5.18436e-08
-0.0934553 -5.15681e-08
-0.0933654 -5.12856e-08
-0.0932755 -5.10108e-08
-0.0931856 -5.08116e-08
-0.0930957 -5.06419e-08
-0.0930058 -5.04571e-08
-0.0929159 -5.03174e-08
-0.092826 -5.01281e-08
-0.0927361 -5.00449e-08
-0.0926462 -4.99913e-08
-0.0925563 -4.98297e-08
-0.0924664 -4.9543e-08
-0.0923765 -4.92783e-08
-0.0922866 -4.90624e-08
-0.0921967 -4.88371e-08
-0.0921068 -4.85543e-08
-0.0920169 -4.8388e-08
-0.091927 -4.81596e-08
-0.0918371 -4.79519e-08
-0.0917472 -4.78092e-08
-0.0916572 -4.75926e-08
-0.0915673 -4.74759e-08
-0.0914774 -4.74996e-08
-0.0913875 -4.76117e-08
-0.0912976 -4.7714e-08
-0.0912077 -4.78813e-08
-0.0911178 -4.8061e-08
-0.0910279 -4.81598e-08
-0.090938 -4.81529e-08
-0.0908481 -4.83015e-08
-0.0907582 -4.84355e-08
-0.0906683 -4.84887e-08
-0.0905784 -4.84614e-08
-0.0904885 -4.83353e-08
-0.0903986 -4.81256e-08
-0.0903087 -4.77979e-08
-0.0902188 -4.73989e-08
-0.0901289 -4.70979e-08
-0.090039 -4.67146e-08
-0.0899491 -4.64278e-08
-0.0898592 -4.61883e-08
-0.0897693 -4.58301e-08
-0.0896794 -4.54596e-08
-0.0895895 -4.50654e-08
-0.0894995 -4.47902e-08
-0.0894096 -4.4537e-08
-0.0893197 -4.43934e-08
-0.0892298 -4.42851e-08
-0.0891399 -4.41511e-08
-0.08905 -4.39352e-08
-0.0889601 -4.37582e-08
-0.0888702 -4.35771e-08
-0.0887803 -4.34228e-08
-0.0886904 -4.34119e-08
-0.0886005 -4.33317e-08
-0.0885106 -4.32619e-08
-0.0884207 -4.31865e-08
-0.0883308 -4.31232e-08
-0.0882409 -4.31372e-08
-0.088151 -4.31653e-08
-0.0880611 -4.31771e-08
-0.0879712 -4.32747e-08
-0.0878813 -4.34026e-08
-0.0877914 -4.34517e-08
-0.0877015 -4.35902e-08
-0.0876116 -4.36068e-08
-0.0875217 -4.37026e-08
-0.0874318 -4.37324e-08
-0.0873418 -4.37723e-08
-0.0872519 -4.37538e-08
-0.087162 -4.37669e-08
-0.0870721 -4.37366e-08
-0.0869822 -4.36172e-08
-0.0868923 -4.3446e-08
-0.0868024 -4.31888e-08
-0.0867125 -4.28879e-08
-0.0866226 -4.25752e-08
-0.0865327 -4.23206e-08
-0.0864428 -4.20173e-08
-0.0863529 -4.16877e-08
-0.086263 -4.13321e-08
-0.0861731 -4.08387e-08
-0.0860832 -4.03651e-08
-0.0859933 -3.99179e-08
-0.0859034 -3.95645e-08
-0.0858135 -3.91484e-08
-0.0857236 -3.88664e-08
-0.0856337 -3.86054e-08
-0.0855438 -3.82709e-08
-0.0854539 -3.795e-08
-0.085364 -3.771e-08
-0.0852741 -3.74444e-08
-0.0851841 -3.72787e-08
-0.0850942 -3.72115e-08
-0.0850043 -3.71438e-08
-0.0849144 -3.70698e-08
-0.0848245 -3.70553e-08
-0.0847346 -3.7089e-08
-0.0846447 -3.71207e-08
-0.0845548 -3.715e-08
-0.0844649 -3.71836e-08
-0.084375 -3.72059e-08
-0.0842851 -3.71787e-08
-0.0841952 -3.71753e-08
-0.0841053 -3.7259e-08
-0.0840154 -3.73135e-08
-0.0839255 -3.74063e-08
-0.0838356 -3.74655e-08
-0.0837457 -3.75248e-08
-0.0836558 -3.74673e-08
-0.0835659 -3.73935e-08
-0.083476 -3.74369e-08
-0.0833861 -3.74584e-08
-0.0832962 -3.74959e-08
-0.0832063 -3.75236e-08
-0.0831164 -3.74467e-08
-0.0830264 -3.73058e-08
-0.0829365 -3.70941e-08
-0.0828466 -3.68929e-08
-0.0827567 -3.66734e-08
-0.0826668 -3.63873e-08
-0.0825769 -3.61678e-08
-0.082487 -3.5927e-08
-0.0823971 -3.56766e-08
-0.0823072 -3.54071e-08
-0.0822173 -3.50837e-08
-0.0821274 -3.4886e-08
-0.0820375 -3.4646e-08
-0.0819476 -3.44039e-08
-0.0818577 -3.42595e-08
-0.0817678 -3.40565e-08
-0.0816779 -3.39067e-08
-0.081588 -3.38072e-08
-0.0814981 -3.37001e-08
-0.0814082 -3.35798e-08
-0.0813183 -3.34579e-08
-0.0812284 -3.33746e-08
-0.0811385 -3.33178e-08
-0.0810486 -3.32886e-08
-0.0809587 -3.32789e-08
-0.0808687 -3.33113e-08
-0.0807788 -3.33069e-08
-0.0806889 -3.32963e-08
-0.080599 -3.33009e-08
-0.0805091 -3.33375e-08
-0.0804192 -3.3366e-08
-0.0803293 -3.3429e-08
-0.0802394 -3.34468e-08
-0.0801495 -3.34444e-08
-0.0800596 -3.33906e-08
-0.0799697 -3.32857e-08
-0.0798798 -3.31989e-08
-0.0797899 -3.31437e-08
-0.0797 -3.3136e-08
-0.0796101 -3.31053e-08
-0.0795202 -3.30822e-08
-0.0794303 -3.2945e-08
-0.0793404 -3.28231e-08
-0.0792505 -3.27216e-08
-0.0791606 -3.25838e-08
-0.0790707 -3.2475e-08
-0.0789808 -3.23635e-08
-0.0788909 -3.22477e-08
-0.078801 -3.21334e-08
-0.078711 -3.1998e-08
-0.0786211 -3.19131e-08
-0.0785312 -3.17953e-08
-0.0784413 -3.16221e-08
-0.0783514 -3.15452e-08
-0.0782615 -3.14468e-08
-0.0781716 -3.13635e-08
-0.0780817 -3.13358e-08
-0.0779918 -3.12961e-08
-0.0779019 -3.12555e-08
-0.077812 -3.11992e-08
-0.0777221 -3.11247e-08
-0.0776322 -3.10323e-08
-0.0775423 -3.09833e-08
-0.0774524 -3.09414e-08
-0.0773625 -3.09315e-08
-0.0772726 -3.09434e-08
-0.0771827 -3.09195e-08
-0.0770928 -3.08577e-08
-0.0770029 -3.07945e-08
-0.076913 -3.07238e-08
-0.0768231 -3.06665e-08
-0.0767332 -3.06575e-08
-0.0766433 -3.06859e-08
-0.0765534 -3.07241e-08
-0.0764634 -3.07037e-08
-0.0763735 -3.0716e-08
-0.0762836 -3.06994e-08
-0.0761937 -3.06416e-08
-0.0761038 -3.06238e-08
-0.0760139 -3.06062e-08
-0.075924 -3.0539e-08
-0.0758341 -3.04888e-08
-0.0757442 -3.04008e-08
-0.0756543 -3.03345e-08
-0.0755644 -3.02724e-08
-0.0754745 -3.02071e-08
-0.0753846 -3.01451e-08
-0.0752947 -3.0022e-08
-0.0752048 -2.98823e-08
-0.0751149 -2.97595e-08
-0.075025 -2.96417e-08
-0.0749351 -2.94864e-08
-0.0748452 -2.93913e-08
-0.0747553 -2.92794e-08
-0.0746654 -2.91433e-08
-0.0745755 -2.89934e-08
-0.0744856 -2.88864e-08
-0.0743957 -2.87335e-08
-0.0743057 -2.85543e-08
-0.0742158 -2.83604e-08
-0.0741259 -2.81807e-08
-0.074036 -2.7991e-08
-0.0739461 -2.78485e-08
-0.0738562 -2.76682e-08
-0.0737663 -2.74973e-08
-0.0736764 -2.73209e-08
-0.0735865 -2.70749e-08
-0.0734966 -2.68132e-08
-0.0734067 -2.65011e-08
-0.0733168 -2.62592e-08
-0.0732269 -2.6011e-08
-0.073137 -2.5777e-08
-0.0730471 -2.5574e-08
-0.0729572 -2.52997e-08
-0.0728673 -2.50594e-08
-0.0727774 -2.48074e-08
-0.0726875 -2.45489e-08
-0.0725976 -2.43688e-08
-0.0725077 -2.42604e-08
-0.0724178 -2.41391e-08
-0.0723279 -2.39996e-08
-0.072238 -2.38458e-08
-0.072148 -2.37126e-08
-0.0720581 -2.35764e-08
-0.0719682 -2.34525e-08
-0.0718783 -2.32972e-08
-0.0717884 -2.3158e-08
-0.0716985 -2.29892e-08
-0.0716086 -2.27898e-08
-0.0715187 -2.26062e-08
-0.0714288 -2.24809e-08
-0.0713389 -2.23928e-08
-0.071249 -2.23199e-08
-0.0711591 -2.22589e-08
-0.0710692 -2.22001e-08
-0.0709793 -2.20716e-08
-0.0708894 -2.19836e-08
-0.0707995 -2.18942e-08
-0.0707096 -2.17872e-08
-0.0706197 -2.17111e-08
-0.0705298 -2.15996e-08
-0.0704399 -2.14597e-08
-0.07035 -2.12903e-08
-0.0702601 -2.10916e-08
-0.0701702 -2.09079e-08
-0.0700803 -2.07117e-08
-0.0699903 -2.05434e-08
-0.0699004 -2.03881e-08
-0.0698105 -2.02561e-08
-0.0697206 -2.01653e-08
-0.0696307 -2.01392e-08
-0.0695408 -2.01125e-08
-0.0694509 -2.00659e-08
-0.069361 -2.00307e-08
-0.0692711 -1.99957e-08
-0.0691812 -1.99734e-08
-0.0690913 -1.99275e-08
-0.0690014 -1.98725e-08
-0.0689115 -1.98034e-08
-0.0688216 -1.97433e-08
-0.0687317 -1.969e-08
-0.0686418 -1.96257e-08
-0.0685519 -1.95678e-08
-0.068462 -1.95091e-08
-0.0683721 -1.94501e-08
-0.0682822 -1.93622e-08
-0.0681923 -1.92599e-08
-0.0681024 -1.91477e-08
-0.0680125 -1.90518e-08
-0.0679226 -1.89816e-08
-0.0678326 -1.89213e-08
-0.0677427 -1.88686e-08
-0.0676528 -1.88422e-08
-0.0675629 -1.88027e-08
-0.067473 -1.87324e-08
-0.0673831 -1.8664e-08
-0.0672932 -1.86557e-08
-0.0672033 -1.8571e-08
-0.0671134 -1.85331e-08
-0.0670235 -1.84575e-08
-0.0669336 -1.83461e-08
-0.0668437 -1.82114e-08
-0.0667538 -1.80382e-08
-0.0666639 -1.77825e-08
-0.066574 -1.75405e-08
-0.0664841 -1.73119e-08
-0.0663942 -1.70751e-08
-0.0663043 -1.67762e-08
-0.0662144 -1.65065e-08
-0.0661245 -1.62924e-08
-0.0660346 -1.60618e-08
-0.0659447 -1.58588e-08
-0.0658548 -1.56426e-08
-0.0657649 -1.5377e-08
-0.0656749 -1.50955e-08
-0.065585 -1.48575e-08
-0.0654951 -1.46377e-08
-0.0654052 -1.44247e-08
-0.0653153 -1.42478e-08
-0.0652254 -1.40279e-08
-0.0651355 -1.38072e-08
-0.0650456 -1.36291e-08
-0.0649557 -1.34345e-08
-0.0648658 -1.32749e-08
-0.0647759 -1.30758e-08
-0.064686 -1.29099e-08
-0.0645961 -1.28204e-08
-0.0645062 -1.2739e-08
-0.0644163 -1.26441e-08
-0.0643264 -1.2516e-08
-0.0642365 -1.23807e-08
-0.0641466 -1.22617e-08
-0.0640567 -1.21308e-08
-0.0639668 -1.19559e-08
-0.0638769 -1.18022e-08
-0.063787 -1.16659e-08
-0.0636971 -1.15284e-08
-0.0636072 -1.14215e-08
-0.0635172 -1.12871e-08
-0.0634273 -1.11571e-08
-0.0633374 -1.1035e-08
-0.0632475 -1.09584e-08
-0.0631576 -1.09031e-08
-0.0630677 -1.08504e-08
-0.0629778 -1.07678e-08
-0.0628879 -1.07147e-08
-0.062798 -1.06473e-08
-0.0627081 -1.05911e-08
-0.0626182 -1.0526e-08
-0.0625283 -1.04778e-08
-0.0624384 -1.04319e-08
-0.0623485 -1.03678e-08
-0.0622586 -1.02901e-08
-0.0621687 -1.02079e-08
-0.0620788 -1.01245e-08
-0.0619889 -1.00579e-08
-0.061899 -9.99056e-09
-0.0618091 -9.92553e-09
-0.0617192 -9.87998e-09
-0.0616293 -9.83777e-09
-0.0615394 -9.77689e-09
-0.0614495 -9.69384e-09
-0.0613595 -9.61478e-09
-0.0612696 -9.54605e-09
-0.0611797 -9.48326e-09
-0.0610898 -9.42886e-09
-0.0609999 -9.37583e-09
-0.06091 -9.3047e-09
-0.0608201 -9.24077e-09
-0.0607302 -9.16292e-09
-0.0606403 -9.08961e-09
-0.0605504 -9.01358e-09
-0.0604605 -8.8999e-09
-0.0603706 -8.74658e-09
-0.0602807 -8.61421e-09
-0.0601908 -8.4859e-09
-0.0601009 -8.37291e-09
-0.060011 -8.23479e-09
-0.0599211 -8.06842e-09
-0.0598312 -7.94278e-09
-0.0597413 -7.81601e-09
-0.0596514 -7.69271e-09
-0.0595615 -7.6024e-09
-0.0594716 -7.54653e-09
-0.0593817 -7.48523e-09
-0.0592918 -7.41917e-09
-0.0592018 -7.3633e-09
-0.0591119 -7.29856e-09
-0.059022 -7.23197e-09
-0.0589321 -7.14071e-09
-0.0588422 -7.06339e-09
-0.0587523 -7.00426e-09
-0.0586624 -6.91128e-09
-0.0585725 -6.83748e-09
-0.0584826 -6.76218e-09
-0.0583927 -6.70451e-09
-0.0583028 -6.66397e-09
-0.0582129 -6.6458e-09
-0.058123 -6.63387e-09
-0.0580331 -6.63023e-09
-0.0579432 -6.58227e-09
-0.0578533 -6.5874e-09
-0.0577634 -6.56658e-09
-0.0576735 -6.53193e-09
-0.0575836 -6.49168e-09
-0.0574937 -6.4467e-09
-0.0574038 -6.3923e-09
-0.0573139 -6.33423e-09
-0.057224 -6.29403e-09
-0.0571341 -6.24643e-09
-0.0570442 -6.20141e-09
-0.0569542 -6.1522e-09
-0.0568643 -6.09602e-09
-0.0567744 -6.05768e-09
-0.0566845 -6.00848e-09
-0.0565946 -5.96167e-09
-0.0565047 -5.94176e-09
-0.0564148 -5.92484e-09
-0.0563249 -5.89236e-09
-0.056235 -5.85868e-09
-0.0561451 -5.80107e-09
-0.0560552 -5.75604e-09
-0.0559653 -5.70652e-09
-0.0558754 -5.68528e-09
-0.0557855 -5.69058e-09
-0.0556956 -5.69087e-09
-0.0556057 -5.67688e-09
-0.0555158 -5.67757e-09
-0.0554259 -5.68214e-09
-0.055336 -5.69166e-09
-0.0552461 -5.68231e-09
-0.0551562 -5.66367e-09
-0.0550663 -5.62764e-09
-0.0549764 -5.59402e-09
-0.0548865 -5.54095e-09
-0.0547965 -5.49644e-09
-0.0547066 -5.45913e-09
-0.0546167 -5.40938e-09
-0.0545268 -5.36971e-09
-0.0544369 -5.32072e-09
-0.054347 -5.26788e-09
-0.0542571 -5.23241e-09
-0.0541672 -5.18466e-09
-0.0540773 -5.12384e-09
-0.0539874 -5.04842e-09
-0.0538975 -4.96214e-09
-0.0538076 -4.87215e-09
-0.0537177 -4.76985e-09
-0.0536278 -4.63194e-09
-0.0535379 -4.50601e-09
-0.053448 -4.37076e-09
-0.0533581 -4.24653e-09
-0.0532682 -4.10713e-09
-0.0531783 -3.97392e-09
-0.0530884 -3.85785e-09
-0.0529985 -3.73198e-09
-0.0529086 -3.61476e-09
-0.0528187 -3.49712e-09
-0.0527288 -3.37389e-09
-0.0526388 -3.23283e-09
-0.0525489 -3.07896e-09
-0.052459 -2.94481e-09
-0.0523691 -2.81921e-09
-0.0522792 -2.70057e-09
-0.0521893 -2.5833e-09
-0.0520994 -2.4849e-09
-0.0520095 -2.41603e-09
-0.0519196 -2.36282e-09
-0.0518297 -2.30193e-09
-0.0517398 -2.24218e-09
-0.0516499 -2.18071e-09
-0.05156 -2.14887e-09
-0.0514701 -2.11243e-09
-0.0513802 -2.08305e-09
-0.0512903 -2.06443e-09
-0.0512004 -2.03482e-09
-0.0511105 -1.99872e-09
-0.0510206 -1.95811e-09
-0.0509307 -1.93401e-09
-0.0508408 -1.90347e-09
-0.0507509 -1.8763e-09
-0.050661 -1.86948e-09
-0.0505711 -1.85573e-09
-0.0504811 -1.85205e-09
-0.0503912 -1.83472e-09
-0.0503013 -1.80616e-09
-0.0502114 -1.76891e-09
-0.0501215 -1.71819e-09
-0.0500316 -1.66013e-09
-0.0499417 -1.60339e-09
-0.0498518 -1.54444e-09
-0.0497619 -1.49471e-09
-0.049672 -1.44729e-09
-0.0495821 -1.41048e-09
-0.0494922 -1.37955e-09
-0.0494023 -1.35911e-09
-0.0493124 -1.32637e-09
-0.0492225 -1.30255e-09
-0.0491326 -1.29336e-09
-0.0490427 -1.30399e-09
-0.0489528 -1.31139e-09
-0.0488629 -1.31032e-09
-0.048773 -1.30959e-09
-0.0486831 -1.31645e-09
-0.0485932 -1.32605e-09
-0.0485033 -1.35043e-09
-0.0484134 -1.37273e-09
-0.0483234 -1.40083e-09
-0.0482335 -1.41759e-09
-0.0481436 -1.45432e-09
-0.0480537 -1.50274e-09
-0.0479638 -1.57115e-09
-0.0478739 -1.61329e-09
-0.047784 -1.66413e-09
-0.0476941 -1.71412e-09
-0.0476042 -1.77024e-09
-0.0475143 -1.83261e-09
-0.0474244 -1.88264e-09
-0.0473345 -1.91002e-09
-0.0472446 -1.93269e-09
-0.0471547 -1.94648e-09
-0.0470648 -1.94998e-09
-0.0469749 -1.96458e-09
-0.046885 -1.96664e-09
-0.0467951 -1.94842e-09
-0.0467052 -1.92709e-09
-0.0466153 -1.90274e-09
-0.0465254 -1.86972e-09
-0.0464355 -1.83581e-09
-0.0463456 -1.78383e-09
-0.0462557 -1.72022e-09
-0.0461657 -1.66104e-09
-0.0460758 -1.58798e-09
-0.0459859 -1.51625e-09
-0.045896 -1.42457e-09
-0.0458061 -1.34465e-09
-0.0457162 -1.26326e-09
-0.0456263 -1.15482e-09
-0.0455364 -1.05253e-09
-0.0454465 -9.47074e-10
-0.0453566 -8.54899e-10
-0.0452667 -7.30783e-10
-0.0451768 -6.06576e-10
-0.0450869 -4.95299e-10
-0.044997 -4.01154e-10
-0.0449071 -2.94187e-10
-0.0448172 -1.79326e-10
-0.0447273 -7.60363e-11
-0.0446374 1.90078e-11
-0.0445475 1.08567e-10
-0.0444576 1.9919e-10
-0.0443677 2.78754e-10
-0.0442778 3.68849e-10
-0.0441879 4.64527e-10
-0.044098 5.32811e-10
-0.044008 6.04301e-10
-0.0439181 6.67813e-10
-0.0438282 7.44907e-10
-0.0437383 8.17285e-10
-0.0436484 8.92602e-10
-0.0435585 9.66724e-10
-0.0434686 1.03698e-09
-0.0433787 1.10449e-09
-0.0432888 1.1621e-09
-0.0431989 1.21878e-09
-0.043109 1.26563e-09
-0.0430191 1.30597e-09
-0.0429292 1.33568e-09
-0.0428393 1.35649e-09
-0.0427494 1.38517e-09
-0.0426595 1.41254e-09
-0.0425696 1.42236e-09
-0.0424797 1.42317e-09
-0.0423898 1.4326e-09
-0.0422999 1.43178e-09
-0.04221 1.42108e-09
-0.0421201 1.40288e-09
-0.0420302 1.38964e-09
-0.0419403 1.37036e-09
-0.0418503 1.34083e-09
-0.0417604 1.32104e-09
-0.0416705 1.30301e-09
-0.0415806 1.29189e-09
-0.0414907 1.2645e-09
-0.0414008 1.21737e-09
-0.0413109 1.17179e-09
-0.041221 1.11103e-09
-0.0411311 1.06146e-09
-0.0410412 1.00115e-09
-0.0409513 9.41441e-10
-0.0408614 8.77239e-10
-0.0407715 8.12843e-10
-0.0406816 7.40158e-10
-0.0405917 6.74022e-10
-0.0405018 6.29497e-10
-0.0404119 5.74335e-10
-0.040322 5.04593e-10
-0.0402321 4.26988e-10
-0.0401422 3.53544e-10
-0.0400523 2.82096e-10
-0.0399624 1.99866e-10
-0.0398725 1.22485e-10
-0.0397826 4.28722e-11
-0.0396927 -4.29842e-11
-0.0396027 -1.42614e-10
-0.0395128 -2.24984e-10
-0.0394229 -2.96818e-10
-0.039333 -3.70721e-10
-0.0392431 -4.51217e-10
-0.0391532 -5.33292e-10
-0.0390633 -6.16075e-10
-0.0389734 -6.9346e-10
-0.0388835 -7.6111e-10
-0.0387936 -8.13418e-10
-0.0387037 -8.65979e-10
-0.0386138 -9.16999e-10
-0.0385239 -9.73644e-10
-0.038434 -1.02246e-09
-0.0383441 -1.07652e-09
-0.0382542 -1.11685e-09
-0.0381643 -1.16212e-09
-0.0380744 -1.20711e-09
-0.0379845 -1.24846e-09
-0.0378946 -1.28352e-09
-0.0378047 -1.31228e-09
-0.0377148 -1.3436e-09
-0.0376249 -1.36735e-09
-0.037535 -1.39423e-09
-0.037445 -1.41428e-09
-0.0373551 -1.42859e-09
-0.0372652 -1.44263e-09
-0.0371753 -1.45607e-09
-0.0370854 -1.46759e-09
-0.0369955 -1.46201e-09
-0.0369056 -1.4638e-09
-0.0368157 -1.45511e-09
-0.0367258 -1.44462e-09
-0.0366359 -1.43519e-09
-0.036546 -1.42016e-09
-0.0364561 -1.40976e-09
-0.0363662 -1.39073e-09
-0.0362763 -1.36325e-09
-0.0361864 -1.34208e-09
-0.0360965 -1.31945e-09
-0.0360066 -1.28735e-09
-0.0359167 -1.26623e-09
-0.0358268 -1.22887e-09
-0.0357369 -1.16492e-09
-0.035647 -1.08525e-09
-0.0355571 -1.00228e-09
-0.0354672 -9.18561e-10
-0.0353773 -8.20802e-10
-0.0352873 -7.2143e-10
-0.0351974 -6.17749e-10
-0.0351075 -4.97129e-10
-0.0350176 -3.8409e-10
-0.0349277 -2.70673e-10
-0.0348378 -1.59654e-10
-0.0347479 -2.15284e-11
-0.034658 1.37616e-10
-0.0345681 3.10267e-10
-0.0344782 4.77964e-10
-0.0343883 6.31601e-10
-0.0342984 8.03997e-10
-0.0342085 9.62441e-10
-0.0341186 1.13086e-09
-0.0340287 1.31872e-09
-0.0339388 1.49892e-09
-0.0338489 1.70243e-09
-0.033759 1.88954e-09
-0.0336691 2.07074e-09
-0.0335792 2.24309e-09
-0.0334893 2.4061e-09
-0.0333994 2.56389e-09
-0.0333095 2.71183e-09
-0.0332196 2.84787e-09
-0.0331296 2.9594e-09
-0.0330397 3.08771e-09
-0.0329498 3.23569e-09
-0.0328599 3.36695e-09
-0.03277 3.49368e-09
-0.0326801 3.60851e-09
-0.0325902 3.7177e-09
-0.0325003 3.79247e-09
-0.0324104 3.85933e-09
-0.0323205 3.94075e-09
-0.0322306 4.02755e-09
-0.0321407 4.11075e-09
-0.0320508 4.19121e-09
-0.0319609 4.28245e-09
-0.031871 4.36366e-09
-0.0317811 4.4324e-09
-0.0316912 4.49949e-09
-0.0316013 4.57051e-09
-0.0315114 4.63402e-09
-0.0314215 4.67981e-09
-0.0313316 4.73698e-09
-0.0312417 4.79394e-09
-0.0311518 4.85802e-09
-0.0310619 4.92914e-09
-0.0309719 4.99977e-09
-0.030882 5.05908e-09
-0.0307921 5.11356e-09
-0.0307022 5.16702e-09
-0.0306123 5.2243e-09
-0.0305224 5.27776e-09
-0.0304325 5.32279e-09
-0.0303426 5.36282e-09
-0.0302527 5.40575e-09
-0.0301628 5.43534e-09
-0.0300729 5.45175e-09
-0.029983 5.47606e-09
-0.0298931 5.49558e-09
-0.0298032 5.5209e-09
-0.0297133 5.53783e-09
-0.0296234 5.54709e-09
-0.0295335 5.56382e-09
-0.0294436 5.56538e-09
-0.0293537 5.56059e-09
-0.0292638 5.55387e-09
-0.0291739 5.54625e-09
-0.029084 5.52627e-09
-0.0289941 5.50886e-09
-0.0289042 5.5017e-09
-0.0288142 5.49198e-09
-0.0287243 5.48988e-09
-0.0286344 5.48519e-09
-0.0285445 5.49063e-09
-0.0284546 5.49757e-09
-0.0283647 5.48609e-09
-0.0282748 5.4624e-09
-0.0281849 5.43624e-09
-0.028095 5.42345e-09
-0.0280051 5.40065e-09
-0.0279152 5.39822e-09
-0.0278253 5.40481e-09
-0.0277354 5.4009e-09
-0.0276455 5.39896e-09
-0.0275556 5.40482e-09
-0.0274657 5.42019e-09
-0.0273758 5.43753e-09
-0.0272859 5.43794e-09
-0.027196 5.43088e-09
-0.0271061 5.4278e-09
-0.0270162 5.42419e-09
-0.0269263 5.4094e-09
-0.0268364 5.41404e-09
-0.0267465 5.41516e-09
-0.0266565 5.40349e-09
-0.0265666 5.39629e-09
-0.0264767 5.37376e-09
-0.0263868 5.35531e-09
-0.0262969 5.33992e-09
-0.026207 5.31264e-09
-0.0261171 5.2881e-09
-0.0260272 5.26104e-09
-0.0259373 5.23222e-09
-0.0258474 5.21213e-09
-0.0257575 5.19284e-09
-0.0256676 5.16202e-09
-0.0255777 5.13359e-09
-0.0254878 5.10217e-09
-0.0253979 5.05183e-09
-0.025308 5.0114e-09
-0.0252181 4.96791e-09
-0.0251282 4.92593e-09
-0.0250383 4.87791e-09
-0.0249484 4.84611e-09
-0.0248585 4.81153e-09
-0.0247686 4.79242e-09
-0.0246787 4.76785e-09
-0.0245888 4.73896e-09
-0.0244988 4.71684e-09
-0.0244089 4.68291e-09
-0.024319 4.65358e-09
-0.0242291 4.63658e-09
-0.0241392 4.61739e-09
-0.0240493 4.59763e-09
-0.0239594 4.57094e-09
-0.0238695 4.54329e-09
-0.0237796 4.5131e-09
-0.0236897 4.50558e-09
-0.0235998 4.49255e-09
-0.0235099 4.47808e-09
-0.02342 4.47163e-09
-0.0233301 4.46885e-09
-0.0232402 4.45858e-09
-0.0231503 4.45845e-09
-0.0230604 4.44889e-09
-0.0229705 4.43049e-09
-0.0228806 4.40778e-09
-0.0227907 4.37796e-09
-0.0227008 4.36058e-09
-0.0226109 4.35824e-09
-0.022521 4.35029e-09
-0.0224311 4.34155e-09
-0.0223411 4.34448e-09
-0.0222512 4.34083e-09
-0.0221613 4.33143e-09
-0.0220714 4.33202e-09
-0.0219815 4.32671e-09
-0.0218916 4.31859e-09
-0.0218017 4.3111e-09
-0.0217118 4.31093e-09
-0.0216219 4.32507e-09
-0.021532 4.34253e-09
-0.0214421 4.34404e-09
-0.0213522 4.35314e-09
-0.0212623 4.3659e-09
-0.0211724 4.3732e-09
-0.0210825 4.39316e-09
-0.0209926 4.42458e-09
-0.0209027 4.4646e-09
-0.0208128 4.50808e-09
-0.0207229 4.5475e-09
-0.020633 4.59204e-09
-0.0205431 4.63826e-09
-0.0204532 4.67916e-09
-0.0203633 4.7015e-09
-0.0202734 4.72982e-09
-0.0201835 4.75609e-09
-0.0200935 4.77577e-09
-0.0200036 4.8128e-09
-0.0199137 4.86013e-09
-0.0198238 4.91255e-09
-0.0197339 4.9688e-09
-0.019644 5.01748e-09
-0.0195541 5.05908e-09
-0.0194642 5.09953e-09
-0.0193743 5.13052e-09
-0.0192844 5.15753e-09
-0.0191945 5.17409e-09
-0.0191046 5.17903e-09
-0.0190147 5.17983e-09
-0.0189248 5.18734e-09
-0.0188349 5.20167e-09
-0.018745 5.21158e-09
-0.0186551 5.21812e-09
-0.0185652 5.22083e-09
-0.0184753 5.2278e-09
-0.0183854 5.23089e-09
-0.0182955 5.23793e-09
-0.0182056 5.24244e-09
-0.0181157 5.2444e-09
-0.0180258 5.24015e-09
-0.0179358 5.22784e-09
-0.0178459 5.21865e-09
-0.017756 5.21248e-09
-0.0176661 5.20616e-09
-0.0175762 5.20267e-09
-0.0174863 5.19685e-09
-0.0173964 5.1858e-09
-0.0173065 5.18399e-09
-0.0172166 5.18347e-09
-0.0171267 5.18123e-09
-0.0170368 5.17864e-09
-0.0169469 5.17384e-09
-0.016857 5.17645e-09
-0.0167671 5.17669e-09
-0.0166772 5.17771e-09
-0.0165873 5.1798e-09
-0.0164974 5.18557e-09
-0.0164075 5.17947e-09
-0.0163176 5.17648e-09
-0.0162277 5.17666e-09
-0.0161378 5.16196e-09
-0.0160479 5.16106e-09
-0.015958 5.15759e-09
-0.0158681 5.1548e-09
-0.0157781 5.16562e-09
-0.0156882 5.17117e-09
-0.0155983 5.17141e-09
-0.0155084 5.17391e-09
-0.0154185 5.17513e-09
-0.0153286 5.16645e-09
-0.0152387 5.16014e-09
-0.0151488 5.1387e-09
-0.0150589 5.11728e-09
-0.014969 5.10745e-09
-0.0148791 5.09089e-09
-0.0147892 5.08355e-09
-0.0146993 5.09111e-09
-0.0146094 5.08783e-09
-0.0145195 5.08396e-09
-0.0144296 5.07768e-09
-0.0143397 5.07061e-09
-0.0142498 5.05877e-09
-0.0141599 5.03122e-09
-0.01407 5.00375e-09
-0.0139801 4.98479e-09
-0.0138902 4.95827e-09
-0.0138003 4.93365e-09
-0.0137104 4.91903e-09
-0.0136204 4.9016e-09
-0.0135305 4.88421e-09
-0.0134406 4.87054e-09
-0.0133507 4.85051e-09
-0.0132608 4.82959e-09
-0.0131709 4.79683e-09
-0.013081 4.75708e-09
-0.0129911 4.72256e-09
-0.0129012 4.68213e-09
-0.0128113 4.63473e-09
-0.0127214 4.59176e-09
-0.0126315 4.5544e-09
-0.0125416 4.50828e-09
-0.0124517 4.47398e-09
-0.0123618 4.43937e-09
-0.0122719 4.39641e-09
-0.012182 4.34413e-09
-0.0120921 4.29439e-09
-0.0120022 4.2404e-09
-0.0119123 4.18454e-09
-0.0118224 4.12114e-09
-0.0117325 4.05497e-09
-0.0116426 3.99354e-09
-0.0115527 3.95026e-09
-0.0114627 3.89605e-09
-0.0113728 3.85384e-09
-0.0112829 3.80161e-09
-0.011193 3.73847e-09
-0.0111031 3.68473e-09
-0.0110132 3.62979e-09
-0.0109233 3.5714e-09
-0.0108334 3.50933e-09
-0.0107435 3.45531e-09
-0.0106536 3.39227e-09
-0.0105637 3.3415e-09
-0.0104738 3.30865e-09
-0.0103839 3.25386e-09
-0.010294 3.20828e-09
-0.0102041 3.15255e-09
-0.0101142 3.09189e-09
-0.0100243 3.04196e-09
-0.00993438 2.9856e-09
-0.00984447 2.93303e-09
-0.00975457 2.87188e-09
-0.00966466 2.81464e-09
-0.00957476 2.75836e-09
-0.00948486 2.71913e-09
-0.00939495 2.6759e-09
-0.00930505 2.60987e-09
-0.00921514 2.54534e-09
-0.00912524 2.46833e-09
-0.00903534 2.40406e-09
-0.00894543 2.33627e-09
-0.00885553 2.27158e-09
-0.00876562 2.20474e-09
-0.00867572 2.14008e-09
-0.00858582 2.08368e-09
-0.00849591 2.02475e-09
-0.00840601 1.9772e-09
-0.0083161 1.91799e-09
-0.0082262 1.84733e-09
-0.00813629 1.78109e-09
-0.00804639 1.71276e-09
-0.00795649 1.64578e-09
-0.00786658 1.57748e-09
-0.00777668 1.50591e-09
-0.00768677 1.43849e-09
-0.00759687 1.37138e-09
-0.00750697 1.30886e-09
-0.00741706 1.25395e-09
-0.00732716 1.20385e-09
-0.00723725 1.15034e-09
-0.00714735 1.09819e-09
-0.00705744 1.03709e-09
-0.00696754 9.79546e-10
-0.00687764 9.25606e-10
-0.00678773 8.69694e-10
-0.00669783 8.09904e-10
-0.00660792 7.52369e-10
-0.00651802 6.93277e-10
-0.00642812 6.32882e-10
-0.00633821 5.80944e-10
-0.00624831 5.24135e-10
-0.0061584 4.71347e-10
-0.0060685 4.18034e-10
-0.00597859 3.58666e-10
-0.00588869 2.94459e-10
-0.00579879 2.35437e-10
-0.00570888 1.80967e-10
-0.00561898 1.25286e-10
-0.00552907 6.26659e-11
-0.00543917 -1.21883e-11
-0.00534927 -7.17096e-11
-0.00525936 -1.35643e-10
-0.00516946 -2.092e-10
-0.00507955 -2.77126e-10
-0.00498965 -3.51799e-10
-0.00489975 -4.29713e-10
-0.00480984 -5.10944e-10
-0.00471994 -5.7255e-10
-0.00463003 -6.2737e-10
-0.00454013 -6.83276e-10
-0.00445022 -7.42174e-10
-0.00436032 -8.1212e-10
-0.00427042 -8.74243e-10
-0.00418051 -9.47521e-10
-0.00409061 -1.02071e-09
-0.0040007 -1.0942e-09
-0.0039108 -1.15711e-09
-0.0038209 -1.22299e-09
-0.00373099 -1.29229e-09
-0.00364109 -1.33255e-09
-0.00355118 -1.36209e-09
-0.00346128 -1.3906e-09
-0.00337137 -1.42348e-09
-0.00328147 -1.45945e-09
-0.00319157 -1.49906e-09
-0.00310166 -1.53363e-09
-0.00301176 -1.56778e-09
-0.00292185 -1.6014e-09
-0.00283195 -1.63094e-09
-0.00274205 -1.65481e-09
-0.00265214 -1.68023e-09
-0.00256224 -1.67806e-09
-0.00247233 -1.66347e-09
-0.00238243 -1.64795e-09
-0.00229252 -1.61791e-09
-0.00220262 -1.60613e-09
-0.00211272 -1.58496e-09
-0.00202281 -1.55138e-09
-0.00193291 -1.52087e-09
-0.001843 -1.48282e-09
-0.0017531 -1.45084e-09
-0.0016632 -1.41829e-09
-0.00157329 -1.37892e-09
-0.00148339 -1.32445e-09
-0.00139348 -1.26263e-09
-0.00130358 -1.20181e-09
-0.00121368 -1.13587e-09
-0.00112377 -1.0738e-09
-0.00103387 -9.92609e-10
-0.000943963 -9.11503e-10
-0.000854059 -8.24641e-10
-0.000764154 -7.45298e-10
-0.00067425 -6.76496e-10
-0.000584346 -5.98115e-10
-0.000494442 -5.13608e-10
-0.000404538 -4.25662e-10
-0.000314634 -3.34419e-10
-0.00022473 -2.44917e-10
-0.000134825 -1.64475e-10
-4.49212e-05 -8.25941e-11
4.49829e-05 0
0.000134887 8.5189e-11
0.000224791 1.72801e-10
0.000314695 2.56233e-10
0.0004046 3.3334e-10
0.000494504 4.12955e-10
0.000584408 4.95357e-10
0.000674312 5.7506e-10
0.000764216 6.55524e-10
0.00085412 7.21195e-10
0.000944024 7.85834e-10
0.00103393 8.36191e-10
0.00112383 8.90597e-10
0.00121374 9.52042e-10
0.00130364 1.00408e-09
0.00139355 1.05891e-09
0.00148345 1.11749e-09
0.00157335 1.17449e-09
0.00166326 1.23013e-09
0.00175316 1.2786e-09
0.00184307 1.32578e-09
0.00193297 1.36997e-09
0.00202287 1.40117e-09
0.00211278 1.41643e-09
0.00220268 1.44747e-09
0.00229259 1.47242e-09
0.00238249 1.49968e-09
0.00247239 1.52961e-09
0.0025623 1.56193e-09
0.0026522 1.59224e-09
0.00274211 1.61809e-09
0.00283201 1.63709e-09
0.00292192 1.64879e-09
0.00301182 1.66859e-09
0.00310172 1.67158e-09
0.00319163 1.66747e-09
0.00328153 1.67021e-09
0.00337144 1.67124e-09
0.00346134 1.67216e-09
0.00355124 1.66915e-09
0.00364115 1.67351e-09
0.00373105 1.66886e-09
0.00382096 1.66167e-09
0.00391086 1.64987e-09
0.00400077 1.64042e-09
0.00409067 1.6279e-09
0.00418057 1.6024e-09
0.00427048 1.57504e-09
0.00436038 1.55164e-09
0.00445029 1.53263e-09
0.00454019 1.50955e-09
0.00463009 1.47406e-09
0.00472 1.44343e-09
0.0048099 1.40049e-09
0.00489981 1.35478e-09
0.00498971 1.30777e-09
0.00507962 1.25873e-09
0.00516952 1.2045e-09
0.00525942 1.14465e-09
0.00534933 1.09093e-09
0.00543923 1.04043e-09
0.00552914 9.83554e-10
0.00561904 9.18108e-10
0.00570894 8.50193e-10
0.00579885 7.81269e-10
0.00588875 7.01864e-10
0.00597866 6.22166e-10
0.00606856 5.50223e-10
0.00615846 4.69165e-10
0.00624837 3.82369e-10
0.00633827 2.97559e-10
0.00642818 2.15398e-10
0.00651808 1.26462e-10
0.00660799 4.21333e-11
0.00669789 -4.90397e-11
0.00678779 -1.419e-10
0.0068777 -2.4002e-10
0.0069676 -3.43306e-10
0.00705751 -4.38469e-10
0.00714741 -5.39734e-10
0.00723731 -6.40934e-10
0.00732722 -7.3584e-10
0.00741712 -8.28223e-10
0.00750703 -9.28054e-10
0.00759693 -1.03269e-09
0.00768684 -1.12717e-09
0.00777674 -1.21175e-09
0.00786664 -1.3089e-09
0.00795655 -1.40108e-09
0.00804645 -1.49373e-09
0.00813636 -1.57464e-09
0.00822626 -1.65605e-09
0.00831616 -1.73937e-09
0.00840607 -1.81088e-09
0.00849597 -1.88348e-09
0.00858588 -1.95514e-09
0.00867578 -2.02745e-09
0.00876569 -2.07716e-09
0.00885559 -2.13406e-09
0.00894549 -2.20418e-09
0.0090354 -2.26034e-09
0.0091253 -2.30871e-09
0.00921521 -2.3481e-09
0.00930511 -2.39049e-09
0.00939501 -2.4156e-09
0.00948492 -2.43701e-09
0.00957482 -2.45631e-09
0.00966473 -2.46314e-09
0.00975463 -2.48429e-09
0.00984453 -2.48589e-09
0.00993444 -2.50231e-09
0.0100243 -2.53088e-09
0.0101142 -2.54153e-09
0.0102042 -2.54673e-09
0.0102941 -2.53917e-09
0.010384 -2.53955e-09
0.0104739 -2.51849e-09
0.0105638 -2.49891e-09
0.0106537 -2.4673e-09
0.0107436 -2.42797e-09
0.0108335 -2.39551e-09
0.0109234 -2.36243e-09
0.0110133 -2.35251e-09
0.0111032 -2.33894e-09
0.0111931 -2.3126e-09
0.011283 -2.28594e-09
0.0113729 -2.25741e-09
0.0114628 -2.23754e-09
0.0115527 -2.20144e-09
0.0116426 -2.16119e-09
0.0117325 -2.11101e-09
0.0118224 -2.05536e-09
0.0119123 -2.00565e-09
0.0120022 -1.96511e-09
0.0120921 -1.93106e-09
0.012182 -1.88296e-09
0.0122719 -1.84101e-09
0.0123619 -1.79027e-09
0.0124518 -1.74782e-09
0.0125417 -1.7098e-09
0.0126316 -1.66135e-09
0.0127215 -1.61081e-09
0.0128114 -1.55827e-09
0.0129013 -1.49721e-09
0.0129912 -1.44032e-09
0.0130811 -1.38394e-09
0.013171 -1.31314e-09
0.0132609 -1.24893e-09
0.0133508 -1.18652e-09
0.0134407 -1.11871e-09
0.0135306 -1.0557e-09
0.0136205 -9.90647e-10
0.0137104 -9.32715e-10
0.0138003 -8.70942e-10
0.0138902 -8.06682e-10
0.0139801 -7.3504e-10
0.01407 -6.6382e-10
0.0141599 -5.80579e-10
0.0142498 -4.96599e-10
0.0143397 -4.13488e-10
0.0144296 -3.29776e-10
0.0145196 -2.49165e-10
0.0146095 -1.60084e-10
0.0146994 -8.08984e-11
0.0147893 -7.909e-12
0.0148792 6.04048e-11
0.0149691 1.35811e-10
0.015059 2.09508e-10
0.0151489 2.86367e-10
0.0152388 3.67769e-10
0.0153287 4.4506e-10
0.0154186 5.33381e-10
0.0155085 6.12993e-10
0.0155984 6.97344e-10
0.0156883 7.84341e-10
0.0157782 8.60568e-10
0.0158681 9.27446e-10
0.015958 9.85661e-10
0.0160479 1.05702e-09
0.0161378 1.11601e-09
0.0162277 1.17724e-09
0.0163176 1.23807e-09
0.0164075 1.30411e-09
0.0164974 1.37048e-09
0.0165873 1.43312e-09
0.0166773 1.49926e-09
0.0167672 1.55798e-09
0.0168571 1.60611e-09
0.016947 1.64859e-09
0.0170369 1.68687e-09
0.0171268 1.72317e-09
0.0172167 1.75623e-09
0.0173066 1.78918e-09
0.0173965 1.82874e-09
0.0174864 1.87444e-09
0.0175763 1.91739e-09
0.0176662 1.96727e-09
0.0177561 2.00538e-09
0.017846 2.02844e-09
0.0179359 2.04316e-09
0.0180258 2.05646e-09
0.0181157 2.06337e-09
0.0182056 2.07109e-09
0.0182955 2.0664e-09
0.0183854 2.06357e-09
0.0184753 2.07068e-09
0.0185652 2.08438e-09
0.0186551 2.09133e-09
0.018745 2.08804e-09
0.0188349 2.08006e-09
0.0189249 2.06676e-09
0.0190148 2.0483e-09
0.0191047 2.03904e-09
0.0191946 2.02574e-09
0.0192845 2.00605e-09
0.0193744 1.98309e-09
0.0194643 1.95769e-09
0.0195542 1.93875e-09
0.0196441 1.91826e-09
0.019734 1.89518e-09
0.0198239 1.8513e-09
0.0199138 1.80413e-09
0.0200037 1.76325e-09
0.0200936 1.72945e-09
0.0201835 1.69698e-09
0.0202734 1.66738e-09
0.0203633 1.63511e-09
0.0204532 1.60248e-09
0.0205431 1.56837e-09
0.020633 1.52571e-09
0.0207229 1.48463e-09
0.0208128 1.43553e-09
0.0209027 1.37922e-09
0.0209926 1.32111e-09
0.0210826 1.27181e-09
0.0211725 1.22517e-09
0.0212624 1.17189e-09
0.0213523 1.11838e-09
0.0214422 1.07039e-09
0.0215321 1.0272e-09
0.021622 9.76053e-10
0.0217119 9.06636e-10
0.0218018 8.43504e-10
0.0218917 7.80534e-10
0.0219816 7.08047e-10
0.0220715 6.44835e-10
0.0221614 5.77961e-10
0.0222513 5.10388e-10
0.0223412 4.40678e-10
0.0224311 3.75047e-10
0.022521 3.1661e-10
0.0226109 2.72411e-10
0.0227008 2.06383e-10
0.0227907 1.37747e-10
0.0228806 7.6138e-11
0.0229705 1.12732e-11
0.0230604 -5.67724e-11
0.0231503 -1.24632e-10
0.0232403 -2.03409e-10
0.0233302 -2.81869e-10
0.0234201 -3.47235e-10
0.02351 -4.17434e-10
0.0235999 -4.73371e-10
0.0236898 -5.10034e-10
0.0237797 -5.71616e-10
0.0238696 -6.18995e-10
0.0239595 -6.75515e-10
0.0240494 -7.17256e-10
0.0241393 -7.59808e-10
0.0242292 -8.11156e-10
0.0243191 -8.73453e-10
0.024409 -9.28124e-10
0.0244989 -9.83862e-10
0.0245888 -1.04901e-09
0.0246787 -1.0965e-09
0.0247686 -1.14382e-09
0.0248585 -1.19821e-09
0.0249484 -1.24884e-09
0.0250383 -1.29387e-09
0.0251282 -1.33762e-09
0.0252181 -1.38067e-09
0.025308 -1.42436e-09
0.025398 -1.47436e-09
0.0254879 -1.51343e-09
0.0255778 -1.568e-09
0.0256677 -1.62979e-09
0.0257576 -1.68591e-09
0.0258475 -1.74242e-09
0.0259374 -1.79023e-09
0.0260273 -1.84578e-09
0.0261172 -1.89616e-09
0.0262071 -1.95089e-09
0.026297 -1.99144e-09
0.0263869 -2.03014e-09
0.0264768 -2.06613e-09
0.0265667 -2.10402e-09
0.0266566 -2.14837e-09
0.0267465 -2.18774e-09
0.0268364 -2.22851e-09
0.0269263 -2.26741e-09
0.0270162 -2.30898e-09
0.0271061 -2.34559e-09
0.027196 -2.38444e-09
0.0272859 -2.40918e-09
0.0273758 -2.4221e-09
0.0274657 -2.42618e-09
0.0275557 -2.43005e-09
0.0276456 -2.42883e-09
0.0277355 -2.42894e-09
0.0278254 -2.42191e-09
0.0279153 -2.42174e-09
0.0280052 -2.43e-09
0.0280951 -2.4301e-09
0.028185 -2.42993e-09
0.0282749 -2.43068e-09
0.0283648 -2.40842e-09
0.0284547 -2.38146e-09
0.0285446 -2.35193e-09
0.0286345 -2.31483e-09
0.0287244 -2.27655e-09
0.0288143 -2.23991e-09
0.0289042 -2.19313e-09
0.0289941 -2.16443e-09
0.029084 -2.13356e-09
0.0291739 -2.09701e-09
0.0292638 -2.07452e-09
0.0293537 -2.03958e-09
0.0294436 -1.98445e-09
0.0295335 -1.93901e-09
0.0296234 -1.89627e-09
0.0297134 -1.85427e-09
0.0298033 -1.81893e-09
0.0298932 -1.77339e-09
0.0299831 -1.72147e-09
0.030073 -1.68214e-09
0.0301629 -1.63445e-09
0.0302528 -1.57426e-09
0.0303427 -1.52429e-09
0.0304326 -1.46423e-09
0.0305225 -1.40322e-09
0.0306124 -1.36078e-09
0.0307023 -1.30813e-09
0.0307922 -1.2555e-09
0.0308821 -1.2096e-09
0.030972 -1.16568e-09
0.0310619 -1.11628e-09
0.0311518 -1.06638e-09
0.0312417 -1.01238e-09
0.0313316 -9.52601e-10
0.0314215 -8.86918e-10
0.0315114 -8.21898e-10
0.0316013 -7.76047e-10
0.0316912 -7.30079e-10
0.0317811 -6.72444e-10
0.0318711 -6.25393e-10
0.031961 -5.78905e-10
0.0320509 -5.47819e-10
0.0321408 -5.04798e-10
0.0322307 -4.69465e-10
0.0323206 -4.35073e-10
0.0324105 -3.98498e-10
0.0325004 -3.58235e-10
0.0325903 -3.20391e-10
0.0326802 -2.77596e-10
0.0327701 -2.30437e-10
0.03286 -1.88441e-10
0.0329499 -1.44712e-10
0.0330398 -1.15105e-10
0.0331297 -9.98644e-11
0.0332196 -8.60788e-11
0.0333095 -8.13236e-11
0.0333994 -8.17689e-11
0.0334893 -9.15921e-11
0.0335792 -1.09081e-10
0.0336691 -1.16653e-10
0.033759 -1.17467e-10
0.0338489 -1.19056e-10
0.0339388 -1.19247e-10
0.0340288 -1.21985e-10
0.0341187 -1.44667e-10
0.0342086 -1.83326e-10
0.0342985 -2.32442e-10
0.0343884 -2.89816e-10
0.0344783 -3.53168e-10
0.0345682 -4.29569e-10
0.0346581 -5.06856e-10
0.034748 -5.79209e-10
0.0348379 -6.59666e-10
0.0349278 -7.36413e-10
0.0350177 -8.19921e-10
0.0351076 -8.99671e-10
0.0351975 -9.77646e-10
0.0352874 -1.06438e-09
0.0353773 -1.16668e-09
0.0354672 -1.26599e-09
0.0355571 -1.36338e-09
0.035647 -1.47513e-09
0.0357369 -1.57236e-09
0.0358268 -1.67984e-09
0.0359167 -1.79914e-09
0.0360066 -1.92126e-09
0.0360965 -2.04013e-09
0.0361865 -2.14554e-09
0.0362764 -2.2362e-09
0.0363663 -2.338e-09
0.0364562 -2.4394e-09
0.0365461 -2.54209e-09
0.036636 -2.64855e-09
0.0367259 -2.75109e-09
0.0368158 -2.85175e-09
0.0369057 -2.96501e-09
0.0369956 -3.08376e-09
0.0370855 -3.20924e-09
0.0371754 -3.31998e-09
0.0372653 -3.43515e-09
0.0373552 -3.53411e-09
0.0374451 -3.63697e-09
0.037535 -3.73991e-09
0.0376249 -3.85595e-09
0.0377148 -3.96487e-09
0.0378047 -4.08013e-09
0.0378946 -4.20127e-09
0.0379845 -4.3179e-09
0.0380744 -4.44088e-09
0.0381643 -4.57205e-09
0.0382542 -4.68601e-09
0.0383441 -4.8197e-09
0.0384341 -4.95739e-09
0.038524 -5.10914e-09
0.0386139 -5.25466e-09
0.0387038 -5.39158e-09
0.0387937 -5.52964e-09
0.0388836 -5.66849e-09
0.0389735 -5.80907e-09
0.0390634 -5.95752e-09
0.0391533 -6.10712e-09
0.0392432 -6.24887e-09
0.0393331 -6.39747e-09
0.039423 -6.55408e-09
0.0395129 -6.70628e-09
0.0396028 -6.86767e-09
0.0396927 -7.0208e-09
0.0397826 -7.18149e-09
0.0398725 -7.32795e-09
0.0399624 -7.45582e-09
0.0400523 -7.60607e-09
0.0401422 -7.77228e-09
0.0402321 -7.92766e-09
0.040322 -8.09266e-09
0.0404119 -8.26407e-09
0.0405018 -8.41957e-09
0.0405918 -8.56979e-09
0.0406817 -8.72817e-09
0.0407716 -8.87976e-09
0.0408615 -9.0443e-09
0.0409514 -9.19499e-09
0.0410413 -9.33474e-09
0.0411312 -9.49195e-09
0.0412211 -9.64858e-09
0.041311 -9.81005e-09
0.0414009 -9.96766e-09
0.0414908 -1.01142e-08
0.0415807 -1.02451e-08
0.0416706 -1.03667e-08
0.0417605 -1.04858e-08
0.0418504 -1.05877e-08
0.0419403 -1.06946e-08
0.0420302 -1.08163e-08
0.0421201 -1.09329e-08
0.04221 -1.10524e-08
0.0422999 -1.11686e-08
0.0423898 -1.12761e-08
0.0424797 -1.13911e-08
0.0425696 -1.14971e-08
0.0426595 -1.15946e-08
0.0427495 -1.16806e-08
0.0428394 -1.17734e-08
0.0429293 -1.1854e-08
0.0430192 -1.19296e-08
0.0431091 -1.20229e-08
0.043199 -1.21046e-08
0.0432889 -1.21921e-08
0.0433788 -1.22486e-08
0.0434687 -1.23035e-08
0.0435586 -1.23613e-08
0.0436485 -1.2426e-08
0.0437384 -1.25027e-08
0.0438283 -1.25771e-08
0.0439182 -1.26542e-08
0.0440081 -1.27127e-08
0.044098 -1.27673e-08
0.0441879 -1.28246e-08
0.0442778 -1.28822e-08
0.0443677 -1.29191e-08
0.0444576 -1.2956e-08
0.0445475 -1.29964e-08
0.0446374 -1.30357e-08
0.0447273 -1.3086e-08
0.0448172 -1.31272e-08
0.0449072 -1.31761e-08
0.0449971 -1.32035e-08
0.045087 -1.32207e-08
0.0451769 -1.3241e-08
0.0452668 -1.32448e-08
0.0453567 -1.32594e-08
0.0454466 -1.32596e-08
0.0455365 -1.32637e-08
0.0456264 -1.32841e-08
0.0457163 -1.32887e-08
0.0458062 -1.32951e-08
0.0458961 -1.32805e-08
0.045986 -1.32641e-08
0.0460759 -1.32354e-08
0.0461658 -1.321e-08
0.0462557 -1.31856e-08
0.0463456 -1.31617e-08
0.0464355 -1.31402e-08
0.0465254 -1.31083e-08
0.0466153 -1.30729e-08
0.0467052 -1.30521e-08
0.0467951 -1.3005e-08
0.046885 -1.29741e-08
0.0469749 -1.29275e-08
0.0470649 -1.28797e-08
0.0471548 -1.28347e-08
0.0472447 -1.281e-08
0.0473346 -1.28069e-08
0.0474245 -1.27956e-08
0.0475144 -1.27679e-08
0.0476043 -1.27526e-08
0.0476942 -1.2735e-08
0.0477841 -1.27206e-08
0.047874 -1.27037e-08
0.0479639 -1.27041e-08
0.0480538 -1.26895e-08
0.0481437 -1.26666e-08
0.0482336 -1.2644e-08
0.0483235 -1.26552e-08
0.0484134 -1.26664e-08
0.0485033 -1.2683e-08
0.0485932 -1.27023e-08
0.0486831 -1.27295e-08
0.048773 -1.27575e-08
0.0488629 -1.28116e-08
0.0489528 -1.28839e-08
0.0490427 -1.29693e-08
0.0491326 -1.30531e-08
0.0492226 -1.31315e-08
0.0493125 -1.3198e-08
0.0494024 -1.32651e-08
0.0494923 -1.33439e-08
0.0495822 -1.34411e-08
0.0496721 -1.35353e-08
0.049762 -1.36439e-08
0.0498519 -1.37751e-08
0.0499418 -1.39204e-08
0.0500317 -1.40602e-08
0.0501216 -1.4212e-08
0.0502115 -1.43716e-08
0.0503014 -1.4513e-08
0.0503913 -1.46457e-08
0.0504812 -1.47813e-08
0.0505711 -1.49191e-08
0.050661 -1.50699e-08
0.0507509 -1.52405e-08
0.0508408 -1.54386e-08
0.0509307 -1.56422e-08
0.0510206 -1.58302e-08
0.0511105 -1.60353e-08
0.0512004 -1.62442e-08
0.0512903 -1.64509e-08
0.0513803 -1.66722e-08
0.0514702 -1.69194e-08
0.0515601 -1.71952e-08
0.05165 -1.74454e-08
0.0517399 -1.77147e-08
0.0518298 -1.79877e-08
0.0519197 -1.82761e-08
0.0520096 -1.85747e-08
0.0520995 -1.88769e-08
0.0521894 -1.91763e-08
0.0522793 -1.94855e-08
0.0523692 -1.97734e-08
0.0524591 -2.00875e-08
0.052549 -2.04081e-08
0.0526389 -2.07355e-08
0.0527288 -2.10909e-08
0.0528187 -2.14145e-08
0.0529086 -2.17297e-08
0.0529985 -2.20151e-08
0.0530884 -2.23291e-08
0.0531783 -2.26356e-08
0.0532682 -2.2931e-08
0.0533581 -2.32491e-08
0.053448 -2.35401e-08
0.053538 -2.38166e-08
0.0536279 -2.40609e-08
0.0537178 -2.43272e-08
0.0538077 -2.4577e-08
0.0538976 -2.48197e-08
0.0539875 -2.5057e-08
0.0540774 -2.52779e-08
0.0541673 -2.54735e-08
0.0542572 -2.56301e-08
0.0543471 -2.57871e-08
0.054437 -2.59334e-08
0.0545269 -2.60819e-08
0.0546168 -2.62251e-08
0.0547067 -2.63418e-08
0.0547966 -2.642e-08
0.0548865 -2.65021e-08
0.0549764 -2.65999e-08
0.0550663 -2.67084e-08
0.0551562 -2.68113e-08
0.0552461 -2.6889e-08
0.055336 -2.69765e-08
0.0554259 -2.70576e-08
0.0555158 -2.71191e-08
0.0556057 -2.72258e-08
0.0556956 -2.73625e-08
0.0557856 -2.7487e-08
0.0558755 -2.76094e-08
0.0559654 -2.77262e-08
0.0560553 -2.7836e-08
0.0561452 -2.79449e-08
0.0562351 -2.80383e-08
0.056325 -2.81583e-08
0.0564149 -2.83024e-08
0.0565048 -2.84263e-08
0.0565947 -2.85723e-08
0.0566846 -2.87214e-08
0.0567745 -2.88844e-08
0.0568644 -2.90495e-08
0.0569543 -2.92341e-08
0.0570442 -2.93945e-08
0.0571341 -2.95341e-08
0.057224 -2.96922e-08
0.0573139 -2.98494e-08
0.0574038 -2.99907e-08
0.0574937 -3.01351e-08
0.0575836 -3.02632e-08
0.0576735 -3.03979e-08
0.0577634 -3.05031e-08
0.0578533 -3.06009e-08
0.0579433 -3.07234e-08
0.0580332 -3.08141e-08
0.0581231 -3.09194e-08
0.058213 -3.10058e-08
0.0583029 -3.10918e-08
0.0583928 -3.11294e-08
0.0584827 -3.11643e-08
0.0585726 -3.12192e-08
0.0586625 -3.1289e-08
0.0587524 -3.13611e-08
0.0588423 -3.14314e-08
0.0589322 -3.14902e-08
0.0590221 -3.15679e-08
0.059112 -3.16464e-08
0.0592019 -3.17222e-08
0.0592918 -3.17971e-08
0.0593817 -3.18429e-08
0.0594716 -3.19119e-08
0.0595615 -3.20119e-08
0.0596514 -3.2123e-08
0.0597413 -3.22503e-08
0.0598312 -3.23743e-08
0.0599211 -3.25373e-08
0.060011 -3.27048e-08
0.060101 -3.28727e-08
0.0601909 -3.30321e-08
0.0602808 -3.31767e-08
0.0603707 -3.33325e-08
0.0604606 -3.35399e-08
0.0605505 -3.37259e-08
0.0606404 -3.38849e-08
0.0607303 -3.40239e-08
0.0608202 -3.41775e-08
0.0609101 -3.43427e-08
0.061 -3.44725e-08
0.0610899 -3.463e-08
0.0611798 -3.47515e-08
0.0612697 -3.48684e-08
0.0613596 -3.49449e-08
0.0614495 -3.50276e-08
0.0615394 -3.51247e-08
0.0616293 -3.5216e-08
0.0617192 -3.52905e-08
0.0618091 -3.5371e-08
0.061899 -3.54463e-08
0.0619889 -3.55182e-08
0.0620788 -3.55787e-08
0.0621687 -3.55908e-08
0.0622587 -3.55971e-08
0.0623486 -3.56437e-08
0.0624385 -3.56934e-08
0.0625284 -3.57094e-08
0.0626183 -3.57361e-08
0.0627082 -3.57784e-08
0.0627981 -3.58112e-08
0.062888 -3.58377e-08
0.0629779 -3.58867e-08
0.0630678 -3.59338e-08
0.0631577 -3.5997e-08
0.0632476 -3.60534e-08
0.0633375 -3.61189e-08
0.0634274 -3.61834e-08
0.0635173 -3.62671e-08
0.0636072 -3.63674e-08
0.0636971 -3.6468e-08
0.063787 -3.65853e-08
0.0638769 -3.66532e-08
0.0639668 -3.67504e-08
0.0640567 -3.68616e-08
0.0641466 -3.69644e-08
0.0642365 -3.70726e-08
0.0643264 -3.71647e-08
0.0644164 -3.72467e-08
0.0645063 -3.72907e-08
0.0645962 -3.73533e-08
0.0646861 -3.74186e-08
0.064776 -3.74715e-08
0.0648659 -3.75154e-08
0.0649558 -3.75618e-08
0.0650457 -3.76312e-08
0.0651356 -3.76475e-08
0.0652255 -3.76208e-08
0.0653154 -3.75698e-08
0.0654053 -3.74964e-08
0.0654952 -3.74088e-08
0.0655851 -3.73332e-08
0.065675 -3.72695e-08
0.0657649 -3.71898e-08
0.0658548 -3.71339e-08
0.0659447 -3.71015e-08
0.0660346 -3.70801e-08
0.0661245 -3.7025e-08
0.0662144 -3.70017e-08
0.0663043 -3.69799e-08
0.0663942 -3.69586e-08
0.0664841 -3.6927e-08
0.0665741 -3.68749e-08
0.066664 -3.68375e-08
0.0667539 -3.67905e-08
0.0668438 -3.67633e-08
0.0669337 -3.67128e-08
0.0670236 -3.66685e-08
0.0671135 -3.66429e-08
0.0672034 -3.66407e-08
0.0672933 -3.66761e-08
0.0673832 -3.67324e-08
0.0674731 -3.68394e-08
0.067563 -3.69474e-08
0.0676529 -3.7068e-08
0.0677428 -3.71918e-08
0.0678327 -3.73475e-08
0.0679226 -3.7485e-08
0.0680125 -3.75675e-08
0.0681024 -3.76457e-08
0.0681923 -3.77357e-08
0.0682822 -3.78128e-08
0.0683721 -3.78955e-08
0.068462 -3.79859e-08
0.0685519 -3.80628e-08
0.0686418 -3.81477e-08
0.0687318 -3.82695e-08
0.0688217 -3.84304e-08
0.0689116 -3.86054e-08
0.0690015 -3.87582e-08
0.0690914 -3.8886e-08
0.0691813 -3.90088e-08
0.0692712 -3.91229e-08
0.0693611 -3.92357e-08
0.069451 -3.93514e-08
0.0695409 -3.95022e-08
0.0696308 -3.96603e-08
0.0697207 -3.98209e-08
0.0698106 -4.00234e-08
0.0699005 -4.02026e-08
0.0699904 -4.03742e-08
0.0700803 -4.05327e-08
0.0701702 -4.07049e-08
0.0702601 -4.09112e-08
0.07035 -4.11268e-08
0.0704399 -4.13663e-08
0.0705298 -4.1561e-08
0.0706197 -4.17972e-08
0.0707096 -4.20485e-08
0.0707995 -4.2333e-08
0.0708895 -4.2617e-08
0.0709794 -4.30089e-08
0.0710693 -4.33731e-08
0.0711592 -4.37655e-08
0.0712491 -4.41333e-08
0.071339 -4.45507e-08
0.0714289 -4.49248e-08
0.0715188 -4.52479e-08
0.0716087 -4.55495e-08
0.0716986 -4.58542e-08
0.0717885 -4.61334e-08
0.0718784 -4.63911e-08
0.0719683 -4.66281e-08
0.0720582 -4.68472e-08
0.0721481 -4.71419e-08
0.072238 -4.74689e-08
0.0723279 -4.77316e-08
0.0724178 -4.8007e-08
0.0725077 -4.8228e-08
0.0725976 -4.84595e-08
0.0726875 -4.8762e-08
0.0727774 -4.90431e-08
0.0728673 -4.93444e-08
0.0729572 -4.96158e-08
0.0730472 -4.98401e-08
0.0731371 -5.00097e-08
0.073227 -5.0236e-08
0.0733169 -5.04446e-08
0.0734068 -5.06069e-08
0.0734967 -5.06935e-08
0.0735866 -5.08497e-08
0.0736765 -5.10423e-08
0.0737664 -5.12326e-08
0.0738563 -5.14011e-08
0.0739462 -5.16001e-08
0.0740361 -5.18104e-08
0.074126 -5.2058e-08
0.0742159 -5.22515e-08
0.0743058 -5.24208e-08
0.0743957 -5.25768e-08
0.0744856 -5.27059e-08
0.0745755 -5.28153e-08
0.0746654 -5.29242e-08
0.0747553 -5.29862e-08
0.0748452 -5.3026e-08
0.0749351 -5.30938e-08
0.075025 -5.31399e-08
0.0751149 -5.31323e-08
0.0752048 -5.31483e-08
0.0752948 -5.31589e-08
0.0753847 -5.31929e-08
0.0754746 -5.324e-08
0.0755645 -5.3285e-08
0.0756544 -5.33165e-08
0.0757443 -5.33365e-08
0.0758342 -5.33659e-08
0.0759241 -5.33866e-08
0.076014 -5.34119e-08
0.0761039 -5.33732e-08
0.0761938 -5.33435e-08
0.0762837 -5.33098e-08
0.0763736 -5.32767e-08
0.0764635 -5.32622e-08
0.0765534 -5.32674e-08
0.0766433 -5.32382e-08
0.0767332 -5.32561e-08
0.0768231 -5.32704e-08
0.076913 -5.32706e-08
0.0770029 -5.32394e-08
0.0770928 -5.31752e-08
0.0771827 -5.315e-08
0.0772726 -5.32011e-08
0.0773625 -5.32434e-08
0.0774525 -5.33193e-08
0.0775424 -5.33805e-08
0.0776323 -5.34261e-08
0.0777222 -5.35368e-08
0.0778121 -5.35813e-08
0.077902 -5.3619e-08
0.0779919 -5.36612e-08
0.0780818 -5.36945e-08
0.0781717 -5.36791e-08
0.0782616 -5.36827e-08
0.0783515 -5.35832e-08
0.0784414 -5.35704e-08
0.0785313 -5.3506e-08
0.0786212 -5.34345e-08
0.0787111 -5.33594e-08
0.078801 -5.33102e-08
0.0788909 -5.32561e-08
0.0789808 -5.32918e-08
0.0790707 -5.3302e-08
0.0791606 -5.32911e-08
0.0792505 -5.32826e-08
0.0793404 -5.31914e-08
0.0794303 -5.304e-08
0.0795202 -5.28435e-08
0.0796102 -5.26456e-08
0.0797001 -5.24798e-08
0.07979 -5.22602e-08
0.0798799 -5.20898e-08
0.0799698 -5.19799e-08
0.0800597 -5.18916e-08
0.0801496 -5.17841e-08
0.0802395 -5.17232e-08
0.0803294 -5.16584e-08
0.0804193 -5.16257e-08
0.0805092 -5.15927e-08
0.0805991 -5.1544e-08
0.080689 -5.15174e-08
0.0807789 -5.15272e-08
0.0808688 -5.15745e-08
0.0809587 -5.16298e-08
0.0810486 -5.16584e-08
0.0811385 -5.16117e-08
0.0812284 -5.16496e-08
0.0813183 -5.17265e-08
0.0814082 -5.17495e-08
0.0814981 -5.18105e-08
0.081588 -5.19104e-08
0.0816779 -5.20298e-08
0.0817679 -5.21729e-08
0.0818578 -5.23718e-08
0.0819477 -5.25734e-08
0.0820376 -5.27711e-08
0.0821275 -5.30036e-08
0.0822174 -5.31519e-08
0.0823073 -5.33044e-08
0.0823972 -5.34357e-08
0.0824871 -5.35325e-08
0.082577 -5.36802e-08
0.0826669 -5.3884e-08
0.0827568 -5.40373e-08
0.0828467 -5.41002e-08
0.0829366 -5.40709e-08
0.0830265 -5.40932e-08
0.0831164 -5.41042e-08
0.0832063 -5.41185e-08
0.0832962 -5.41675e-08
0.0833861 -5.42038e-08
0.083476 -5.42903e-08
0.0835659 -5.44398e-08
0.0836558 -5.46282e-08
0.0837457 -5.4886e-08
0.0838356 -5.51263e-08
0.0839256 -5.53349e-08
0.0840155 -5.55524e-08
0.0841054 -5.56628e-08
0.0841953 -5.57544e-08
0.0842852 -5.59793e-08
0.0843751 -5.61576e-08
0.084465 -5.63206e-08
0.0845549 -5.65324e-08
0.0846448 -5.65969e-08
0.0847347 -5.66579e-08
0.0848246 -5.66317e-08
0.0849145 -5.66854e-08
0.0850044 -5.67443e-08
0.0850943 -5.69106e-08
0.0851842 -5.71528e-08
0.0852741 -5.73394e-08
0.085364 -5.75081e-08
0.0854539 -5.77133e-08
0.0855438 -5.7877e-08
0.0856337 -5.80683e-08
0.0857236 -5.82315e-08
0.0858135 -5.82831e-08
0.0859034 -5.84482e-08
0.0859933 -5.85962e-08
0.0860833 -5.86989e-08
0.0861732 -5.87105e-08
0.0862631 -5.88698e-08
0.086353 -5.88135e-08
0.0864429 -5.8835e-08
0.0865328 -5.87704e-08
0.0866227 -5.87884e-08
0.0867126 -5.88974e-08
0.0868025 -5.91198e-08
0.0868924 -5.9376e-08
0.0869823 -5.95655e-08
0.0870722 -5.98234e-08
0.0871621 -6.01321e-08
0.087252 -6.0378e-08
0.0873419 -6.06632e-08
0.0874318 -6.10378e-08
0.0875217 -6.13721e-08
0.0876116 -6.1753e-08
0.0877015 -6.19823e-08
0.0877914 -6.21353e-08
0.0878813 -6.22643e-08
0.0879712 -6.24045e-08
0.0880611 -6.24918e-08
0.088151 -6.25883e-08
0.088241 -6.26221e-08
0.0883309 -6.26858e-08
0.0884208 -6.28236e-08
0.0885107 -6.29412e-08
0.0886006 -6.31245e-08
0.0886905 -6.32608e-08
0.0887804 -6.34139e-08
0.0888703 -6.36204e-08
0.0889602 -6.37809e-08
0.0890501 -6.39678e-08
0.08914 -6.41836e-08
0.0892299 -6.43754e-08
0.0893198 -6.45582e-08
0.0894097 -6.44973e-08
0.0894996 -6.45072e-08
0.0895895 -6.45273e-08
0.0896794 -6.45553e-08
0.0897693 -6.47243e-08
0.0898592 -6.47153e-08
0.0899491 -6.47683e-08
0.090039 -6.4865e-08
0.0901289 -6.49623e-08
0.0902188 -6.49976e-08
0.0903087 -6.51091e-08
0.0903987 -6.5213e-08
0.0904886 -6.54269e-08
0.0905785 -6.55127e-08
0.0906684 -6.55816e-08
0.0907583 -6.54937e-08
0.0908482 -6.53847e-08
0.0909381 -6.53737e-08
0.091028 -6.54018e-08
0.0911179 -6.5411e-08
0.0912078 -6.54097e-08
0.0912977 -6.53481e-08
0.0913876 -6.52897e-08
0.0914775 -6.53546e-08
0.0915674 -6.53664e-08
0.0916573 -6.53922e-08
0.0917472 -6.54467e-08
0.0918371 -6.55023e-08
0.091927 -6.56033e-08
0.0920169 -6.57373e-08
0.0921068 -6.58477e-08
0.0921967 -6.60321e-08
0.0922866 -6.61379e-08
0.0923765 -6.63201e-08
0.0924664 -6.64261e-08
0.0925564 -6.64824e-08
0.0926463 -6.65142e-08
0.0927362 -6.65962e-08
0.0928261 -6.66609e-08
0.092916 -6.67632e-08
0.0930059 -6.67638e-08
0.0930958 -6.68113e-08
0.0931857 -6.67039e-08
0.0932756 -6.65658e-08
0.0933655 -6.65799e-08
0.0934554 -6.66125e-08
0.0935453 -6.6698e-08
0.0936352 -6.67602e-08
0.0937251 -6.683e-08
0.093815 -6.68949e-08
0.0939049 -6.70229e-08
0.0939948 -6.71431e-08
0.0940847 -6.72639e-08
0.0941746 -6.72997e-08
0.0942645 -6.74357e-08
0.0943544 -6.75107e-08
0.0944443 -6.76108e-08
0.0945342 -6.76009e-08
0.0946241 -6.75541e-08
0.094714 -6.75451e-08
0.094804 -6.7579e-08
0.0948939 -6.75612e-08
0.0949838 -6.76599e-08
0.0950737 -6.76829e-08
0.0951636 -6.76892e-08
0.0952535 -6.75873e-08
0.0953434 -6.75085e-08
0.0954333 -6.74193e-08
0.0955232 -6.73512e-08
0.0956131 -6.73295e-08
0.095703 -6.72914e-08
0.0957929 -6.72237e-08
0.0958828 -6.71036e-08
0.0959727 -6.70408e-08
0.0960626 -6.6932e-08
0.0961525 -6.68779e-08
0.0962424 -6.67275e-08
0.0963323 -6.67778e-08
0.0964222 -6.68542e-08
0.0965121 -6.69176e-08
0.096602 -6.68949e-08
0.0966919 -6.68918e-08
0.0967818 -6.69503e-08
0.0968717 -6.69631e-08
0.0969617 -6.69877e-08
0.0970516 -6.70551e-08
0.0971415 -6.71258e-08
0.0972314 -6.73756e-08
0.0973213 -6.77715e-08
0.0974112 -6.80088e-08
0.0975011 -6.83109e-08
0.097591 -6.85455e-08
0.0976809 -6.87708e-08
0.0977708 -6.88521e-08
0.0978607 -6.90018e-08
0.0979506 -6.91089e-08
0.0980405 -6.92131e-08
0.0981304 -6.92447e-08
0.0982203 -6.92915e-08
0.0983102 -6.91477e-08
0.0984001 -6.89853e-08
0.09849 -6.86795e-08
0.0985799 -6.82922e-08
0.0986698 -6.79316e-08
0.0987597 -6.76603e-08
0.0988496 -6.75299e-08
0.0989395 -6.73752e-08
0.0990294 -6.7175e-08
0.0991194 -6.68423e-08
0.0992093 -6.64259e-08
0.0992992 -6.60104e-08
0.0993891 -6.57216e-08
0.099479 -6.5403e-08
0.0995689 -6.51558e-08
0.0996588 -6.49573e-08
0.0997487 -6.47486e-08
0.0998386 -6.46337e-08
0.0999285 -6.44069e-08
0.100018 -6.43148e-08
0.100108 -6.43409e-08
0.100198 -6.43893e-08
0.100288 -6.46159e-08
0.100378 -6.46936e-08
0.100468 -6.46758e-08
0.100558 -6.47157e-08
0.100648 -6.47515e-08
0.100738 -6.49104e-08
0.100828 -6.50943e-08
0.100917 -6.51966e-08
0.101007 -6.5408e-08
0.101097 -6.55302e-08
0.101187 -6.57694e-08
0.101277 -6.5878e-08
0.101367 -6.60049e-08
0.101457 -6.63508e-08
0.101547 -6.68926e-08
0.101637 -6.75484e-08
0.101727 -6.81884e-08
0.101816 -6.87997e-08
0.101906 -6.93351e-08
0.101996 -6.96047e-08
0.102086 -6.99821e-08
0.102176 -7.02906e-08
0.102266 -7.07012e-08
0.102356 -7.11066e-08
0.102446 -7.14666e-08
0.102536 -7.17949e-08
0.102626 -7.18121e-08
0.102716 -7.18282e-08
0.102805 -7.18195e-08
0.102895 -7.17345e-08
0.102985 -7.17305e-08
0.103075 -7.16782e-08
0.103165 -7.12606e-08
0.103255 -7.09285e-08
0.103345 -7.06312e-08
0.103435 -7.0447e-08
0.103525 -7.00781e-08
0.103615 -6.98752e-08
0.103704 -6.97898e-08
0.103794 -6.97134e-08
0.103884 -6.95351e-08
0.103974 -6.95751e-08
0.104064 -6.96704e-08
0.104154 -7.0251e-08
0.104244 -7.10404e-08
0.104334 -7.17529e-08
0.104424 -7.24827e-08
0.104514 -7.2862e-08
0.104604 -7.34697e-08
0.104693 -7.38996e-08
0.104783 -7.43267e-08
0.104873 -7.46239e-08
0.104963 -7.49463e-08
0.105053 -7.52445e-08
0.105143 -7.52547e-08
0.105233 -7.51121e-08
0.105323 -7.49524e-08
0.105413 -7.4697e-08
0.105503 -7.44184e-08
0.105592 -7.41878e-08
0.105682 -7.36064e-08
0.105772 -7.32245e-08
0.105862 -7.28133e-08
0.105952 -7.2194e-08
0.106042 -7.17313e-08
0.106132 -7.15193e-08
0.106222 -7.13867e-08
0.106312 -7.12001e-08
0.106402 -7.09611e-08
0.106491 -7.08088e-08
0.106581 -7.07542e-08
0.106671 -7.0849e-08
0.106761 -7.10768e-08
0.106851 -7.12741e-08
0.106941 -7.15915e-08
0.107031 -7.21537e-08
0.107121 -7.24581e-08
0.107211 -7.28244e-08
0.107301 -7.30466e-08
0.107391 -7.31948e-08
0.10748 -7.34884e-08
0.10757 -7.3534e-08
0.10766 -7.40781e-08
0.10775 -7.44196e-08
0.10784 -7.4786e-08
0.10793 -7.52201e-08
0.10802 -7.5605e-08
0.10811 -7.59094e-08
0.1082 -7.6171e-08
0.10829 -7.67544e-08
0.108379 -7.76415e-08
0.108469 -7.84398e-08
0.108559 -7.88961e-08
0.108649 -7.93247e-08
0.108739 -7.94672e-08
0.108829 -8.02045e-08
0.108919 -8.04693e-08
0.109009 -8.0611e-08
0.109099 -8.07613e-08
0.109189 -8.07815e-08
0.109279 -8.0635e-08
0.109368 -7.99851e-08
0.109458 -7.92964e-08
0.109548 -7.88041e-08
0.109638 -7.82411e-08
0.109728 -7.78195e-08
0.109818 -7.72182e-08
0.109908 -7.63121e-08
0.109998 -7.57332e-08
0.110088 -7.51719e-08
0.110178 -7.46967e-08
0.110267 -7.41319e-08
0.110357 -7.36226e-08
0.110447 -7.33141e-08
0.110537 -7.28073e-08
0.110627 -7.25315e-08
0.110717 -7.20934e-08
0.110807 -7.18517e-08
0.110897 -7.13412e-08
0.110987 -7.09295e-08
0.111077 -7.05937e-08
0.111167 -7.04543e-08
0.111256 -7.06015e-08
0.111346 -7.10525e-08
0.111436 -7.136e-08
0.111526 -7.19827e-08
0.111616 -7.26506e-08
0.111706 -7.30718e-08
0.111796 -7.35377e-08
0.111886 -7.38346e-08
0.111976 -7.45932e-08
0.112066 -7.49479e-08
0.112155 -7.50673e-08
0.112245 -7.50596e-08
0.112335 -7.4968e-08
0.112425 -7.46946e-08
0.112515 -7.4714e-08
0.112605 -7.42698e-08
0.112695 -7.37749e-08
0.112785 -7.36245e-08
0.112875 -7.37069e-08
0.112965 -7.37526e-08
0.113054 -7.40523e-08
0.113144 -7.44788e-08
0.113234 -7.49164e-08
0.113324 -7.51903e-08
0.113414 -7.54121e-08
0.113504 -7.58937e-08
0.113594 -7.61775e-08
0.113684 -7.66907e-08
0.113774 -7.71483e-08
0.113864 -7.76803e-08
0.113954 -7.78249e-08
0.114043 -7.77107e-08
0.114133 -7.73756e-08
0.114223 -7.70719e-08
0.114313 -7.69088e-08
0.114403 -7.68107e-08
0.114493 -7.66645e-08
0.114583 -7.63118e-08
0.114673 -7.60592e-08
0.114763 -7.59857e-08
0.114853 -7.58928e-08
0.114942 -7.56421e-08
0.115032 -7.55611e-08
0.115122 -7.56078e-08
0.115212 -7.54865e-08
0.115302 -7.53525e-08
0.115392 -7.50041e-08
0.115482 -7.49001e-08
0.115572 -7.48392e-08
0.115662 -7.50513e-08
0.115752 -7.51389e-08
0.115842 -7.50066e-08
0.115931 -7.53591e-08
0.116021 -7.55095e-08
0.116111 -7.5274e-08
0.116201 -7.52909e-08
0.116291 -7.54205e-08
0.116381 -7.57616e-08
0.116471 -7.57991e-08
0.116561 -7.59001e-08
0.116651 -7.59935e-08
0.116741 -7.56425e-08
0.11683 -7.53941e-08
0.11692 -7.48925e-08
0.11701 -7.44554e-08
0.1171 -7.43129e-08
0.11719 -7.38565e-08
0.11728 -7.31265e-08
0.11737 -7.24838e-08
0.11746 -7.17338e-08
0.11755 -7.09885e-08
0.11764 -7.02374e-08
0.11773 -7.01314e-08
0.117819 -7.04486e-08
0.117909 -7.12609e-08
0.117999 -7.19323e-08
0.118089 -7.24927e-08
0.118179 -7.32967e-08
0.118269 -7.44424e-08
0.118359 -7.5349e-08
0.118449 -7.59518e-08
0.118539 -7.66307e-08
0.118629 -7.70666e-08
0.118718 -7.74275e-08
0.118808 -7.73996e-08
0.118898 -7.6964e-08
0.118988 -7.64444e-08
0.119078 -7.59635e-08
0.119168 -7.52681e-08
0.119258 -7.47948e-08
0.119348 -7.39006e-08
0.119438 -7.35804e-08
0.119528 -7.34247e-08
0.119617 -7.30457e-08
0.119707 -7.26433e-08
0.119797 -7.23752e-08
0.119887 -7.23183e-08
0.119977 -7.26402e-08
0.120067 -7.27419e-08
0.120157 -7.23512e-08
0.120247 -7.19659e-08
0.120337 -7.23074e-08
0.120427 -7.26646e-08
0.120517 -7.25307e-08
0.120606 -7.23518e-08
0.120696 -7.27871e-08
0.120786 -7.33367e-08
0.120876 -7.36736e-08
0.120966 -7.38899e-08
0.121056 -7.40164e-08
0.121146 -7.43177e-08
0.121236 -7.44694e-08
0.121326 -7.48293e-08
0.121416 -7.45798e-08
0.121505 -7.41783e-08
0.121595 -7.37047e-08
0.121685 -7.31765e-08
0.121775 -7.24212e-08
0.121865 -7.12623e-08
0.121955 -7.04353e-08
0.122045 -6.94595e-08
0.122135 -6.81824e-08
0.122225 -6.74639e-08
0.122315 -6.70254e-08
0.122405 -6.64949e-08
0.122494 -6.64376e-08
0.122584 -6.66758e-08
0.122674 -6.69716e-08
0.122764 -6.746e-08
0.122854 -6.80877e-08
0.122944 -6.88351e-08
0.123034 -6.89806e-08
0.123124 -6.96135e-08
0.123214 -7.05071e-08
0.123304 -7.07167e-08
0.123393 -7.07189e-08
0.123483 -7.06959e-08
0.123573 -6.96583e-08
0.123663 -6.87855e-08
0.123753 -6.71178e-08
0.123843 -6.58742e-08
0.123933 -6.41775e-08
0.124023 -6.3326e-08
0.124113 -6.23088e-08
0.124203 -6.14016e-08
0.124293 -6.06956e-08
0.124382 -6.02088e-08
0.124472 -6.01294e-08
0.124562 -6.12439e-08
0.124652 -6.26138e-08
0.124742 -6.34189e-08
0.124832 -6.43726e-08
0.124922 -6.55585e-08
0.125012 -6.6162e-08
0.125102 -6.65397e-08
0.125192 -6.74969e-08
0.125281 -6.80979e-08
0.125371 -6.86649e-08
0.125461 -6.9328e-08
0.125551 -6.94205e-08
0.125641 -6.89973e-08
0.125731 -6.83229e-08
0.125821 -6.77987e-08
0.125911 -6.72742e-08
0.126001 -6.68471e-08
0.126091 -6.5796e-08
0.126181 -6.57002e-08
0.12627 -6.48577e-08
0.12636 -6.4453e-08
0.12645 -6.35016e-08
0.12654 -6.32942e-08
0.12663 -6.27087e-08
0.12672 -6.26708e-08
0.12681 -6.27565e-08
0.1269 -6.30756e-08
0.12699 -6.32818e-08
0.12708 -6.39965e-08
0.127169 -6.39628e-08
0.127259 -6.348e-08
0.127349 -6.34718e-08
0.127439 -6.35492e-08
0.127529 -6.37538e-08
0.127619 -6.33583e-08
0.127709 -6.35432e-08
0.127799 -6.36322e-08
0.127889 -6.33017e-08
0.127979 -6.28387e-08
0.128068 -6.25231e-08
0.128158 -6.14181e-08
0.128248 -6.23729e-08
0.128338 -6.24979e-08
0.128428 -6.20092e-08
0.128518 -6.06621e-08
0.128608 -6.07021e-08
0.128698 -6.08545e-08
0.128788 -6.07231e-08
0.128878 -6.07032e-08
0.128968 -6.13248e-08
0.129057 -6.19995e-08
0.129147 -6.28753e-08
0.129237 -6.35353e-08
0.129327 -6.32338e-08
0.129417 -6.343e-08
0.129507 -6.3998e-08
0.129597 -6.51309e-08
0.129687 -6.58347e-08
0.129777 -6.63862e-08
0.129867 -6.65209e-08
0.129956 -6.61617e-08
0.130046 -6.51898e-08
0.130136 -6.43106e-08
0.130226 -6.28656e-08
0.130316 -6.0994e-08
0.130406 -6.03441e-08
0.130496 -5.92112e-08
0.130586 -5.8042e-08
0.130676 -5.69567e-08
0.130766 -5.57009e-08
0.130856 -5.45913e-08
0.130945 -5.43722e-08
0.131035 -5.43022e-08
0.131125 -5.44631e-08
0.131215 -5.46449e-08
0.131305 -5.56986e-08
0.131395 -5.66404e-08
0.131485 -5.7101e-08
0.131575 -5.77364e-08
0.131665 -5.81064e-08
0.131755 -5.91458e-08
0.131844 -5.96262e-08
0.131934 -6.00014e-08
0.132024 -6.04387e-08
0.132114 -6.09191e-08
0.132204 -6.18046e-08
0.132294 -6.26813e-08
0.132384 -6.31455e-08
0.132474 -6.32043e-08
0.132564 -6.3027e-08
0.132654 -6.267e-08
0.132744 -6.28695e-08
0.132833 -6.27316e-08
0.132923 -6.33176e-08
0.133013 -6.30294e-08
0.133103 -6.3043e-08
0.133193 -6.21684e-08
0.133283 -6.14646e-08
0.133373 -6.07898e-08
0.133463 -6.01217e-08
0.133553 -5.98612e-08
0.133643 -6.01183e-08
0.133732 -6.01665e-08
0.133822 -6.02071e-08
0.133912 -6.01121e-08
0.134002 -5.96668e-08
0.134092 -5.95316e-08
0.134182 -5.91152e-08
0.134272 -5.88605e-08
0.134362 -5.84604e-08
0.134452 -5.79079e-08
0.134542 -5.73229e-08
0.134631 -5.6557e-08
0.134721 -5.51356e-08
0.134811 -5.40346e-08
