-0.134811 -2.41511e-08
-0.134721 -2.34491e-08
-0.134631 -2.3109e-08
-0.134542 -2.30116e-08
-0.134452 -2.32218e-08
-0.134362 -2.36428e-08
-0.134272 -2.33817e-08
-0.134182 -2.36442e-08
-0.134092 -2.34702e-08
-0.134002 -2.37648e-08
-0.133912 -2.35991e-08
-0.133822 -2.41565e-08
-0.133732 -2.4303e-08
-0.133642 -2.35808e-08
-0.133553 -2.19878e-08
-0.133463 -2.08211e-08
-0.133373 -1.87874e-08
-0.133283 -1.76551e-08
-0.133193 -1.65626e-08
-0.133103 -1.60671e-08
-0.133013 -1.64771e-08
-0.132923 -1.65916e-08
-0.132833 -1.67288e-08
-0.132743 -1.79551e-08
-0.132654 -1.94709e-08
-0.132564 -2.13034e-08
-0.132474 -2.38866e-08
-0.132384 -2.51503e-08
-0.132294 -2.70114e-08
-0.132204 -2.77986e-08
-0.132114 -2.87689e-08
-0.132024 -2.88155e-08
-0.131934 -2.88493e-08
-0.131844 -2.96161e-08
-0.131754 -3.02424e-08
-0.131665 -2.99151e-08
-0.131575 -3.00156e-08
-0.131485 -2.9572e-08
-0.131395 -2.91894e-08
-0.131305 -2.89893e-08
-0.131215 -2.91592e-08
-0.131125 -2.93242e-08
-0.131035 -2.92649e-08
-0.130945 -2.89737e-08
-0.130855 -2.88688e-08
-0.130766 -2.83025e-08
-0.130676 -2.78836e-08
-0.130586 -2.76241e-08
-0.130496 -2.66479e-08
-0.130406 -2.60541e-08
-0.130316 -2.60804e-08
-0.130226 -2.57631e-08
-0.130136 -2.52408e-08
-0.130046 -2.48733e-08
-0.129956 -2.46769e-08
-0.129867 -2.50334e-08
-0.129777 -2.52382e-08
-0.129687 -2.52878e-08
-0.129597 -2.74922e-08
-0.129507 -3.11984e-08
-0.129417 -3.47709e-08
-0.129327 -3.82104e-08
-0.129237 -3.99263e-08
-0.129147 -4.22344e-08
-0.129057 -4.64575e-08
-0.128967 -4.98671e-08
-0.128878 -5.17502e-08
-0.128788 -5.37557e-08
-0.128698 -5.47328e-08
-0.128608 -5.55239e-08
-0.128518 -5.54201e-08
-0.128428 -5.56864e-08
-0.128338 -5.51856e-08
-0.128248 -5.54605e-08
-0.128158 -5.47028e-08
-0.128068 -5.29267e-08
-0.127979 -5.09715e-08
-0.127889 -4.8216e-08
-0.127799 -4.60686e-08
-0.127709 -4.40255e-08
-0.127619 -4.21335e-08
-0.127529 -4.07482e-08
-0.127439 -3.9212e-08
-0.127349 -3.75079e-08
-0.127259 -3.58511e-08
-0.127169 -3.46536e-08
-0.127079 -3.40384e-08
-0.12699 -3.3155e-08
-0.1269 -3.26924e-08
-0.12681 -3.19249e-08
-0.12672 -3.15376e-08
-0.12663 -3.13002e-08
-0.12654 -3.12279e-08
-0.12645 -3.12334e-08
-0.12636 -3.22058e-08
-0.12627 -3.30472e-08
-0.12618 -3.4383e-08
-0.126091 -3.52005e-08
-0.126001 -3.65252e-08
-0.125911 -3.81742e-08
-0.125821 -4.0203e-08
-0.125731 -4.15803e-08
-0.125641 -4.32496e-08
-0.125551 -4.44141e-08
-0.125461 -4.54645e-08
-0.125371 -4.61586e-08
-0.125281 -4.68494e-08
-0.125191 -4.75412e-08
-0.125102 -4.75535e-08
-0.125012 -4.74874e-08
-0.124922 -4.74301e-08
-0.124832 -4.77648e-08
-0.124742 -4.78737e-08
-0.124652 -4.80132e-08
-0.124562 -4.76308e-08
-0.124472 -4.77415e-08
-0.124382 -4.80178e-08
-0.124292 -4.78763e-08
-0.124203 -4.76021e-08
-0.124113 -4.74081e-08
-0.124023 -4.77167e-08
-0.123933 -4.74852e-08
-0.123843 -4.70178e-08
-0.123753 -4.67544e-08
-0.123663 -4.60793e-08
-0.123573 -4.62763e-08
-0.123483 -4.62783e-08
-0.123393 -4.61157e-08
-0.123304 -4.56853e-08
-0.123214 -4.5165e-08
-0.123124 -4.52756e-08
-0.123034 -4.51697e-08
-0.122944 -4.53679e-08
-0.122854 -4.59685e-08
-0.122764 -4.62843e-08
-0.122674 -4.64439e-08
-0.122584 -4.62775e-08
-0.122494 -4.59788e-08
-0.122404 -4.58813e-08
-0.122315 -4.55101e-08
-0.122225 -4.51341e-08
-0.122135 -4.49569e-08
-0.122045 -4.56284e-08
-0.121955 -4.58486e-08
-0.121865 -4.55109e-08
-0.121775 -4.54537e-08
-0.121685 -4.58939e-08
-0.121595 -4.6301e-08
-0.121505 -4.6783e-08
-0.121416 -4.71423e-08
-0.121326 -4.76617e-08
-0.121236 -4.83386e-08
-0.121146 -4.85225e-08
-0.121056 -4.86453e-08
-0.120966 -4.82826e-08
-0.120876 -4.84499e-08
-0.120786 -4.89158e-08
-0.120696 -4.89318e-08
-0.120606 -4.89788e-08
-0.120516 -4.90813e-08
-0.120427 -4.89837e-08
-0.120337 -4.89598e-08
-0.120247 -4.87782e-08
-0.120157 -4.84588e-08
-0.120067 -4.82357e-08
-0.119977 -4.80987e-08
-0.119887 -4.81354e-08
-0.119797 -4.7883e-08
-0.119707 -4.7639e-08
-0.119617 -4.77742e-08
-0.119528 -4.78768e-08
-0.119438 -4.85027e-08
-0.119348 -4.96883e-08
-0.119258 -5.07845e-08
-0.119168 -5.19969e-08
-0.119078 -5.32008e-08
-0.118988 -5.45275e-08
-0.118898 -5.60002e-08
-0.118808 -5.71457e-08
-0.118718 -5.7848e-08
-0.118628 -5.82263e-08
-0.118539 -5.78469e-08
-0.118449 -5.74718e-08
-0.118359 -5.7274e-08
-0.118269 -5.66495e-08
-0.118179 -5.59174e-08
-0.118089 -5.5005e-08
-0.117999 -5.38281e-08
-0.117909 -5.26305e-08
-0.117819 -5.12757e-08
-0.117729 -5.05182e-08
-0.11764 -5.0192e-08
-0.11755 -4.99342e-08
-0.11746 -4.93951e-08
-0.11737 -4.90446e-08
-0.11728 -4.87521e-08
-0.11719 -4.86719e-08
-0.1171 -4.86189e-08
-0.11701 -4.88803e-08
-0.11692 -4.90189e-08
-0.11683 -4.94197e-08
-0.116741 -4.96001e-08
-0.116651 -4.98076e-08
-0.116561 -5.00555e-08
-0.116471 -5.03e-08
-0.116381 -5.04903e-08
-0.116291 -5.09478e-08
-0.116201 -5.12614e-08
-0.116111 -5.17974e-08
-0.116021 -5.22707e-08
-0.115931 -5.32433e-08
-0.115841 -5.39896e-08
-0.115752 -5.45272e-08
-0.115662 -5.51277e-08
-0.115572 -5.56149e-08
-0.115482 -5.62184e-08
-0.115392 -5.68645e-08
-0.115302 -5.78709e-08
-0.115212 -5.89017e-08
-0.115122 -5.97978e-08
-0.115032 -6.05026e-08
-0.114942 -6.08179e-08
-0.114853 -6.13188e-08
-0.114763 -6.18113e-08
-0.114673 -6.20492e-08
-0.114583 -6.22597e-08
-0.114493 -6.21285e-08
-0.114403 -6.19035e-08
-0.114313 -6.14937e-08
-0.114223 -6.08573e-08
-0.114133 -6.03444e-08
-0.114043 -5.99036e-08
-0.113953 -5.96521e-08
-0.113864 -5.94957e-08
-0.113774 -5.92044e-08
-0.113684 -5.86699e-08
-0.113594 -5.82693e-08
-0.113504 -5.78755e-08
-0.113414 -5.75379e-08
-0.113324 -5.76098e-08
-0.113234 -5.77499e-08
-0.113144 -5.81528e-08
-0.113054 -5.82566e-08
-0.112965 -5.82109e-08
-0.112875 -5.80197e-08
-0.112785 -5.79416e-08
-0.112695 -5.79213e-08
-0.112605 -5.80714e-08
-0.112515 -5.83941e-08
-0.112425 -5.87147e-08
-0.112335 -5.91503e-08
-0.112245 -5.95372e-08
-0.112155 -5.99607e-08
-0.112065 -6.01375e-08
-0.111976 -6.0557e-08
-0.111886 -6.0617e-08
-0.111796 -6.06859e-08
-0.111706 -6.1141e-08
-0.111616 -6.16695e-08
-0.111526 -6.18426e-08
-0.111436 -6.1908e-08
-0.111346 -6.19972e-08
-0.111256 -6.15688e-08
-0.111166 -6.13085e-08
-0.111077 -6.08044e-08
-0.110987 -6.00145e-08
-0.110897 -5.90186e-08
-0.110807 -5.81981e-08
-0.110717 -5.71687e-08
-0.110627 -5.62634e-08
-0.110537 -5.56258e-08
-0.110447 -5.52486e-08
-0.110357 -5.49617e-08
-0.110267 -5.46294e-08
-0.110178 -5.45248e-08
-0.110088 -5.4382e-08
-0.109998 -5.37427e-08
-0.109908 -5.32343e-08
-0.109818 -5.32095e-08
-0.109728 -5.31887e-08
-0.109638 -5.30825e-08
-0.109548 -5.26109e-08
-0.109458 -5.22232e-08
-0.109368 -5.14562e-08
-0.109278 -5.08725e-08
-0.109189 -5.01146e-08
-0.109099 -5.01702e-08
-0.109009 -5.02149e-08
-0.108919 -5.05854e-08
-0.108829 -5.10008e-08
-0.108739 -5.1297e-08
-0.108649 -5.17044e-08
-0.108559 -5.19388e-08
-0.108469 -5.20734e-08
-0.108379 -5.24314e-08
-0.10829 -5.26136e-08
-0.1082 -5.27793e-08
-0.10811 -5.30949e-08
-0.10802 -5.32447e-08
-0.10793 -5.34592e-08
-0.10784 -5.35676e-08
-0.10775 -5.34952e-08
-0.10766 -5.33751e-08
-0.10757 -5.32961e-08
-0.10748 -5.32407e-08
-0.10739 -5.32632e-08
-0.107301 -5.341e-08
-0.107211 -5.34961e-08
-0.107121 -5.34826e-08
-0.107031 -5.34893e-08
-0.106941 -5.31361e-08
-0.106851 -5.28253e-08
-0.106761 -5.27158e-08
-0.106671 -5.27005e-08
-0.106581 -5.25763e-08
-0.106491 -5.21317e-08
-0.106402 -5.15798e-08
-0.106312 -5.12235e-08
-0.106222 -5.08371e-08
-0.106132 -5.05889e-08
-0.106042 -5.03715e-08
-0.105952 -4.98424e-08
-0.105862 -4.97521e-08
-0.105772 -4.94972e-08
-0.105682 -4.9235e-08
-0.105592 -4.90294e-08
-0.105502 -4.89145e-08
-0.105413 -4.88149e-08
-0.105323 -4.87871e-08
-0.105233 -4.87677e-08
-0.105143 -4.86975e-08
-0.105053 -4.87327e-08
-0.104963 -4.87915e-08
-0.104873 -4.88006e-08
-0.104783 -4.88007e-08
-0.104693 -4.89646e-08
-0.104603 -4.89945e-08
-0.104514 -4.89737e-08
-0.104424 -4.89681e-08
-0.104334 -4.91265e-08
-0.104244 -4.93083e-08
-0.104154 -4.94013e-08
-0.104064 -4.94855e-08
-0.103974 -4.96528e-08
-0.103884 -4.97299e-08
-0.103794 -4.98175e-08
-0.103704 -4.99821e-08
-0.103614 -5.01323e-08
-0.103525 -5.01572e-08
-0.103435 -5.014e-08
-0.103345 -5.01496e-08
-0.103255 -5.02609e-08
-0.103165 -5.01386e-08
-0.103075 -5.01689e-08
-0.102985 -5.01038e-08
-0.102895 -5.00061e-08
-0.102805 -5.00406e-08
-0.102715 -4.98799e-08
-0.102626 -4.98352e-08
-0.102536 -4.98751e-08
-0.102446 -5.00486e-08
-0.102356 -5.02965e-08
-0.102266 -5.06699e-08
-0.102176 -5.09176e-08
-0.102086 -5.12378e-08
-0.101996 -5.16145e-08
-0.101906 -5.19687e-08
-0.101816 -5.21655e-08
-0.101727 -5.23791e-08
-0.101637 -5.26069e-08
-0.101547 -5.26623e-08
-0.101457 -5.27835e-08
-0.101367 -5.2979e-08
-0.101277 -5.3022e-08
-0.101187 -5.30997e-08
-0.101097 -5.30802e-08
-0.101007 -5.30382e-08
-0.100917 -5.29652e-08
-0.100827 -5.28212e-08
-0.100738 -5.26557e-08
-0.100648 -5.27303e-08
-0.100558 -5.26392e-08
-0.100468 -5.25737e-08
-0.100378 -5.23771e-08
-0.100288 -5.21926e-08
-0.100198 -5.19959e-08
-0.100108 -5.18026e-08
-0.100018 -5.16379e-08
-0.0999284 -5.14535e-08
-0.0998385 -5.14101e-08
-0.0997486 -5.14333e-08
-0.0996587 -5.15857e-08
-0.0995688 -5.16979e-08
-0.0994789 -5.18316e-08
-0.099389 -5.20221e-08
-0.0992991 -5.21317e-08
-0.0992092 -5.22601e-08
-0.0991193 -5.2319e-08
-0.0990294 -5.23337e-08
-0.0989395 -5.25136e-08
-0.0988496 -5.25746e-08
-0.0987597 -5.26736e-08
-0.0986698 -5.26786e-08
-0.0985799 -5.26029e-08
-0.09849 -5.26237e-08
-0.0984001 -5.25535e-08
-0.0983102 -5.23655e-08
-0.0982202 -5.2193e-08
-0.0981303 -5.20695e-08
-0.0980404 -5.19598e-08
-0.0979505 -5.18295e-08
-0.0978606 -5.18483e-08
-0.0977707 -5.17817e-08
-0.0976808 -5.17615e-08
-0.0975909 -5.17915e-08
-0.097501 -5.172e-08
-0.0974111 -5.17042e-08
-0.0973212 -5.18259e-08
-0.0972313 -5.19885e-08
-0.0971414 -5.21115e-08
-0.0970515 -5.21381e-08
-0.0969616 -5.20556e-08
-0.0968717 -5.20295e-08
-0.0967818 -5.19034e-08
-0.0966919 -5.1755e-08
-0.096602 -5.16696e-08
-0.0965121 -5.15356e-08
-0.0964222 -5.13423e-08
-0.0963323 -5.12006e-08
-0.0962424 -5.10481e-08
-0.0961525 -5.09765e-08
-0.0960626 -5.09591e-08
-0.0959726 -5.10505e-08
-0.0958827 -5.11569e-08
-0.0957928 -5.11594e-08
-0.0957029 -5.11738e-08
-0.095613 -5.12605e-08
-0.0955231 -5.1308e-08
-0.0954332 -5.14091e-08
-0.0953433 -5.15722e-08
-0.0952534 -5.17863e-08
-0.0951635 -5.19977e-08
-0.0950736 -5.22027e-08
-0.0949837 -5.23678e-08
-0.0948938 -5.25695e-08
-0.0948039 -5.28489e-08
-0.094714 -5.31324e-08
-0.0946241 -5.34743e-08
-0.0945342 -5.37856e-08
-0.0944443 -5.41158e-08
-0.0943544 -5.43908e-08
-0.0942645 -5.47281e-08
-0.0941746 -5.49182e-08
-0.0940847 -5.51349e-08
-0.0939948 -5.53652e-08
-0.0939049 -5.55443e-08
-0.0938149 -5.57504e-08
-0.093725 -5.58936e-08
-0.0936351 -5.60118e-08
-0.0935452 -5.60349e-08
-0.0934553 -5.60311e-08
-0.0933654 -5.60421e-08
-0.0932755 -5.60746e-08
-0.0931856 -5.60303e-08
-0.0930957 -5.60171e-08
-0.0930058 -5.58882e-08
-0.0929159 -5.57916e-08
-0.092826 -5.5733e-08
-0.0927361 -5.57004e-08
-0.0926462 -5.5705e-08
-0.0925563 -5.58113e-08
-0.0924664 -5.58857e-08
-0.0923765 -5.59406e-08
-0.0922866 -5.60419e-08
-0.0921967 -5.6169e-08
-0.0921068 -5.6251e-08
-0.0920169 -5.63741e-08
-0.091927 -5.65069e-08
-0.0918371 -5.66489e-08
-0.0917472 -5.67109e-08
-0.0916572 -5.67074e-08
-0.0915673 -5.67442e-08
-0.0914774 -5.66878e-08
-0.0913875 -5.66236e-08
-0.0912976 -5.65036e-08
-0.0912077 -5.63497e-08
-0.0911178 -5.61539e-08
-0.0910279 -5.59733e-08
-0.090938 -5.57914e-08
-0.0908481 -5.5626e-08
-0.0907582 -5.54871e-08
-0.0906683 -5.53618e-08
-0.0905784 -5.52704e-08
-0.0904885 -5.51687e-08
-0.0903986 -5.51206e-08
-0.0903087 -5.50942e-08
-0.0902188 -5.50871e-08
-0.0901289 -5.51483e-08
-0.090039 -5.52701e-08
-0.0899491 -5.54518e-08
-0.0898592 -5.5619e-08
-0.0897693 -5.58148e-08
-0.0896794 -5.58684e-08
-0.0895895 -5.59939e-08
-0.0894995 -5.60482e-08
-0.0894096 -5.60687e-08
-0.0893197 -5.61137e-08
-0.0892298 -5.61876e-08
-0.0891399 -5.62469e-08
-0.08905 -5.62229e-08
-0.0889601 -5.61868e-08
-0.0888702 -5.60936e-08
-0.0887803 -5.59895e-08
-0.0886904 -5.58262e-08
-0.0886005 -5.58301e-08
-0.0885106 -5.59076e-08
-0.0884207 -5.59225e-08
-0.0883308 -5.59011e-08
-0.0882409 -5.59335e-08
-0.088151 -5.59768e-08
-0.0880611 -5.60355e-08
-0.0879712 -5.61209e-08
-0.0878813 -5.62797e-08
-0.0877914 -5.64164e-08
-0.0877015 -5.65184e-08
-0.0876116 -5.65697e-08
-0.0875217 -5.65536e-08
-0.0874318 -5.65755e-08
-0.0873418 -5.66452e-08
-0.0872519 -5.67623e-08
-0.087162 -5.69102e-08
-0.0870721 -5.70896e-08
-0.0869822 -5.7355e-08
-0.0868923 -5.75582e-08
-0.0868024 -5.76501e-08
-0.0867125 -5.78468e-08
-0.0866226 -5.80269e-08
-0.0865327 -5.82059e-08
-0.0864428 -5.83375e-08
-0.0863529 -5.84551e-08
-0.086263 -5.86446e-08
-0.0861731 -5.87489e-08
-0.0860832 -5.88773e-08
-0.0859933 -5.89682e-08
-0.0859034 -5.90736e-08
-0.0858135 -5.9177e-08
-0.0857236 -5.93827e-08
-0.0856337 -5.9545e-08
-0.0855438 -5.97408e-08
-0.0854539 -5.99087e-08
-0.085364 -6.00532e-08
-0.0852741 -6.02701e-08
-0.0851841 -6.05039e-08
-0.0850942 -6.07369e-08
-0.0850043 -6.09703e-08
-0.0849144 -6.11933e-08
-0.0848245 -6.14129e-08
-0.0847346 -6.16435e-08
-0.0846447 -6.18711e-08
-0.0845548 -6.21623e-08
-0.0844649 -6.24199e-08
-0.084375 -6.26505e-08
-0.0842851 -6.28627e-08
-0.0841952 -6.30288e-08
-0.0841053 -6.32595e-08
-0.0840154 -6.34435e-08
-0.0839255 -6.35791e-08
-0.0838356 -6.36827e-08
-0.0837457 -6.38235e-08
-0.0836558 -6.39388e-08
-0.0835659 -6.40607e-08
-0.083476 -6.42866e-08
-0.0833861 -6.44681e-08
-0.0832962 -6.47941e-08
-0.0832063 -6.50101e-08
-0.0831164 -6.52473e-08
-0.0830264 -6.55414e-08
-0.0829365 -6.58403e-08
-0.0828466 -6.61345e-08
-0.0827567 -6.64042e-08
-0.0826668 -6.66577e-08
-0.0825769 -6.68769e-08
-0.082487 -6.7101e-08
-0.0823971 -6.7332e-08
-0.0823072 -6.75085e-08
-0.0822173 -6.76854e-08
-0.0821274 -6.79063e-08
-0.0820375 -6.81363e-08
-0.0819476 -6.83197e-08
-0.0818577 -6.84999e-08
-0.0817678 -6.87048e-08
-0.0816779 -6.88845e-08
-0.081588 -6.89518e-08
-0.0814981 -6.89834e-08
-0.0814082 -6.89963e-08
-0.0813183 -6.909e-08
-0.0812284 -6.91455e-08
-0.0811385 -6.91957e-08
-0.0810486 -6.93476e-08
-0.0809587 -6.94928e-08
-0.0808687 -6.97092e-08
-0.0807788 -6.9868e-08
-0.0806889 -6.98917e-08
-0.080599 -6.99419e-08
-0.0805091 -6.99858e-08
-0.0804192 -7.00435e-08
-0.0803293 -7.00908e-08
-0.0802394 -7.00941e-08
-0.0801495 -6.99587e-08
-0.0800596 -6.98781e-08
-0.0799697 -6.97785e-08
-0.0798798 -6.96331e-08
-0.0797899 -6.94822e-08
-0.0797 -6.92863e-08
-0.0796101 -6.9019e-08
-0.0795202 -6.8831e-08
-0.0794303 -6.86081e-08
-0.0793404 -6.84015e-08
-0.0792505 -6.82248e-08
-0.0791606 -6.80578e-08
-0.0790707 -6.80212e-08
-0.0789808 -6.78925e-08
-0.0788909 -6.76174e-08
-0.078801 -6.72809e-08
-0.078711 -6.69743e-08
-0.0786211 -6.66301e-08
-0.0785312 -6.61738e-08
-0.0784413 -6.57677e-08
-0.0783514 -6.52914e-08
-0.0782615 -6.48002e-08
-0.0781716 -6.40883e-08
-0.0780817 -6.34119e-08
-0.0779918 -6.25854e-08
-0.0779019 -6.15959e-08
-0.077812 -6.05517e-08
-0.0777221 -5.95122e-08
-0.0776322 -5.83726e-08
-0.0775423 -5.74939e-08
-0.0774524 -5.65765e-08
-0.0773625 -5.56709e-08
-0.0772726 -5.48725e-08
-0.0771827 -5.41372e-08
-0.0770928 -5.36274e-08
-0.0770029 -5.34399e-08
-0.076913 -5.31635e-08
-0.0768231 -5.29215e-08
-0.0767332 -5.27031e-08
-0.0766433 -5.25355e-08
-0.0765534 -5.23387e-08
-0.0764634 -5.21831e-08
-0.0763735 -5.19741e-08
-0.0762836 -5.18503e-08
-0.0761937 -5.16897e-08
-0.0761038 -5.15037e-08
-0.0760139 -5.12394e-08
-0.075924 -5.09764e-08
-0.0758341 -5.0777e-08
-0.0757442 -5.05571e-08
-0.0756543 -5.04167e-08
-0.0755644 -5.03017e-08
-0.0754745 -5.01639e-08
-0.0753846 -5.00206e-08
-0.0752947 -4.9731e-08
-0.0752048 -4.94236e-08
-0.0751149 -4.90358e-08
-0.075025 -4.87491e-08
-0.0749351 -4.84318e-08
-0.0748452 -4.80109e-08
-0.0747553 -4.76961e-08
-0.0746654 -4.73237e-08
-0.0745755 -4.69596e-08
-0.0744856 -4.66361e-08
-0.0743957 -4.63258e-08
-0.0743057 -4.609e-08
-0.0742158 -4.60156e-08
-0.0741259 -4.60344e-08
-0.074036 -4.60075e-08
-0.0739461 -4.59626e-08
-0.0738562 -4.58841e-08
-0.0737663 -4.58492e-08
-0.0736764 -4.58391e-08
-0.0735865 -4.57962e-08
-0.0734966 -4.57297e-08
-0.0734067 -4.56409e-08
-0.0733168 -4.54963e-08
-0.0732269 -4.53637e-08
-0.073137 -4.52167e-08
-0.0730471 -4.50529e-08
-0.0729572 -4.48779e-08
-0.0728673 -4.47463e-08
-0.0727774 -4.45865e-08
-0.0726875 -4.43663e-08
-0.0725976 -4.41702e-08
-0.0725077 -4.3991e-08
-0.0724178 -4.37882e-08
-0.0723279 -4.35772e-08
-0.072238 -4.34168e-08
-0.072148 -4.32538e-08
-0.0720581 -4.3104e-08
-0.0719682 -4.29459e-08
-0.0718783 -4.27469e-08
-0.0717884 -4.25669e-08
-0.0716985 -4.23862e-08
-0.0716086 -4.21764e-08
-0.0715187 -4.20168e-08
-0.0714288 -4.19112e-08
-0.0713389 -4.17574e-08
-0.071249 -4.16651e-08
-0.0711591 -4.16231e-08
-0.0710692 -4.15089e-08
-0.0709793 -4.137e-08
-0.0708894 -4.12634e-08
-0.0707995 -4.11688e-08
-0.0707096 -4.10605e-08
-0.0706197 -4.09614e-08
-0.0705298 -4.08523e-08
-0.0704399 -4.07792e-08
-0.07035 -4.06975e-08
-0.0702601 -4.06463e-08
-0.0701702 -4.06073e-08
-0.0700803 -4.06012e-08
-0.0699903 -4.05584e-08
-0.0699004 -4.05046e-08
-0.0698105 -4.04753e-08
-0.0697206 -4.04588e-08
-0.0696307 -4.04363e-08
-0.0695408 -4.04711e-08
-0.0694509 -4.04711e-08
-0.069361 -4.04818e-08
-0.0692711 -4.04793e-08
-0.0691812 -4.04882e-08
-0.0690913 -4.04616e-08
-0.0690014 -4.04539e-08
-0.0689115 -4.04579e-08
-0.0688216 -4.04664e-08
-0.0687317 -4.04942e-08
-0.0686418 -4.05351e-08
-0.0685519 -4.05563e-08
-0.068462 -4.05251e-08
-0.0683721 -4.05282e-08
-0.0682822 -4.05418e-08
-0.0681923 -4.0578e-08
-0.0681024 -4.05941e-08
-0.0680125 -4.05837e-08
-0.0679226 -4.06016e-08
-0.0678326 -4.05733e-08
-0.0677427 -4.05475e-08
-0.0676528 -4.05043e-08
-0.0675629 -4.04833e-08
-0.067473 -4.04938e-08
-0.0673831 -4.05131e-08
-0.0672932 -4.05362e-08
-0.0672033 -4.05743e-08
-0.0671134 -4.06307e-08
-0.0670235 -4.06953e-08
-0.0669336 -4.07492e-08
-0.0668437 -4.0798e-08
-0.0667538 -4.0841e-08
-0.0666639 -4.08975e-08
-0.066574 -4.09445e-08
-0.0664841 -4.09557e-08
-0.0663942 -4.09488e-08
-0.0663043 -4.09415e-08
-0.0662144 -4.09174e-08
-0.0661245 -4.08847e-08
-0.0660346 -4.08585e-08
-0.0659447 -4.08175e-08
-0.0658548 -4.07554e-08
-0.0657649 -4.0687e-08
-0.0656749 -4.05907e-08
-0.065585 -4.04722e-08
-0.0654951 -4.03868e-08
-0.0654052 -4.02882e-08
-0.0653153 -4.01985e-08
-0.0652254 -4.00777e-08
-0.0651355 -3.9982e-08
-0.0650456 -3.99215e-08
-0.0649557 -3.9863e-08
-0.0648658 -3.97832e-08
-0.0647759 -3.96871e-08
-0.064686 -3.95844e-08
-0.0645961 -3.94976e-08
-0.0645062 -3.9409e-08
-0.0644163 -3.9318e-08
-0.0643264 -3.92027e-08
-0.0642365 -3.90855e-08
-0.0641466 -3.89171e-08
-0.0640567 -3.87739e-08
-0.0639668 -3.86021e-08
-0.0638769 -3.84314e-08
-0.063787 -3.82987e-08
-0.0636971 -3.8142e-08
-0.0636072 -3.79747e-08
-0.0635172 -3.78515e-08
-0.0634273 -3.7706e-08
-0.0633374 -3.75609e-08
-0.0632475 -3.73916e-08
-0.0631576 -3.72177e-08
-0.0630677 -3.70406e-08
-0.0629778 -3.68703e-08
-0.0628879 -3.66885e-08
-0.062798 -3.65499e-08
-0.0627081 -3.63573e-08
-0.0626182 -3.61827e-08
-0.0625283 -3.60406e-08
-0.0624384 -3.58959e-08
-0.0623485 -3.57351e-08
-0.0622586 -3.55754e-08
-0.0621687 -3.54324e-08
-0.0620788 -3.52925e-08
-0.0619889 -3.51035e-08
-0.061899 -3.49078e-08
-0.0618091 -3.47005e-08
-0.0617192 -3.44787e-08
-0.0616293 -3.42628e-08
-0.0615394 -3.40237e-08
-0.0614495 -3.37635e-08
-0.0613595 -3.35316e-08
-0.0612696 -3.32829e-08
-0.0611797 -3.3033e-08
-0.0610898 -3.28166e-08
-0.0609999 -3.25799e-08
-0.06091 -3.23565e-08
-0.0608201 -3.21542e-08
-0.0607302 -3.19673e-08
-0.0606403 -3.17872e-08
-0.0605504 -3.16312e-08
-0.0604605 -3.1473e-08
-0.0603706 -3.13332e-08
-0.0602807 -3.11867e-08
-0.0601908 -3.10552e-08
-0.0601009 -3.09034e-08
-0.060011 -3.07465e-08
-0.0599211 -3.05938e-08
-0.0598312 -3.04505e-08
-0.0597413 -3.02816e-08
-0.0596514 -3.00988e-08
-0.0595615 -2.9904e-08
-0.0594716 -2.97226e-08
-0.0593817 -2.95245e-08
-0.0592918 -2.93384e-08
-0.0592018 -2.91846e-08
-0.0591119 -2.90839e-08
-0.059022 -2.89768e-08
-0.0589321 -2.88536e-08
-0.0588422 -2.87352e-08
-0.0587523 -2.86234e-08
-0.0586624 -2.85313e-08
-0.0585725 -2.84496e-08
-0.0584826 -2.8369e-08
-0.0583927 -2.82802e-08
-0.0583028 -2.82063e-08
-0.0582129 -2.81406e-08
-0.058123 -2.80717e-08
-0.0580331 -2.79966e-08
-0.0579432 -2.79167e-08
-0.0578533 -2.78347e-08
-0.0577634 -2.77869e-08
-0.0576735 -2.77304e-08
-0.0575836 -2.76544e-08
-0.0574937 -2.75826e-08
-0.0574038 -2.75067e-08
-0.0573139 -2.74424e-08
-0.057224 -2.73584e-08
-0.0571341 -2.72844e-08
-0.0570442 -2.72134e-08
-0.0569542 -2.71261e-08
-0.0568643 -2.70254e-08
-0.0567744 -2.69179e-08
-0.0566845 -2.6813e-08
-0.0565946 -2.67254e-08
-0.0565047 -2.66127e-08
-0.0564148 -2.64914e-08
-0.0563249 -2.63995e-08
-0.056235 -2.63205e-08
-0.0561451 -2.62632e-08
-0.0560552 -2.61805e-08
-0.0559653 -2.61172e-08
-0.0558754 -2.60541e-08
-0.0557855 -2.60026e-08
-0.0556956 -2.59618e-08
-0.0556057 -2.59267e-08
-0.0555158 -2.59228e-08
-0.0554259 -2.59149e-08
-0.055336 -2.58955e-08
-0.0552461 -2.588e-08
-0.0551562 -2.58822e-08
-0.0550663 -2.58843e-08
-0.0549764 -2.5912e-08
-0.0548865 -2.59405e-08
-0.0547965 -2.59853e-08
-0.0547066 -2.60045e-08
-0.0546167 -2.60118e-08
-0.0545268 -2.60168e-08
-0.0544369 -2.60307e-08
-0.054347 -2.60646e-08
-0.0542571 -2.60904e-08
-0.0541672 -2.61398e-08
-0.0540773 -2.61505e-08
-0.0539874 -2.61789e-08
-0.0538975 -2.62073e-08
-0.0538076 -2.62363e-08
-0.0537177 -2.62883e-08
-0.0536278 -2.63329e-08
-0.0535379 -2.63878e-08
-0.053448 -2.64644e-08
-0.0533581 -2.65094e-08
-0.0532682 -2.65485e-08
-0.0531783 -2.66034e-08
-0.0530884 -2.66565e-08
-0.0529985 -2.6722e-08
-0.0529086 -2.67914e-08
-0.0528187 -2.68464e-08
-0.0527288 -2.6908e-08
-0.0526388 -2.69588e-08
-0.0525489 -2.70101e-08
-0.052459 -2.70909e-08
-0.0523691 -2.71701e-08
-0.0522792 -2.72266e-08
-0.0521893 -2.72816e-08
-0.0520994 -2.73609e-08
-0.0520095 -2.74307e-08
-0.0519196 -2.75033e-08
-0.0518297 -2.75896e-08
-0.0517398 -2.7681e-08
-0.0516499 -2.77713e-08
-0.05156 -2.78372e-08
-0.0514701 -2.79038e-08
-0.0513802 -2.79496e-08
-0.0512903 -2.80022e-08
-0.0512004 -2.80949e-08
-0.0511105 -2.81509e-08
-0.0510206 -2.82133e-08
-0.0509307 -2.82804e-08
-0.0508408 -2.83456e-08
-0.0507509 -2.8392e-08
-0.050661 -2.84059e-08
-0.0505711 -2.84236e-08
-0.0504811 -2.84265e-08
-0.0503912 -2.84052e-08
-0.0503013 -2.83948e-08
-0.0502114 -2.83549e-08
-0.0501215 -2.83313e-08
-0.0500316 -2.82798e-08
-0.0499417 -2.82178e-08
-0.0498518 -2.81484e-08
-0.0497619 -2.80689e-08
-0.049672 -2.79811e-08
-0.0495821 -2.78767e-08
-0.0494922 -2.77541e-08
-0.0494023 -2.76177e-08
-0.0493124 -2.74774e-08
-0.0492225 -2.7355e-08
-0.0491326 -2.72369e-08
-0.0490427 -2.71241e-08
-0.0489528 -2.70332e-08
-0.0488629 -2.69125e-08
-0.048773 -2.67896e-08
-0.0486831 -2.66624e-08
-0.0485932 -2.65531e-08
-0.0485033 -2.64376e-08
-0.0484134 -2.63229e-08
-0.0483234 -2.62109e-08
-0.0482335 -2.6099e-08
-0.0481436 -2.59633e-08
-0.0480537 -2.58383e-08
-0.0479638 -2.56897e-08
-0.0478739 -2.55327e-08
-0.047784 -2.53609e-08
-0.0476941 -2.51982e-08
-0.0476042 -2.50306e-08
-0.0475143 -2.48563e-08
-0.0474244 -2.46857e-08
-0.0473345 -2.45068e-08
-0.0472446 -2.43431e-08
-0.0471547 -2.41762e-08
-0.0470648 -2.40312e-08
-0.0469749 -2.38915e-08
-0.046885 -2.37535e-08
-0.0467951 -2.36022e-08
-0.0467052 -2.34395e-08
-0.0466153 -2.32686e-08
-0.0465254 -2.30932e-08
-0.0464355 -2.2911e-08
-0.0463456 -2.27318e-08
-0.0462557 -2.25414e-08
-0.0461657 -2.23716e-08
-0.0460758 -2.22087e-08
-0.0459859 -2.20594e-08
-0.045896 -2.19166e-08
-0.0458061 -2.17768e-08
-0.0457162 -2.16106e-08
-0.0456263 -2.14621e-08
-0.0455364 -2.12998e-08
-0.0454465 -2.11702e-08
-0.0453566 -2.10139e-08
-0.0452667 -2.08397e-08
-0.0451768 -2.06692e-08
-0.0450869 -2.04952e-08
-0.044997 -2.03088e-08
-0.0449071 -2.01331e-08
-0.0448172 -1.99458e-08
-0.0447273 -1.97737e-08
-0.0446374 -1.95851e-08
-0.0445475 -1.94131e-08
-0.0444576 -1.92367e-08
-0.0443677 -1.9086e-08
-0.0442778 -1.89491e-08
-0.0441879 -1.88215e-08
-0.044098 -1.86878e-08
-0.044008 -1.85568e-08
-0.0439181 -1.84563e-08
-0.0438282 -1.83533e-08
-0.0437383 -1.82436e-08
-0.0436484 -1.8133e-08
-0.0435585 -1.80258e-08
-0.0434686 -1.79143e-08
-0.0433787 -1.77878e-08
-0.0432888 -1.76697e-08
-0.0431989 -1.75741e-08
-0.043109 -1.74803e-08
-0.0430191 -1.73854e-08
-0.0429292 -1.72993e-08
-0.0428393 -1.72242e-08
-0.0427494 -1.71364e-08
-0.0426595 -1.70438e-08
-0.0425696 -1.69474e-08
-0.0424797 -1.68698e-08
-0.0423898 -1.67896e-08
-0.0422999 -1.67402e-08
-0.04221 -1.66688e-08
-0.0421201 -1.65858e-08
-0.0420302 -1.65129e-08
-0.0419403 -1.64383e-08
-0.0418503 -1.63696e-08
-0.0417604 -1.63087e-08
-0.0416705 -1.62468e-08
-0.0415806 -1.61794e-08
-0.0414907 -1.61194e-08
-0.0414008 -1.60626e-08
-0.0413109 -1.6009e-08
-0.041221 -1.59533e-08
-0.0411311 -1.59045e-08
-0.0410412 -1.58566e-08
-0.0409513 -1.58012e-08
-0.0408614 -1.57483e-08
-0.0407715 -1.56962e-08
-0.0406816 -1.56462e-08
-0.0405917 -1.55834e-08
-0.0405018 -1.55191e-08
-0.0404119 -1.54649e-08
-0.040322 -1.54155e-08
-0.0402321 -1.53673e-08
-0.0401422 -1.53218e-08
-0.0400523 -1.52888e-08
-0.0399624 -1.52573e-08
-0.0398725 -1.52148e-08
-0.0397826 -1.5171e-08
-0.0396927 -1.51315e-08
-0.0396027 -1.51053e-08
-0.0395128 -1.50773e-08
-0.0394229 -1.5048e-08
-0.039333 -1.50255e-08
-0.0392431 -1.50013e-08
-0.0391532 -1.50121e-08
-0.0390633 -1.5015e-08
-0.0389734 -1.50167e-08
-0.0388835 -1.50251e-08
-0.0387936 -1.50262e-08
-0.0387037 -1.50303e-08
-0.0386138 -1.50372e-08
-0.0385239 -1.50454e-08
-0.038434 -1.50343e-08
-0.0383441 -1.50284e-08
-0.0382542 -1.50254e-08
-0.0381643 -1.50262e-08
-0.0380744 -1.50279e-08
-0.0379845 -1.50334e-08
-0.0378946 -1.50369e-08
-0.0378047 -1.50287e-08
-0.0377148 -1.50142e-08
-0.0376249 -1.4991e-08
-0.037535 -1.49457e-08
-0.037445 -1.48872e-08
-0.0373551 -1.48267e-08
-0.0372652 -1.47691e-08
-0.0371753 -1.47094e-08
-0.0370854 -1.465e-08
-0.0369955 -1.45902e-08
-0.0369056 -1.45314e-08
-0.0368157 -1.4465e-08
-0.0367258 -1.43951e-08
-0.0366359 -1.4315e-08
-0.036546 -1.42326e-08
-0.0364561 -1.41469e-08
-0.0363662 -1.40875e-08
-0.0362763 -1.40452e-08
-0.0361864 -1.40006e-08
-0.0360965 -1.39464e-08
-0.0360066 -1.3901e-08
-0.0359167 -1.38507e-08
-0.0358268 -1.3796e-08
-0.0357369 -1.37331e-08
-0.035647 -1.36769e-08
-0.0355571 -1.36146e-08
-0.0354672 -1.35566e-08
-0.0353773 -1.3509e-08
-0.0352873 -1.34672e-08
-0.0351974 -1.34338e-08
-0.0351075 -1.34057e-08
-0.0350176 -1.33737e-08
-0.0349277 -1.33345e-08
-0.0348378 -1.33045e-08
-0.0347479 -1.32713e-08
-0.034658 -1.3224e-08
-0.0345681 -1.31784e-08
-0.0344782 -1.31281e-08
-0.0343883 -1.30711e-08
-0.0342984 -1.30121e-08
-0.0342085 -1.29524e-08
-0.0341186 -1.28878e-08
-0.0340287 -1.28113e-08
-0.0339388 -1.27385e-08
-0.0338489 -1.26791e-08
-0.033759 -1.26088e-08
-0.0336691 -1.25268e-08
-0.0335792 -1.24436e-08
-0.0334893 -1.23517e-08
-0.0333994 -1.22803e-08
-0.0333095 -1.22175e-08
-0.0332196 -1.21557e-08
-0.0331296 -1.21067e-08
-0.0330397 -1.20437e-08
-0.0329498 -1.19762e-08
-0.0328599 -1.19204e-08
-0.03277 -1.18705e-08
-0.0326801 -1.18174e-08
-0.0325902 -1.17588e-08
-0.0325003 -1.17018e-08
-0.0324104 -1.16394e-08
-0.0323205 -1.15937e-08
-0.0322306 -1.15495e-08
-0.0321407 -1.15202e-08
-0.0320508 -1.14961e-08
-0.0319609 -1.14536e-08
-0.031871 -1.14174e-08
-0.0317811 -1.13857e-08
-0.0316912 -1.13528e-08
-0.0316013 -1.13292e-08
-0.0315114 -1.12994e-08
-0.0314215 -1.12757e-08
-0.0313316 -1.12495e-08
-0.0312417 -1.12136e-08
-0.0311518 -1.11825e-08
-0.0310619 -1.11561e-08
-0.0309719 -1.11184e-08
-0.030882 -1.10658e-08
-0.0307921 -1.10212e-08
-0.0307022 -1.09721e-08
-0.0306123 -1.09139e-08
-0.0305224 -1.08547e-08
-0.0304325 -1.08094e-08
-0.0303426 -1.07696e-08
-0.0302527 -1.07195e-08
-0.0301628 -1.06831e-08
-0.0300729 -1.06361e-08
-0.029983 -1.05911e-08
-0.0298931 -1.0543e-08
-0.0298032 -1.05065e-08
-0.0297133 -1.04619e-08
-0.0296234 -1.04137e-08
-0.0295335 -1.03639e-08
-0.0294436 -1.03061e-08
-0.0293537 -1.0262e-08
-0.0292638 -1.02104e-08
-0.0291739 -1.01529e-08
-0.029084 -1.01055e-08
-0.0289941 -1.00544e-08
-0.0289042 -9.99908e-09
-0.0288142 -9.95889e-09
-0.0287243 -9.92624e-09
-0.0286344 -9.89619e-09
-0.0285445 -9.87791e-09
-0.0284546 -9.85052e-09
-0.0283647 -9.82474e-09
-0.0282748 -9.79364e-09
-0.0281849 -9.77286e-09
-0.028095 -9.75571e-09
-0.0280051 -9.75779e-09
-0.0279152 -9.7472e-09
-0.0278253 -9.72697e-09
-0.0277354 -9.71502e-09
-0.0276455 -9.68964e-09
-0.0275556 -9.67447e-09
-0.0274657 -9.65136e-09
-0.0273758 -9.63069e-09
-0.0272859 -9.61653e-09
-0.027196 -9.60121e-09
-0.0271061 -9.59242e-09
-0.0270162 -9.59933e-09
-0.0269263 -9.60892e-09
-0.0268364 -9.61304e-09
-0.0267465 -9.62397e-09
-0.0266565 -9.62951e-09
-0.0265666 -9.62384e-09
-0.0264767 -9.6146e-09
-0.0263868 -9.61205e-09
-0.0262969 -9.62251e-09
-0.026207 -9.63385e-09
-0.0261171 -9.64904e-09
-0.0260272 -9.65195e-09
-0.0259373 -9.653e-09
-0.0258474 -9.66225e-09
-0.0257575 -9.67294e-09
-0.0256676 -9.68843e-09
-0.0255777 -9.6962e-09
-0.0254878 -9.71921e-09
-0.0253979 -9.74067e-09
-0.025308 -9.76731e-09
-0.0252181 -9.80485e-09
-0.0251282 -9.84393e-09
-0.0250383 -9.88057e-09
-0.0249484 -9.9255e-09
-0.0248585 -9.9612e-09
-0.0247686 -9.99167e-09
-0.0246787 -1.00135e-08
-0.0245888 -1.00297e-08
-0.0244988 -1.00401e-08
-0.0244089 -1.00545e-08
-0.024319 -1.00728e-08
-0.0242291 -1.00918e-08
-0.0241392 -1.01193e-08
-0.0240493 -1.01533e-08
-0.0239594 -1.01709e-08
-0.0238695 -1.0186e-08
-0.0237796 -1.01966e-08
-0.0236897 -1.02048e-08
-0.0235998 -1.0214e-08
-0.0235099 -1.02214e-08
-0.02342 -1.02215e-08
-0.0233301 -1.02302e-08
-0.0232402 -1.02404e-08
-0.0231503 -1.02518e-08
-0.0230604 -1.02635e-08
-0.0229705 -1.02774e-08
-0.0228806 -1.02782e-08
-0.0227907 -1.02754e-08
-0.0227008 -1.02788e-08
-0.0226109 -1.0283e-08
-0.022521 -1.03107e-08
-0.0224311 -1.03295e-08
-0.0223411 -1.03494e-08
-0.0222512 -1.03738e-08
-0.0221613 -1.03973e-08
-0.0220714 -1.04235e-08
-0.0219815 -1.04431e-08
-0.0218916 -1.04655e-08
-0.0218017 -1.05023e-08
-0.0217118 -1.05449e-08
-0.0216219 -1.05832e-08
-0.021532 -1.06229e-08
-0.0214421 -1.06775e-08
-0.0213522 -1.07294e-08
-0.0212623 -1.07586e-08
-0.0211724 -1.07923e-08
-0.0210825 -1.08242e-08
-0.0209926 -1.0857e-08
-0.0209027 -1.08958e-08
-0.0208128 -1.09352e-08
-0.0207229 -1.09746e-08
-0.020633 -1.10213e-08
-0.0205431 -1.10641e-08
-0.0204532 -1.11071e-08
-0.0203633 -1.11576e-08
-0.0202734 -1.12032e-08
-0.0201835 -1.12429e-08
-0.0200935 -1.12799e-08
-0.0200036 -1.13223e-08
-0.0199137 -1.13645e-08
-0.0198238 -1.14072e-08
-0.0197339 -1.14505e-08
-0.019644 -1.14921e-08
-0.0195541 -1.15146e-08
-0.0194642 -1.15399e-08
-0.0193743 -1.15675e-08
-0.0192844 -1.16029e-08
-0.0191945 -1.16325e-08
-0.0191046 -1.16669e-08
-0.0190147 -1.17211e-08
-0.0189248 -1.17812e-08
-0.0188349 -1.18282e-08
-0.018745 -1.18758e-08
-0.0186551 -1.19156e-08
-0.0185652 -1.19439e-08
-0.0184753 -1.19638e-08
-0.0183854 -1.19766e-08
-0.0182955 -1.19874e-08
-0.0182056 -1.19999e-08
-0.0181157 -1.20136e-08
-0.0180258 -1.2032e-08
-0.0179358 -1.20471e-08
-0.0178459 -1.20577e-08
-0.017756 -1.20602e-08
-0.0176661 -1.20666e-08
-0.0175762 -1.20638e-08
-0.0174863 -1.20598e-08
-0.0173964 -1.20497e-08
-0.0173065 -1.2026e-08
-0.0172166 -1.19974e-08
-0.0171267 -1.19655e-08
-0.0170368 -1.19278e-08
-0.0169469 -1.18889e-08
-0.016857 -1.18453e-08
-0.0167671 -1.17956e-08
-0.0166772 -1.17495e-08
-0.0165873 -1.16991e-08
-0.0164974 -1.16462e-08
-0.0164075 -1.16084e-08
-0.0163176 -1.1568e-08
-0.0162277 -1.15262e-08
-0.0161378 -1.14757e-08
-0.0160479 -1.14331e-08
-0.015958 -1.1391e-08
-0.0158681 -1.13491e-08
-0.0157781 -1.13103e-08
-0.0156882 -1.12664e-08
-0.0155983 -1.12237e-08
-0.0155084 -1.11781e-08
-0.0154185 -1.11436e-08
-0.0153286 -1.11104e-08
-0.0152387 -1.10714e-08
-0.0151488 -1.10316e-08
-0.0150589 -1.09766e-08
-0.014969 -1.09307e-08
-0.0148791 -1.08891e-08
-0.0147892 -1.08416e-08
-0.0146993 -1.07991e-08
-0.0146094 -1.07481e-08
-0.0145195 -1.0695e-08
-0.0144296 -1.06478e-08
-0.0143397 -1.0601e-08
-0.0142498 -1.05551e-08
-0.0141599 -1.04986e-08
-0.01407 -1.04447e-08
-0.0139801 -1.03831e-08
-0.0138902 -1.03125e-08
-0.0138003 -1.02567e-08
-0.0137104 -1.01924e-08
-0.0136204 -1.01278e-08
-0.0135305 -1.00573e-08
-0.0134406 -9.98258e-09
-0.0133507 -9.89383e-09
-0.0132608 -9.82475e-09
-0.0131709 -9.75983e-09
-0.013081 -9.69114e-09
-0.0129911 -9.6264e-09
-0.0129012 -9.56033e-09
-0.0128113 -9.50449e-09
-0.0127214 -9.45891e-09
-0.0126315 -9.40896e-09
-0.0125416 -9.35331e-09
-0.0124517 -9.30203e-09
-0.0123618 -9.24952e-09
-0.0122719 -9.20285e-09
-0.012182 -9.15055e-09
-0.0120921 -9.11796e-09
-0.0120022 -9.0749e-09
-0.0119123 -9.03498e-09
-0.0118224 -8.99414e-09
-0.0117325 -8.9695e-09
-0.0116426 -8.95941e-09
-0.0115527 -8.9471e-09
-0.0114627 -8.92957e-09
-0.0113728 -8.92244e-09
-0.0112829 -8.92206e-09
-0.011193 -8.92068e-09
-0.0111031 -8.92062e-09
-0.0110132 -8.9416e-09
-0.0109233 -8.94578e-09
-0.0108334 -8.95638e-09
-0.0107435 -8.98315e-09
-0.0106536 -9.00302e-09
-0.0105637 -9.01043e-09
-0.0104738 -9.02134e-09
-0.0103839 -9.03339e-09
-0.010294 -9.04744e-09
-0.0102041 -9.07759e-09
-0.0101142 -9.09054e-09
-0.0100243 -9.1144e-09
-0.00993438 -9.1509e-09
-0.00984447 -9.18027e-09
-0.00975457 -9.21781e-09
-0.00966466 -9.24798e-09
-0.00957476 -9.28154e-09
-0.00948486 -9.30209e-09
-0.00939495 -9.33055e-09
-0.00930505 -9.36083e-09
-0.00921514 -9.37059e-09
-0.00912524 -9.37842e-09
-0.00903534 -9.3951e-09
-0.00894543 -9.40515e-09
-0.00885553 -9.42503e-09
-0.00876562 -9.45078e-09
-0.00867572 -9.48332e-09
-0.00858582 -9.51178e-09
-0.00849591 -9.54156e-09
-0.00840601 -9.55865e-09
-0.0083161 -9.58341e-09
-0.0082262 -9.60558e-09
-0.00813629 -9.61705e-09
-0.00804639 -9.63369e-09
-0.00795649 -9.64024e-09
-0.00786658 -9.6352e-09
-0.00777668 -9.63492e-09
-0.00768677 -9.64827e-09
-0.00759687 -9.63697e-09
-0.00750697 -9.62351e-09
-0.00741706 -9.61031e-09
-0.00732716 -9.58426e-09
-0.00723725 -9.57144e-09
-0.00714735 -9.55089e-09
-0.00705744 -9.52475e-09
-0.00696754 -9.49945e-09
-0.00687764 -9.47218e-09
-0.00678773 -9.44314e-09
-0.00669783 -9.41149e-09
-0.00660792 -9.38025e-09
-0.00651802 -9.32494e-09
-0.00642812 -9.24636e-09
-0.00633821 -9.15346e-09
-0.00624831 -9.06272e-09
-0.0061584 -8.97635e-09
-0.0060685 -8.88894e-09
-0.00597859 -8.80052e-09
-0.00588869 -8.70909e-09
-0.00579879 -8.61984e-09
-0.00570888 -8.53862e-09
-0.00561898 -8.44293e-09
-0.00552907 -8.34727e-09
-0.00543917 -8.23719e-09
-0.00534927 -8.10247e-09
-0.00525936 -7.97074e-09
-0.00516946 -7.83253e-09
-0.00507955 -7.69721e-09
-0.00498965 -7.56094e-09
-0.00489975 -7.42612e-09
-0.00480984 -7.29743e-09
-0.00471994 -7.16384e-09
-0.00463003 -7.03371e-09
-0.00454013 -6.89722e-09
-0.00445022 -6.77824e-09
-0.00436032 -6.65652e-09
-0.00427042 -6.52075e-09
-0.00418051 -6.39449e-09
-0.00409061 -6.25952e-09
-0.0040007 -6.12287e-09
-0.0039108 -5.99351e-09
-0.0038209 -5.86301e-09
-0.00373099 -5.732e-09
-0.00364109 -5.58756e-09
-0.00355118 -5.44499e-09
-0.00346128 -5.30352e-09
-0.00337137 -5.16846e-09
-0.00328147 -5.04149e-09
-0.00319157 -4.90294e-09
-0.00310166 -4.78019e-09
-0.00301176 -4.65225e-09
-0.00292185 -4.52497e-09
-0.00283195 -4.40353e-09
-0.00274205 -4.27624e-09
-0.00265214 -4.14828e-09
-0.00256224 -4.00655e-09
-0.00247233 -3.86264e-09
-0.00238243 -3.71222e-09
-0.00229252 -3.56098e-09
-0.00220262 -3.41507e-09
-0.00211272 -3.26316e-09
-0.00202281 -3.12355e-09
-0.00193291 -2.98953e-09
-0.001843 -2.86007e-09
-0.0017531 -2.72997e-09
-0.0016632 -2.6078e-09
-0.00157329 -2.47843e-09
-0.00148339 -2.34493e-09
-0.00139348 -2.20556e-09
-0.00130358 -2.0688e-09
-0.00121368 -1.91885e-09
-0.00112377 -1.77725e-09
-0.00103387 -1.62636e-09
-0.000943963 -1.47793e-09
-0.000854059 -1.33298e-09
-0.000764154 -1.19947e-09
-0.00067425 -1.07404e-09
-0.000584346 -9.48776e-10
-0.000494442 -8.14736e-10
-0.000404538 -6.84364e-10
-0.000314634 -5.56695e-10
-0.00022473 -4.16712e-10
-0.000134825 -2.78553e-10
-4.49212e-05 -1.49334e-10
4.49829e-05 0
0.000134887 1.50986e-10
0.000224791 3.03274e-10
0.000314695 4.44963e-10
0.0004046 5.80313e-10
0.000494504 7.29203e-10
0.000584408 8.81921e-10
0.000674312 1.03088e-09
0.000764216 1.18402e-09
0.00085412 1.33501e-09
0.000944024 1.48003e-09
0.00103393 1.62812e-09
0.00112383 1.78447e-09
0.00121374 1.94363e-09
0.00130364 2.10294e-09
0.00139355 2.2549e-09
0.00148345 2.42139e-09
0.00157335 2.58345e-09
0.00166326 2.75441e-09
0.00175316 2.91995e-09
0.00184307 3.08899e-09
0.00193297 3.24805e-09
0.00202287 3.40078e-09
0.00211278 3.55168e-09
0.00220268 3.70254e-09
0.00229259 3.85672e-09
0.00238249 4.01162e-09
0.00247239 4.17613e-09
0.0025623 4.33784e-09
0.0026522 4.49917e-09
0.00274211 4.66503e-09
0.00283201 4.82578e-09
0.00292192 4.97192e-09
0.00301182 5.11861e-09
0.00310172 5.25836e-09
0.00319163 5.39261e-09
0.00328153 5.53772e-09
0.00337144 5.67454e-09
0.00346134 5.80613e-09
0.00355124 5.94889e-09
0.00364115 6.08644e-09
0.00373105 6.22704e-09
0.00382096 6.37376e-09
0.00391086 6.5133e-09
0.00400077 6.64654e-09
0.00409067 6.77567e-09
0.00418057 6.89523e-09
0.00427048 7.01841e-09
0.00436038 7.14664e-09
0.00445029 7.26694e-09
0.00454019 7.38517e-09
0.00463009 7.49755e-09
0.00472 7.60487e-09
0.0048099 7.7161e-09
0.00489981 7.83438e-09
0.00498971 7.94114e-09
0.00507962 8.04631e-09
0.00516952 8.14895e-09
0.00525942 8.24714e-09
0.00534933 8.34288e-09
0.00543923 8.44189e-09
0.00552914 8.53573e-09
0.00561904 8.62249e-09
0.00570894 8.70915e-09
0.00579885 8.78674e-09
0.00588875 8.87276e-09
0.00597866 8.95003e-09
0.00606856 9.02953e-09
0.00615846 9.10346e-09
0.00624837 9.1703e-09
0.00633827 9.2343e-09
0.00642818 9.29437e-09
0.00651808 9.35844e-09
0.00660799 9.42605e-09
0.00669789 9.48453e-09
0.00678779 9.54257e-09
0.0068777 9.59807e-09
0.0069676 9.65437e-09
0.00705751 9.70641e-09
0.00714741 9.74859e-09
0.00723731 9.79233e-09
0.00732722 9.83057e-09
0.00741712 9.87158e-09
0.00750703 9.9104e-09
0.00759693 9.95322e-09
0.00768684 9.99667e-09
0.00777674 1.00351e-08
0.00786664 1.00785e-08
0.00795655 1.0116e-08
0.00804645 1.01526e-08
0.00813636 1.01864e-08
0.00822626 1.02184e-08
0.00831616 1.02493e-08
0.00840607 1.02787e-08
0.00849597 1.0316e-08
0.00858588 1.03459e-08
0.00867578 1.03813e-08
0.00876569 1.04207e-08
0.00885559 1.04517e-08
0.00894549 1.04861e-08
0.0090354 1.05132e-08
0.0091253 1.05419e-08
0.00921521 1.05776e-08
0.00930511 1.0619e-08
0.00939501 1.06557e-08
0.00948492 1.06957e-08
0.00957482 1.07348e-08
0.00966473 1.07665e-08
0.00975463 1.08022e-08
0.00984453 1.08455e-08
0.00993444 1.08812e-08
0.0100243 1.09192e-08
0.0101142 1.09573e-08
0.0102042 1.10047e-08
0.0102941 1.10587e-08
0.010384 1.11125e-08
0.0104739 1.11723e-08
0.0105638 1.1225e-08
0.0106537 1.12756e-08
0.0107436 1.13183e-08
0.0108335 1.13639e-08
0.0109234 1.14215e-08
0.0110133 1.14771e-08
0.0111032 1.15354e-08
0.0111931 1.15989e-08
0.011283 1.16715e-08
0.0113729 1.17371e-08
0.0114628 1.18087e-08
0.0115527 1.18869e-08
0.0116426 1.1953e-08
0.0117325 1.20264e-08
0.0118224 1.20966e-08
0.0119123 1.21736e-08
0.0120022 1.22587e-08
0.0120921 1.23412e-08
0.012182 1.24195e-08
0.0122719 1.25e-08
0.0123619 1.25765e-08
0.0124518 1.26536e-08
0.0125417 1.27389e-08
0.0126316 1.28272e-08
0.0127215 1.29134e-08
0.0128114 1.30055e-08
0.0129013 1.30908e-08
0.0129912 1.31814e-08
0.0130811 1.32756e-08
0.013171 1.3363e-08
0.0132609 1.34409e-08
0.0133508 1.35166e-08
0.0134407 1.36043e-08
0.0135306 1.36869e-08
0.0136205 1.37693e-08
0.0137104 1.38566e-08
0.0138003 1.39439e-08
0.0138902 1.40292e-08
0.0139801 1.41116e-08
0.01407 1.41846e-08
0.0141599 1.42493e-08
0.0142498 1.43164e-08
0.0143397 1.4373e-08
0.0144296 1.44356e-08
0.0145196 1.44975e-08
0.0146095 1.45572e-08
0.0146994 1.46175e-08
0.0147893 1.46769e-08
0.0148792 1.47392e-08
0.0149691 1.47936e-08
0.015059 1.48422e-08
0.0151489 1.48918e-08
0.0152388 1.49359e-08
0.0153287 1.49839e-08
0.0154186 1.50259e-08
0.0155085 1.5075e-08
0.0155984 1.5121e-08
0.0156883 1.51583e-08
0.0157782 1.51889e-08
0.0158681 1.52174e-08
0.015958 1.52522e-08
0.0160479 1.53048e-08
0.0161378 1.53508e-08
0.0162277 1.53988e-08
0.0163176 1.54458e-08
0.0164075 1.5488e-08
0.0164974 1.55399e-08
0.0165873 1.55678e-08
0.0166773 1.56039e-08
0.0167672 1.56398e-08
0.0168571 1.56694e-08
0.016947 1.56918e-08
0.0170369 1.57306e-08
0.0171268 1.57649e-08
0.0172167 1.58001e-08
0.0173066 1.58463e-08
0.0173965 1.58806e-08
0.0174864 1.59184e-08
0.0175763 1.59541e-08
0.0176662 1.59823e-08
0.0177561 1.60093e-08
0.017846 1.60417e-08
0.0179359 1.60683e-08
0.0180258 1.60866e-08
0.0181157 1.61022e-08
0.0182056 1.61167e-08
0.0182955 1.6122e-08
0.0183854 1.61296e-08
0.0184753 1.61292e-08
0.0185652 1.61293e-08
0.0186551 1.61091e-08
0.018745 1.60925e-08
0.0188349 1.60937e-08
0.0189249 1.60918e-08
0.0190148 1.60912e-08
0.0191047 1.60935e-08
0.0191946 1.60884e-08
0.0192845 1.60872e-08
0.0193744 1.6083e-08
0.0194643 1.60758e-08
0.0195542 1.60756e-08
0.0196441 1.60761e-08
0.019734 1.60752e-08
0.0198239 1.60852e-08
0.0199138 1.61035e-08
0.0200037 1.61095e-08
0.0200936 1.61217e-08
0.0201835 1.61408e-08
0.0202734 1.6166e-08
0.0203633 1.6187e-08
0.0204532 1.62033e-08
0.0205431 1.62204e-08
0.020633 1.62405e-08
0.0207229 1.62808e-08
0.0208128 1.63193e-08
0.0209027 1.63628e-08
0.0209926 1.63861e-08
0.0210826 1.64065e-08
0.0211725 1.64256e-08
0.0212624 1.6446e-08
0.0213523 1.64661e-08
0.0214422 1.64679e-08
0.0215321 1.6469e-08
0.021622 1.64648e-08
0.0217119 1.64581e-08
0.0218018 1.64452e-08
0.0218917 1.64321e-08
0.0219816 1.64246e-08
0.0220715 1.641e-08
0.0221614 1.64127e-08
0.0222513 1.64136e-08
0.0223412 1.64047e-08
0.0224311 1.63833e-08
0.022521 1.6381e-08
0.0226109 1.63705e-08
0.0227008 1.63738e-08
0.0227907 1.63587e-08
0.0228806 1.63705e-08
0.0229705 1.63786e-08
0.0230604 1.63818e-08
0.0231503 1.64043e-08
0.0232403 1.64367e-08
0.0233302 1.64696e-08
0.0234201 1.65042e-08
0.02351 1.65407e-08
0.0235999 1.65969e-08
0.0236898 1.66579e-08
0.0237797 1.67099e-08
0.0238696 1.67799e-08
0.0239595 1.68528e-08
0.0240494 1.69276e-08
0.0241393 1.70064e-08
0.0242292 1.70922e-08
0.0243191 1.71777e-08
0.024409 1.72599e-08
0.0244989 1.73264e-08
0.0245888 1.742e-08
0.0246787 1.75334e-08
0.0247686 1.76457e-08
0.0248585 1.77448e-08
0.0249484 1.78579e-08
0.0250383 1.79684e-08
0.0251282 1.80939e-08
0.0252181 1.82166e-08
0.025308 1.83302e-08
0.025398 1.84402e-08
0.0254879 1.85512e-08
0.0255778 1.86624e-08
0.0256677 1.87786e-08
0.0257576 1.89217e-08
0.0258475 1.90494e-08
0.0259374 1.91737e-08
0.0260273 1.92901e-08
0.0261172 1.94063e-08
0.0262071 1.9542e-08
0.026297 1.96719e-08
0.0263869 1.97902e-08
0.0264768 1.9899e-08
0.0265667 2.00103e-08
0.0266566 2.01078e-08
0.0267465 2.02334e-08
0.0268364 2.0367e-08
0.0269263 2.04854e-08
0.0270162 2.06042e-08
0.0271061 2.072e-08
0.027196 2.08344e-08
0.0272859 2.09453e-08
0.0273758 2.10612e-08
0.0274657 2.11641e-08
0.0275557 2.12621e-08
0.0276456 2.13478e-08
0.0277355 2.14286e-08
0.0278254 2.15257e-08
0.0279153 2.1626e-08
0.0280052 2.17256e-08
0.0280951 2.18258e-08
0.028185 2.19349e-08
0.0282749 2.20395e-08
0.0283648 2.21434e-08
0.0284547 2.22461e-08
0.0285446 2.2343e-08
0.0286345 2.24521e-08
0.0287244 2.25696e-08
0.0288143 2.26693e-08
0.0289042 2.27694e-08
0.0289941 2.28719e-08
0.029084 2.29799e-08
0.0291739 2.30744e-08
0.0292638 2.3162e-08
0.0293537 2.32615e-08
0.0294436 2.33672e-08
0.0295335 2.34684e-08
0.0296234 2.35674e-08
0.0297134 2.36763e-08
0.0298033 2.37869e-08
0.0298932 2.38981e-08
0.0299831 2.40029e-08
0.030073 2.41007e-08
0.0301629 2.41991e-08
0.0302528 2.42911e-08
0.0303427 2.43658e-08
0.0304326 2.44482e-08
0.0305225 2.45324e-08
0.0306124 2.4608e-08
0.0307023 2.46775e-08
0.0307922 2.4758e-08
0.0308821 2.48278e-08
0.030972 2.49012e-08
0.0310619 2.49636e-08
0.0311518 2.50198e-08
0.0312417 2.50832e-08
0.0313316 2.51253e-08
0.0314215 2.51691e-08
0.0315114 2.52269e-08
0.0316013 2.52858e-08
0.0316912 2.53385e-08
0.0317811 2.53965e-08
0.0318711 2.54502e-08
0.031961 2.55092e-08
0.0320509 2.55606e-08
0.0321408 2.56054e-08
0.0322307 2.5653e-08
0.0323206 2.5706e-08
0.0324105 2.5743e-08
0.0325004 2.57872e-08
0.0325903 2.58454e-08
0.0326802 2.58939e-08
0.0327701 2.59498e-08
0.03286 2.60149e-08
0.0329499 2.60763e-08
0.0330398 2.61421e-08
0.0331297 2.62012e-08
0.0332196 2.62651e-08
0.0333095 2.6325e-08
0.0333994 2.64063e-08
0.0334893 2.64789e-08
0.0335792 2.65582e-08
0.0336691 2.66349e-08
0.033759 2.67021e-08
0.0338489 2.67743e-08
0.0339388 2.68582e-08
0.0340288 2.69356e-08
0.0341187 2.70056e-08
0.0342086 2.70776e-08
0.0342985 2.71476e-08
0.0343884 2.72193e-08
0.0344783 2.72891e-08
0.0345682 2.73622e-08
0.0346581 2.74384e-08
0.034748 2.75135e-08
0.0348379 2.75971e-08
0.0349278 2.76866e-08
0.0350177 2.77624e-08
0.0351076 2.78452e-08
0.0351975 2.79141e-08
0.0352874 2.79874e-08
0.0353773 2.80535e-08
0.0354672 2.81222e-08
0.0355571 2.8197e-08
0.035647 2.82669e-08
0.0357369 2.83452e-08
0.0358268 2.84322e-08
0.0359167 2.85314e-08
0.0360066 2.86386e-08
0.0360965 2.87349e-08
0.0361865 2.88297e-08
0.0362764 2.89264e-08
0.0363663 2.90255e-08
0.0364562 2.91173e-08
0.0365461 2.92235e-08
0.036636 2.93407e-08
0.0367259 2.94603e-08
0.0368158 2.95875e-08
0.0369057 2.9712e-08
0.0369956 2.98415e-08
0.0370855 2.99793e-08
0.0371754 3.01045e-08
0.0372653 3.02413e-08
0.0373552 3.03856e-08
0.0374451 3.05312e-08
0.037535 3.06771e-08
0.0376249 3.08185e-08
0.0377148 3.09683e-08
0.0378047 3.11258e-08
0.0378946 3.12822e-08
0.0379845 3.14341e-08
0.0380744 3.15818e-08
0.0381643 3.1714e-08
0.0382542 3.1853e-08
0.0383441 3.20074e-08
0.0384341 3.21693e-08
0.038524 3.23205e-08
0.0386139 3.24684e-08
0.0387038 3.26134e-08
0.0387937 3.2749e-08
0.0388836 3.28925e-08
0.0389735 3.30327e-08
0.0390634 3.31686e-08
0.0391533 3.32958e-08
0.0392432 3.34262e-08
0.0393331 3.35455e-08
0.039423 3.36863e-08
0.0395129 3.38209e-08
0.0396028 3.39442e-08
0.0396927 3.40673e-08
0.0397826 3.41888e-08
0.0398725 3.43135e-08
0.0399624 3.44366e-08
0.0400523 3.45499e-08
0.0401422 3.46666e-08
0.0402321 3.47696e-08
0.040322 3.48661e-08
0.0404119 3.49611e-08
0.0405018 3.5065e-08
0.0405918 3.51684e-08
0.0406817 3.52708e-08
0.0407716 3.5377e-08
0.0408615 3.54812e-08
0.0409514 3.55904e-08
0.0410413 3.56888e-08
0.0411312 3.57829e-08
0.0412211 3.58685e-08
0.041311 3.5942e-08
0.0414009 3.60126e-08
0.0414908 3.60813e-08
0.0415807 3.61547e-08
0.0416706 3.62157e-08
0.0417605 3.6278e-08
0.0418504 3.63312e-08
0.0419403 3.6369e-08
0.0420302 3.64122e-08
0.0421201 3.64411e-08
0.04221 3.64574e-08
0.0422999 3.64694e-08
0.0423898 3.64816e-08
0.0424797 3.64805e-08
0.0425696 3.64941e-08
0.0426595 3.64937e-08
0.0427495 3.6485e-08
0.0428394 3.64729e-08
0.0429293 3.64539e-08
0.0430192 3.64265e-08
0.0431091 3.6393e-08
0.043199 3.63556e-08
0.0432889 3.63275e-08
0.0433788 3.62723e-08
0.0434687 3.62059e-08
0.0435586 3.6151e-08
0.0436485 3.609e-08
0.0437384 3.6029e-08
0.0438283 3.59704e-08
0.0439182 3.59118e-08
0.0440081 3.58526e-08
0.044098 3.5775e-08
0.0441879 3.56898e-08
0.0442778 3.56082e-08
0.0443677 3.55073e-08
0.0444576 3.54062e-08
0.0445475 3.53086e-08
0.0446374 3.52094e-08
0.0447273 3.50867e-08
0.0448172 3.4959e-08
0.0449072 3.48426e-08
0.0449971 3.47388e-08
0.045087 3.46192e-08
0.0451769 3.44944e-08
0.0452668 3.4349e-08
0.0453567 3.41828e-08
0.0454466 3.4027e-08
0.0455365 3.38865e-08
0.0456264 3.37347e-08
0.0457163 3.35897e-08
0.0458062 3.34254e-08
0.0458961 3.32636e-08
0.045986 3.31231e-08
0.0460759 3.29885e-08
0.0461658 3.28456e-08
0.0462557 3.26717e-08
0.0463456 3.25008e-08
0.0464355 3.23386e-08
0.0465254 3.21868e-08
0.0466153 3.20223e-08
0.0467052 3.18783e-08
0.0467951 3.17284e-08
0.046885 3.1579e-08
0.0469749 3.14256e-08
0.0470649 3.1273e-08
0.0471548 3.11288e-08
0.0472447 3.097e-08
0.0473346 3.08171e-08
0.0474245 3.06409e-08
0.0475144 3.04611e-08
0.0476043 3.0301e-08
0.0476942 3.01406e-08
0.0477841 3.00032e-08
0.047874 2.98508e-08
0.0479639 2.97019e-08
0.0480538 2.9556e-08
0.0481437 2.94406e-08
0.0482336 2.93095e-08
0.0483235 2.91851e-08
0.0484134 2.90439e-08
0.0485033 2.88884e-08
0.0485932 2.87305e-08
0.0486831 2.86078e-08
0.048773 2.84621e-08
0.0488629 2.83282e-08
0.0489528 2.81813e-08
0.0490427 2.80367e-08
0.0491326 2.78956e-08
0.0492226 2.77474e-08
0.0493125 2.75975e-08
0.0494024 2.74366e-08
0.0494923 2.72838e-08
0.0495822 2.71421e-08
0.0496721 2.70123e-08
0.049762 2.68836e-08
0.0498519 2.67587e-08
0.0499418 2.66428e-08
0.0500317 2.65269e-08
0.0501216 2.64301e-08
0.0502115 2.63456e-08
0.0503014 2.62796e-08
0.0503913 2.62415e-08
0.0504812 2.62245e-08
0.0505711 2.62146e-08
0.050661 2.62142e-08
0.0507509 2.6203e-08
0.0508408 2.62019e-08
0.0509307 2.62332e-08
0.0510206 2.62484e-08
0.0511105 2.62763e-08
0.0512004 2.62989e-08
0.0512903 2.63415e-08
0.0513803 2.639e-08
0.0514702 2.64393e-08
0.0515601 2.65014e-08
0.05165 2.65708e-08
0.0517399 2.66562e-08
0.0518298 2.67541e-08
0.0519197 2.68487e-08
0.0520096 2.69431e-08
0.0520995 2.70075e-08
0.0521894 2.70601e-08
0.0522793 2.71071e-08
0.0523692 2.7154e-08
0.0524591 2.72132e-08
0.052549 2.72774e-08
0.0526389 2.73291e-08
0.0527288 2.73964e-08
0.0528187 2.74614e-08
0.0529086 2.75417e-08
0.0529985 2.76115e-08
0.0530884 2.76971e-08
0.0531783 2.77896e-08
0.0532682 2.78864e-08
0.0533581 2.7978e-08
0.053448 2.80618e-08
0.053538 2.81636e-08
0.0536279 2.82493e-08
0.0537178 2.83482e-08
0.0538077 2.84413e-08
0.0538976 2.85164e-08
0.0539875 2.86013e-08
0.0540774 2.86986e-08
0.0541673 2.87757e-08
0.0542572 2.88506e-08
0.0543471 2.89049e-08
0.054437 2.89591e-08
0.0545269 2.89946e-08
0.0546168 2.90175e-08
0.0547067 2.90528e-08
0.0547966 2.90752e-08
0.0548865 2.91326e-08
0.0549764 2.9197e-08
0.0550663 2.92801e-08
0.0551562 2.93597e-08
0.0552461 2.94149e-08
0.055336 2.94626e-08
0.0554259 2.94964e-08
0.0555158 2.95074e-08
0.0556057 2.95104e-08
0.0556956 2.9512e-08
0.0557856 2.95161e-08
0.0558755 2.95267e-08
0.0559654 2.95348e-08
0.0560553 2.95384e-08
0.0561452 2.95076e-08
0.0562351 2.94745e-08
0.056325 2.94729e-08
0.0564149 2.94714e-08
0.0565048 2.94313e-08
0.0565947 2.93832e-08
0.0566846 2.93482e-08
0.0567745 2.93337e-08
0.0568644 2.93141e-08
0.0569543 2.93215e-08
0.0570442 2.9321e-08
0.0571341 2.9323e-08
0.057224 2.93004e-08
0.0573139 2.92544e-08
0.0574038 2.92472e-08
0.0574937 2.92089e-08
0.0575836 2.91716e-08
0.0576735 2.91437e-08
0.0577634 2.91386e-08
0.0578533 2.91607e-08
0.0579433 2.91816e-08
0.0580332 2.91895e-08
0.0581231 2.91963e-08
0.058213 2.92062e-08
0.0583029 2.92288e-08
0.0583928 2.924e-08
0.0584827 2.92291e-08
0.0585726 2.91993e-08
0.0586625 2.91748e-08
0.0587524 2.91541e-08
0.0588423 2.91025e-08
0.0589322 2.90478e-08
0.0590221 2.90076e-08
0.059112 2.89582e-08
0.0592019 2.8935e-08
0.0592918 2.88726e-08
0.0593817 2.88054e-08
0.0594716 2.87307e-08
0.0595615 2.86726e-08
0.0596514 2.86181e-08
0.0597413 2.85625e-08
0.0598312 2.85066e-08
0.0599211 2.84932e-08
0.060011 2.8434e-08
0.060101 2.83721e-08
0.0601909 2.83279e-08
0.0602808 2.83089e-08
0.0603707 2.82731e-08
0.0604606 2.82618e-08
0.0605505 2.82615e-08
0.0606404 2.82432e-08
0.0607303 2.81665e-08
0.0608202 2.80807e-08
0.0609101 2.80189e-08
0.061 2.79527e-08
0.0610899 2.78903e-08
0.0611798 2.78326e-08
0.0612697 2.77532e-08
0.0613596 2.76558e-08
0.0614495 2.75634e-08
0.0615394 2.74688e-08
0.0616293 2.73937e-08
0.0617192 2.73121e-08
0.0618091 2.72112e-08
0.061899 2.71079e-08
0.0619889 2.69957e-08
0.0620788 2.6857e-08
0.0621687 2.67096e-08
0.0622587 2.65493e-08
0.0623486 2.63478e-08
0.0624385 2.61239e-08
0.0625284 2.5853e-08
0.0626183 2.55917e-08
0.0627082 2.53441e-08
0.0627981 2.5086e-08
0.062888 2.48703e-08
0.0629779 2.4613e-08
0.0630678 2.43461e-08
0.0631577 2.4053e-08
0.0632476 2.37719e-08
0.0633375 2.34853e-08
0.0634274 2.31855e-08
0.0635173 2.2837e-08
0.0636072 2.24671e-08
0.0636971 2.20548e-08
0.063787 2.16622e-08
0.0638769 2.1272e-08
0.0639668 2.08754e-08
0.0640567 2.04935e-08
0.0641466 2.00984e-08
0.0642365 1.97159e-08
0.0643264 1.93846e-08
0.0644164 1.9026e-08
0.0645063 1.86731e-08
0.0645962 1.83186e-08
0.0646861 1.79822e-08
0.064776 1.76699e-08
0.0648659 1.73471e-08
0.0649558 1.70562e-08
0.0650457 1.67815e-08
0.0651356 1.65029e-08
0.0652255 1.61994e-08
0.0653154 1.58983e-08
0.0654053 1.56052e-08
0.0654952 1.52953e-08
0.0655851 1.5031e-08
0.065675 1.47838e-08
0.0657649 1.45494e-08
0.0658548 1.42948e-08
0.0659447 1.40911e-08
0.0660346 1.38725e-08
0.0661245 1.36422e-08
0.0662144 1.34371e-08
0.0663043 1.32332e-08
0.0663942 1.30488e-08
0.0664841 1.28624e-08
0.0665741 1.26549e-08
0.066664 1.24876e-08
0.0667539 1.23076e-08
0.0668438 1.21679e-08
0.0669337 1.2036e-08
0.0670236 1.1922e-08
0.0671135 1.18375e-08
0.0672034 1.17524e-08
0.0672933 1.16695e-08
0.0673832 1.15906e-08
0.0674731 1.15271e-08
0.067563 1.15148e-08
0.0676529 1.15034e-08
0.0677428 1.14931e-08
0.0678327 1.1494e-08
0.0679226 1.14977e-08
0.0680125 1.14963e-08
0.0681024 1.14889e-08
0.0681923 1.15244e-08
0.0682822 1.15332e-08
0.0683721 1.15334e-08
0.068462 1.15381e-08
0.0685519 1.15075e-08
0.0686418 1.15349e-08
0.0687318 1.15534e-08
0.0688217 1.15703e-08
0.0689116 1.15942e-08
0.0690015 1.16512e-08
0.0690914 1.17066e-08
0.0691813 1.17254e-08
0.0692712 1.17956e-08
0.0693611 1.18358e-08
0.069451 1.18917e-08
0.0695409 1.19566e-08
0.0696308 1.19991e-08
0.0697207 1.20127e-08
0.0698106 1.20459e-08
0.0699005 1.20788e-08
0.0699904 1.21036e-08
0.0700803 1.21615e-08
0.0701702 1.22235e-08
0.0702601 1.22524e-08
0.07035 1.23198e-08
0.0704399 1.23902e-08
0.0705298 1.24537e-08
0.0706197 1.24858e-08
0.0707096 1.25206e-08
0.0707995 1.25605e-08
0.0708895 1.26056e-08
0.0709794 1.26453e-08
0.0710693 1.2705e-08
0.0711592 1.2754e-08
0.0712491 1.28162e-08
0.071339 1.28512e-08
0.0714289 1.28551e-08
0.0715188 1.29226e-08
0.0716087 1.301e-08
0.0716986 1.30684e-08
0.0717885 1.31175e-08
0.0718784 1.31518e-08
0.0719683 1.32058e-08
0.0720582 1.32771e-08
0.0721481 1.33437e-08
0.072238 1.34016e-08
0.0723279 1.3438e-08
0.0724178 1.34293e-08
0.0725077 1.34203e-08
0.0725976 1.34332e-08
0.0726875 1.3403e-08
0.0727774 1.33529e-08
0.0728673 1.3362e-08
0.0729572 1.33609e-08
0.0730472 1.33378e-08
0.0731371 1.33108e-08
0.073227 1.32856e-08
0.0733169 1.32163e-08
0.0734068 1.31165e-08
0.0734967 1.30407e-08
0.0735866 1.30184e-08
0.0736765 1.29937e-08
0.0737664 1.30097e-08
0.0738563 1.30122e-08
0.0739462 1.3086e-08
0.0740361 1.31784e-08
0.074126 1.33256e-08
0.0742159 1.34445e-08
0.0743058 1.35503e-08
0.0743957 1.35898e-08
0.0744856 1.35973e-08
0.0745755 1.35476e-08
0.0746654 1.35024e-08
0.0747553 1.34141e-08
0.0748452 1.33824e-08
0.0749351 1.32377e-08
0.075025 1.31862e-08
0.0751149 1.31185e-08
0.0752048 1.3004e-08
0.0752948 1.29533e-08
0.0753847 1.28024e-08
0.0754746 1.27394e-08
0.0755645 1.26819e-08
0.0756544 1.2601e-08
0.0757443 1.25455e-08
0.0758342 1.25942e-08
0.0759241 1.25877e-08
0.076014 1.2493e-08
0.0761039 1.23107e-08
0.0761938 1.2146e-08
0.0762837 1.18688e-08
0.0763736 1.15282e-08
0.0764635 1.11425e-08
0.0765534 1.07784e-08
0.0766433 1.02259e-08
0.0767332 9.54863e-09
0.0768231 8.81963e-09
0.076913 8.03751e-09
0.0770029 7.27978e-09
0.0770928 6.5039e-09
0.0771827 5.61772e-09
0.0772726 4.53353e-09
0.0773625 3.26739e-09
0.0774525 2.05001e-09
0.0775424 7.75299e-10
0.0776323 -5.18334e-10
0.0777222 -1.9032e-09
0.0778121 -3.23939e-09
0.077902 -4.67774e-09
0.0779919 -6.1424e-09
0.0780818 -7.2134e-09
0.0781717 -8.22822e-09
0.0782616 -9.38563e-09
0.0783515 -1.0291e-08
0.0784414 -1.10534e-08
0.0785313 -1.17799e-08
0.0786212 -1.24975e-08
0.0787111 -1.30638e-08
0.078801 -1.35682e-08
0.0788909 -1.40577e-08
0.0789808 -1.4549e-08
0.0790707 -1.49639e-08
0.0791606 -1.52497e-08
0.0792505 -1.5535e-08
0.0793404 -1.58359e-08
0.0794303 -1.60702e-08
0.0795202 -1.64331e-08
0.0796102 -1.66036e-08
0.0797001 -1.67796e-08
0.07979 -1.67758e-08
0.0798799 -1.68146e-08
0.0799698 -1.69087e-08
0.0800597 -1.7093e-08
0.0801496 -1.7226e-08
0.0802395 -1.74033e-08
0.0803294 -1.74859e-08
0.0804193 -1.7579e-08
0.0805092 -1.77155e-08
0.0805991 -1.78686e-08
0.080689 -1.80307e-08
0.0807789 -1.82378e-08
0.0808688 -1.82442e-08
0.0809587 -1.81736e-08
0.0810486 -1.81848e-08
0.0811385 -1.81427e-08
0.0812284 -1.82327e-08
0.0813183 -1.84712e-08
0.0814082 -1.85967e-08
0.0814981 -1.87898e-08
0.081588 -1.89436e-08
0.0816779 -1.91091e-08
0.0817679 -1.91928e-08
0.0818578 -1.93151e-08
0.0819477 -1.94134e-08
0.0820376 -1.95434e-08
0.0821275 -1.96664e-08
0.0822174 -1.98388e-08
0.0823073 -2.0073e-08
0.0823972 -2.01709e-08
0.0824871 -2.02389e-08
0.082577 -2.02814e-08
0.0826669 -2.03098e-08
0.0827568 -2.02522e-08
0.0828467 -2.00874e-08
0.0829366 -2.00061e-08
0.0830265 -1.99096e-08
0.0831164 -1.96793e-08
0.0832063 -1.94371e-08
0.0832962 -1.9202e-08
0.0833861 -1.88725e-08
0.083476 -1.86156e-08
0.0835659 -1.83049e-08
0.0836558 -1.80673e-08
0.0837457 -1.78614e-08
0.0838356 -1.76247e-08
0.0839256 -1.73497e-08
0.0840155 -1.70966e-08
0.0841054 -1.68886e-08
0.0841953 -1.66685e-08
0.0842852 -1.65023e-08
0.0843751 -1.62986e-08
0.084465 -1.60525e-08
0.0845549 -1.58362e-08
0.0846448 -1.55918e-08
0.0847347 -1.53128e-08
0.0848246 -1.50187e-08
0.0849145 -1.47345e-08
0.0850044 -1.44506e-08
0.0850943 -1.41272e-08
0.0851842 -1.37864e-08
0.0852741 -1.34026e-08
0.085364 -1.30631e-08
0.0854539 -1.27532e-08
0.0855438 -1.24545e-08
0.0856337 -1.2142e-08
0.0857236 -1.17724e-08
0.0858135 -1.13853e-08
0.0859034 -1.10023e-08
0.0859933 -1.07308e-08
0.0860833 -1.04434e-08
0.0861732 -1.01962e-08
0.0862631 -9.97687e-09
0.086353 -9.78234e-09
0.0864429 -9.56659e-09
0.0865328 -9.50728e-09
0.0866227 -9.35592e-09
0.0867126 -9.17548e-09
0.0868025 -8.94932e-09
0.0868924 -8.74796e-09
0.0869823 -8.5577e-09
0.0870722 -8.28984e-09
0.0871621 -8.02884e-09
0.087252 -7.72737e-09
0.0873419 -7.4771e-09
0.0874318 -7.15976e-09
0.0875217 -6.96673e-09
0.0876116 -6.70383e-09
0.0877015 -6.39171e-09
0.0877914 -6.06599e-09
0.0878813 -5.75374e-09
0.0879712 -5.41847e-09
0.0880611 -5.15324e-09
0.088151 -4.95743e-09
0.088241 -4.90602e-09
0.0883309 -4.84986e-09
0.0884208 -4.76159e-09
0.0885107 -4.7087e-09
0.0886006 -4.59867e-09
0.0886905 -4.54031e-09
0.0887804 -4.64749e-09
0.0888703 -4.79919e-09
0.0889602 -5.0908e-09
0.0890501 -5.28196e-09
0.08914 -5.41036e-09
0.0892299 -5.5465e-09
0.0893198 -5.67669e-09
0.0894097 -5.8967e-09
0.0894996 -6.22264e-09
0.0895895 -6.46227e-09
0.0896794 -6.65302e-09
0.0897693 -6.92109e-09
0.0898592 -7.12294e-09
0.0899491 -7.26263e-09
0.090039 -7.3515e-09
0.0901289 -7.54888e-09
0.0902188 -7.84679e-09
0.0903087 -8.07108e-09
0.0903987 -8.36914e-09
0.0904886 -8.48849e-09
0.0905785 -8.72808e-09
0.0906684 -8.91136e-09
0.0907583 -9.10178e-09
0.0908482 -9.31899e-09
0.0909381 -9.54317e-09
0.091028 -9.82799e-09
0.0911179 -1.02244e-08
0.0912078 -1.06303e-08
0.0912977 -1.10267e-08
0.0913876 -1.13888e-08
0.0914775 -1.1729e-08
0.0915674 -1.21005e-08
0.0916573 -1.22898e-08
0.0917472 -1.24163e-08
0.0918371 -1.24375e-08
0.091927 -1.23553e-08
0.0920169 -1.22765e-08
0.0921068 -1.22072e-08
0.0921967 -1.20396e-08
0.0922866 -1.19958e-08
0.0923765 -1.19807e-08
0.0924664 -1.19602e-08
0.0925564 -1.20402e-08
0.0926463 -1.2164e-08
0.0927362 -1.23022e-08
0.0928261 -1.26612e-08
0.092916 -1.29441e-08
0.0930059 -1.33409e-08
0.0930958 -1.37155e-08
0.0931857 -1.40812e-08
0.0932756 -1.44162e-08
0.0933655 -1.46138e-08
0.0934554 -1.47561e-08
0.0935453 -1.48405e-08
0.0936352 -1.48864e-08
0.0937251 -1.48949e-08
0.093815 -1.48889e-08
0.0939049 -1.48555e-08
0.0939948 -1.47965e-08
0.0940847 -1.47374e-08
0.0941746 -1.47199e-08
0.0942645 -1.45966e-08
0.0943544 -1.44076e-08
0.0944443 -1.41589e-08
0.0945342 -1.3857e-08
0.0946241 -1.34393e-08
0.094714 -1.30954e-08
0.094804 -1.27504e-08
0.0948939 -1.24607e-08
0.0949838 -1.2185e-08
0.0950737 -1.19318e-08
0.0951636 -1.15756e-08
0.0952535 -1.12275e-08
0.0953434 -1.09276e-08
0.0954333 -1.0592e-08
0.0955232 -1.03387e-08
0.0956131 -1.01802e-08
0.095703 -1.00644e-08
0.0957929 -9.96769e-09
0.0958828 -9.80661e-09
0.0959727 -9.54457e-09
0.0960626 -9.29869e-09
0.0961525 -9.09318e-09
0.0962424 -8.9293e-09
0.0963323 -8.74751e-09
0.0964222 -8.603e-09
0.0965121 -8.44029e-09
0.096602 -8.31686e-09
0.0966919 -8.18549e-09
0.0967818 -8.06495e-09
0.0968717 -7.96128e-09
0.0969617 -7.85452e-09
0.0970516 -7.81352e-09
0.0971415 -7.75056e-09
0.0972314 -7.62428e-09
0.0973213 -7.42153e-09
0.0974112 -7.31658e-09
0.0975011 -7.23583e-09
0.097591 -7.19566e-09
0.0976809 -7.00559e-09
0.0977708 -6.96182e-09
0.0978607 -6.83522e-09
0.0979506 -6.59979e-09
0.0980405 -6.39119e-09
0.0981304 -6.07187e-09
0.0982203 -5.77639e-09
0.0983102 -5.58782e-09
0.0984001 -5.45433e-09
0.09849 -5.22888e-09
0.0985799 -5.19348e-09
0.0986698 -5.25624e-09
0.0987597 -5.19454e-09
0.0988496 -5.00038e-09
0.0989395 -4.90045e-09
0.0990294 -4.80526e-09
0.0991194 -4.96099e-09
0.0992093 -5.20287e-09
0.0992992 -5.30038e-09
0.0993891 -5.37609e-09
0.099479 -5.48251e-09
0.0995689 -5.56411e-09
0.0996588 -5.56539e-09
0.0997487 -5.54063e-09
0.0998386 -5.54458e-09
0.0999285 -5.52994e-09
0.100018 -5.4239e-09
0.100108 -5.26736e-09
0.100198 -5.12077e-09
0.100288 -5.025e-09
0.100378 -4.94443e-09
0.100468 -4.9538e-09
0.100558 -4.87326e-09
0.100648 -4.80282e-09
0.100738 -4.6452e-09
0.100828 -4.65381e-09
0.100917 -4.73106e-09
0.101007 -4.83701e-09
0.101097 -5.17828e-09
0.101187 -5.4447e-09
0.101277 -5.63904e-09
0.101367 -5.86689e-09
0.101457 -6.23266e-09
0.101547 -6.63121e-09
0.101637 -7.31177e-09
0.101727 -7.93569e-09
0.101816 -8.4878e-09
0.101906 -9.09575e-09
0.101996 -9.61196e-09
0.102086 -1.01833e-08
0.102176 -1.0652e-08
0.102266 -1.11577e-08
0.102356 -1.13904e-08
0.102446 -1.16039e-08
0.102536 -1.16952e-08
0.102626 -1.17971e-08
0.102716 -1.17397e-08
0.102805 -1.16432e-08
0.102895 -1.15893e-08
0.102985 -1.16241e-08
0.103075 -1.16222e-08
0.103165 -1.1659e-08
0.103255 -1.16087e-08
0.103345 -1.15886e-08
0.103435 -1.16361e-08
0.103525 -1.18203e-08
0.103615 -1.18464e-08
0.103704 -1.18162e-08
0.103794 -1.17231e-08
0.103884 -1.15549e-08
0.103974 -1.13837e-08
0.104064 -1.12588e-08
0.104154 -1.09221e-08
0.104244 -1.05742e-08
0.104334 -1.02389e-08
0.104424 -9.88721e-09
0.104514 -9.64095e-09
0.104604 -9.34858e-09
0.104693 -9.0844e-09
0.104783 -8.62338e-09
0.104873 -8.1201e-09
0.104963 -7.81606e-09
0.105053 -7.56732e-09
0.105143 -7.2681e-09
0.105233 -7.10387e-09
0.105323 -6.84751e-09
0.105413 -6.72775e-09
0.105503 -6.77262e-09
0.105592 -7.0707e-09
0.105682 -7.37791e-09
0.105772 -7.68197e-09
0.105862 -8.14009e-09
0.105952 -8.51704e-09
0.106042 -8.87017e-09
0.106132 -8.99599e-09
0.106222 -9.11831e-09
0.106312 -9.04355e-09
0.106402 -9.07166e-09
0.106491 -8.86131e-09
0.106581 -8.6935e-09
0.106671 -8.26779e-09
0.106761 -8.03415e-09
0.106851 -7.85645e-09
0.106941 -7.66884e-09
0.107031 -7.5947e-09
0.107121 -7.3586e-09
0.107211 -7.06158e-09
0.107301 -6.98408e-09
0.107391 -6.98699e-09
0.10748 -7.08351e-09
0.10757 -7.16357e-09
0.10766 -7.25777e-09
0.10775 -7.25711e-09
0.10784 -7.34663e-09
0.10793 -7.38813e-09
0.10802 -7.9004e-09
0.10811 -8.65008e-09
0.1082 -9.16528e-09
0.10829 -1.02964e-08
0.108379 -1.13282e-08
0.108469 -1.22248e-08
0.108559 -1.32252e-08
0.108649 -1.42178e-08
0.108739 -1.48386e-08
0.108829 -1.56376e-08
0.108919 -1.61926e-08
0.109009 -1.66388e-08
0.109099 -1.69334e-08
0.109189 -1.73999e-08
0.109279 -1.77442e-08
0.109368 -1.76183e-08
0.109458 -1.76457e-08
0.109548 -1.73264e-08
0.109638 -1.7152e-08
0.109728 -1.68314e-08
0.109818 -1.6578e-08
0.109908 -1.62359e-08
0.109998 -1.59146e-08
0.110088 -1.55693e-08
0.110178 -1.49233e-08
0.110267 -1.41535e-08
0.110357 -1.34745e-08
0.110447 -1.25795e-08
0.110537 -1.21292e-08
0.110627 -1.1834e-08
0.110717 -1.17347e-08
0.110807 -1.16333e-08
0.110897 -1.15262e-08
0.110987 -1.13843e-08
0.111077 -1.1308e-08
0.111167 -1.11334e-08
0.111256 -1.06526e-08
0.111346 -1.02712e-08
0.111436 -1.00244e-08
0.111526 -9.75287e-09
0.111616 -9.05104e-09
0.111706 -8.52069e-09
0.111796 -8.21651e-09
0.111886 -8.49191e-09
0.111976 -8.68088e-09
0.112066 -8.94778e-09
0.112155 -9.26534e-09
0.112245 -9.97126e-09
0.112335 -1.1249e-08
0.112425 -1.27355e-08
0.112515 -1.37426e-08
0.112605 -1.52078e-08
0.112695 -1.6863e-08
0.112785 -1.86334e-08
0.112875 -1.983e-08
0.112965 -1.98644e-08
0.113054 -2.0385e-08
0.113144 -2.15567e-08
0.113234 -2.24796e-08
0.113324 -2.21503e-08
0.113414 -2.19373e-08
0.113504 -2.24859e-08
0.113594 -2.35896e-08
0.113684 -2.45299e-08
0.113774 -2.56483e-08
0.113864 -2.68157e-08
0.113954 -2.77767e-08
0.114043 -2.84383e-08
0.114133 -2.86554e-08
0.114223 -2.8766e-08
0.114313 -2.89142e-08
0.114403 -2.8758e-08
0.114493 -2.91595e-08
0.114583 -2.94788e-08
0.114673 -2.9394e-08
0.114763 -2.93898e-08
0.114853 -2.89945e-08
0.114942 -2.8328e-08
0.115032 -2.80126e-08
0.115122 -2.7994e-08
0.115212 -2.76901e-08
0.115302 -2.75082e-08
0.115392 -2.72424e-08
0.115482 -2.72045e-08
0.115572 -2.72126e-08
0.115662 -2.7028e-08
0.115752 -2.70824e-08
0.115842 -2.69787e-08
0.115931 -2.67372e-08
0.116021 -2.63855e-08
0.116111 -2.61852e-08
0.116201 -2.59506e-08
0.116291 -2.61401e-08
0.116381 -2.63587e-08
0.116471 -2.59998e-08
0.116561 -2.54599e-08
0.116651 -2.50677e-08
0.116741 -2.48081e-08
0.11683 -2.40249e-08
0.11692 -2.36967e-08
0.11701 -2.3743e-08
0.1171 -2.3789e-08
0.11719 -2.37459e-08
0.11728 -2.37259e-08
0.11737 -2.35045e-08
0.11746 -2.31464e-08
0.11755 -2.28127e-08
0.11764 -2.24645e-08
0.11773 -2.19837e-08
0.117819 -2.15262e-08
0.117909 -2.14234e-08
0.117999 -2.09326e-08
0.118089 -2.05587e-08
0.118179 -2.05803e-08
0.118269 -2.07128e-08
0.118359 -2.08069e-08
0.118449 -2.09116e-08
0.118539 -2.15368e-08
0.118629 -2.2443e-08
0.118718 -2.29592e-08
0.118808 -2.38037e-08
0.118898 -2.46952e-08
0.118988 -2.57711e-08
0.119078 -2.59771e-08
0.119168 -2.52603e-08
0.119258 -2.46007e-08
0.119348 -2.28387e-08
0.119438 -2.11929e-08
0.119528 -1.91528e-08
0.119617 -1.75792e-08
0.119707 -1.62589e-08
0.119797 -1.58199e-08
0.119887 -1.52538e-08
0.119977 -1.50978e-08
0.120067 -1.49026e-08
0.120157 -1.52128e-08
0.120247 -1.56174e-08
0.120337 -1.655e-08
0.120427 -1.74107e-08
0.120517 -1.85131e-08
0.120606 -1.93679e-08
0.120696 -2.02136e-08
0.120786 -2.05396e-08
0.120876 -2.0843e-08
0.120966 -2.1327e-08
0.121056 -2.15305e-08
0.121146 -2.18438e-08
0.121236 -2.19394e-08
0.121326 -2.21609e-08
0.121416 -2.25238e-08
0.121505 -2.30377e-08
0.121595 -2.32379e-08
0.121685 -2.36947e-08
0.121775 -2.4264e-08
0.121865 -2.39757e-08
0.121955 -2.3501e-08
0.122045 -2.28135e-08
0.122135 -2.1929e-08
0.122225 -2.10567e-08
0.122315 -1.99473e-08
0.122405 -1.88522e-08
0.122494 -1.74955e-08
0.122584 -1.62119e-08
0.122674 -1.46483e-08
0.122764 -1.29611e-08
0.122854 -1.10337e-08
0.122944 -9.18467e-09
0.123034 -7.39713e-09
0.123124 -5.56809e-09
0.123214 -3.92656e-09
0.123304 -3.26174e-09
0.123393 -2.37194e-09
0.123483 -7.21167e-10
0.123573 4.0293e-10
0.123663 2.62707e-10
0.123753 -1.90631e-09
0.123843 -9.60776e-09
0.123933 9.31848e-08
0.124023 8.65739e-08
0.124113 8.18045e-08
0.124203 7.95585e-08
0.124293 7.76754e-08
0.124382 7.85963e-08
0.124472 7.98457e-08
0.124562 8.14228e-08
0.124652 8.33355e-08
0.124742 8.55889e-08
0.124832 8.73132e-08
0.124922 8.74296e-08
0.125012 8.85571e-08
0.125102 8.93775e-08
0.125192 8.99461e-08
0.125281 9.12805e-08
0.125371 9.22326e-08
0.125461 9.29661e-08
0.125551 9.37616e-08
0.125641 9.37844e-08
0.125731 9.37337e-08
0.125821 9.31021e-08
0.125911 9.27807e-08
0.126001 9.39161e-08
0.126091 9.53207e-08
0.126181 9.64397e-08
0.12627 9.67273e-08
0.12636 9.75521e-08
0.12645 9.76517e-08
0.12654 9.64492e-08
0.12663 9.62674e-08
0.12672 9.6201e-08
0.12681 9.62369e-08
0.1269 9.64874e-08
0.12699 9.6541e-08
0.12708 9.52402e-08
0.127169 9.43585e-08
0.127259 9.48599e-08
0.127349 9.57235e-08
0.127439 9.5424e-08
0.127529 9.44912e-08
0.127619 9.40013e-08
0.127709 9.37324e-08
0.127799 9.31321e-08
0.127889 9.26465e-08
0.127979 9.23677e-08
0.128068 9.13654e-08
0.128158 9.06437e-08
0.128248 9.03524e-08
0.128338 8.97609e-08
0.128428 8.90296e-08
0.128518 8.82203e-08
0.128608 8.61916e-08
0.128698 8.49636e-08
0.128788 8.34214e-08
0.128878 8.33868e-08
0.128968 8.30007e-08
0.129057 8.22145e-08
0.129147 8.15396e-08
0.129237 8.15492e-08
0.129327 8.18168e-08
0.129417 8.16573e-08
0.129507 8.17717e-08
0.129597 8.25517e-08
0.129687 8.38894e-08
0.129777 8.58333e-08
0.129867 8.7909e-08
0.129956 8.89227e-08
0.130046 9.03728e-08
0.130136 9.14419e-08
0.130226 9.14291e-08
0.130316 9.09777e-08
0.130406 9.08448e-08
0.130496 9.10091e-08
0.130586 9.09649e-08
0.130676 8.94191e-08
0.130766 8.88495e-08
0.130856 8.85325e-08
0.130945 8.80977e-08
0.131035 8.79387e-08
0.131125 8.77666e-08
0.131215 8.80179e-08
0.131305 8.89267e-08
0.131395 8.98397e-08
0.131485 9.06005e-08
0.131575 9.14494e-08
0.131665 9.20574e-08
0.131755 9.26523e-08
0.131844 9.31426e-08
0.131934 9.35455e-08
0.132024 9.38081e-08
0.132114 9.3762e-08
0.132204 9.34342e-08
0.132294 9.31091e-08
0.132384 9.25029e-08
0.132474 9.26338e-08
0.132564 9.22433e-08
0.132654 9.18893e-08
0.132744 9.17091e-08
0.132833 9.13384e-08
0.132923 9.13938e-08
0.133013 9.1398e-08
0.133103 9.14134e-08
0.133193 9.22445e-08
0.133283 9.27096e-08
0.133373 9.33894e-08
0.133463 9.30428e-08
0.133553 9.13106e-08
0.133643 9.01808e-08
0.133732 8.87242e-08
0.133822 8.63498e-08
0.133912 8.4778e-08
0.134002 8.44338e-08
0.134092 8.42703e-08
0.134182 8.42565e-08
0.134272 8.41303e-08
0.134362 8.4438e-08
0.134452 8.46366e-08
0.134542 8.55026e-08
0.134631 8.66279e-08
0.134721 8.75539e-08
0.134811 8.87589e-08
