-0.134811  1.29533e-06
-0.133456  1.12923e-06
-0.132101  1.10229e-06
-0.130746  1.05999e-06
-0.129391  9.48579e-07
-0.128037  8.58727e-07
-0.126682  8.22046e-07
-0.125327  7.70313e-07
-0.123972  7.24537e-07
-0.122617  6.85359e-07
-0.121262  6.32656e-07
-0.119907  6.03346e-07
-0.118552  5.80662e-07
-0.117198  6.28154e-07
-0.115843  5.94384e-07
-0.114488  5.57775e-07
-0.113133  5.08274e-07
-0.111778  4.82471e-07
-0.110423  4.56412e-07
-0.109068  4.02682e-07
-0.107713  3.66989e-07
-0.106358  3.16056e-07
-0.105004  2.8503e-07
-0.103649  2.6411e-07
-0.102294  2.51774e-07
-0.100939  2.3808e-07
-0.099584  2.08205e-07
-0.0982291  1.75854e-07
-0.0968742  2.05301e-07
-0.0955194  2.01044e-07
-0.0941645  1.86442e-07
-0.0928096  1.75792e-07
-0.0914547  1.68503e-07
-0.0900998  1.64862e-07
-0.0887449  1.96391e-07
-0.08739  1.86564e-07
-0.0860352  1.75064e-07
-0.0846803  2.06449e-07
-0.0833254  2.04641e-07
-0.0819705  1.94842e-07
-0.0806156  1.8823e-07
-0.0792607  1.7778e-07
-0.0779059  1.57874e-07
-0.076551  1.23182e-07
-0.0751961  1.05384e-07
-0.0738412  9.26218e-08
-0.0724863  8.28789e-08
-0.0711314  7.34208e-08
-0.0697765  6.68137e-08
-0.0684217  8.37648e-08
-0.0670668  8.42199e-08
-0.0657119  7.86683e-08
-0.064357  7.42779e-08
-0.0630021  7.31368e-08
-0.0616472  7.3991e-08
-0.0602924  7.59536e-08
-0.0589375  7.64167e-08
-0.0575826  7.54048e-08
-0.0562277  7.3227e-08
-0.0548728  6.87125e-08
-0.0535179  6.28081e-08
-0.0521631  5.50148e-08
-0.0508082  4.7154e-08
-0.0494533  4.06605e-08
-0.0480984  5.87168e-08
-0.0467435  5.76383e-08
-0.0453886  5.4617e-08
-0.0440337  4.97258e-08
-0.0426789  4.2937e-08
-0.041324  3.47001e-08
-0.0399691  2.79847e-08
-0.0386142  2.82271e-08
-0.0372593  2.81319e-08
-0.0359044  2.53356e-08
-0.0345496  2.22996e-08
-0.0331947  2.10636e-08
-0.0318398  1.99442e-08
-0.0304849  1.97188e-08
-0.02913  2.36843e-08
-0.0277751  2.87095e-08
-0.0264202  2.9555e-08
-0.0250654  2.67543e-08
-0.0237105  2.01798e-08
-0.0223556  1.36982e-08
-0.0210007  1.05871e-08
-0.0196458  9.79235e-09
-0.0182909  9.63587e-09
-0.0169361  1.18689e-08
-0.0155812  1.34098e-08
-0.0142263  7.98786e-09
-0.0128714  3.52447e-09
-0.0115165  5.76919e-09
-0.0101616  9.4068e-09
-0.00880675  1.17658e-08
-0.00745186  1.29946e-08
-0.00609698  1.35403e-08
-0.0047421  9.09822e-09
-0.00338721  9.44164e-10
-0.00203233  -2.52495e-09
-0.000677442  -2.46007e-09
0.000677442  3.62567e-09
0.00203233  1.19693e-08
0.00338721  1.70475e-08
0.0047421  1.93835e-08
0.00609698  2.0036e-08
0.00745186  2.05409e-08
0.00880675  2.14727e-08
0.0101616  2.09675e-08
0.0115165  1.98159e-08
0.0128714  2.14309e-08
0.0142263  2.61377e-08
0.0155812  3.26789e-08
0.0169361  3.81744e-08
0.0182909  4.06137e-08
0.0196458  3.89801e-08
0.0210007  3.40609e-08
0.0223556  3.2334e-08
0.0237105  3.59836e-08
0.0250654  4.13164e-08
0.0264202  4.52993e-08
0.0277751  4.85553e-08
0.02913  4.92196e-08
0.0304849  4.2196e-08
0.0318398  3.78058e-08
0.0331947  4.5157e-08
0.0345496  5.44859e-08
0.0359044  6.03509e-08
0.0372593  6.24787e-08
0.0386142  6.30655e-08
0.0399691  6.09778e-08
0.041324  6.16899e-08
0.0426789  6.21243e-08
0.0440337  6.19309e-08
0.0453886  6.52819e-08
0.0467435  6.7712e-08
0.0480984  6.91754e-08
0.0494533  7.18139e-08
0.0508082  7.73538e-08
0.0521631  7.8422e-08
0.0535179  7.47672e-08
0.0548728  7.36118e-08
0.0562277  5.56349e-08
0.0575826  5.80237e-08
0.0589375  6.4918e-08
0.0602924  6.72719e-08
0.0616472  5.77882e-08
0.0630021  6.19562e-08
0.064357  6.55779e-08
0.0657119  5.79288e-08
0.0670668  3.75208e-08
0.0684217  3.58378e-08
0.0697765  4.46478e-08
0.0711314  5.59155e-08
0.0724863  5.14535e-08
0.0738412  4.3676e-08
0.0751961  2.54509e-08
0.076551  3.34211e-08
0.0779059  4.03765e-08
0.0792607  4.60723e-08
0.0806156  4.76288e-08
0.0819705  5.5301e-08
0.0833254  6.22859e-08
0.0846803  3.04498e-08
0.0860352  3.23326e-08
0.08739  3.68974e-08
0.0887449  4.28078e-08
0.0900998  4.34921e-08
0.0914547  4.95668e-08
0.0928096  3.88238e-08
0.0941645  3.95063e-08
0.0955194  4.61932e-08
0.0968742  6.52746e-08
0.0982291  1.39274e-07
0.099584  1.32382e-07
0.100939  1.40783e-07
0.102294  1.50724e-07
0.103649  1.54381e-07
0.105004  1.62432e-07
0.106358  1.69247e-07
0.107713  1.61882e-07
0.109068  1.59762e-07
0.110423  1.65342e-07
0.111778  1.68789e-07
0.113133  1.59733e-07
0.114488  1.60563e-07
0.115843  1.68744e-07
0.117198  2.15979e-07
0.118552  2.69084e-07
0.119907  3.08291e-07
0.121262  4.68559e-07
0.122617  4.74951e-07
0.123972  4.79265e-07
0.125327  4.53204e-07
0.126682  4.97689e-07
0.128037  6.627e-07
0.129391  6.03613e-07
0.130746  5.46665e-07
0.132101  5.18578e-07
0.133456  5.73147e-07
0.134811  7.34081e-07
