-0.134811 -1.33428e-10
-0.134721 1.91796e-09
-0.134631 6.23484e-09
-0.134542 1.08105e-08
-0.134452 1.61853e-08
-0.134362 2.15029e-08
-0.134272 2.52312e-08
-0.134182 2.83541e-08
-0.134092 3.03139e-08
-0.134002 3.21222e-08
-0.133912 3.33966e-08
-0.133822 3.43629e-08
-0.133732 3.50566e-08
-0.133642 3.55315e-08
-0.133553 3.54964e-08
-0.133463 3.56607e-08
-0.133373 3.51875e-08
-0.133283 3.44097e-08
-0.133193 3.3316e-08
-0.133103 3.2573e-08
-0.133013 3.199e-08
-0.132923 3.14659e-08
-0.132833 3.25488e-08
-0.132743 3.3779e-08
-0.132654 3.53023e-08
-0.132564 3.60172e-08
-0.132474 3.65976e-08
-0.132384 3.66479e-08
-0.132294 3.68227e-08
-0.132204 3.69329e-08
-0.132114 3.80028e-08
-0.132024 3.8062e-08
-0.131934 3.77229e-08
-0.131844 3.71914e-08
-0.131754 3.37139e-08
-0.131665 2.48252e-08
-0.131575 1.41423e-08
-0.131485 2.27088e-09
-0.131395 -2.36196e-09
-0.131305 -4.2127e-09
-0.131215 -3.11033e-09
-0.131125 -8.12794e-10
-0.131035 1.69165e-09
-0.130945 2.2878e-09
-0.130855 3.60817e-09
-0.130766 5.62844e-09
-0.130676 6.582e-09
-0.130586 6.3551e-09
-0.130496 6.38233e-09
-0.130406 7.22946e-09
-0.130316 7.78577e-09
-0.130226 8.43974e-09
-0.130136 7.86982e-09
-0.130046 7.21764e-09
-0.129956 7.02101e-09
-0.129867 7.7081e-09
-0.129777 7.70336e-09
-0.129687 7.77794e-09
-0.129597 8.30496e-09
-0.129507 9.35838e-09
-0.129417 1.02576e-08
-0.129327 1.11206e-08
-0.129237 1.15361e-08
-0.129147 1.20933e-08
-0.129057 1.32374e-08
-0.128967 1.43906e-08
-0.128878 1.47791e-08
-0.128788 1.45268e-08
-0.128698 1.50788e-08
-0.128608 1.54044e-08
-0.128518 1.54241e-08
-0.128428 1.46918e-08
-0.128338 1.31229e-08
-0.128248 1.1742e-08
-0.128158 1.10561e-08
-0.128068 1.0093e-08
-0.127979 8.61224e-09
-0.127889 7.79815e-09
-0.127799 9.71901e-09
-0.127709 1.22672e-08
-0.127619 1.41327e-08
-0.127529 1.60254e-08
-0.127439 1.84016e-08
-0.127349 2.15823e-08
-0.127259 2.45765e-08
-0.127169 2.5014e-08
-0.127079 2.61001e-08
-0.12699 2.63983e-08
-0.1269 2.73263e-08
-0.12681 2.59952e-08
-0.12672 2.08109e-08
-0.12663 9.05818e-09
-0.12654 -6.45196e-10
-0.12645 -7.50502e-09
-0.12636 -9.64651e-09
-0.12627 -9.59936e-09
-0.12618 -1.01765e-08
-0.126091 -1.07913e-08
-0.126001 -1.03464e-08
-0.125911 -9.86583e-09
-0.125821 -8.75331e-09
-0.125731 -6.91999e-09
-0.125641 -5.02611e-09
-0.125551 -2.72394e-09
-0.125461 9.13045e-10
-0.125371 5.18374e-09
-0.125281 8.08325e-09
-0.125191 1.08568e-08
-0.125102 1.33472e-08
-0.125012 1.4703e-08
-0.124922 1.36687e-08
-0.124832 1.21915e-08
-0.124742 9.78998e-09
-0.124652 7.38748e-09
-0.124562 5.40673e-09
-0.124472 3.77615e-09
-0.124382 2.40413e-09
-0.124292 1.50604e-09
-0.124203 7.3936e-10
-0.124113 2.79071e-10
-0.124023 2.45062e-10
-0.123933 1.186e-10
-0.123843 1.73405e-10
-0.123753 4.65029e-10
-0.123663 1.01928e-09
-0.123573 1.90284e-09
-0.123483 2.89788e-09
-0.123393 3.2468e-09
-0.123304 3.70099e-09
-0.123214 4.34721e-09
-0.123124 5.29725e-09
-0.123034 4.63867e-09
-0.122944 3.11581e-09
-0.122854 2.13557e-09
-0.122764 1.1457e-09
-0.122674 -8.24994e-10
-0.122584 -2.7693e-09
-0.122494 -4.12055e-09
-0.122404 -4.13681e-09
-0.122315 -3.30853e-09
-0.122225 -3.31965e-09
-0.122135 -3.46053e-09
-0.122045 -3.40131e-09
-0.121955 -2.96959e-09
-0.121865 -3.03422e-09
-0.121775 -3.37061e-09
-0.121685 -3.68922e-09
-0.121595 -3.38348e-09
-0.121505 -3.0767e-09
-0.121416 -2.84408e-09
-0.121326 -3.49622e-09
-0.121236 -5.02247e-09
-0.121146 -5.97923e-09
-0.121056 -6.45261e-09
-0.120966 -6.76253e-09
-0.120876 -6.93357e-09
-0.120786 -6.1315e-09
-0.120696 -5.74577e-09
-0.120606 -5.25949e-09
-0.120516 -5.18752e-09
-0.120427 -5.15294e-09
-0.120337 -5.11435e-09
-0.120247 -4.24274e-09
-0.120157 -3.20573e-09
-0.120067 -3.11597e-09
-0.119977 -3.26732e-09
-0.119887 -3.35644e-09
-0.119797 -3.64242e-09
-0.119707 -3.96626e-09
-0.119617 -4.32855e-09
-0.119528 -5.11386e-09
-0.119438 -5.87805e-09
-0.119348 -6.40566e-09
-0.119258 -7.16598e-09
-0.119168 -8.584e-09
-0.119078 -1.01658e-08
-0.118988 -1.11037e-08
-0.118898 -1.15185e-08
-0.118808 -1.14896e-08
-0.118718 -1.19653e-08
-0.118628 -1.1817e-08
-0.118539 -1.16471e-08
-0.118449 -1.07916e-08
-0.118359 -9.97307e-09
-0.118269 -9.78147e-09
-0.118179 -9.91955e-09
-0.118089 -9.73448e-09
-0.117999 -9.44108e-09
-0.117909 -9.15198e-09
-0.117819 -9.55354e-09
-0.117729 -9.87228e-09
-0.11764 -1.00413e-08
-0.11755 -1.05391e-08
-0.11746 -1.11729e-08
-0.11737 -1.22238e-08
-0.11728 -1.31806e-08
-0.11719 -1.3645e-08
-0.1171 -1.36327e-08
-0.11701 -1.3579e-08
-0.11692 -1.44971e-08
-0.11683 -1.5321e-08
-0.116741 -1.48198e-08
-0.116651 -1.42064e-08
-0.116561 -1.23962e-08
-0.116471 -1.03737e-08
-0.116381 -8.85997e-09
-0.116291 -6.54756e-09
-0.116201 -5.33812e-09
-0.116111 -5.22895e-09
-0.116021 -6.03746e-09
-0.115931 -6.28363e-09
-0.115841 -6.34533e-09
-0.115752 -6.98158e-09
-0.115662 -7.89169e-09
-0.115572 -8.56194e-09
-0.115482 -9.23045e-09
-0.115392 -9.70673e-09
-0.115302 -1.01773e-08
-0.115212 -1.08852e-08
-0.115122 -1.16128e-08
-0.115032 -1.25e-08
-0.114942 -1.32673e-08
-0.114853 -1.41674e-08
-0.114763 -1.48308e-08
-0.114673 -1.53054e-08
-0.114583 -1.52281e-08
-0.114493 -1.49287e-08
-0.114403 -1.49065e-08
-0.114313 -1.45083e-08
-0.114223 -1.42998e-08
-0.114133 -1.38196e-08
-0.114043 -1.28301e-08
-0.113953 -1.17282e-08
-0.113864 -1.08469e-08
-0.113774 -1.0131e-08
-0.113684 -9.69511e-09
-0.113594 -9.414e-09
-0.113504 -9.5991e-09
-0.113414 -9.92103e-09
-0.113324 -1.01088e-08
-0.113234 -1.0622e-08
-0.113144 -1.10069e-08
-0.113054 -1.1726e-08
-0.112965 -1.28449e-08
-0.112875 -1.38155e-08
-0.112785 -1.45735e-08
-0.112695 -1.52866e-08
-0.112605 -1.61015e-08
-0.112515 -1.64631e-08
-0.112425 -1.61755e-08
-0.112335 -1.561e-08
-0.112245 -1.48745e-08
-0.112155 -1.39049e-08
-0.112065 -1.32548e-08
-0.111976 -1.2503e-08
-0.111886 -1.2167e-08
-0.111796 -1.2227e-08
-0.111706 -1.24239e-08
-0.111616 -1.26159e-08
-0.111526 -1.27773e-08
-0.111436 -1.33478e-08
-0.111346 -1.38376e-08
-0.111256 -1.45881e-08
-0.111166 -1.52762e-08
-0.111077 -1.62862e-08
-0.110987 -1.74364e-08
-0.110897 -1.82748e-08
-0.110807 -1.89015e-08
-0.110717 -1.95933e-08
-0.110627 -1.99102e-08
-0.110537 -2.04621e-08
-0.110447 -2.02363e-08
-0.110357 -1.95774e-08
-0.110267 -1.92118e-08
-0.110178 -1.85625e-08
-0.110088 -1.80419e-08
-0.109998 -1.75011e-08
-0.109908 -1.73677e-08
-0.109818 -1.71816e-08
-0.109728 -1.69865e-08
-0.109638 -1.71119e-08
-0.109548 -1.7295e-08
-0.109458 -1.69005e-08
-0.109368 -1.76539e-08
-0.109278 -1.80614e-08
-0.109189 -1.85457e-08
-0.109099 -1.91086e-08
-0.109009 -1.95546e-08
-0.108919 -1.95951e-08
-0.108829 -1.91089e-08
-0.108739 -1.93582e-08
-0.108649 -1.9174e-08
-0.108559 -1.88447e-08
-0.108469 -1.88218e-08
-0.108379 -1.86904e-08
-0.10829 -1.75285e-08
-0.1082 -1.64398e-08
-0.10811 -1.53333e-08
-0.10802 -1.472e-08
-0.10793 -1.40554e-08
-0.10784 -1.40269e-08
-0.10775 -1.37058e-08
-0.10766 -1.31334e-08
-0.10757 -1.30688e-08
-0.10748 -1.28005e-08
-0.10739 -1.25469e-08
-0.107301 -1.21771e-08
-0.107211 -1.22126e-08
-0.107121 -1.2574e-08
-0.107031 -1.26737e-08
-0.106941 -1.26882e-08
-0.106851 -1.2922e-08
-0.106761 -1.30573e-08
-0.106671 -1.41025e-08
-0.106581 -1.51029e-08
-0.106491 -1.57659e-08
-0.106402 -1.62315e-08
-0.106312 -1.639e-08
-0.106222 -1.66232e-08
-0.106132 -1.68063e-08
-0.106042 -1.71753e-08
-0.105952 -1.75045e-08
-0.105862 -1.7491e-08
-0.105772 -1.73398e-08
-0.105682 -1.70893e-08
-0.105592 -1.64847e-08
-0.105502 -1.6142e-08
-0.105413 -1.61898e-08
-0.105323 -1.6427e-08
-0.105233 -1.67693e-08
-0.105143 -1.69226e-08
-0.105053 -1.6759e-08
-0.104963 -1.65473e-08
-0.104873 -1.67997e-08
-0.104783 -1.71964e-08
-0.104693 -1.76046e-08
-0.104603 -1.80955e-08
-0.104514 -1.86801e-08
-0.104424 -1.88496e-08
-0.104334 -1.8903e-08
-0.104244 -1.88621e-08
-0.104154 -1.89791e-08
-0.104064 -1.88638e-08
-0.103974 -1.86351e-08
-0.103884 -1.77427e-08
-0.103794 -1.68937e-08
-0.103704 -1.60469e-08
-0.103614 -1.56244e-08
-0.103525 -1.54037e-08
-0.103435 -1.52706e-08
-0.103345 -1.52342e-08
-0.103255 -1.50885e-08
-0.103165 -1.49177e-08
-0.103075 -1.50241e-08
-0.102985 -1.56958e-08
-0.102895 -1.67619e-08
-0.102805 -1.81483e-08
-0.102715 -1.93279e-08
-0.102626 -2.01361e-08
-0.102536 -2.0351e-08
-0.102446 -2.06907e-08
-0.102356 -2.08808e-08
-0.102266 -2.12112e-08
-0.102176 -2.15861e-08
-0.102086 -2.18398e-08
-0.101996 -2.16992e-08
-0.101906 -2.133e-08
-0.101816 -2.09051e-08
-0.101727 -2.05438e-08
-0.101637 -2.01273e-08
-0.101547 -2.00421e-08
-0.101457 -2.00042e-08
-0.101367 -1.9942e-08
-0.101277 -2.0097e-08
-0.101187 -2.0241e-08
-0.101097 -2.04538e-08
-0.101007 -2.06906e-08
-0.100917 -2.1005e-08
-0.100827 -2.11931e-08
-0.100738 -2.1171e-08
-0.100648 -2.15581e-08
-0.100558 -2.18754e-08
-0.100468 -2.19751e-08
-0.100378 -2.19093e-08
-0.100288 -2.12987e-08
-0.100198 -2.01985e-08
-0.100108 -1.82883e-08
-0.100018 -1.63609e-08
-0.0999284 -1.47622e-08
-0.0998385 -1.36779e-08
-0.0997486 -1.30301e-08
-0.0996587 -1.19835e-08
-0.0995688 -1.04075e-08
-0.0994789 -9.19713e-09
-0.099389 -7.99576e-09
-0.0992991 -7.23661e-09
-0.0992092 -6.71069e-09
-0.0991193 -6.67682e-09
-0.0990294 -6.9261e-09
-0.0989395 -7.21459e-09
-0.0988496 -7.37473e-09
-0.0987597 -7.39606e-09
-0.0986698 -7.36591e-09
-0.0985799 -7.7002e-09
-0.09849 -7.99944e-09
-0.0984001 -8.34745e-09
-0.0983102 -8.90251e-09
-0.0982202 -9.38711e-09
-0.0981303 -9.87711e-09
-0.0980404 -1.02454e-08
-0.0979505 -1.07226e-08
-0.0978606 -1.08954e-08
-0.0977707 -1.10189e-08
-0.0976808 -1.1202e-08
-0.0975909 -1.13882e-08
-0.097501 -1.15802e-08
-0.0974111 -1.19222e-08
-0.0973212 -1.23118e-08
-0.0972313 -1.26564e-08
-0.0971414 -1.26906e-08
-0.0970515 -1.24538e-08
-0.0969616 -1.20841e-08
-0.0968717 -1.17521e-08
-0.0967818 -1.18872e-08
-0.0966919 -1.20306e-08
-0.096602 -1.21779e-08
-0.0965121 -1.23183e-08
-0.0964222 -1.24379e-08
-0.0963323 -1.25019e-08
-0.0962424 -1.23096e-08
-0.0961525 -1.20413e-08
-0.0960626 -1.19359e-08
-0.0959726 -1.18722e-08
-0.0958827 -1.18429e-08
-0.0957928 -1.17952e-08
-0.0957029 -1.16175e-08
-0.095613 -1.1551e-08
-0.0955231 -1.14346e-08
-0.0954332 -1.13012e-08
-0.0953433 -1.11921e-08
-0.0952534 -1.0933e-08
-0.0951635 -1.08314e-08
-0.0950736 -1.09149e-08
-0.0949837 -1.11588e-08
-0.0948938 -1.14924e-08
-0.0948039 -1.19306e-08
-0.094714 -1.23576e-08
-0.0946241 -1.27521e-08
-0.0945342 -1.29239e-08
-0.0944443 -1.31657e-08
-0.0943544 -1.33933e-08
-0.0942645 -1.37169e-08
-0.0941746 -1.41409e-08
-0.0940847 -1.45521e-08
-0.0939948 -1.47244e-08
-0.0939049 -1.48247e-08
-0.0938149 -1.4837e-08
-0.093725 -1.48833e-08
-0.0936351 -1.50095e-08
-0.0935452 -1.52075e-08
-0.0934553 -1.54624e-08
-0.0933654 -1.58963e-08
-0.0932755 -1.63172e-08
-0.0931856 -1.67096e-08
-0.0930957 -1.71711e-08
-0.0930058 -1.76223e-08
-0.0929159 -1.81843e-08
-0.092826 -1.85382e-08
-0.0927361 -1.87044e-08
-0.0926462 -1.87525e-08
-0.0925563 -1.86592e-08
-0.0924664 -1.86897e-08
-0.0923765 -1.8697e-08
-0.0922866 -1.84392e-08
-0.0921967 -1.82258e-08
-0.0921068 -1.79915e-08
-0.0920169 -1.75662e-08
-0.091927 -1.71891e-08
-0.0918371 -1.67543e-08
-0.0917472 -1.64686e-08
-0.0916572 -1.64148e-08
-0.0915673 -1.64354e-08
-0.0914774 -1.6405e-08
-0.0913875 -1.62747e-08
-0.0912976 -1.60927e-08
-0.0912077 -1.58773e-08
-0.0911178 -1.56218e-08
-0.0910279 -1.53349e-08
-0.090938 -1.50062e-08
-0.0908481 -1.44884e-08
-0.0907582 -1.39977e-08
-0.0906683 -1.34569e-08
-0.0905784 -1.27847e-08
-0.0904885 -1.21061e-08
-0.0903986 -1.15708e-08
-0.0903087 -1.09456e-08
-0.0902188 -1.04165e-08
-0.0901289 -1.0033e-08
-0.090039 -9.78458e-09
-0.0899491 -9.73642e-09
-0.0898592 -9.87659e-09
-0.0897693 -1.00127e-08
-0.0896794 -1.02025e-08
-0.0895895 -1.03767e-08
-0.0894995 -1.05382e-08
-0.0894096 -1.06938e-08
-0.0893197 -1.06811e-08
-0.0892298 -1.09402e-08
-0.0891399 -1.12342e-08
-0.08905 -1.14116e-08
-0.0889601 -1.15052e-08
-0.0888702 -1.14352e-08
-0.0887803 -1.13216e-08
-0.0886904 -1.12453e-08
-0.0886005 -1.11321e-08
-0.0885106 -1.10992e-08
-0.0884207 -1.11352e-08
-0.0883308 -1.12974e-08
-0.0882409 -1.15143e-08
-0.088151 -1.16116e-08
-0.0880611 -1.16817e-08
-0.0879712 -1.1757e-08
-0.0878813 -1.18294e-08
-0.0877914 -1.18958e-08
-0.0877015 -1.20628e-08
-0.0876116 -1.21019e-08
-0.0875217 -1.20875e-08
-0.0874318 -1.21044e-08
-0.0873418 -1.20602e-08
-0.0872519 -1.20137e-08
-0.087162 -1.18115e-08
-0.0870721 -1.14944e-08
-0.0869822 -1.11952e-08
-0.0868923 -1.09953e-08
-0.0868024 -1.09508e-08
-0.0867125 -1.08696e-08
-0.0866226 -1.08188e-08
-0.0865327 -1.09514e-08
-0.0864428 -1.10539e-08
-0.0863529 -1.11183e-08
-0.086263 -1.12042e-08
-0.0861731 -1.13202e-08
-0.0860832 -1.15015e-08
-0.0859933 -1.17639e-08
-0.0859034 -1.20506e-08
-0.0858135 -1.22921e-08
-0.0857236 -1.24202e-08
-0.0856337 -1.25375e-08
-0.0855438 -1.25579e-08
-0.0854539 -1.25088e-08
-0.085364 -1.2462e-08
-0.0852741 -1.24316e-08
-0.0851841 -1.24268e-08
-0.0850942 -1.25663e-08
-0.0850043 -1.274e-08
-0.0849144 -1.29204e-08
-0.0848245 -1.30466e-08
-0.0847346 -1.3233e-08
-0.0846447 -1.33819e-08
-0.0845548 -1.36873e-08
-0.0844649 -1.40068e-08
-0.084375 -1.43302e-08
-0.0842851 -1.46107e-08
-0.0841952 -1.4963e-08
-0.0841053 -1.51364e-08
-0.0840154 -1.52465e-08
-0.0839255 -1.53039e-08
-0.0838356 -1.53752e-08
-0.0837457 -1.54307e-08
-0.0836558 -1.55375e-08
-0.0835659 -1.5706e-08
-0.083476 -1.58404e-08
-0.0833861 -1.59865e-08
-0.0832962 -1.62329e-08
-0.0832063 -1.6566e-08
-0.0831164 -1.67874e-08
-0.0830264 -1.70052e-08
-0.0829365 -1.71816e-08
-0.0828466 -1.7418e-08
-0.0827567 -1.76376e-08
-0.0826668 -1.78521e-08
-0.0825769 -1.79855e-08
-0.082487 -1.80602e-08
-0.0823971 -1.79802e-08
-0.0823072 -1.77739e-08
-0.0822173 -1.74872e-08
-0.0821274 -1.71309e-08
-0.0820375 -1.68246e-08
-0.0819476 -1.66448e-08
-0.0818577 -1.64131e-08
-0.0817678 -1.61492e-08
-0.0816779 -1.58297e-08
-0.081588 -1.5511e-08
-0.0814981 -1.53271e-08
-0.0814082 -1.52061e-08
-0.0813183 -1.51254e-08
-0.0812284 -1.51539e-08
-0.0811385 -1.51234e-08
-0.0810486 -1.52058e-08
-0.0809587 -1.52949e-08
-0.0808687 -1.53775e-08
-0.0807788 -1.54432e-08
-0.0806889 -1.55023e-08
-0.080599 -1.55026e-08
-0.0805091 -1.55112e-08
-0.0804192 -1.53831e-08
-0.0803293 -1.53224e-08
-0.0802394 -1.52652e-08
-0.0801495 -1.51959e-08
-0.0800596 -1.51856e-08
-0.0799697 -1.51129e-08
-0.0798798 -1.50059e-08
-0.0797899 -1.49941e-08
-0.0797 -1.50023e-08
-0.0796101 -1.50861e-08
-0.0795202 -1.51506e-08
-0.0794303 -1.52917e-08
-0.0793404 -1.54526e-08
-0.0792505 -1.56434e-08
-0.0791606 -1.57897e-08
-0.0790707 -1.59548e-08
-0.0789808 -1.61128e-08
-0.0788909 -1.63498e-08
-0.078801 -1.65095e-08
-0.078711 -1.66843e-08
-0.0786211 -1.67412e-08
-0.0785312 -1.68261e-08
-0.0784413 -1.68421e-08
-0.0783514 -1.69576e-08
-0.0782615 -1.70728e-08
-0.0781716 -1.71755e-08
-0.0780817 -1.72599e-08
-0.0779918 -1.734e-08
-0.0779019 -1.74894e-08
-0.077812 -1.76815e-08
-0.0777221 -1.78062e-08
-0.0776322 -1.79208e-08
-0.0775423 -1.81091e-08
-0.0774524 -1.83533e-08
-0.0773625 -1.86406e-08
-0.0772726 -1.88444e-08
-0.0771827 -1.89339e-08
-0.0770928 -1.90505e-08
-0.0770029 -1.91365e-08
-0.076913 -1.92622e-08
-0.0768231 -1.92423e-08
-0.0767332 -1.92695e-08
-0.0766433 -1.9365e-08
-0.0765534 -1.94628e-08
-0.0764634 -1.94536e-08
-0.0763735 -1.94841e-08
-0.0762836 -1.94624e-08
-0.0761937 -1.94932e-08
-0.0761038 -1.95069e-08
-0.0760139 -1.95308e-08
-0.075924 -1.95686e-08
-0.0758341 -1.95591e-08
-0.0757442 -1.95745e-08
-0.0756543 -1.96671e-08
-0.0755644 -1.97426e-08
-0.0754745 -1.9737e-08
-0.0753846 -1.96884e-08
-0.0752947 -1.95745e-08
-0.0752048 -1.94832e-08
-0.0751149 -1.94497e-08
-0.075025 -1.94013e-08
-0.0749351 -1.94243e-08
-0.0748452 -1.95078e-08
-0.0747553 -1.95795e-08
-0.0746654 -1.9573e-08
-0.0745755 -1.94754e-08
-0.0744856 -1.93856e-08
-0.0743957 -1.94052e-08
-0.0743057 -1.94488e-08
-0.0742158 -1.94569e-08
-0.0741259 -1.94735e-08
-0.074036 -1.95358e-08
-0.0739461 -1.9627e-08
-0.0738562 -1.96913e-08
-0.0737663 -1.97391e-08
-0.0736764 -1.98359e-08
-0.0735865 -1.99852e-08
-0.0734966 -2.01295e-08
-0.0734067 -2.024e-08
-0.0733168 -2.03474e-08
-0.0732269 -2.04573e-08
-0.073137 -2.05421e-08
-0.0730471 -2.06236e-08
-0.0729572 -2.07943e-08
-0.0728673 -2.09537e-08
-0.0727774 -2.1055e-08
-0.0726875 -2.11416e-08
-0.0725976 -2.13029e-08
-0.0725077 -2.1526e-08
-0.0724178 -2.17114e-08
-0.0723279 -2.19056e-08
-0.072238 -2.21128e-08
-0.072148 -2.23265e-08
-0.0720581 -2.245e-08
-0.0719682 -2.2517e-08
-0.0718783 -2.26089e-08
-0.0717884 -2.27803e-08
-0.0716985 -2.2959e-08
-0.0716086 -2.30722e-08
-0.0715187 -2.31222e-08
-0.0714288 -2.31653e-08
-0.0713389 -2.32571e-08
-0.071249 -2.33186e-08
-0.0711591 -2.33651e-08
-0.0710692 -2.34121e-08
-0.0709793 -2.34634e-08
-0.0708894 -2.34235e-08
-0.0707995 -2.33796e-08
-0.0707096 -2.33041e-08
-0.0706197 -2.3238e-08
-0.0705298 -2.31802e-08
-0.0704399 -2.31042e-08
-0.07035 -2.30971e-08
-0.0702601 -2.30596e-08
-0.0701702 -2.30192e-08
-0.0700803 -2.29562e-08
-0.0699903 -2.29351e-08
-0.0699004 -2.29538e-08
-0.0698105 -2.29926e-08
-0.0697206 -2.29804e-08
-0.0696307 -2.30318e-08
-0.0695408 -2.3098e-08
-0.0694509 -2.31822e-08
-0.069361 -2.32867e-08
-0.0692711 -2.34207e-08
-0.0691812 -2.36014e-08
-0.0690913 -2.38062e-08
-0.0690014 -2.39996e-08
-0.0689115 -2.41965e-08
-0.0688216 -2.44591e-08
-0.0687317 -2.47397e-08
-0.0686418 -2.50377e-08
-0.0685519 -2.53728e-08
-0.068462 -2.56583e-08
-0.0683721 -2.59523e-08
-0.0682822 -2.62316e-08
-0.0681923 -2.65162e-08
-0.0681024 -2.68144e-08
-0.0680125 -2.71597e-08
-0.0679226 -2.75369e-08
-0.0678326 -2.79457e-08
-0.0677427 -2.8358e-08
-0.0676528 -2.87671e-08
-0.0675629 -2.91208e-08
-0.067473 -2.9477e-08
-0.0673831 -2.98177e-08
-0.0672932 -3.01612e-08
-0.0672033 -3.04713e-08
-0.0671134 -3.07876e-08
-0.0670235 -3.11141e-08
-0.0669336 -3.14557e-08
-0.0668437 -3.17593e-08
-0.0667538 -3.20529e-08
-0.0666639 -3.23563e-08
-0.066574 -3.26444e-08
-0.0664841 -3.29148e-08
-0.0663942 -3.31631e-08
-0.0663043 -3.34232e-08
-0.0662144 -3.36637e-08
-0.0661245 -3.38517e-08
-0.0660346 -3.39648e-08
-0.0659447 -3.40673e-08
-0.0658548 -3.41465e-08
-0.0657649 -3.41173e-08
-0.0656749 -3.40823e-08
-0.065585 -3.4016e-08
-0.0654951 -3.39873e-08
-0.0654052 -3.39449e-08
-0.0653153 -3.3915e-08
-0.0652254 -3.37394e-08
-0.0651355 -3.34947e-08
-0.0650456 -3.31874e-08
-0.0649557 -3.28009e-08
-0.0648658 -3.24045e-08
-0.0647759 -3.20214e-08
-0.064686 -3.17117e-08
-0.0645961 -3.13528e-08
-0.0645062 -3.10138e-08
-0.0644163 -3.06647e-08
-0.0643264 -3.03156e-08
-0.0642365 -2.99695e-08
-0.0641466 -2.96416e-08
-0.0640567 -2.94408e-08
-0.0639668 -2.92922e-08
-0.0638769 -2.91157e-08
-0.063787 -2.89367e-08
-0.0636971 -2.87736e-08
-0.0636072 -2.8599e-08
-0.0635172 -2.84405e-08
-0.0634273 -2.83114e-08
-0.0633374 -2.82038e-08
-0.0632475 -2.81252e-08
-0.0631576 -2.80823e-08
-0.0630677 -2.80722e-08
-0.0629778 -2.80977e-08
-0.0628879 -2.81868e-08
-0.062798 -2.82953e-08
-0.0627081 -2.83973e-08
-0.0626182 -2.84557e-08
-0.0625283 -2.85223e-08
-0.0624384 -2.86214e-08
-0.0623485 -2.87657e-08
-0.0622586 -2.89285e-08
-0.0621687 -2.90646e-08
-0.0620788 -2.92377e-08
-0.0619889 -2.93887e-08
-0.061899 -2.94913e-08
-0.0618091 -2.96544e-08
-0.0617192 -2.98798e-08
-0.0616293 -3.01106e-08
-0.0615394 -3.0302e-08
-0.0614495 -3.04939e-08
-0.0613595 -3.06941e-08
-0.0612696 -3.08339e-08
-0.0611797 -3.0947e-08
-0.0610898 -3.10691e-08
-0.0609999 -3.12441e-08
-0.06091 -3.13967e-08
-0.0608201 -3.15571e-08
-0.0607302 -3.17396e-08
-0.0606403 -3.19583e-08
-0.0605504 -3.22078e-08
-0.0604605 -3.24508e-08
-0.0603706 -3.26957e-08
-0.0602807 -3.29528e-08
-0.0601908 -3.31814e-08
-0.0601009 -3.33975e-08
-0.060011 -3.36143e-08
-0.0599211 -3.3848e-08
-0.0598312 -3.41282e-08
-0.0597413 -3.436e-08
-0.0596514 -3.45708e-08
-0.0595615 -3.47567e-08
-0.0594716 -3.49337e-08
-0.0593817 -3.51492e-08
-0.0592918 -3.53182e-08
-0.0592018 -3.54449e-08
-0.0591119 -3.55763e-08
-0.059022 -3.56814e-08
-0.0589321 -3.57062e-08
-0.0588422 -3.57043e-08
-0.0587523 -3.57543e-08
-0.0586624 -3.5808e-08
-0.0585725 -3.58633e-08
-0.0584826 -3.59092e-08
-0.0583927 -3.59838e-08
-0.0583028 -3.60947e-08
-0.0582129 -3.61084e-08
-0.058123 -3.61033e-08
-0.0580331 -3.61157e-08
-0.0579432 -3.60707e-08
-0.0578533 -3.59645e-08
-0.0577634 -3.58563e-08
-0.0576735 -3.57281e-08
-0.0575836 -3.5604e-08
-0.0574937 -3.54818e-08
-0.0574038 -3.53471e-08
-0.0573139 -3.52054e-08
-0.057224 -3.49969e-08
-0.0571341 -3.48009e-08
-0.0570442 -3.45952e-08
-0.0569542 -3.44467e-08
-0.0568643 -3.43498e-08
-0.0567744 -3.42425e-08
-0.0566845 -3.41692e-08
-0.0565946 -3.40763e-08
-0.0565047 -3.39819e-08
-0.0564148 -3.39235e-08
-0.0563249 -3.3885e-08
-0.056235 -3.38472e-08
-0.0561451 -3.38359e-08
-0.0560552 -3.38708e-08
-0.0559653 -3.39402e-08
-0.0558754 -3.40277e-08
-0.0557855 -3.41443e-08
-0.0556956 -3.42708e-08
-0.0556057 -3.436e-08
-0.0555158 -3.44504e-08
-0.0554259 -3.45233e-08
-0.055336 -3.46128e-08
-0.0552461 -3.46967e-08
-0.0551562 -3.48184e-08
-0.0550663 -3.49764e-08
-0.0549764 -3.51602e-08
-0.0548865 -3.53557e-08
-0.0547965 -3.55525e-08
-0.0547066 -3.57353e-08
-0.0546167 -3.59135e-08
-0.0545268 -3.61042e-08
-0.0544369 -3.63504e-08
-0.054347 -3.65849e-08
-0.0542571 -3.68291e-08
-0.0541672 -3.7049e-08
-0.0540773 -3.7244e-08
-0.0539874 -3.74563e-08
-0.0538975 -3.76722e-08
-0.0538076 -3.78594e-08
-0.0537177 -3.80398e-08
-0.0536278 -3.81838e-08
-0.0535379 -3.82797e-08
-0.053448 -3.83538e-08
-0.0533581 -3.84705e-08
-0.0532682 -3.86019e-08
-0.0531783 -3.87075e-08
-0.0530884 -3.87716e-08
-0.0529985 -3.87712e-08
-0.0529086 -3.87586e-08
-0.0528187 -3.87389e-08
-0.0527288 -3.87445e-08
-0.0526388 -3.87583e-08
-0.0525489 -3.87661e-08
-0.052459 -3.87746e-08
-0.0523691 -3.8756e-08
-0.0522792 -3.87139e-08
-0.0521893 -3.86472e-08
-0.0520994 -3.85548e-08
-0.0520095 -3.84518e-08
-0.0519196 -3.83389e-08
-0.0518297 -3.82251e-08
-0.0517398 -3.81018e-08
-0.0516499 -3.79975e-08
-0.05156 -3.79002e-08
-0.0514701 -3.78448e-08
-0.0513802 -3.78125e-08
-0.0512903 -3.78018e-08
-0.0512004 -3.77351e-08
-0.0511105 -3.76455e-08
-0.0510206 -3.75796e-08
-0.0509307 -3.75456e-08
-0.0508408 -3.75161e-08
-0.0507509 -3.75059e-08
-0.050661 -3.75157e-08
-0.0505711 -3.75312e-08
-0.0504811 -3.75166e-08
-0.0503912 -3.74882e-08
-0.0503013 -3.75199e-08
-0.0502114 -3.75689e-08
-0.0501215 -3.76223e-08
-0.0500316 -3.77009e-08
-0.0499417 -3.77726e-08
-0.0498518 -3.78634e-08
-0.0497619 -3.79315e-08
-0.049672 -3.80216e-08
-0.0495821 -3.81088e-08
-0.0494922 -3.81971e-08
-0.0494023 -3.82595e-08
-0.0493124 -3.83229e-08
-0.0492225 -3.84033e-08
-0.0491326 -3.84587e-08
-0.0490427 -3.85462e-08
-0.0489528 -3.86432e-08
-0.0488629 -3.87375e-08
-0.048773 -3.88192e-08
-0.0486831 -3.88669e-08
-0.0485932 -3.89088e-08
-0.0485033 -3.89405e-08
-0.0484134 -3.89883e-08
-0.0483234 -3.90843e-08
-0.0482335 -3.91805e-08
-0.0481436 -3.92461e-08
-0.0480537 -3.93045e-08
-0.0479638 -3.93847e-08
-0.0478739 -3.94379e-08
-0.047784 -3.94754e-08
-0.0476941 -3.95206e-08
-0.0476042 -3.95798e-08
-0.0475143 -3.9648e-08
-0.0474244 -3.97073e-08
-0.0473345 -3.97886e-08
-0.0472446 -3.98989e-08
-0.0471547 -3.99958e-08
-0.0470648 -4.01011e-08
-0.0469749 -4.02103e-08
-0.046885 -4.03088e-08
-0.0467951 -4.03729e-08
-0.0467052 -4.0483e-08
-0.0466153 -4.06074e-08
-0.0465254 -4.07543e-08
-0.0464355 -4.09209e-08
-0.0463456 -4.10955e-08
-0.0462557 -4.12589e-08
-0.0461657 -4.13863e-08
-0.0460758 -4.15077e-08
-0.0459859 -4.16256e-08
-0.045896 -4.1745e-08
-0.0458061 -4.18804e-08
-0.0457162 -4.20196e-08
-0.0456263 -4.21831e-08
-0.0455364 -4.23148e-08
-0.0454465 -4.2432e-08
-0.0453566 -4.25376e-08
-0.0452667 -4.26601e-08
-0.0451768 -4.27284e-08
-0.0450869 -4.27943e-08
-0.044997 -4.28532e-08
-0.0449071 -4.2916e-08
-0.0448172 -4.29985e-08
-0.0447273 -4.30865e-08
-0.0446374 -4.3166e-08
-0.0445475 -4.32345e-08
-0.0444576 -4.32574e-08
-0.0443677 -4.32449e-08
-0.0442778 -4.32118e-08
-0.0441879 -4.31929e-08
-0.044098 -4.31612e-08
-0.044008 -4.31262e-08
-0.0439181 -4.30789e-08
-0.0438282 -4.30017e-08
-0.0437383 -4.29394e-08
-0.0436484 -4.28558e-08
-0.0435585 -4.27136e-08
-0.0434686 -4.25759e-08
-0.0433787 -4.2443e-08
-0.0432888 -4.2323e-08
-0.0431989 -4.21971e-08
-0.043109 -4.20669e-08
-0.0430191 -4.1924e-08
-0.0429292 -4.17739e-08
-0.0428393 -4.16159e-08
-0.0427494 -4.14303e-08
-0.0426595 -4.12631e-08
-0.0425696 -4.11275e-08
-0.0424797 -4.0983e-08
-0.0423898 -4.08488e-08
-0.0422999 -4.07399e-08
-0.04221 -4.06325e-08
-0.0421201 -4.05182e-08
-0.0420302 -4.03969e-08
-0.0419403 -4.02518e-08
-0.0418503 -4.01146e-08
-0.0417604 -4.00008e-08
-0.0416705 -3.98658e-08
-0.0415806 -3.97728e-08
-0.0414907 -3.9713e-08
-0.0414008 -3.96479e-08
-0.0413109 -3.95788e-08
-0.041221 -3.95137e-08
-0.0411311 -3.94334e-08
-0.0410412 -3.93963e-08
-0.0409513 -3.93437e-08
-0.0408614 -3.92608e-08
-0.0407715 -3.92257e-08
-0.0406816 -3.91835e-08
-0.0405917 -3.91203e-08
-0.0405018 -3.90648e-08
-0.0404119 -3.90013e-08
-0.040322 -3.8925e-08
-0.0402321 -3.88668e-08
-0.0401422 -3.87972e-08
-0.0400523 -3.87531e-08
-0.0399624 -3.87323e-08
-0.0398725 -3.87178e-08
-0.0397826 -3.86908e-08
-0.0396927 -3.86479e-08
-0.0396027 -3.85838e-08
-0.0395128 -3.84955e-08
-0.0394229 -3.83756e-08
-0.039333 -3.82438e-08
-0.0392431 -3.81303e-08
-0.0391532 -3.80157e-08
-0.0390633 -3.79174e-08
-0.0389734 -3.78192e-08
-0.0388835 -3.7731e-08
-0.0387936 -3.76787e-08
-0.0387037 -3.75827e-08
-0.0386138 -3.75019e-08
-0.0385239 -3.74362e-08
-0.038434 -3.73731e-08
-0.0383441 -3.72968e-08
-0.0382542 -3.72095e-08
-0.0381643 -3.71095e-08
-0.0380744 -3.70254e-08
-0.0379845 -3.69587e-08
-0.0378946 -3.68877e-08
-0.0378047 -3.68625e-08
-0.0377148 -3.68511e-08
-0.0376249 -3.68386e-08
-0.037535 -3.68754e-08
-0.037445 -3.69223e-08
-0.0373551 -3.69741e-08
-0.0372652 -3.70175e-08
-0.0371753 -3.70587e-08
-0.0370854 -3.70728e-08
-0.0369955 -3.70783e-08
-0.0369056 -3.70952e-08
-0.0368157 -3.71334e-08
-0.0367258 -3.71818e-08
-0.0366359 -3.72457e-08
-0.036546 -3.73446e-08
-0.0364561 -3.74718e-08
-0.0363662 -3.76021e-08
-0.0362763 -3.77396e-08
-0.0361864 -3.78701e-08
-0.0360965 -3.79935e-08
-0.0360066 -3.80961e-08
-0.0359167 -3.81791e-08
-0.0358268 -3.82539e-08
-0.0357369 -3.83128e-08
-0.035647 -3.83732e-08
-0.0355571 -3.84303e-08
-0.0354672 -3.84881e-08
-0.0353773 -3.85667e-08
-0.0352873 -3.86356e-08
-0.0351974 -3.87054e-08
-0.0351075 -3.87525e-08
-0.0350176 -3.87753e-08
-0.0349277 -3.87549e-08
-0.0348378 -3.87365e-08
-0.0347479 -3.86665e-08
-0.034658 -3.85803e-08
-0.0345681 -3.85149e-08
-0.0344782 -3.84188e-08
-0.0343883 -3.83248e-08
-0.0342984 -3.82393e-08
-0.0342085 -3.81634e-08
-0.0341186 -3.8107e-08
-0.0340287 -3.80572e-08
-0.0339388 -3.79734e-08
-0.0338489 -3.78718e-08
-0.033759 -3.77492e-08
-0.0336691 -3.75664e-08
-0.0335792 -3.73987e-08
-0.0334893 -3.72269e-08
-0.0333994 -3.70527e-08
-0.0333095 -3.68943e-08
-0.0332196 -3.67271e-08
-0.0331296 -3.6604e-08
-0.0330397 -3.6526e-08
-0.0329498 -3.64803e-08
-0.0328599 -3.64188e-08
-0.03277 -3.63542e-08
-0.0326801 -3.62875e-08
-0.0325902 -3.62184e-08
-0.0325003 -3.61566e-08
-0.0324104 -3.61073e-08
-0.0323205 -3.60599e-08
-0.0322306 -3.60219e-08
-0.0321407 -3.5997e-08
-0.0320508 -3.59921e-08
-0.0319609 -3.60255e-08
-0.031871 -3.60782e-08
-0.0317811 -3.6094e-08
-0.0316912 -3.61024e-08
-0.0316013 -3.61347e-08
-0.0315114 -3.61655e-08
-0.0314215 -3.61729e-08
-0.0313316 -3.61674e-08
-0.0312417 -3.61463e-08
-0.0311518 -3.61248e-08
-0.0310619 -3.61154e-08
-0.0309719 -3.612e-08
-0.030882 -3.61551e-08
-0.0307921 -3.61781e-08
-0.0307022 -3.61702e-08
-0.0306123 -3.6171e-08
-0.0305224 -3.6199e-08
-0.0304325 -3.62237e-08
-0.0303426 -3.62347e-08
-0.0302527 -3.62115e-08
-0.0301628 -3.61654e-08
-0.0300729 -3.61146e-08
-0.029983 -3.60891e-08
-0.0298931 -3.60523e-08
-0.0298032 -3.60113e-08
-0.0297133 -3.59542e-08
-0.0296234 -3.58837e-08
-0.0295335 -3.58173e-08
-0.0294436 -3.57586e-08
-0.0293537 -3.57125e-08
-0.0292638 -3.56525e-08
-0.0291739 -3.55751e-08
-0.029084 -3.54926e-08
-0.0289941 -3.54423e-08
-0.0289042 -3.54117e-08
-0.0288142 -3.53631e-08
-0.0287243 -3.53229e-08
-0.0286344 -3.52957e-08
-0.0285445 -3.52702e-08
-0.0284546 -3.52331e-08
-0.0283647 -3.52316e-08
-0.0282748 -3.52132e-08
-0.0281849 -3.51618e-08
-0.028095 -3.50869e-08
-0.0280051 -3.50268e-08
-0.0279152 -3.49997e-08
-0.0278253 -3.49853e-08
-0.0277354 -3.49598e-08
-0.0276455 -3.49291e-08
-0.0275556 -3.49122e-08
-0.0274657 -3.49008e-08
-0.0273758 -3.49044e-08
-0.0272859 -3.49273e-08
-0.027196 -3.49043e-08
-0.0271061 -3.48604e-08
-0.0270162 -3.48084e-08
-0.0269263 -3.47814e-08
-0.0268364 -3.47591e-08
-0.0267465 -3.47597e-08
-0.0266565 -3.47511e-08
-0.0265666 -3.47403e-08
-0.0264767 -3.47361e-08
-0.0263868 -3.47351e-08
-0.0262969 -3.47381e-08
-0.026207 -3.47179e-08
-0.0261171 -3.46647e-08
-0.0260272 -3.45941e-08
-0.0259373 -3.45073e-08
-0.0258474 -3.44037e-08
-0.0257575 -3.4298e-08
-0.0256676 -3.42129e-08
-0.0255777 -3.41006e-08
-0.0254878 -3.39988e-08
-0.0253979 -3.39063e-08
-0.025308 -3.38366e-08
-0.0252181 -3.37547e-08
-0.0251282 -3.36506e-08
-0.0250383 -3.35135e-08
-0.0249484 -3.33478e-08
-0.0248585 -3.31641e-08
-0.0247686 -3.29535e-08
-0.0246787 -3.27494e-08
-0.0245888 -3.2529e-08
-0.0244988 -3.22919e-08
-0.0244089 -3.20639e-08
-0.024319 -3.18524e-08
-0.0242291 -3.16568e-08
-0.0241392 -3.14588e-08
-0.0240493 -3.12415e-08
-0.0239594 -3.09878e-08
-0.0238695 -3.07186e-08
-0.0237796 -3.04307e-08
-0.0236897 -3.01301e-08
-0.0235998 -2.98256e-08
-0.0235099 -2.95334e-08
-0.02342 -2.92564e-08
-0.0233301 -2.8989e-08
-0.0232402 -2.87303e-08
-0.0231503 -2.8491e-08
-0.0230604 -2.82759e-08
-0.0229705 -2.80589e-08
-0.0228806 -2.78173e-08
-0.0227907 -2.75829e-08
-0.0227008 -2.73449e-08
-0.0226109 -2.71025e-08
-0.022521 -2.6854e-08
-0.0224311 -2.65931e-08
-0.0223411 -2.63536e-08
-0.0222512 -2.61351e-08
-0.0221613 -2.5931e-08
-0.0220714 -2.57517e-08
-0.0219815 -2.55989e-08
-0.0218916 -2.54536e-08
-0.0218017 -2.53011e-08
-0.0217118 -2.51841e-08
-0.0216219 -2.50599e-08
-0.021532 -2.4944e-08
-0.0214421 -2.4814e-08
-0.0213522 -2.46482e-08
-0.0212623 -2.45106e-08
-0.0211724 -2.43929e-08
-0.0210825 -2.42941e-08
-0.0209926 -2.42089e-08
-0.0209027 -2.41519e-08
-0.0208128 -2.40927e-08
-0.0207229 -2.40371e-08
-0.020633 -2.39871e-08
-0.0205431 -2.39371e-08
-0.0204532 -2.39101e-08
-0.0203633 -2.38606e-08
-0.0202734 -2.37835e-08
-0.0201835 -2.37251e-08
-0.0200935 -2.36877e-08
-0.0200036 -2.36545e-08
-0.0199137 -2.36194e-08
-0.0198238 -2.35886e-08
-0.0197339 -2.35583e-08
-0.019644 -2.35441e-08
-0.0195541 -2.35222e-08
-0.0194642 -2.35168e-08
-0.0193743 -2.35227e-08
-0.0192844 -2.35077e-08
-0.0191945 -2.34799e-08
-0.0191046 -2.34636e-08
-0.0190147 -2.34512e-08
-0.0189248 -2.34389e-08
-0.0188349 -2.34108e-08
-0.018745 -2.33875e-08
-0.0186551 -2.33685e-08
-0.0185652 -2.3366e-08
-0.0184753 -2.33543e-08
-0.0183854 -2.33409e-08
-0.0182955 -2.33254e-08
-0.0182056 -2.33009e-08
-0.0181157 -2.32844e-08
-0.0180258 -2.32683e-08
-0.0179358 -2.32428e-08
-0.0178459 -2.3216e-08
-0.017756 -2.3177e-08
-0.0176661 -2.3123e-08
-0.0175762 -2.30691e-08
-0.0174863 -2.30268e-08
-0.0173964 -2.29684e-08
-0.0173065 -2.28864e-08
-0.0172166 -2.27886e-08
-0.0171267 -2.27013e-08
-0.0170368 -2.26336e-08
-0.0169469 -2.25651e-08
-0.016857 -2.24727e-08
-0.0167671 -2.23741e-08
-0.0166772 -2.22632e-08
-0.0165873 -2.21291e-08
-0.0164974 -2.1984e-08
-0.0164075 -2.18471e-08
-0.0163176 -2.16875e-08
-0.0162277 -2.14956e-08
-0.0161378 -2.12881e-08
-0.0160479 -2.10991e-08
-0.015958 -2.09061e-08
-0.0158681 -2.07042e-08
-0.0157781 -2.04835e-08
-0.0156882 -2.02704e-08
-0.0155983 -2.00629e-08
-0.0155084 -1.98516e-08
-0.0154185 -1.9641e-08
-0.0153286 -1.94248e-08
-0.0152387 -1.91952e-08
-0.0151488 -1.89448e-08
-0.0150589 -1.86935e-08
-0.014969 -1.84395e-08
-0.0148791 -1.81843e-08
-0.0147892 -1.79372e-08
-0.0146993 -1.76913e-08
-0.0146094 -1.74793e-08
-0.0145195 -1.72732e-08
-0.0144296 -1.71036e-08
-0.0143397 -1.694e-08
-0.0142498 -1.67664e-08
-0.0141599 -1.6588e-08
-0.01407 -1.64199e-08
-0.0139801 -1.62446e-08
-0.0138902 -1.6069e-08
-0.0138003 -1.59123e-08
-0.0137104 -1.57661e-08
-0.0136204 -1.56425e-08
-0.0135305 -1.5545e-08
-0.0134406 -1.54695e-08
-0.0133507 -1.54195e-08
-0.0132608 -1.53828e-08
-0.0131709 -1.53344e-08
-0.013081 -1.5291e-08
-0.0129911 -1.52531e-08
-0.0129012 -1.52029e-08
-0.0128113 -1.51471e-08
-0.0127214 -1.51006e-08
-0.0126315 -1.50562e-08
-0.0125416 -1.50281e-08
-0.0124517 -1.5017e-08
-0.0123618 -1.50179e-08
-0.0122719 -1.50342e-08
-0.012182 -1.50341e-08
-0.0120921 -1.50348e-08
-0.0120022 -1.50338e-08
-0.0119123 -1.5025e-08
-0.0118224 -1.5001e-08
-0.0117325 -1.49725e-08
-0.0116426 -1.4947e-08
-0.0115527 -1.48986e-08
-0.0114627 -1.48598e-08
-0.0113728 -1.48158e-08
-0.0112829 -1.47778e-08
-0.011193 -1.47415e-08
-0.0111031 -1.46923e-08
-0.0110132 -1.46533e-08
-0.0109233 -1.45954e-08
-0.0108334 -1.45292e-08
-0.0107435 -1.44535e-08
-0.0106536 -1.438e-08
-0.0105637 -1.42808e-08
-0.0104738 -1.41649e-08
-0.0103839 -1.40448e-08
-0.010294 -1.39143e-08
-0.0102041 -1.3791e-08
-0.0101142 -1.36624e-08
-0.0100243 -1.35464e-08
-0.00993438 -1.34196e-08
-0.00984447 -1.32743e-08
-0.00975457 -1.31331e-08
-0.00966466 -1.29894e-08
-0.00957476 -1.28559e-08
-0.00948486 -1.26849e-08
-0.00939495 -1.25141e-08
-0.00930505 -1.23398e-08
-0.00921514 -1.21652e-08
-0.00912524 -1.1989e-08
-0.00903534 -1.18186e-08
-0.00894543 -1.16646e-08
-0.00885553 -1.14783e-08
-0.00876562 -1.13028e-08
-0.00867572 -1.1137e-08
-0.00858582 -1.09852e-08
-0.00849591 -1.08514e-08
-0.00840601 -1.06878e-08
-0.0083161 -1.05374e-08
-0.0082262 -1.0394e-08
-0.00813629 -1.02484e-08
-0.00804639 -1.01068e-08
-0.00795649 -9.97958e-09
-0.00786658 -9.85471e-09
-0.00777668 -9.70715e-09
-0.00768677 -9.58962e-09
-0.00759687 -9.48252e-09
-0.00750697 -9.38995e-09
-0.00741706 -9.30585e-09
-0.00732716 -9.20584e-09
-0.00723725 -9.11631e-09
-0.00714735 -9.02819e-09
-0.00705744 -8.95623e-09
-0.00696754 -8.88522e-09
-0.00687764 -8.81484e-09
-0.00678773 -8.7294e-09
-0.00669783 -8.62914e-09
-0.00660792 -8.56155e-09
-0.00651802 -8.48896e-09
-0.00642812 -8.42658e-09
-0.00633821 -8.36515e-09
-0.00624831 -8.29979e-09
-0.0061584 -8.2287e-09
-0.0060685 -8.16377e-09
-0.00597859 -8.12446e-09
-0.00588869 -8.0792e-09
-0.00579879 -8.01526e-09
-0.00570888 -7.93094e-09
-0.00561898 -7.84225e-09
-0.00552907 -7.7643e-09
-0.00543917 -7.68608e-09
-0.00534927 -7.61577e-09
-0.00525936 -7.54635e-09
-0.00516946 -7.46851e-09
-0.00507955 -7.378e-09
-0.00498965 -7.29996e-09
-0.00489975 -7.24165e-09
-0.00480984 -7.17144e-09
-0.00471994 -7.07943e-09
-0.00463003 -6.9913e-09
-0.00454013 -6.89456e-09
-0.00445022 -6.79827e-09
-0.00436032 -6.70894e-09
-0.00427042 -6.61075e-09
-0.00418051 -6.50689e-09
-0.00409061 -6.3842e-09
-0.0040007 -6.26604e-09
-0.0039108 -6.16837e-09
-0.0038209 -6.07349e-09
-0.00373099 -5.96769e-09
-0.00364109 -5.85332e-09
-0.00355118 -5.74663e-09
-0.00346128 -5.6307e-09
-0.00337137 -5.52183e-09
-0.00328147 -5.41113e-09
-0.00319157 -5.27876e-09
-0.00310166 -5.12994e-09
-0.00301176 -4.9675e-09
-0.00292185 -4.83022e-09
-0.00283195 -4.70191e-09
-0.00274205 -4.57419e-09
-0.00265214 -4.44362e-09
-0.00256224 -4.30908e-09
-0.00247233 -4.17369e-09
-0.00238243 -4.04228e-09
-0.00229252 -3.91752e-09
-0.00220262 -3.78049e-09
-0.00211272 -3.62148e-09
-0.00202281 -3.44061e-09
-0.00193291 -3.26344e-09
-0.001843 -3.09145e-09
-0.0017531 -2.90768e-09
-0.0016632 -2.74474e-09
-0.00157329 -2.58594e-09
-0.00148339 -2.43409e-09
-0.00139348 -2.28573e-09
-0.00130358 -2.1556e-09
-0.00121368 -2.0211e-09
-0.00112377 -1.87512e-09
-0.00103387 -1.71411e-09
-0.000943963 -1.53768e-09
-0.000854059 -1.37332e-09
-0.000764154 -1.19264e-09
-0.00067425 -1.01075e-09
-0.000584346 -8.49737e-10
-0.000494442 -6.94474e-10
-0.000404538 -5.51117e-10
-0.000314634 -4.2536e-10
-0.00022473 -3.21093e-10
-0.000134825 -2.17425e-10
-4.49212e-05 -1.2018e-10
4.49829e-05 0
0.000134887 1.25782e-10
0.000224791 2.49391e-10
0.000314695 3.9289e-10
0.0004046 5.21165e-10
0.000494504 6.40068e-10
0.000584408 7.51647e-10
0.000674312 8.49629e-10
0.000764216 9.23969e-10
0.00085412 9.78848e-10
0.000944024 1.01225e-09
0.00103393 1.03904e-09
0.00112383 1.08613e-09
0.00121374 1.1417e-09
0.00130364 1.2136e-09
0.00139355 1.29635e-09
0.00148345 1.37257e-09
0.00157335 1.44716e-09
0.00166326 1.51591e-09
0.00175316 1.57312e-09
0.00184307 1.62229e-09
0.00193297 1.6537e-09
0.00202287 1.66618e-09
0.00211278 1.67496e-09
0.00220268 1.69572e-09
0.00229259 1.72348e-09
0.00238249 1.75629e-09
0.00247239 1.79703e-09
0.0025623 1.84541e-09
0.0026522 1.9126e-09
0.00274211 1.9743e-09
0.00283201 2.02867e-09
0.00292192 2.0687e-09
0.00301182 2.10036e-09
0.00310172 2.11576e-09
0.00319163 2.11966e-09
0.00328153 2.13757e-09
0.00337144 2.1512e-09
0.00346134 2.15975e-09
0.00355124 2.1822e-09
0.00364115 2.22569e-09
0.00373105 2.30042e-09
0.00382096 2.37192e-09
0.00391086 2.43768e-09
0.00400077 2.49956e-09
0.00409067 2.54471e-09
0.00418057 2.55984e-09
0.00427048 2.56985e-09
0.00436038 2.58839e-09
0.00445029 2.60405e-09
0.00454019 2.62336e-09
0.00463009 2.6476e-09
0.00472 2.68452e-09
0.0048099 2.75273e-09
0.00489981 2.81645e-09
0.00498971 2.88833e-09
0.00507962 2.97395e-09
0.00516952 3.04946e-09
0.00525942 3.11178e-09
0.00534933 3.16845e-09
0.00543923 3.21563e-09
0.00552914 3.2633e-09
0.00561904 3.31466e-09
0.00570894 3.36319e-09
0.00579885 3.41651e-09
0.00588875 3.49474e-09
0.00597866 3.58447e-09
0.00606856 3.69046e-09
0.00615846 3.80848e-09
0.00624837 3.92709e-09
0.00633827 4.03832e-09
0.00642818 4.13502e-09
0.00651808 4.21017e-09
0.00660799 4.29037e-09
0.00669789 4.36929e-09
0.00678779 4.44496e-09
0.0068777 4.5223e-09
0.0069676 4.62629e-09
0.00705751 4.74593e-09
0.00714741 4.87707e-09
0.00723731 5.00993e-09
0.00732722 5.13707e-09
0.00741712 5.26585e-09
0.00750703 5.38665e-09
0.00759693 5.49362e-09
0.00768684 5.6072e-09
0.00777674 5.71462e-09
0.00786664 5.80576e-09
0.00795655 5.8943e-09
0.00804645 5.99558e-09
0.00813636 6.10401e-09
0.00822626 6.23184e-09
0.00831616 6.3519e-09
0.00840607 6.46852e-09
0.00849597 6.59105e-09
0.00858588 6.71616e-09
0.00867578 6.83641e-09
0.00876569 6.95664e-09
0.00885559 7.05285e-09
0.00894549 7.13012e-09
0.0090354 7.2118e-09
0.0091253 7.30385e-09
0.00921521 7.4088e-09
0.00930511 7.53315e-09
0.00939501 7.65677e-09
0.00948492 7.76629e-09
0.00957482 7.88785e-09
0.00966473 8.01198e-09
0.00975463 8.11906e-09
0.00984453 8.22504e-09
0.00993444 8.29674e-09
0.0100243 8.35869e-09
0.0101142 8.43272e-09
0.0102042 8.51123e-09
0.0102941 8.6025e-09
0.010384 8.70187e-09
0.0104739 8.80079e-09
0.0105638 8.87289e-09
0.0106537 8.9793e-09
0.0107436 9.0866e-09
0.0108335 9.18354e-09
0.0109234 9.28585e-09
0.0110133 9.35706e-09
0.0111032 9.42562e-09
0.0111931 9.49319e-09
0.011283 9.56919e-09
0.0113729 9.63944e-09
0.0114628 9.71816e-09
0.0115527 9.78678e-09
0.0116426 9.83643e-09
0.0117325 9.92819e-09
0.0118224 1.00201e-08
0.0119123 1.01072e-08
0.0120022 1.01872e-08
0.0120921 1.02514e-08
0.012182 1.03085e-08
0.0122719 1.03745e-08
0.0123619 1.04534e-08
0.0124518 1.05197e-08
0.0125417 1.06005e-08
0.0126316 1.0671e-08
0.0127215 1.07352e-08
0.0128114 1.08381e-08
0.0129013 1.09498e-08
0.0129912 1.10528e-08
0.0130811 1.11491e-08
0.013171 1.12387e-08
0.0132609 1.1326e-08
0.0133508 1.14391e-08
0.0134407 1.156e-08
0.0135306 1.16606e-08
0.0136205 1.17787e-08
0.0137104 1.18979e-08
0.0138003 1.20147e-08
0.0138902 1.2163e-08
0.0139801 1.23229e-08
0.01407 1.24849e-08
0.0141599 1.26385e-08
0.0142498 1.27916e-08
0.0143397 1.29427e-08
0.0144296 1.31181e-08
0.0145196 1.32935e-08
0.0146095 1.3454e-08
0.0146994 1.36299e-08
0.0147893 1.38061e-08
0.0148792 1.3979e-08
0.0149691 1.417e-08
0.015059 1.43733e-08
0.0151489 1.45648e-08
0.0152388 1.47539e-08
0.0153287 1.49357e-08
0.0154186 1.51048e-08
0.0155085 1.52954e-08
0.0155984 1.54841e-08
0.0156883 1.56612e-08
0.0157782 1.58378e-08
0.0158681 1.59989e-08
0.015958 1.6161e-08
0.0160479 1.63328e-08
0.0161378 1.64908e-08
0.0162277 1.66405e-08
0.0163176 1.67911e-08
0.0164075 1.69282e-08
0.0164974 1.70537e-08
0.0165873 1.71948e-08
0.0166773 1.73347e-08
0.0167672 1.74559e-08
0.0168571 1.75684e-08
0.016947 1.76608e-08
0.0170369 1.77641e-08
0.0171268 1.78612e-08
0.0172167 1.79467e-08
0.0173066 1.80318e-08
0.0173965 1.81006e-08
0.0174864 1.81668e-08
0.0175763 1.82258e-08
0.0176662 1.83058e-08
0.0177561 1.83956e-08
0.017846 1.84641e-08
0.0179359 1.85271e-08
0.0180258 1.85828e-08
0.0181157 1.86538e-08
0.0182056 1.87233e-08
0.0182955 1.88006e-08
0.0183854 1.88552e-08
0.0184753 1.89005e-08
0.0185652 1.89534e-08
0.0186551 1.89995e-08
0.018745 1.90741e-08
0.0188349 1.91465e-08
0.0189249 1.92118e-08
0.0190148 1.92758e-08
0.0191047 1.9345e-08
0.0191946 1.94171e-08
0.0192845 1.94992e-08
0.0193744 1.95872e-08
0.0194643 1.96425e-08
0.0195542 1.97116e-08
0.0196441 1.97811e-08
0.019734 1.98468e-08
0.0198239 1.9931e-08
0.0199138 2.00076e-08
0.0200037 2.00857e-08
0.0200936 2.0165e-08
0.0201835 2.02519e-08
0.0202734 2.03407e-08
0.0203633 2.04357e-08
0.0204532 2.05214e-08
0.0205431 2.05841e-08
0.020633 2.06533e-08
0.0207229 2.07263e-08
0.0208128 2.07845e-08
0.0209027 2.0856e-08
0.0209926 2.09103e-08
0.0210826 2.09706e-08
0.0211725 2.10359e-08
0.0212624 2.11169e-08
0.0213523 2.12008e-08
0.0214422 2.1285e-08
0.0215321 2.13527e-08
0.021622 2.13986e-08
0.0217119 2.14461e-08
0.0218018 2.14957e-08
0.0218917 2.15371e-08
0.0219816 2.15829e-08
0.0220715 2.16089e-08
0.0221614 2.16435e-08
0.0222513 2.16816e-08
0.0223412 2.17418e-08
0.0224311 2.18038e-08
0.022521 2.18774e-08
0.0226109 2.193e-08
0.0227008 2.19571e-08
0.0227907 2.1983e-08
0.0228806 2.20144e-08
0.0229705 2.20438e-08
0.0230604 2.20683e-08
0.0231503 2.20906e-08
0.0232403 2.21145e-08
0.0233302 2.21507e-08
0.0234201 2.22115e-08
0.02351 2.22746e-08
0.0235999 2.23544e-08
0.0236898 2.2403e-08
0.0237797 2.2438e-08
0.0238696 2.24707e-08
0.0239595 2.25068e-08
0.0240494 2.25384e-08
0.0241393 2.25727e-08
0.0242292 2.25974e-08
0.0243191 2.26156e-08
0.024409 2.26584e-08
0.0244989 2.27255e-08
0.0245888 2.28046e-08
0.0246787 2.28919e-08
0.0247686 2.29637e-08
0.0248585 2.30412e-08
0.0249484 2.31238e-08
0.0250383 2.32049e-08
0.0251282 2.32989e-08
0.0252181 2.3377e-08
0.025308 2.34235e-08
0.025398 2.34692e-08
0.0254879 2.35439e-08
0.0255778 2.36345e-08
0.0256677 2.3713e-08
0.0257576 2.38036e-08
0.0258475 2.38905e-08
0.0259374 2.39891e-08
0.0260273 2.40905e-08
0.0261172 2.42031e-08
0.0262071 2.43208e-08
0.026297 2.44085e-08
0.0263869 2.44831e-08
0.0264768 2.45694e-08
0.0265667 2.46793e-08
0.0266566 2.47796e-08
0.0267465 2.48847e-08
0.0268364 2.5004e-08
0.0269263 2.51046e-08
0.0270162 2.52136e-08
0.0271061 2.5334e-08
0.027196 2.54616e-08
0.0272859 2.55696e-08
0.0273758 2.56527e-08
0.0274657 2.57388e-08
0.0275557 2.58309e-08
0.0276456 2.59317e-08
0.0277355 2.60205e-08
0.0278254 2.61378e-08
0.0279153 2.62312e-08
0.0280052 2.63027e-08
0.0280951 2.6398e-08
0.028185 2.64983e-08
0.0282749 2.65898e-08
0.0283648 2.66538e-08
0.0284547 2.67133e-08
0.0285446 2.67778e-08
0.0286345 2.68413e-08
0.0287244 2.69039e-08
0.0288143 2.69629e-08
0.0289042 2.70175e-08
0.0289941 2.70279e-08
0.029084 2.7049e-08
0.0291739 2.708e-08
0.0292638 2.70907e-08
0.0293537 2.70836e-08
0.0294436 2.70554e-08
0.0295335 2.70116e-08
0.0296234 2.69719e-08
0.0297134 2.69319e-08
0.0298033 2.68884e-08
0.0298932 2.6826e-08
0.0299831 2.67387e-08
0.030073 2.66392e-08
0.0301629 2.65603e-08
0.0302528 2.64762e-08
0.0303427 2.63742e-08
0.0304326 2.62689e-08
0.0305225 2.61416e-08
0.0306124 2.59855e-08
0.0307023 2.58357e-08
0.0307922 2.5712e-08
0.0308821 2.55971e-08
0.030972 2.54803e-08
0.0310619 2.5371e-08
0.0311518 2.52724e-08
0.0312417 2.51936e-08
0.0313316 2.51142e-08
0.0314215 2.5024e-08
0.0315114 2.49458e-08
0.0316013 2.48679e-08
0.0316912 2.4784e-08
0.0317811 2.47359e-08
0.0318711 2.47153e-08
0.031961 2.47182e-08
0.0320509 2.47333e-08
0.0321408 2.47803e-08
0.0322307 2.48412e-08
0.0323206 2.49371e-08
0.0324105 2.50445e-08
0.0325004 2.51625e-08
0.0325903 2.52953e-08
0.0326802 2.54364e-08
0.0327701 2.55926e-08
0.03286 2.57698e-08
0.0329499 2.59537e-08
0.0330398 2.61428e-08
0.0331297 2.63443e-08
0.0332196 2.6553e-08
0.0333095 2.67778e-08
0.0333994 2.70313e-08
0.0334893 2.7284e-08
0.0335792 2.75374e-08
0.0336691 2.77761e-08
0.033759 2.80132e-08
0.0338489 2.82484e-08
0.0339388 2.84756e-08
0.0340288 2.87005e-08
0.0341187 2.89217e-08
0.0342086 2.91461e-08
0.0342985 2.93688e-08
0.0343884 2.96021e-08
0.0344783 2.98436e-08
0.0345682 3.00835e-08
0.0346581 3.03026e-08
0.034748 3.04785e-08
0.0348379 3.06286e-08
0.0349278 3.07385e-08
0.0350177 3.08347e-08
0.0351076 3.09151e-08
0.0351975 3.09526e-08
0.0352874 3.09986e-08
0.0353773 3.10394e-08
0.0354672 3.10621e-08
0.0355571 3.10779e-08
0.035647 3.10875e-08
0.0357369 3.10702e-08
0.0358268 3.10001e-08
0.0359167 3.08918e-08
0.0360066 3.07725e-08
0.0360965 3.06645e-08
0.0361865 3.05119e-08
0.0362764 3.03294e-08
0.0363663 3.01808e-08
0.0364562 3.00186e-08
0.0365461 2.98498e-08
0.036636 2.96727e-08
0.0367259 2.95069e-08
0.0368158 2.93375e-08
0.0369057 2.91591e-08
0.0369956 2.89946e-08
0.0370855 2.88533e-08
0.0371754 2.87205e-08
0.0372653 2.85585e-08
0.0373552 2.83946e-08
0.0374451 2.82657e-08
0.037535 2.81691e-08
0.0376249 2.81067e-08
0.0377148 2.80481e-08
0.0378047 2.80007e-08
0.0378946 2.79695e-08
0.0379845 2.79859e-08
0.0380744 2.80105e-08
0.0381643 2.80261e-08
0.0382542 2.80365e-08
0.0383441 2.80518e-08
0.0384341 2.80585e-08
0.038524 2.80802e-08
0.0386139 2.81487e-08
0.0387038 2.82402e-08
0.0387937 2.83338e-08
0.0388836 2.84048e-08
0.0389735 2.84897e-08
0.0390634 2.85961e-08
0.0391533 2.8651e-08
0.0392432 2.86763e-08
0.0393331 2.87069e-08
0.039423 2.87692e-08
0.0395129 2.88035e-08
0.0396028 2.88173e-08
0.0396927 2.88327e-08
0.0397826 2.88551e-08
0.0398725 2.88692e-08
0.0399624 2.88536e-08
0.0400523 2.88561e-08
0.0401422 2.88622e-08
0.0402321 2.88129e-08
0.040322 2.87572e-08
0.0404119 2.86871e-08
0.0405018 2.86384e-08
0.0405918 2.8583e-08
0.0406817 2.85034e-08
0.0407716 2.83936e-08
0.0408615 2.82949e-08
0.0409514 2.8205e-08
0.0410413 2.81346e-08
0.0411312 2.80574e-08
0.0412211 2.79733e-08
0.041311 2.78817e-08
0.0414009 2.77941e-08
0.0414908 2.76811e-08
0.0415807 2.75653e-08
0.0416706 2.75055e-08
0.0417605 2.74677e-08
0.0418504 2.74197e-08
0.0419403 2.7407e-08
0.0420302 2.74568e-08
0.0421201 2.75234e-08
0.04221 2.75665e-08
0.0422999 2.76136e-08
0.0423898 2.76723e-08
0.0424797 2.77512e-08
0.0425696 2.78164e-08
0.0426595 2.78604e-08
0.0427495 2.79337e-08
0.0428394 2.80319e-08
0.0429293 2.81475e-08
0.0430192 2.82933e-08
0.0431091 2.84432e-08
0.043199 2.86043e-08
0.0432889 2.87693e-08
0.0433788 2.89375e-08
0.0434687 2.91118e-08
0.0435586 2.92969e-08
0.0436485 2.94711e-08
0.0437384 2.96163e-08
0.0438283 2.97526e-08
0.0439182 2.98889e-08
0.0440081 3.00617e-08
0.044098 3.02259e-08
0.0441879 3.0386e-08
0.0442778 3.05636e-08
0.0443677 3.07444e-08
0.0444576 3.09326e-08
0.0445475 3.1101e-08
0.0446374 3.12743e-08
0.0447273 3.14329e-08
0.0448172 3.15564e-08
0.0449072 3.16462e-08
0.0449971 3.1706e-08
0.045087 3.17556e-08
0.0451769 3.17781e-08
0.0452668 3.17876e-08
0.0453567 3.17854e-08
0.0454466 3.1829e-08
0.0455365 3.18667e-08
0.0456264 3.18997e-08
0.0457163 3.19012e-08
0.0458062 3.18723e-08
0.0458961 3.18428e-08
0.045986 3.17962e-08
0.0460759 3.17202e-08
0.0461658 3.16137e-08
0.0462557 3.14731e-08
0.0463456 3.13075e-08
0.0464355 3.11421e-08
0.0465254 3.10314e-08
0.0466153 3.09079e-08
0.0467052 3.08165e-08
0.0467951 3.06948e-08
0.046885 3.06133e-08
0.0469749 3.05524e-08
0.0470649 3.05093e-08
0.0471548 3.04438e-08
0.0472447 3.03533e-08
0.0473346 3.02549e-08
0.0474245 3.01796e-08
0.0475144 3.01248e-08
0.0476043 3.0081e-08
0.0476942 3.00337e-08
0.0477841 3.00429e-08
0.047874 3.00769e-08
0.0479639 3.01719e-08
0.0480538 3.02641e-08
0.0481437 3.03528e-08
0.0482336 3.04222e-08
0.0483235 3.05069e-08
0.0484134 3.05944e-08
0.0485033 3.07168e-08
0.0485932 3.0866e-08
0.0486831 3.09895e-08
0.048773 3.10754e-08
0.0488629 3.11936e-08
0.0489528 3.13288e-08
0.0490427 3.14765e-08
0.0491326 3.1624e-08
0.0492226 3.1776e-08
0.0493125 3.19331e-08
0.0494024 3.21057e-08
0.0494923 3.22854e-08
0.0495822 3.2484e-08
0.0496721 3.26784e-08
0.049762 3.2837e-08
0.0498519 3.2967e-08
0.0499418 3.31011e-08
0.0500317 3.32212e-08
0.0501216 3.33579e-08
0.0502115 3.3498e-08
0.0503014 3.3628e-08
0.0503913 3.37654e-08
0.0504812 3.39235e-08
0.0505711 3.40874e-08
0.050661 3.42216e-08
0.0507509 3.43598e-08
0.0508408 3.44859e-08
0.0509307 3.45815e-08
0.0510206 3.46776e-08
0.0511105 3.47755e-08
0.0512004 3.4868e-08
0.0512903 3.49497e-08
0.0513803 3.50126e-08
0.0514702 3.50787e-08
0.0515601 3.51873e-08
0.05165 3.53097e-08
0.0517399 3.53993e-08
0.0518298 3.54929e-08
0.0519197 3.55993e-08
0.0520096 3.56894e-08
0.0520995 3.5767e-08
0.0521894 3.58303e-08
0.0522793 3.58617e-08
0.0523692 3.58962e-08
0.0524591 3.5932e-08
0.052549 3.5994e-08
0.0526389 3.60827e-08
0.0527288 3.61845e-08
0.0528187 3.62709e-08
0.0529086 3.63538e-08
0.0529985 3.64461e-08
0.0530884 3.65504e-08
0.0531783 3.66065e-08
0.0532682 3.66235e-08
0.0533581 3.66183e-08
0.053448 3.65937e-08
0.053538 3.65726e-08
0.0536279 3.65187e-08
0.0537178 3.64726e-08
0.0538077 3.64317e-08
0.0538976 3.63874e-08
0.0539875 3.63427e-08
0.0540774 3.63216e-08
0.0541673 3.63339e-08
0.0542572 3.63021e-08
0.0543471 3.62576e-08
0.054437 3.61575e-08
0.0545269 3.60482e-08
0.0546168 3.59538e-08
0.0547067 3.57923e-08
0.0547966 3.55913e-08
0.0548865 3.54034e-08
0.0549764 3.51853e-08
0.0550663 3.49977e-08
0.0551562 3.48257e-08
0.0552461 3.46666e-08
0.055336 3.454e-08
0.0554259 3.43671e-08
0.0555158 3.41843e-08
0.0556057 3.40054e-08
0.0556956 3.38518e-08
0.0557856 3.36794e-08
0.0558755 3.35081e-08
0.0559654 3.33637e-08
0.0560553 3.32383e-08
0.0561452 3.31201e-08
0.0562351 3.30348e-08
0.056325 3.30114e-08
0.0564149 3.3012e-08
0.0565048 3.30396e-08
0.0565947 3.3109e-08
0.0566846 3.31696e-08
0.0567745 3.32172e-08
0.0568644 3.32896e-08
0.0569543 3.33525e-08
0.0570442 3.34078e-08
0.0571341 3.34682e-08
0.057224 3.35134e-08
0.0573139 3.36036e-08
0.0574038 3.37004e-08
0.0574937 3.38202e-08
0.0575836 3.39891e-08
0.0576735 3.41569e-08
0.0577634 3.43015e-08
0.0578533 3.44579e-08
0.0579433 3.45927e-08
0.0580332 3.47131e-08
0.0581231 3.47962e-08
0.058213 3.48891e-08
0.0583029 3.49794e-08
0.0583928 3.50903e-08
0.0584827 3.51813e-08
0.0585726 3.52954e-08
0.0586625 3.54015e-08
0.0587524 3.55254e-08
0.0588423 3.55912e-08
0.0589322 3.56763e-08
0.0590221 3.581e-08
0.059112 3.58873e-08
0.0592019 3.59624e-08
0.0592918 3.60484e-08
0.0593817 3.60898e-08
0.0594716 3.6089e-08
0.0595615 3.61093e-08
0.0596514 3.61335e-08
0.0597413 3.61551e-08
0.0598312 3.61671e-08
0.0599211 3.61748e-08
0.060011 3.62358e-08
0.060101 3.6288e-08
0.0601909 3.62993e-08
0.0602808 3.63221e-08
0.0603707 3.62969e-08
0.0604606 3.62219e-08
0.0605505 3.61286e-08
0.0606404 3.60504e-08
0.0607303 3.59866e-08
0.0608202 3.59037e-08
0.0609101 3.58737e-08
0.061 3.58936e-08
0.0610899 3.58502e-08
0.0611798 3.58133e-08
0.0612697 3.57304e-08
0.0613596 3.56111e-08
0.0614495 3.54615e-08
0.0615394 3.53163e-08
0.0616293 3.51575e-08
0.0617192 3.50214e-08
0.0618091 3.48414e-08
0.061899 3.46238e-08
0.0619889 3.44276e-08
0.0620788 3.41686e-08
0.0621687 3.38713e-08
0.0622587 3.36429e-08
0.0623486 3.34068e-08
0.0624385 3.31676e-08
0.0625284 3.29128e-08
0.0626183 3.27246e-08
0.0627082 3.25939e-08
0.0627981 3.24019e-08
0.062888 3.21558e-08
0.0629779 3.19196e-08
0.0630678 3.17101e-08
0.0631577 3.15601e-08
0.0632476 3.14388e-08
0.0633375 3.1393e-08
0.0634274 3.1396e-08
0.0635173 3.14329e-08
0.0636072 3.145e-08
0.0636971 3.14276e-08
0.063787 3.13848e-08
0.0638769 3.13725e-08
0.0639668 3.13816e-08
0.0640567 3.14488e-08
0.0641466 3.15687e-08
0.0642365 3.17144e-08
0.0643264 3.18757e-08
0.0644164 3.20305e-08
0.0645063 3.2158e-08
0.0645962 3.23014e-08
0.0646861 3.2463e-08
0.064776 3.26271e-08
0.0648659 3.28291e-08
0.0649558 3.30716e-08
0.0650457 3.3311e-08
0.0651356 3.35352e-08
0.0652255 3.37562e-08
0.0653154 3.39875e-08
0.0654053 3.42134e-08
0.0654952 3.44151e-08
0.0655851 3.46117e-08
0.065675 3.48705e-08
0.0657649 3.51767e-08
0.0658548 3.55106e-08
0.0659447 3.5836e-08
0.0660346 3.61521e-08
0.0661245 3.64356e-08
0.0662144 3.66188e-08
0.0663043 3.68025e-08
0.0663942 3.69773e-08
0.0664841 3.71461e-08
0.0665741 3.73578e-08
0.066664 3.75526e-08
0.0667539 3.77278e-08
0.0668438 3.78381e-08
0.0669337 3.78565e-08
0.0670236 3.78719e-08
0.0671135 3.79015e-08
0.0672034 3.78688e-08
0.0672933 3.78388e-08
0.0673832 3.77771e-08
0.0674731 3.77249e-08
0.067563 3.76509e-08
0.0676529 3.7572e-08
0.0677428 3.74653e-08
0.0678327 3.72773e-08
0.0679226 3.69908e-08
0.0680125 3.66976e-08
0.0681024 3.64227e-08
0.0681923 3.61196e-08
0.0682822 3.58427e-08
0.0683721 3.5562e-08
0.068462 3.51243e-08
0.0685519 3.46791e-08
0.0686418 3.41532e-08
0.0687318 3.36203e-08
0.0688217 3.30663e-08
0.0689116 3.2612e-08
0.0690015 3.22979e-08
0.0690914 3.19462e-08
0.0691813 3.14973e-08
0.0692712 3.11087e-08
0.0693611 3.07137e-08
0.069451 3.0388e-08
0.0695409 3.01236e-08
0.0696308 2.9919e-08
0.0697207 2.98217e-08
0.0698106 2.97338e-08
0.0699005 2.96088e-08
0.0699904 2.9449e-08
0.0700803 2.93293e-08
0.0701702 2.92753e-08
0.0702601 2.92987e-08
0.07035 2.92663e-08
0.0704399 2.9192e-08
0.0705298 2.90859e-08
0.0706197 2.89849e-08
0.0707096 2.89193e-08
0.0707995 2.88886e-08
0.0708895 2.89067e-08
0.0709794 2.89341e-08
0.0710693 2.89218e-08
0.0711592 2.89397e-08
0.0712491 2.90384e-08
0.071339 2.91491e-08
0.0714289 2.92778e-08
0.0715188 2.94599e-08
0.0716087 2.95969e-08
0.0716986 2.96541e-08
0.0717885 2.96796e-08
0.0718784 2.96702e-08
0.0719683 2.97653e-08
0.0720582 2.98949e-08
0.0721481 3.00156e-08
0.072238 3.01386e-08
0.0723279 3.02477e-08
0.0724178 3.02926e-08
0.0725077 3.02693e-08
0.0725976 3.02977e-08
0.0726875 3.0425e-08
0.0727774 3.06392e-08
0.0728673 3.08712e-08
0.0729572 3.10736e-08
0.0730472 3.11788e-08
0.0731371 3.12419e-08
0.073227 3.13378e-08
0.0733169 3.1461e-08
0.0734068 3.1575e-08
0.0734967 3.17186e-08
0.0735866 3.18075e-08
0.0736765 3.18199e-08
0.0737664 3.18165e-08
0.0738563 3.17891e-08
0.0739462 3.17913e-08
0.0740361 3.16623e-08
0.074126 3.15089e-08
0.0742159 3.13581e-08
0.0743058 3.11844e-08
0.0743957 3.10192e-08
0.0744856 3.08672e-08
0.0745755 3.07391e-08
0.0746654 3.06361e-08
0.0747553 3.03926e-08
0.0748452 3.00663e-08
0.0749351 2.97158e-08
0.075025 2.93379e-08
0.0751149 2.8976e-08
0.0752048 2.86634e-08
0.0752948 2.84666e-08
0.0753847 2.82137e-08
0.0754746 2.79771e-08
0.0755645 2.76763e-08
0.0756544 2.73289e-08
0.0757443 2.70602e-08
0.0758342 2.69043e-08
0.0759241 2.687e-08
0.076014 2.69105e-08
0.0761039 2.70179e-08
0.0761938 2.71668e-08
0.0762837 2.72907e-08
0.0763736 2.74148e-08
0.0764635 2.76999e-08
0.0765534 2.79382e-08
0.0766433 2.82305e-08
0.0767332 2.85353e-08
0.0768231 2.88663e-08
0.076913 2.9233e-08
0.0770029 2.95332e-08
0.0770928 2.977e-08
0.0771827 2.99775e-08
0.0772726 3.01368e-08
0.0773625 3.02939e-08
0.0774525 3.04728e-08
0.0775424 3.06601e-08
0.0776323 3.08381e-08
0.0777222 3.09845e-08
0.0778121 3.1214e-08
0.077902 3.13508e-08
0.0779919 3.14641e-08
0.0780818 3.15026e-08
0.0781717 3.14383e-08
0.0782616 3.13709e-08
0.0783515 3.12718e-08
0.0784414 3.12724e-08
0.0785313 3.13636e-08
0.0786212 3.13497e-08
0.0787111 3.13035e-08
0.078801 3.10888e-08
0.0788909 3.07224e-08
0.0789808 3.03395e-08
0.0790707 3.00356e-08
0.0791606 2.96948e-08
0.0792505 2.93506e-08
0.0793404 2.8994e-08
0.0794303 2.87653e-08
0.0795202 2.84608e-08
0.0796102 2.80789e-08
0.0797001 2.78121e-08
0.07979 2.76581e-08
0.0798799 2.75981e-08
0.0799698 2.76307e-08
0.0800597 2.77024e-08
0.0801496 2.77683e-08
0.0802395 2.78915e-08
0.0803294 2.8003e-08
0.0804193 2.81469e-08
0.0805092 2.83054e-08
0.0805991 2.83924e-08
0.080689 2.85046e-08
0.0807789 2.86622e-08
0.0808688 2.88069e-08
0.0809587 2.89813e-08
0.0810486 2.91998e-08
0.0811385 2.93938e-08
0.0812284 2.95973e-08
0.0813183 2.97064e-08
0.0814082 2.97909e-08
0.0814981 2.98511e-08
0.081588 2.98693e-08
0.0816779 3.00593e-08
0.0817679 3.02652e-08
0.0818578 3.03726e-08
0.0819477 3.04241e-08
0.0820376 3.04147e-08
0.0821275 3.04077e-08
0.0822174 3.02941e-08
0.0823073 3.02117e-08
0.0823972 3.00991e-08
0.0824871 2.99959e-08
0.082577 2.9779e-08
0.0826669 2.94939e-08
0.0827568 2.91308e-08
0.0828467 2.88278e-08
0.0829366 2.85468e-08
0.0830265 2.82793e-08
0.0831164 2.79629e-08
0.0832063 2.76473e-08
0.0832962 2.73327e-08
0.0833861 2.69743e-08
0.083476 2.66689e-08
0.0835659 2.63442e-08
0.0836558 2.61726e-08
0.0837457 2.60331e-08
0.0838356 2.58191e-08
0.0839256 2.55429e-08
0.0840155 2.5348e-08
0.0841054 2.52823e-08
0.0841953 2.52444e-08
0.0842852 2.53819e-08
0.0843751 2.55971e-08
0.084465 2.58692e-08
0.0845549 2.60667e-08
0.0846448 2.63471e-08
0.0847347 2.66305e-08
0.0848246 2.70114e-08
0.0849145 2.73901e-08
0.0850044 2.77717e-08
0.0850943 2.81261e-08
0.0851842 2.84691e-08
0.0852741 2.89593e-08
0.085364 2.94913e-08
0.0854539 3.01225e-08
0.0855438 3.077e-08
0.0856337 3.14376e-08
0.0857236 3.19635e-08
0.0858135 3.23133e-08
0.0859034 3.27028e-08
0.0859933 3.30633e-08
0.0860833 3.34331e-08
0.0861732 3.37177e-08
0.0862631 3.39724e-08
0.086353 3.40878e-08
0.0864429 3.4151e-08
0.0865328 3.4017e-08
0.0866227 3.38211e-08
0.0867126 3.36905e-08
0.0868025 3.3467e-08
0.0868924 3.32316e-08
0.0869823 3.2973e-08
0.0870722 3.25757e-08
0.0871621 3.21443e-08
0.087252 3.15279e-08
0.0873419 3.07851e-08
0.0874318 2.98425e-08
0.0875217 2.87432e-08
0.0876116 2.77522e-08
0.0877015 2.66758e-08
0.0877914 2.5683e-08
0.0878813 2.48932e-08
0.0879712 2.39602e-08
0.0880611 2.30703e-08
0.088151 2.22186e-08
0.088241 2.14257e-08
0.0883309 2.08937e-08
0.0884208 2.04625e-08
0.0885107 2.02933e-08
0.0886006 2.0169e-08
0.0886905 2.02176e-08
0.0887804 2.02847e-08
0.0888703 2.02961e-08
0.0889602 2.03551e-08
0.0890501 2.05795e-08
0.08914 2.08949e-08
0.0892299 2.12082e-08
0.0893198 2.15787e-08
0.0894097 2.20551e-08
0.0894996 2.25096e-08
0.0895895 2.29306e-08
0.0896794 2.33937e-08
0.0897693 2.36888e-08
0.0898592 2.41133e-08
0.0899491 2.45479e-08
0.090039 2.47888e-08
0.0901289 2.51673e-08
0.0902188 2.55326e-08
0.0903087 2.59364e-08
0.0903987 2.62633e-08
0.0904886 2.64118e-08
0.0905785 2.66027e-08
0.0906684 2.67917e-08
0.0907583 2.70085e-08
0.0908482 2.72459e-08
0.0909381 2.75607e-08
0.091028 2.77524e-08
0.0911179 2.80001e-08
0.0912078 2.80615e-08
0.0912977 2.81851e-08
0.0913876 2.8285e-08
0.0914775 2.83433e-08
0.0915674 2.82412e-08
0.0916573 2.80701e-08
0.0917472 2.79174e-08
0.0918371 2.77288e-08
0.091927 2.73336e-08
0.0920169 2.68483e-08
0.0921068 2.6622e-08
0.0921967 2.61891e-08
0.0922866 2.55267e-08
0.0923765 2.46549e-08
0.0924664 2.36996e-08
0.0925564 2.30421e-08
0.0926463 2.25962e-08
0.0927362 2.20357e-08
0.0928261 2.15393e-08
0.092916 2.12064e-08
0.0930059 2.10994e-08
0.0930958 2.07179e-08
0.0931857 2.02396e-08
0.0932756 2.00612e-08
0.0933655 2.01098e-08
0.0934554 2.0237e-08
0.0935453 2.04018e-08
0.0936352 2.03864e-08
0.0937251 2.02323e-08
0.093815 2.01581e-08
0.0939049 2.00866e-08
0.0939948 1.99244e-08
0.0940847 1.97357e-08
0.0941746 1.97548e-08
0.0942645 1.96762e-08
0.0943544 1.96687e-08
0.0944443 1.97222e-08
0.0945342 1.96578e-08
0.0946241 1.94812e-08
0.094714 1.94939e-08
0.094804 1.96983e-08
0.0948939 1.97591e-08
0.0949838 1.96673e-08
0.0950737 1.9721e-08
0.0951636 1.99657e-08
0.0952535 2.02928e-08
0.0953434 2.06515e-08
0.0954333 2.07e-08
0.0955232 2.07614e-08
0.0956131 2.09039e-08
0.095703 2.10068e-08
0.0957929 2.09057e-08
0.0958828 2.07984e-08
0.0959727 2.07897e-08
0.0960626 2.0811e-08
0.0961525 2.06992e-08
0.0962424 2.05011e-08
0.0963323 2.02827e-08
0.0964222 2.00328e-08
0.0965121 1.98144e-08
0.096602 1.95275e-08
0.0966919 1.92348e-08
0.0967818 1.90687e-08
0.0968717 1.91153e-08
0.0969617 1.9255e-08
0.0970516 1.9275e-08
0.0971415 1.92618e-08
0.0972314 1.91492e-08
0.0973213 1.90132e-08
0.0974112 1.90065e-08
0.0975011 1.89579e-08
0.097591 1.89622e-08
0.0976809 1.89777e-08
0.0977708 1.92027e-08
0.0978607 1.94275e-08
0.0979506 1.94151e-08
0.0980405 1.91992e-08
0.0981304 1.91281e-08
0.0982203 1.92196e-08
0.0983102 1.9747e-08
0.0984001 2.01527e-08
0.09849 2.05762e-08
0.0985799 2.10745e-08
0.0986698 2.16639e-08
0.0987597 2.21453e-08
0.0988496 2.23167e-08
0.0989395 2.21984e-08
0.0990294 2.23744e-08
0.0991194 2.22727e-08
0.0992093 2.21934e-08
0.0992992 2.21035e-08
0.0993891 2.19203e-08
0.099479 2.19759e-08
0.0995689 2.19533e-08
0.0996588 2.17993e-08
0.0997487 2.14801e-08
0.0998386 2.12777e-08
0.0999285 2.13839e-08
0.100018 2.18764e-08
0.100108 2.22054e-08
0.100198 2.28826e-08
0.100288 2.33626e-08
0.100378 2.37916e-08
0.100468 2.39549e-08
0.100558 2.37075e-08
0.100648 2.3268e-08
0.100738 2.27207e-08
0.100828 2.21855e-08
0.100917 2.13668e-08
0.101007 2.01672e-08
0.101097 1.87022e-08
0.101187 1.75261e-08
0.101277 1.61994e-08
0.101367 1.51931e-08
0.101457 1.41323e-08
0.101547 1.33355e-08
0.101637 1.26757e-08
0.101727 1.21291e-08
0.101816 1.17315e-08
0.101906 1.15385e-08
0.101996 1.1885e-08
0.102086 1.23959e-08
0.102176 1.28537e-08
0.102266 1.30167e-08
0.102356 1.33962e-08
0.102446 1.35649e-08
0.102536 1.41506e-08
0.102626 1.40311e-08
0.102716 1.36548e-08
0.102805 1.29946e-08
0.102895 1.23972e-08
0.102985 1.13767e-08
0.103075 1.02722e-08
0.103165 9.28126e-09
0.103255 8.59395e-09
0.103345 8.03958e-09
0.103435 7.60994e-09
0.103525 6.82821e-09
0.103615 6.08417e-09
0.103704 5.74458e-09
0.103794 5.73687e-09
0.103884 5.87241e-09
0.103974 6.29779e-09
0.104064 7.3218e-09
0.104154 8.66615e-09
0.104244 9.91441e-09
0.104334 1.12075e-08
0.104424 1.25526e-08
0.104514 1.39822e-08
0.104604 1.50543e-08
0.104693 1.53378e-08
0.104783 1.49689e-08
0.104873 1.42513e-08
0.104963 1.35589e-08
0.105053 1.31685e-08
0.105143 1.28995e-08
0.105233 1.2293e-08
0.105323 1.1791e-08
0.105413 1.11969e-08
0.105503 1.05964e-08
0.105592 9.81719e-09
0.105682 9.3051e-09
0.105772 9.38804e-09
0.105862 9.91714e-09
0.105952 1.07074e-08
0.106042 1.14805e-08
0.106132 1.17703e-08
0.106222 1.22887e-08
0.106312 1.30082e-08
0.106402 1.38553e-08
0.106491 1.43807e-08
0.106581 1.45342e-08
0.106671 1.46327e-08
0.106761 1.46317e-08
0.106851 1.41767e-08
0.106941 1.31853e-08
0.107031 1.18492e-08
0.107121 1.06653e-08
0.107211 9.86198e-09
0.107301 8.94176e-09
0.107391 8.15304e-09
0.10748 7.77667e-09
0.10757 7.87212e-09
0.10766 7.86772e-09
0.10775 7.88982e-09
0.10784 7.81288e-09
0.10793 7.74607e-09
0.10802 8.13689e-09
0.10811 8.96064e-09
0.1082 9.72165e-09
0.10829 1.02272e-08
0.108379 1.0913e-08
0.108469 1.17571e-08
0.108559 1.22118e-08
0.108649 1.26694e-08
0.108739 1.32497e-08
0.108829 1.35165e-08
0.108919 1.4437e-08
0.109009 1.53218e-08
0.109099 1.53964e-08
0.109189 1.52289e-08
0.109279 1.46726e-08
0.109368 1.43531e-08
0.109458 1.40977e-08
0.109548 1.35701e-08
0.109638 1.3721e-08
0.109728 1.40611e-08
0.109818 1.51484e-08
0.109908 1.70642e-08
0.109998 1.8186e-08
0.110088 2.02231e-08
0.110178 2.2166e-08
0.110267 2.41338e-08
0.110357 2.6019e-08
0.110447 2.9822e-08
0.110537 3.20665e-08
0.110627 3.2937e-08
0.110717 3.47508e-08
0.110807 3.46676e-08
0.110897 3.15414e-08
0.110987 2.43513e-08
0.111077 1.62303e-08
0.111167 9.13157e-09
0.111256 5.85322e-09
0.111346 2.87596e-09
0.111436 1.26594e-09
0.111526 -7.79066e-10
0.111616 -2.45854e-09
0.111706 -4.18808e-09
0.111796 -4.98335e-09
0.111886 -5.6501e-09
0.111976 -5.58694e-09
0.112066 -5.2943e-09
0.112155 -5.04096e-09
0.112245 -5.03167e-09
0.112335 -4.57079e-09
0.112425 -3.62243e-09
0.112515 -2.7325e-09
0.112605 -8.75255e-10
0.112695 3.37757e-10
0.112785 1.49361e-09
0.112875 1.78488e-09
0.112965 1.74539e-09
0.113054 1.30498e-09
0.113144 9.18402e-10
0.113234 9.04594e-10
0.113324 8.85042e-10
0.113414 7.24375e-10
0.113504 8.16947e-10
0.113594 7.68094e-10
0.113684 5.05183e-10
0.113774 6.93091e-10
0.113864 9.31238e-10
0.113954 1.74838e-09
0.114043 2.56789e-09
0.114133 3.58793e-09
0.114223 4.67359e-09
0.114313 6.23679e-09
0.114403 7.75219e-09
0.114493 9.59559e-09
0.114583 1.09393e-08
0.114673 1.19125e-08
0.114763 1.25659e-08
0.114853 1.27419e-08
0.114942 1.25178e-08
0.115032 1.25025e-08
0.115122 1.26288e-08
0.115212 1.29178e-08
0.115302 1.30993e-08
0.115392 1.28128e-08
0.115482 1.23267e-08
0.115572 1.17687e-08
0.115662 1.20334e-08
0.115752 1.35102e-08
0.115842 1.56987e-08
0.115931 1.88368e-08
0.116021 2.16365e-08
0.116111 2.42542e-08
0.116201 2.63909e-08
0.116291 2.70798e-08
0.116381 2.67606e-08
0.116471 2.67098e-08
0.116561 2.58816e-08
0.116651 2.47107e-08
0.116741 2.33898e-08
0.11683 2.04173e-08
0.11692 1.6379e-08
0.11701 1.11407e-08
0.1171 7.13577e-09
0.11719 4.03399e-09
0.11728 2.50583e-09
0.11737 1.84151e-09
0.11746 2.49831e-09
0.11755 2.17563e-09
0.11764 1.87437e-09
0.11773 2.27568e-09
0.117819 3.72686e-09
0.117909 5.73655e-09
0.117999 7.49254e-09
0.118089 9.19196e-09
0.118179 1.06323e-08
0.118269 1.22489e-08
0.118359 1.34727e-08
0.118449 1.33165e-08
0.118539 1.19237e-08
0.118629 1.04899e-08
0.118718 7.89654e-09
0.118808 5.81003e-09
0.118898 3.45857e-09
0.118988 1.50735e-09
0.119078 8.12069e-11
0.119168 -1.2836e-09
0.119258 -2.61772e-09
0.119348 -4.37736e-09
0.119438 -5.32311e-09
0.119528 -4.91778e-09
0.119617 -4.01274e-09
0.119707 -3.4075e-09
0.119797 -1.94469e-09
0.119887 -6.0135e-10
0.119977 8.84544e-10
0.120067 1.36446e-09
0.120157 1.24864e-09
0.120247 9.14983e-10
0.120337 7.84698e-10
0.120427 1.97632e-09
0.120517 2.77332e-09
0.120606 2.84331e-09
0.120696 3.10054e-09
0.120786 3.2235e-09
0.120876 3.18349e-09
0.120966 3.12678e-09
0.121056 3.65163e-09
0.121146 4.37459e-09
0.121236 5.35445e-09
0.121326 6.26681e-09
0.121416 6.95704e-09
0.121505 7.0205e-09
0.121595 7.39662e-09
0.121685 7.62559e-09
0.121775 7.86424e-09
0.121865 7.89627e-09
0.121955 7.73777e-09
0.122045 7.19786e-09
0.122135 6.78439e-09
0.122225 6.69877e-09
0.122315 6.68776e-09
0.122405 6.92366e-09
0.122494 7.08236e-09
0.122584 7.14626e-09
0.122674 6.89829e-09
0.122764 6.40832e-09
0.122854 6.0106e-09
0.122944 6.51952e-09
0.123034 7.54147e-09
0.123124 8.71501e-09
0.123214 9.02836e-09
0.123304 7.98026e-09
0.123393 6.39861e-09
0.123483 4.78295e-09
0.123573 3.84177e-09
0.123663 2.90336e-09
0.123753 2.50375e-09
0.123843 2.91645e-09
0.123933 1.19727e-09
0.124023 -3.32886e-09
0.124113 -9.20041e-09
0.124203 -1.84558e-08
0.124293 -2.40495e-08
0.124382 -2.58076e-08
0.124472 -2.88236e-08
0.124562 7.2455e-08
0.124652 1.75353e-07
0.124742 2.528e-07
0.124832 2.48883e-07
0.124922 2.47794e-07
0.125012 2.47589e-07
0.125102 2.47152e-07
0.125192 2.44849e-07
0.125281 2.42612e-07
0.125371 2.41523e-07
0.125461 2.41085e-07
0.125551 2.40322e-07
0.125641 2.39566e-07
0.125731 2.39137e-07
0.125821 2.38084e-07
0.125911 2.37356e-07
0.126001 2.36352e-07
0.126091 2.35327e-07
0.126181 2.35233e-07
0.12627 2.36271e-07
0.12636 2.37073e-07
0.12645 2.36961e-07
0.12654 2.36645e-07
0.12663 2.36654e-07
0.12672 2.3689e-07
0.12681 2.37767e-07
0.1269 2.38666e-07
0.12699 2.39118e-07
0.12708 2.39624e-07
0.127169 2.39981e-07
0.127259 2.39728e-07
0.127349 2.39309e-07
0.127439 2.39223e-07
0.127529 2.39559e-07
0.127619 2.39851e-07
0.127709 2.40433e-07
0.127799 2.40434e-07
0.127889 2.39497e-07
0.127979 2.39528e-07
0.128068 2.40089e-07
0.128158 2.39943e-07
0.128248 2.40339e-07
0.128338 2.41051e-07
0.128428 2.41153e-07
0.128518 2.41537e-07
0.128608 2.41947e-07
0.128698 2.42068e-07
0.128788 2.41465e-07
0.128878 2.42263e-07
0.128968 2.43205e-07
0.129057 2.43282e-07
0.129147 2.43697e-07
0.129237 2.44628e-07
0.129327 2.45873e-07
0.129417 2.47769e-07
0.129507 2.49248e-07
0.129597 2.50552e-07
0.129687 2.51682e-07
0.129777 2.53049e-07
0.129867 2.55201e-07
0.129956 2.57085e-07
0.130046 2.58634e-07
0.130136 2.59476e-07
0.130226 2.60355e-07
0.130316 2.61097e-07
0.130406 2.60694e-07
0.130496 2.60148e-07
0.130586 2.59032e-07
0.130676 2.58224e-07
0.130766 2.57214e-07
0.130856 2.55253e-07
0.130945 2.53596e-07
0.131035 2.53045e-07
0.131125 2.52662e-07
0.131215 2.54684e-07
0.131305 2.56135e-07
0.131395 2.57406e-07
0.131485 2.58864e-07
0.131575 2.60673e-07
0.131665 2.62221e-07
0.131755 2.63372e-07
0.131844 2.64359e-07
0.131934 2.6486e-07
0.132024 2.65214e-07
0.132114 2.65464e-07
0.132204 2.65545e-07
0.132294 2.64879e-07
0.132384 2.64034e-07
0.132474 2.61764e-07
0.132564 2.55763e-07
0.132654 3.54395e-07
0.132744 4.5909e-07
0.132833 4.56626e-07
0.132923 4.55466e-07
0.133013 4.55498e-07
0.133103 4.56748e-07
0.133193 4.58071e-07
0.133283 4.60351e-07
0.133373 4.62401e-07
0.133463 4.64753e-07
0.133553 4.66529e-07
0.133643 4.67984e-07
0.133732 4.6891e-07
0.133822 4.69368e-07
0.133912 4.69552e-07
0.134002 4.68394e-07
0.134092 4.65769e-07
0.134182 4.63102e-07
0.134272 4.59709e-07
0.134362 4.56511e-07
0.134452 4.5352e-07
0.134542 4.51717e-07
0.134631 4.51082e-07
0.134721 4.51719e-07
0.134811 4.53122e-07
