-0.134811 -3.04622e-08
-0.134721 -3.01513e-08
-0.134631 -2.98708e-08
-0.134542 -2.96621e-08
-0.134452 -2.96161e-08
-0.134362 -2.97434e-08
-0.134272 -2.89801e-08
-0.134182 -2.86451e-08
-0.134092 -2.85188e-08
-0.134002 -2.86153e-08
-0.133912 -2.88504e-08
-0.133822 -2.90532e-08
-0.133732 -2.88601e-08
-0.133642 -2.90307e-08
-0.133553 -2.88902e-08
-0.133463 -2.91166e-08
-0.133373 -2.91679e-08
-0.133283 -2.94904e-08
-0.133193 -2.97388e-08
-0.133103 -2.97522e-08
-0.133013 -2.99584e-08
-0.132923 -2.99764e-08
-0.132833 -3.00361e-08
-0.132743 -2.97196e-08
-0.132654 -2.95556e-08
-0.132564 -2.96332e-08
-0.132474 -2.95868e-08
-0.132384 -2.92979e-08
-0.132294 -2.88509e-08
-0.132204 -2.83551e-08
-0.132114 -2.83732e-08
-0.132024 -2.83637e-08
-0.131934 -2.81314e-08
-0.131844 -2.8011e-08
-0.131754 -2.80189e-08
-0.131665 -2.77623e-08
-0.131575 -2.7539e-08
-0.131485 -2.75253e-08
-0.131395 -2.75553e-08
-0.131305 -2.78228e-08
-0.131215 -2.83767e-08
-0.131125 -2.86179e-08
-0.131035 -2.86813e-08
-0.130945 -2.88052e-08
-0.130855 -2.91427e-08
-0.130766 -2.93055e-08
-0.130676 -2.94438e-08
-0.130586 -2.94885e-08
-0.130496 -2.97272e-08
-0.130406 -2.95475e-08
-0.130316 -2.97793e-08
-0.130226 -2.96469e-08
-0.130136 -2.94181e-08
-0.130046 -2.92538e-08
-0.129956 -2.91053e-08
-0.129867 -2.9145e-08
-0.129777 -2.89307e-08
-0.129687 -2.86461e-08
-0.129597 -2.84227e-08
-0.129507 -2.82149e-08
-0.129417 -2.82802e-08
-0.129327 -2.82846e-08
-0.129237 -2.80727e-08
-0.129147 -2.79267e-08
-0.129057 -2.763e-08
-0.128967 -2.7563e-08
-0.128878 -2.75456e-08
-0.128788 -2.70807e-08
-0.128698 -2.70776e-08
-0.128608 -2.69132e-08
-0.128518 -2.65114e-08
-0.128428 -2.61047e-08
-0.128338 -2.60567e-08
-0.128248 -2.59301e-08
-0.128158 -2.59564e-08
-0.128068 -2.58777e-08
-0.127979 -2.59928e-08
-0.127889 -2.58713e-08
-0.127799 -2.60721e-08
-0.127709 -2.63246e-08
-0.127619 -2.66782e-08
-0.127529 -2.69176e-08
-0.127439 -2.71157e-08
-0.127349 -2.74663e-08
-0.127259 -2.74622e-08
-0.127169 -2.74457e-08
-0.127079 -2.78265e-08
-0.12699 -2.78871e-08
-0.1269 -2.77709e-08
-0.12681 -2.78401e-08
-0.12672 -2.81586e-08
-0.12663 -2.8146e-08
-0.12654 -2.81437e-08
-0.12645 -2.82973e-08
-0.12636 -2.82303e-08
-0.12627 -2.8541e-08
-0.12618 -2.88998e-08
-0.126091 -2.89728e-08
-0.126001 -2.89265e-08
-0.125911 -2.89337e-08
-0.125821 -2.88938e-08
-0.125731 -2.90041e-08
-0.125641 -2.86217e-08
-0.125551 -2.86007e-08
-0.125461 -2.83007e-08
-0.125371 -2.82657e-08
-0.125281 -2.81201e-08
-0.125191 -2.79711e-08
-0.125102 -2.80643e-08
-0.125012 -2.83057e-08
-0.124922 -2.83817e-08
-0.124832 -2.85001e-08
-0.124742 -2.86069e-08
-0.124652 -2.89356e-08
-0.124562 -2.92093e-08
-0.124472 -2.97937e-08
-0.124382 -3.01511e-08
-0.124292 -3.00965e-08
-0.124203 -3.04512e-08
-0.124113 -3.07458e-08
-0.124023 -3.07617e-08
-0.123933 -3.09593e-08
-0.123843 -3.10208e-08
-0.123753 -3.09764e-08
-0.123663 -3.098e-08
-0.123573 -3.13918e-08
-0.123483 -3.16424e-08
-0.123393 -3.18813e-08
-0.123304 -3.20924e-08
-0.123214 -3.23158e-08
-0.123124 -3.28018e-08
-0.123034 -3.32835e-08
-0.122944 -3.35122e-08
-0.122854 -3.41734e-08
-0.122764 -3.41604e-08
-0.122674 -3.44217e-08
-0.122584 -3.49462e-08
-0.122494 -3.49188e-08
-0.122404 -3.53801e-08
-0.122315 -3.53786e-08
-0.122225 -3.60588e-08
-0.122135 -3.62745e-08
-0.122045 -3.64391e-08
-0.121955 -3.69058e-08
-0.121865 -3.70595e-08
-0.121775 -3.72813e-08
-0.121685 -3.73996e-08
-0.121595 -3.74954e-08
-0.121505 -3.78217e-08
-0.121416 -3.81324e-08
-0.121326 -3.81165e-08
-0.121236 -3.84583e-08
-0.121146 -3.91436e-08
-0.121056 -3.97822e-08
-0.120966 -3.95364e-08
-0.120876 -3.97699e-08
-0.120786 -3.99398e-08
-0.120696 -4.0275e-08
-0.120606 -4.08099e-08
-0.120516 -4.13204e-08
-0.120427 -4.1515e-08
-0.120337 -4.20044e-08
-0.120247 -4.2262e-08
-0.120157 -4.23524e-08
-0.120067 -4.23391e-08
-0.119977 -4.22144e-08
-0.119887 -4.26178e-08
-0.119797 -4.26354e-08
-0.119707 -4.28074e-08
-0.119617 -4.30132e-08
-0.119528 -4.2952e-08
-0.119438 -4.31081e-08
-0.119348 -4.33072e-08
-0.119258 -4.32006e-08
-0.119168 -4.3352e-08
-0.119078 -4.35807e-08
-0.118988 -4.39334e-08
-0.118898 -4.3977e-08
-0.118808 -4.37886e-08
-0.118718 -4.38685e-08
-0.118628 -4.36468e-08
-0.118539 -4.36559e-08
-0.118449 -4.3802e-08
-0.118359 -4.35202e-08
-0.118269 -4.34227e-08
-0.118179 -4.36143e-08
-0.118089 -4.34372e-08
-0.117999 -4.37446e-08
-0.117909 -4.38232e-08
-0.117819 -4.39466e-08
-0.117729 -4.41671e-08
-0.11764 -4.43336e-08
-0.11755 -4.45605e-08
-0.11746 -4.47401e-08
-0.11737 -4.47527e-08
-0.11728 -4.49582e-08
-0.11719 -4.51656e-08
-0.1171 -4.5179e-08
-0.11701 -4.54303e-08
-0.11692 -4.54288e-08
-0.11683 -4.56579e-08
-0.116741 -4.57941e-08
-0.116651 -4.58428e-08
-0.116561 -4.58355e-08
-0.116471 -4.60618e-08
-0.116381 -4.63654e-08
-0.116291 -4.65529e-08
-0.116201 -4.6756e-08
-0.116111 -4.68754e-08
-0.116021 -4.69904e-08
-0.115931 -4.70439e-08
-0.115841 -4.68918e-08
-0.115752 -4.68263e-08
-0.115662 -4.69266e-08
-0.115572 -4.7002e-08
-0.115482 -4.67254e-08
-0.115392 -4.67774e-08
-0.115302 -4.68215e-08
-0.115212 -4.67761e-08
-0.115122 -4.66884e-08
-0.115032 -4.67051e-08
-0.114942 -4.67262e-08
-0.114853 -4.66014e-08
-0.114763 -4.67256e-08
-0.114673 -4.66974e-08
-0.114583 -4.66001e-08
-0.114493 -4.67336e-08
-0.114403 -4.70621e-08
-0.114313 -4.71308e-08
-0.114223 -4.72295e-08
-0.114133 -4.70796e-08
-0.114043 -4.69918e-08
-0.113953 -4.68987e-08
-0.113864 -4.68985e-08
-0.113774 -4.66568e-08
-0.113684 -4.66837e-08
-0.113594 -4.66747e-08
-0.113504 -4.65664e-08
-0.113414 -4.63197e-08
-0.113324 -4.61544e-08
-0.113234 -4.59134e-08
-0.113144 -4.57941e-08
-0.113054 -4.59243e-08
-0.112965 -4.58611e-08
-0.112875 -4.57647e-08
-0.112785 -4.56951e-08
-0.112695 -4.54815e-08
-0.112605 -4.53938e-08
-0.112515 -4.52998e-08
-0.112425 -4.5397e-08
-0.112335 -4.54519e-08
-0.112245 -4.53885e-08
-0.112155 -4.55597e-08
-0.112065 -4.5559e-08
-0.111976 -4.56146e-08
-0.111886 -4.5907e-08
-0.111796 -4.5932e-08
-0.111706 -4.59124e-08
-0.111616 -4.60747e-08
-0.111526 -4.60916e-08
-0.111436 -4.63427e-08
-0.111346 -4.62762e-08
-0.111256 -4.62409e-08
-0.111166 -4.63094e-08
-0.111077 -4.61918e-08
-0.110987 -4.62668e-08
-0.110897 -4.62028e-08
-0.110807 -4.60748e-08
-0.110717 -4.61539e-08
-0.110627 -4.60964e-08
-0.110537 -4.62408e-08
-0.110447 -4.643e-08
-0.110357 -4.6565e-08
-0.110267 -4.68743e-08
-0.110178 -4.70549e-08
-0.110088 -4.70203e-08
-0.109998 -4.71586e-08
-0.109908 -4.72195e-08
-0.109818 -4.72616e-08
-0.109728 -4.73454e-08
-0.109638 -4.74287e-08
-0.109548 -4.75167e-08
-0.109458 -4.73412e-08
-0.109368 -4.72712e-08
-0.109278 -4.71384e-08
-0.109189 -4.70858e-08
-0.109099 -4.70172e-08
-0.109009 -4.68645e-08
-0.108919 -4.69825e-08
-0.108829 -4.69246e-08
-0.108739 -4.70029e-08
-0.108649 -4.69275e-08
-0.108559 -4.69786e-08
-0.108469 -4.69852e-08
-0.108379 -4.70471e-08
-0.10829 -4.69436e-08
-0.1082 -4.69023e-08
-0.10811 -4.68262e-08
-0.10802 -4.68446e-08
-0.10793 -4.68195e-08
-0.10784 -4.68203e-08
-0.10775 -4.68256e-08
-0.10766 -4.68107e-08
-0.10757 -4.68069e-08
-0.10748 -4.69682e-08
-0.10739 -4.71034e-08
-0.107301 -4.71645e-08
-0.107211 -4.72375e-08
-0.107121 -4.73012e-08
-0.107031 -4.74352e-08
-0.106941 -4.75019e-08
-0.106851 -4.75641e-08
-0.106761 -4.74986e-08
-0.106671 -4.76303e-08
-0.106581 -4.76117e-08
-0.106491 -4.7626e-08
-0.106402 -4.76616e-08
-0.106312 -4.76917e-08
-0.106222 -4.76375e-08
-0.106132 -4.77858e-08
-0.106042 -4.78081e-08
-0.105952 -4.77515e-08
-0.105862 -4.78471e-08
-0.105772 -4.78752e-08
-0.105682 -4.79047e-08
-0.105592 -4.78586e-08
-0.105502 -4.79038e-08
-0.105413 -4.79595e-08
-0.105323 -4.80442e-08
-0.105233 -4.81748e-08
-0.105143 -4.82841e-08
-0.105053 -4.82324e-08
-0.104963 -4.82745e-08
-0.104873 -4.83792e-08
-0.104783 -4.84412e-08
-0.104693 -4.85669e-08
-0.104603 -4.86898e-08
-0.104514 -4.87362e-08
-0.104424 -4.87899e-08
-0.104334 -4.8799e-08
-0.104244 -4.87584e-08
-0.104154 -4.87988e-08
-0.104064 -4.88618e-08
-0.103974 -4.89689e-08
-0.103884 -4.89874e-08
-0.103794 -4.91405e-08
-0.103704 -4.91814e-08
-0.103614 -4.92088e-08
-0.103525 -4.91739e-08
-0.103435 -4.92465e-08
-0.103345 -4.93024e-08
-0.103255 -4.93204e-08
-0.103165 -4.93199e-08
-0.103075 -4.94169e-08
-0.102985 -4.94369e-08
-0.102895 -4.94569e-08
-0.102805 -4.9535e-08
-0.102715 -4.96142e-08
-0.102626 -4.96808e-08
-0.102536 -4.98104e-08
-0.102446 -4.99982e-08
-0.102356 -5.00984e-08
-0.102266 -5.02222e-08
-0.102176 -5.03043e-08
-0.102086 -5.04268e-08
-0.101996 -5.04486e-08
-0.101906 -5.05902e-08
-0.101816 -5.05865e-08
-0.101727 -5.05795e-08
-0.101637 -5.05765e-08
-0.101547 -5.05487e-08
-0.101457 -5.04906e-08
-0.101367 -5.04776e-08
-0.101277 -5.04783e-08
-0.101187 -5.04678e-08
-0.101097 -5.05135e-08
-0.101007 -5.05789e-08
-0.100917 -5.06836e-08
-0.100827 -5.07881e-08
-0.100738 -5.09337e-08
-0.100648 -5.09611e-08
-0.100558 -5.1054e-08
-0.100468 -5.12128e-08
-0.100378 -5.12998e-08
-0.100288 -5.13906e-08
-0.100198 -5.14746e-08
-0.100108 -5.15467e-08
-0.100018 -5.15399e-08
-0.0999284 -5.15061e-08
-0.0998385 -5.14393e-08
-0.0997486 -5.13394e-08
-0.0996587 -5.13358e-08
-0.0995688 -5.12925e-08
-0.0994789 -5.1286e-08
-0.099389 -5.12021e-08
-0.0992991 -5.10839e-08
-0.0992092 -5.10085e-08
-0.0991193 -5.09814e-08
-0.0990294 -5.08406e-08
-0.0989395 -5.07313e-08
-0.0988496 -5.05148e-08
-0.0987597 -5.04138e-08
-0.0986698 -5.03389e-08
-0.0985799 -5.01262e-08
-0.09849 -5.00337e-08
-0.0984001 -4.98928e-08
-0.0983102 -4.97952e-08
-0.0982202 -4.9775e-08
-0.0981303 -4.96427e-08
-0.0980404 -4.96764e-08
-0.0979505 -4.97065e-08
-0.0978606 -4.97902e-08
-0.0977707 -4.98847e-08
-0.0976808 -4.99344e-08
-0.0975909 -5.00071e-08
-0.097501 -5.00899e-08
-0.0974111 -5.01051e-08
-0.0973212 -5.02174e-08
-0.0972313 -5.03187e-08
-0.0971414 -5.04185e-08
-0.0970515 -5.04861e-08
-0.0969616 -5.05711e-08
-0.0968717 -5.06953e-08
-0.0967818 -5.06935e-08
-0.0966919 -5.06939e-08
-0.096602 -5.06776e-08
-0.0965121 -5.07227e-08
-0.0964222 -5.08165e-08
-0.0963323 -5.08597e-08
-0.0962424 -5.08731e-08
-0.0961525 -5.08766e-08
-0.0960626 -5.08228e-08
-0.0959726 -5.08184e-08
-0.0958827 -5.07574e-08
-0.0957928 -5.07583e-08
-0.0957029 -5.07785e-08
-0.095613 -5.08698e-08
-0.0955231 -5.08711e-08
-0.0954332 -5.08891e-08
-0.0953433 -5.09248e-08
-0.0952534 -5.09192e-08
-0.0951635 -5.08806e-08
-0.0950736 -5.08089e-08
-0.0949837 -5.08541e-08
-0.0948938 -5.07803e-08
-0.0948039 -5.07468e-08
-0.094714 -5.07535e-08
-0.0946241 -5.06889e-08
-0.0945342 -5.05672e-08
-0.0944443 -5.05141e-08
-0.0943544 -5.04034e-08
-0.0942645 -5.04312e-08
-0.0941746 -5.04048e-08
-0.0940847 -5.0449e-08
-0.0939948 -5.04148e-08
-0.0939049 -5.03217e-08
-0.0938149 -5.02346e-08
-0.093725 -5.01762e-08
-0.0936351 -5.01824e-08
-0.0935452 -5.01982e-08
-0.0934553 -5.02157e-08
-0.0933654 -5.02133e-08
-0.0932755 -5.01826e-08
-0.0931856 -5.01097e-08
-0.0930957 -5.00769e-08
-0.0930058 -5.00067e-08
-0.0929159 -5.01052e-08
-0.092826 -5.01696e-08
-0.0927361 -5.02393e-08
-0.0926462 -5.02613e-08
-0.0925563 -5.029e-08
-0.0924664 -5.02656e-08
-0.0923765 -5.02765e-08
-0.0922866 -5.03334e-08
-0.0921967 -5.03606e-08
-0.0921068 -5.03702e-08
-0.0920169 -5.04569e-08
-0.091927 -5.05321e-08
-0.0918371 -5.05028e-08
-0.0917472 -5.05675e-08
-0.0916572 -5.06104e-08
-0.0915673 -5.0574e-08
-0.0914774 -5.05489e-08
-0.0913875 -5.06082e-08
-0.0912976 -5.05497e-08
-0.0912077 -5.04758e-08
-0.0911178 -5.03999e-08
-0.0910279 -5.03371e-08
-0.090938 -5.01676e-08
-0.0908481 -5.01141e-08
-0.0907582 -5.00582e-08
-0.0906683 -4.9962e-08
-0.0905784 -4.98382e-08
-0.0904885 -4.97182e-08
-0.0903986 -4.96125e-08
-0.0903087 -4.95388e-08
-0.0902188 -4.94594e-08
-0.0901289 -4.94296e-08
-0.090039 -4.93964e-08
-0.0899491 -4.93285e-08
-0.0898592 -4.93e-08
-0.0897693 -4.92281e-08
-0.0896794 -4.91248e-08
-0.0895895 -4.91047e-08
-0.0894995 -4.90992e-08
-0.0894096 -4.9102e-08
-0.0893197 -4.90951e-08
-0.0892298 -4.90827e-08
-0.0891399 -4.90957e-08
-0.08905 -4.914e-08
-0.0889601 -4.91904e-08
-0.0888702 -4.92254e-08
-0.0887803 -4.92204e-08
-0.0886904 -4.92102e-08
-0.0886005 -4.92644e-08
-0.0885106 -4.92414e-08
-0.0884207 -4.93001e-08
-0.0883308 -4.92731e-08
-0.0882409 -4.93228e-08
-0.088151 -4.93812e-08
-0.0880611 -4.93982e-08
-0.0879712 -4.94204e-08
-0.0878813 -4.93787e-08
-0.0877914 -4.9401e-08
-0.0877015 -4.94501e-08
-0.0876116 -4.94706e-08
-0.0875217 -4.94743e-08
-0.0874318 -4.95062e-08
-0.0873418 -4.95459e-08
-0.0872519 -4.9591e-08
-0.087162 -4.95235e-08
-0.0870721 -4.95297e-08
-0.0869822 -4.95058e-08
-0.0868923 -4.95196e-08
-0.0868024 -4.95435e-08
-0.0867125 -4.95743e-08
-0.0866226 -4.95809e-08
-0.0865327 -4.95979e-08
-0.0864428 -4.95944e-08
-0.0863529 -4.95548e-08
-0.086263 -4.95777e-08
-0.0861731 -4.95722e-08
-0.0860832 -4.96089e-08
-0.0859933 -4.95873e-08
-0.0859034 -4.9543e-08
-0.0858135 -4.95262e-08
-0.0857236 -4.95598e-08
-0.0856337 -4.95529e-08
-0.0855438 -4.95815e-08
-0.0854539 -4.95682e-08
-0.085364 -4.96125e-08
-0.0852741 -4.96011e-08
-0.0851841 -4.96019e-08
-0.0850942 -4.96273e-08
-0.0850043 -4.95919e-08
-0.0849144 -4.96066e-08
-0.0848245 -4.95777e-08
-0.0847346 -4.9567e-08
-0.0846447 -4.94854e-08
-0.0845548 -4.94996e-08
-0.0844649 -4.94793e-08
-0.084375 -4.94982e-08
-0.0842851 -4.94948e-08
-0.0841952 -4.94851e-08
-0.0841053 -4.9475e-08
-0.0840154 -4.95233e-08
-0.0839255 -4.95481e-08
-0.0838356 -4.96041e-08
-0.0837457 -4.96282e-08
-0.0836558 -4.96255e-08
-0.0835659 -4.96572e-08
-0.083476 -4.96984e-08
-0.0833861 -4.97422e-08
-0.0832962 -4.97468e-08
-0.0832063 -4.97944e-08
-0.0831164 -4.98568e-08
-0.0830264 -4.9853e-08
-0.0829365 -4.98768e-08
-0.0828466 -4.99188e-08
-0.0827567 -4.99767e-08
-0.0826668 -5.00089e-08
-0.0825769 -5.00454e-08
-0.082487 -5.00821e-08
-0.0823971 -5.01267e-08
-0.0823072 -5.01568e-08
-0.0822173 -5.02127e-08
-0.0821274 -5.02802e-08
-0.0820375 -5.03096e-08
-0.0819476 -5.03575e-08
-0.0818577 -5.04088e-08
-0.0817678 -5.04228e-08
-0.0816779 -5.04544e-08
-0.081588 -5.05035e-08
-0.0814981 -5.05514e-08
-0.0814082 -5.05545e-08
-0.0813183 -5.05876e-08
-0.0812284 -5.06132e-08
-0.0811385 -5.06483e-08
-0.0810486 -5.06928e-08
-0.0809587 -5.07274e-08
-0.0808687 -5.07707e-08
-0.0807788 -5.08621e-08
-0.0806889 -5.0906e-08
-0.080599 -5.0943e-08
-0.0805091 -5.09922e-08
-0.0804192 -5.10537e-08
-0.0803293 -5.10994e-08
-0.0802394 -5.10956e-08
-0.0801495 -5.11496e-08
-0.0800596 -5.11832e-08
-0.0799697 -5.11705e-08
-0.0798798 -5.12276e-08
-0.0797899 -5.12642e-08
-0.0797 -5.12926e-08
-0.0796101 -5.13348e-08
-0.0795202 -5.13395e-08
-0.0794303 -5.13689e-08
-0.0793404 -5.14036e-08
-0.0792505 -5.14463e-08
-0.0791606 -5.14753e-08
-0.0790707 -5.15209e-08
-0.0789808 -5.15272e-08
-0.0788909 -5.15359e-08
-0.078801 -5.15426e-08
-0.078711 -5.15708e-08
-0.0786211 -5.16448e-08
-0.0785312 -5.17053e-08
-0.0784413 -5.17324e-08
-0.0783514 -5.17349e-08
-0.0782615 -5.17689e-08
-0.0781716 -5.17912e-08
-0.0780817 -5.18392e-08
-0.0779918 -5.18275e-08
-0.0779019 -5.18594e-08
-0.077812 -5.18925e-08
-0.0777221 -5.1924e-08
-0.0776322 -5.19233e-08
-0.0775423 -5.19771e-08
-0.0774524 -5.19889e-08
-0.0773625 -5.20069e-08
-0.0772726 -5.20386e-08
-0.0771827 -5.20437e-08
-0.0770928 -5.20873e-08
-0.0770029 -5.20916e-08
-0.076913 -5.21179e-08
-0.0768231 -5.21461e-08
-0.0767332 -5.21375e-08
-0.0766433 -5.2163e-08
-0.0765534 -5.21534e-08
-0.0764634 -5.21403e-08
-0.0763735 -5.21608e-08
-0.0762836 -5.21948e-08
-0.0761937 -5.22085e-08
-0.0761038 -5.22294e-08
-0.0760139 -5.2223e-08
-0.075924 -5.22083e-08
-0.0758341 -5.22122e-08
-0.0757442 -5.21999e-08
-0.0756543 -5.21966e-08
-0.0755644 -5.21851e-08
-0.0754745 -5.21552e-08
-0.0753846 -5.21279e-08
-0.0752947 -5.21024e-08
-0.0752048 -5.20852e-08
-0.0751149 -5.20613e-08
-0.075025 -5.20462e-08
-0.0749351 -5.20431e-08
-0.0748452 -5.20538e-08
-0.0747553 -5.20458e-08
-0.0746654 -5.20354e-08
-0.0745755 -5.20428e-08
-0.0744856 -5.20534e-08
-0.0743957 -5.20826e-08
-0.0743057 -5.21215e-08
-0.0742158 -5.21398e-08
-0.0741259 -5.21802e-08
-0.074036 -5.22303e-08
-0.0739461 -5.22517e-08
-0.0738562 -5.23042e-08
-0.0737663 -5.23518e-08
-0.0736764 -5.23988e-08
-0.0735865 -5.24612e-08
-0.0734966 -5.25188e-08
-0.0734067 -5.25719e-08
-0.0733168 -5.26007e-08
-0.0732269 -5.26352e-08
-0.073137 -5.26497e-08
-0.0730471 -5.26794e-08
-0.0729572 -5.2693e-08
-0.0728673 -5.2751e-08
-0.0727774 -5.2762e-08
-0.0726875 -5.27718e-08
-0.0725976 -5.27751e-08
-0.0725077 -5.28005e-08
-0.0724178 -5.27947e-08
-0.0723279 -5.27743e-08
-0.072238 -5.27693e-08
-0.072148 -5.27579e-08
-0.0720581 -5.2754e-08
-0.0719682 -5.27583e-08
-0.0718783 -5.27638e-08
-0.0717884 -5.27751e-08
-0.0716985 -5.27998e-08
-0.0716086 -5.28003e-08
-0.0715187 -5.28215e-08
-0.0714288 -5.28447e-08
-0.0713389 -5.287e-08
-0.071249 -5.28822e-08
-0.0711591 -5.28838e-08
-0.0710692 -5.29058e-08
-0.0709793 -5.29022e-08
-0.0708894 -5.29165e-08
-0.0707995 -5.29095e-08
-0.0707096 -5.29309e-08
-0.0706197 -5.29374e-08
-0.0705298 -5.29134e-08
-0.0704399 -5.29114e-08
-0.07035 -5.29001e-08
-0.0702601 -5.28814e-08
-0.0701702 -5.2871e-08
-0.0700803 -5.28682e-08
-0.0699903 -5.28575e-08
-0.0699004 -5.28287e-08
-0.0698105 -5.28304e-08
-0.0697206 -5.28152e-08
-0.0696307 -5.27719e-08
-0.0695408 -5.27391e-08
-0.0694509 -5.27133e-08
-0.069361 -5.26969e-08
-0.0692711 -5.26442e-08
-0.0691812 -5.26131e-08
-0.0690913 -5.26115e-08
-0.0690014 -5.25787e-08
-0.0689115 -5.25385e-08
-0.0688216 -5.24681e-08
-0.0687317 -5.23928e-08
-0.0686418 -5.23374e-08
-0.0685519 -5.22836e-08
-0.068462 -5.22335e-08
-0.0683721 -5.21864e-08
-0.0682822 -5.21614e-08
-0.0681923 -5.21623e-08
-0.0681024 -5.21515e-08
-0.0680125 -5.21217e-08
-0.0679226 -5.21131e-08
-0.0678326 -5.20753e-08
-0.0677427 -5.20554e-08
-0.0676528 -5.20527e-08
-0.0675629 -5.20383e-08
-0.067473 -5.20198e-08
-0.0673831 -5.20155e-08
-0.0672932 -5.19807e-08
-0.0672033 -5.19527e-08
-0.0671134 -5.19377e-08
-0.0670235 -5.19178e-08
-0.0669336 -5.1901e-08
-0.0668437 -5.18967e-08
-0.0667538 -5.18828e-08
-0.0666639 -5.1899e-08
-0.066574 -5.18825e-08
-0.0664841 -5.1898e-08
-0.0663942 -5.18771e-08
-0.0663043 -5.1863e-08
-0.0662144 -5.18419e-08
-0.0661245 -5.18169e-08
-0.0660346 -5.17929e-08
-0.0659447 -5.17791e-08
-0.0658548 -5.17421e-08
-0.0657649 -5.17158e-08
-0.0656749 -5.16916e-08
-0.065585 -5.16634e-08
-0.0654951 -5.16625e-08
-0.0654052 -5.1671e-08
-0.0653153 -5.16584e-08
-0.0652254 -5.16205e-08
-0.0651355 -5.15724e-08
-0.0650456 -5.15414e-08
-0.0649557 -5.15209e-08
-0.0648658 -5.15179e-08
-0.0647759 -5.14858e-08
-0.064686 -5.14723e-08
-0.0645961 -5.14508e-08
-0.0645062 -5.14325e-08
-0.0644163 -5.14161e-08
-0.0643264 -5.13893e-08
-0.0642365 -5.13831e-08
-0.0641466 -5.13493e-08
-0.0640567 -5.13532e-08
-0.0639668 -5.13447e-08
-0.0638769 -5.13342e-08
-0.063787 -5.13405e-08
-0.0636971 -5.13118e-08
-0.0636072 -5.12827e-08
-0.0635172 -5.12841e-08
-0.0634273 -5.12736e-08
-0.0633374 -5.12595e-08
-0.0632475 -5.1243e-08
-0.0631576 -5.12446e-08
-0.0630677 -5.12298e-08
-0.0629778 -5.12179e-08
-0.0628879 -5.11982e-08
-0.062798 -5.11601e-08
-0.0627081 -5.11188e-08
-0.0626182 -5.10671e-08
-0.0625283 -5.10159e-08
-0.0624384 -5.09617e-08
-0.0623485 -5.09103e-08
-0.0622586 -5.08706e-08
-0.0621687 -5.0826e-08
-0.0620788 -5.07787e-08
-0.0619889 -5.07266e-08
-0.061899 -5.06668e-08
-0.0618091 -5.05955e-08
-0.0617192 -5.05426e-08
-0.0616293 -5.0479e-08
-0.0615394 -5.04115e-08
-0.0614495 -5.0332e-08
-0.0613595 -5.02679e-08
-0.0612696 -5.01935e-08
-0.0611797 -5.01208e-08
-0.0610898 -5.00541e-08
-0.0609999 -4.99825e-08
-0.06091 -4.9905e-08
-0.0608201 -4.98448e-08
-0.0607302 -4.97828e-08
-0.0606403 -4.97276e-08
-0.0605504 -4.96704e-08
-0.0604605 -4.96117e-08
-0.0603706 -4.95451e-08
-0.0602807 -4.94858e-08
-0.0601908 -4.94073e-08
-0.0601009 -4.93142e-08
-0.060011 -4.92313e-08
-0.0599211 -4.9154e-08
-0.0598312 -4.90951e-08
-0.0597413 -4.90185e-08
-0.0596514 -4.89476e-08
-0.0595615 -4.88918e-08
-0.0594716 -4.88514e-08
-0.0593817 -4.87896e-08
-0.0592918 -4.87266e-08
-0.0592018 -4.86804e-08
-0.0591119 -4.86407e-08
-0.059022 -4.85842e-08
-0.0589321 -4.85273e-08
-0.0588422 -4.84681e-08
-0.0587523 -4.84016e-08
-0.0586624 -4.83408e-08
-0.0585725 -4.82658e-08
-0.0584826 -4.82222e-08
-0.0583927 -4.81775e-08
-0.0583028 -4.81402e-08
-0.0582129 -4.80992e-08
-0.058123 -4.80765e-08
-0.0580331 -4.80506e-08
-0.0579432 -4.80034e-08
-0.0578533 -4.79472e-08
-0.0577634 -4.7921e-08
-0.0576735 -4.78744e-08
-0.0575836 -4.78244e-08
-0.0574937 -4.78037e-08
-0.0574038 -4.77681e-08
-0.0573139 -4.77351e-08
-0.057224 -4.76852e-08
-0.0571341 -4.76419e-08
-0.0570442 -4.76072e-08
-0.0569542 -4.75692e-08
-0.0568643 -4.75395e-08
-0.0567744 -4.75004e-08
-0.0566845 -4.74742e-08
-0.0565946 -4.74427e-08
-0.0565047 -4.74137e-08
-0.0564148 -4.73974e-08
-0.0563249 -4.73716e-08
-0.056235 -4.73518e-08
-0.0561451 -4.73438e-08
-0.0560552 -4.73129e-08
-0.0559653 -4.72874e-08
-0.0558754 -4.72616e-08
-0.0557855 -4.7232e-08
-0.0556956 -4.71986e-08
-0.0556057 -4.7151e-08
-0.0555158 -4.71215e-08
-0.0554259 -4.70705e-08
-0.055336 -4.70289e-08
-0.0552461 -4.69861e-08
-0.0551562 -4.6955e-08
-0.0550663 -4.69215e-08
-0.0549764 -4.68768e-08
-0.0548865 -4.68363e-08
-0.0547965 -4.68041e-08
-0.0547066 -4.67614e-08
-0.0546167 -4.67189e-08
-0.0545268 -4.66627e-08
-0.0544369 -4.66194e-08
-0.054347 -4.65754e-08
-0.0542571 -4.65185e-08
-0.0541672 -4.64732e-08
-0.0540773 -4.64051e-08
-0.0539874 -4.63348e-08
-0.0538975 -4.62841e-08
-0.0538076 -4.62336e-08
-0.0537177 -4.61864e-08
-0.0536278 -4.61351e-08
-0.0535379 -4.60655e-08
-0.053448 -4.60083e-08
-0.0533581 -4.59651e-08
-0.0532682 -4.5917e-08
-0.0531783 -4.58566e-08
-0.0530884 -4.58077e-08
-0.0529985 -4.57414e-08
-0.0529086 -4.56812e-08
-0.0528187 -4.56132e-08
-0.0527288 -4.55554e-08
-0.0526388 -4.54971e-08
-0.0525489 -4.54452e-08
-0.052459 -4.54072e-08
-0.0523691 -4.53759e-08
-0.0522792 -4.53241e-08
-0.0521893 -4.52676e-08
-0.0520994 -4.52231e-08
-0.0520095 -4.51752e-08
-0.0519196 -4.51339e-08
-0.0518297 -4.50896e-08
-0.0517398 -4.50415e-08
-0.0516499 -4.50003e-08
-0.05156 -4.49451e-08
-0.0514701 -4.49054e-08
-0.0513802 -4.4853e-08
-0.0512903 -4.48047e-08
-0.0512004 -4.47445e-08
-0.0511105 -4.46839e-08
-0.0510206 -4.4621e-08
-0.0509307 -4.45644e-08
-0.0508408 -4.44982e-08
-0.0507509 -4.4441e-08
-0.050661 -4.43922e-08
-0.0505711 -4.4338e-08
-0.0504811 -4.42869e-08
-0.0503912 -4.42264e-08
-0.0503013 -4.41706e-08
-0.0502114 -4.41132e-08
-0.0501215 -4.40684e-08
-0.0500316 -4.40035e-08
-0.0499417 -4.39369e-08
-0.0498518 -4.38868e-08
-0.0497619 -4.3832e-08
-0.049672 -4.37721e-08
-0.0495821 -4.37096e-08
-0.0494922 -4.36601e-08
-0.0494023 -4.36089e-08
-0.0493124 -4.3559e-08
-0.0492225 -4.3515e-08
-0.0491326 -4.34616e-08
-0.0490427 -4.34069e-08
-0.0489528 -4.33517e-08
-0.0488629 -4.32969e-08
-0.048773 -4.32523e-08
-0.0486831 -4.32068e-08
-0.0485932 -4.31554e-08
-0.0485033 -4.31088e-08
-0.0484134 -4.30586e-08
-0.0483234 -4.30019e-08
-0.0482335 -4.29464e-08
-0.0481436 -4.2888e-08
-0.0480537 -4.28151e-08
-0.0479638 -4.27591e-08
-0.0478739 -4.26986e-08
-0.047784 -4.26378e-08
-0.0476941 -4.25808e-08
-0.0476042 -4.25238e-08
-0.0475143 -4.24756e-08
-0.0474244 -4.24203e-08
-0.0473345 -4.23667e-08
-0.0472446 -4.23065e-08
-0.0471547 -4.22482e-08
-0.0470648 -4.22018e-08
-0.0469749 -4.21549e-08
-0.046885 -4.21021e-08
-0.0467951 -4.20443e-08
-0.0467052 -4.19855e-08
-0.0466153 -4.19287e-08
-0.0465254 -4.18706e-08
-0.0464355 -4.18246e-08
-0.0463456 -4.17799e-08
-0.0462557 -4.17292e-08
-0.0461657 -4.16801e-08
-0.0460758 -4.16329e-08
-0.0459859 -4.1581e-08
-0.045896 -4.15321e-08
-0.0458061 -4.14846e-08
-0.0457162 -4.14319e-08
-0.0456263 -4.13844e-08
-0.0455364 -4.13403e-08
-0.0454465 -4.12928e-08
-0.0453566 -4.12441e-08
-0.0452667 -4.11965e-08
-0.0451768 -4.11489e-08
-0.0450869 -4.11056e-08
-0.044997 -4.10492e-08
-0.0449071 -4.09764e-08
-0.0448172 -4.09155e-08
-0.0447273 -4.08565e-08
-0.0446374 -4.07827e-08
-0.0445475 -4.07263e-08
-0.0444576 -4.06602e-08
-0.0443677 -4.06082e-08
-0.0442778 -4.0538e-08
-0.0441879 -4.04789e-08
-0.044098 -4.04187e-08
-0.044008 -4.03491e-08
-0.0439181 -4.02959e-08
-0.0438282 -4.02286e-08
-0.0437383 -4.01615e-08
-0.0436484 -4.00974e-08
-0.0435585 -4.00274e-08
-0.0434686 -3.99619e-08
-0.0433787 -3.98811e-08
-0.0432888 -3.98158e-08
-0.0431989 -3.97481e-08
-0.043109 -3.96736e-08
-0.0430191 -3.96013e-08
-0.0429292 -3.95388e-08
-0.0428393 -3.94867e-08
-0.0427494 -3.94288e-08
-0.0426595 -3.93634e-08
-0.0425696 -3.93007e-08
-0.0424797 -3.92429e-08
-0.0423898 -3.91751e-08
-0.0422999 -3.91014e-08
-0.04221 -3.90299e-08
-0.0421201 -3.89407e-08
-0.0420302 -3.88691e-08
-0.0419403 -3.87981e-08
-0.0418503 -3.87303e-08
-0.0417604 -3.86579e-08
-0.0416705 -3.85911e-08
-0.0415806 -3.85181e-08
-0.0414907 -3.84438e-08
-0.0414008 -3.83646e-08
-0.0413109 -3.82851e-08
-0.041221 -3.82147e-08
-0.0411311 -3.81248e-08
-0.0410412 -3.80356e-08
-0.0409513 -3.79479e-08
-0.0408614 -3.78575e-08
-0.0407715 -3.77806e-08
-0.0406816 -3.76989e-08
-0.0405917 -3.76001e-08
-0.0405018 -3.75073e-08
-0.0404119 -3.74141e-08
-0.040322 -3.73236e-08
-0.0402321 -3.7239e-08
-0.0401422 -3.71405e-08
-0.0400523 -3.70496e-08
-0.0399624 -3.69492e-08
-0.0398725 -3.68507e-08
-0.0397826 -3.67597e-08
-0.0396927 -3.66681e-08
-0.0396027 -3.65671e-08
-0.0395128 -3.64569e-08
-0.0394229 -3.63591e-08
-0.039333 -3.62638e-08
-0.0392431 -3.61746e-08
-0.0391532 -3.60791e-08
-0.0390633 -3.59815e-08
-0.0389734 -3.58835e-08
-0.0388835 -3.57881e-08
-0.0387936 -3.56956e-08
-0.0387037 -3.56071e-08
-0.0386138 -3.55133e-08
-0.0385239 -3.54259e-08
-0.038434 -3.53402e-08
-0.0383441 -3.52506e-08
-0.0382542 -3.51549e-08
-0.0381643 -3.50618e-08
-0.0380744 -3.49696e-08
-0.0379845 -3.48734e-08
-0.0378946 -3.4779e-08
-0.0378047 -3.46868e-08
-0.0377148 -3.45968e-08
-0.0376249 -3.45104e-08
-0.037535 -3.44336e-08
-0.037445 -3.43435e-08
-0.0373551 -3.42574e-08
-0.0372652 -3.41709e-08
-0.0371753 -3.40876e-08
-0.0370854 -3.39983e-08
-0.0369955 -3.38974e-08
-0.0369056 -3.38084e-08
-0.0368157 -3.37144e-08
-0.0367258 -3.36275e-08
-0.0366359 -3.35397e-08
-0.036546 -3.34502e-08
-0.0364561 -3.33606e-08
-0.0363662 -3.32712e-08
-0.0362763 -3.3194e-08
-0.0361864 -3.31127e-08
-0.0360965 -3.30268e-08
-0.0360066 -3.29376e-08
-0.0359167 -3.28442e-08
-0.0358268 -3.27585e-08
-0.0357369 -3.26659e-08
-0.035647 -3.25889e-08
-0.0355571 -3.2502e-08
-0.0354672 -3.24094e-08
-0.0353773 -3.23212e-08
-0.0352873 -3.22362e-08
-0.0351974 -3.21551e-08
-0.0351075 -3.20765e-08
-0.0350176 -3.19942e-08
-0.0349277 -3.19094e-08
-0.0348378 -3.18246e-08
-0.0347479 -3.17454e-08
-0.034658 -3.16647e-08
-0.0345681 -3.15895e-08
-0.0344782 -3.15039e-08
-0.0343883 -3.14321e-08
-0.0342984 -3.13484e-08
-0.0342085 -3.12639e-08
-0.0341186 -3.11851e-08
-0.0340287 -3.11157e-08
-0.0339388 -3.10371e-08
-0.0338489 -3.09581e-08
-0.033759 -3.08818e-08
-0.0336691 -3.08061e-08
-0.0335792 -3.0725e-08
-0.0334893 -3.06515e-08
-0.0333994 -3.05777e-08
-0.0333095 -3.05041e-08
-0.0332196 -3.04352e-08
-0.0331296 -3.03678e-08
-0.0330397 -3.02979e-08
-0.0329498 -3.02283e-08
-0.0328599 -3.01646e-08
-0.03277 -3.00899e-08
-0.0326801 -3.00143e-08
-0.0325902 -2.99374e-08
-0.0325003 -2.98576e-08
-0.0324104 -2.97792e-08
-0.0323205 -2.97035e-08
-0.0322306 -2.96294e-08
-0.0321407 -2.9562e-08
-0.0320508 -2.94933e-08
-0.0319609 -2.94166e-08
-0.031871 -2.93371e-08
-0.0317811 -2.92532e-08
-0.0316912 -2.91582e-08
-0.0316013 -2.90745e-08
-0.0315114 -2.89893e-08
-0.0314215 -2.89124e-08
-0.0313316 -2.88269e-08
-0.0312417 -2.87484e-08
-0.0311518 -2.86589e-08
-0.0310619 -2.85742e-08
-0.0309719 -2.84913e-08
-0.030882 -2.84022e-08
-0.0307921 -2.83159e-08
-0.0307022 -2.8221e-08
-0.0306123 -2.81351e-08
-0.0305224 -2.80372e-08
-0.0304325 -2.79459e-08
-0.0303426 -2.78667e-08
-0.0302527 -2.77705e-08
-0.0301628 -2.76754e-08
-0.0300729 -2.75794e-08
-0.029983 -2.7487e-08
-0.0298931 -2.73909e-08
-0.0298032 -2.73025e-08
-0.0297133 -2.72203e-08
-0.0296234 -2.71384e-08
-0.0295335 -2.70431e-08
-0.0294436 -2.69366e-08
-0.0293537 -2.68465e-08
-0.0292638 -2.67501e-08
-0.0291739 -2.66524e-08
-0.029084 -2.65592e-08
-0.0289941 -2.64576e-08
-0.0289042 -2.63508e-08
-0.0288142 -2.62523e-08
-0.0287243 -2.61619e-08
-0.0286344 -2.6062e-08
-0.0285445 -2.59624e-08
-0.0284546 -2.58567e-08
-0.0283647 -2.57559e-08
-0.0282748 -2.56561e-08
-0.0281849 -2.55533e-08
-0.028095 -2.54508e-08
-0.0280051 -2.53569e-08
-0.0279152 -2.52548e-08
-0.0278253 -2.51534e-08
-0.0277354 -2.50628e-08
-0.0276455 -2.49701e-08
-0.0275556 -2.48759e-08
-0.0274657 -2.47809e-08
-0.0273758 -2.46814e-08
-0.0272859 -2.45844e-08
-0.027196 -2.44866e-08
-0.0271061 -2.43911e-08
-0.0270162 -2.42885e-08
-0.0269263 -2.41921e-08
-0.0268364 -2.40893e-08
-0.0267465 -2.39966e-08
-0.0266565 -2.38994e-08
-0.0265666 -2.38033e-08
-0.0264767 -2.37104e-08
-0.0263868 -2.36112e-08
-0.0262969 -2.35148e-08
-0.026207 -2.34228e-08
-0.0261171 -2.33368e-08
-0.0260272 -2.32433e-08
-0.0259373 -2.31501e-08
-0.0258474 -2.30501e-08
-0.0257575 -2.29548e-08
-0.0256676 -2.28581e-08
-0.0255777 -2.2759e-08
-0.0254878 -2.26556e-08
-0.0253979 -2.25558e-08
-0.025308 -2.24578e-08
-0.0252181 -2.23634e-08
-0.0251282 -2.22749e-08
-0.0250383 -2.21813e-08
-0.0249484 -2.20809e-08
-0.0248585 -2.19845e-08
-0.0247686 -2.18936e-08
-0.0246787 -2.1802e-08
-0.0245888 -2.1716e-08
-0.0244988 -2.16201e-08
-0.0244089 -2.15331e-08
-0.024319 -2.14422e-08
-0.0242291 -2.13464e-08
-0.0241392 -2.12556e-08
-0.0240493 -2.11644e-08
-0.0239594 -2.10678e-08
-0.0238695 -2.09763e-08
-0.0237796 -2.08758e-08
-0.0236897 -2.07761e-08
-0.0235998 -2.06827e-08
-0.0235099 -2.05911e-08
-0.02342 -2.04911e-08
-0.0233301 -2.04012e-08
-0.0232402 -2.03059e-08
-0.0231503 -2.02121e-08
-0.0230604 -2.01179e-08
-0.0229705 -2.00329e-08
-0.0228806 -1.9935e-08
-0.0227907 -1.98367e-08
-0.0227008 -1.97372e-08
-0.0226109 -1.96385e-08
-0.022521 -1.95536e-08
-0.0224311 -1.94617e-08
-0.0223411 -1.93693e-08
-0.0222512 -1.928e-08
-0.0221613 -1.91867e-08
-0.0220714 -1.90957e-08
-0.0219815 -1.90061e-08
-0.0218916 -1.89195e-08
-0.0218017 -1.88215e-08
-0.0217118 -1.873e-08
-0.0216219 -1.86385e-08
-0.021532 -1.85474e-08
-0.0214421 -1.84707e-08
-0.0213522 -1.83859e-08
-0.0212623 -1.83044e-08
-0.0211724 -1.82215e-08
-0.0210825 -1.81396e-08
-0.0209926 -1.80564e-08
-0.0209027 -1.79762e-08
-0.0208128 -1.78893e-08
-0.0207229 -1.78123e-08
-0.020633 -1.77272e-08
-0.0205431 -1.76421e-08
-0.0204532 -1.75637e-08
-0.0203633 -1.74928e-08
-0.0202734 -1.74126e-08
-0.0201835 -1.73339e-08
-0.0200935 -1.72618e-08
-0.0200036 -1.71939e-08
-0.0199137 -1.71193e-08
-0.0198238 -1.70449e-08
-0.0197339 -1.6972e-08
-0.019644 -1.6895e-08
-0.0195541 -1.68188e-08
-0.0194642 -1.67389e-08
-0.0193743 -1.66751e-08
-0.0192844 -1.66056e-08
-0.0191945 -1.6537e-08
-0.0191046 -1.64736e-08
-0.0190147 -1.64018e-08
-0.0189248 -1.63372e-08
-0.0188349 -1.62605e-08
-0.018745 -1.61857e-08
-0.0186551 -1.61194e-08
-0.0185652 -1.60509e-08
-0.0184753 -1.5975e-08
-0.0183854 -1.59029e-08
-0.0182955 -1.58349e-08
-0.0182056 -1.57623e-08
-0.0181157 -1.56909e-08
-0.0180258 -1.56242e-08
-0.0179358 -1.5557e-08
-0.0178459 -1.5488e-08
-0.017756 -1.54187e-08
-0.0176661 -1.53525e-08
-0.0175762 -1.52765e-08
-0.0174863 -1.52087e-08
-0.0173964 -1.51413e-08
-0.0173065 -1.50732e-08
-0.0172166 -1.5e-08
-0.0171267 -1.4932e-08
-0.0170368 -1.48695e-08
-0.0169469 -1.4802e-08
-0.016857 -1.47393e-08
-0.0167671 -1.46731e-08
-0.0166772 -1.4608e-08
-0.0165873 -1.45414e-08
-0.0164974 -1.44715e-08
-0.0164075 -1.44041e-08
-0.0163176 -1.43356e-08
-0.0162277 -1.42665e-08
-0.0161378 -1.41915e-08
-0.0160479 -1.41203e-08
-0.015958 -1.40429e-08
-0.0158681 -1.3968e-08
-0.0157781 -1.38995e-08
-0.0156882 -1.38302e-08
-0.0155983 -1.37548e-08
-0.0155084 -1.36811e-08
-0.0154185 -1.36082e-08
-0.0153286 -1.35313e-08
-0.0152387 -1.34557e-08
-0.0151488 -1.33783e-08
-0.0150589 -1.32995e-08
-0.014969 -1.32109e-08
-0.0148791 -1.31267e-08
-0.0147892 -1.30416e-08
-0.0146993 -1.29682e-08
-0.0146094 -1.28913e-08
-0.0145195 -1.28128e-08
-0.0144296 -1.27306e-08
-0.0143397 -1.2654e-08
-0.0142498 -1.25804e-08
-0.0141599 -1.24983e-08
-0.01407 -1.24236e-08
-0.0139801 -1.2343e-08
-0.0138902 -1.22617e-08
-0.0138003 -1.21793e-08
-0.0137104 -1.20951e-08
-0.0136204 -1.20156e-08
-0.0135305 -1.1935e-08
-0.0134406 -1.1859e-08
-0.0133507 -1.17868e-08
-0.0132608 -1.17147e-08
-0.0131709 -1.16449e-08
-0.013081 -1.15708e-08
-0.0129911 -1.15011e-08
-0.0129012 -1.14225e-08
-0.0128113 -1.13384e-08
-0.0127214 -1.12621e-08
-0.0126315 -1.1183e-08
-0.0125416 -1.11036e-08
-0.0124517 -1.10263e-08
-0.0123618 -1.09484e-08
-0.0122719 -1.08726e-08
-0.012182 -1.07995e-08
-0.0120921 -1.07317e-08
-0.0120022 -1.06622e-08
-0.0119123 -1.05871e-08
-0.0118224 -1.05166e-08
-0.0117325 -1.04483e-08
-0.0116426 -1.03716e-08
-0.0115527 -1.02986e-08
-0.0114627 -1.02253e-08
-0.0113728 -1.01475e-08
-0.0112829 -1.00817e-08
-0.011193 -1.00106e-08
-0.0111031 -9.93336e-09
-0.0110132 -9.86368e-09
-0.0109233 -9.78682e-09
-0.0108334 -9.71458e-09
-0.0107435 -9.64129e-09
-0.0106536 -9.57436e-09
-0.0105637 -9.49917e-09
-0.0104738 -9.42977e-09
-0.0103839 -9.35805e-09
-0.010294 -9.28393e-09
-0.0102041 -9.21033e-09
-0.0101142 -9.13652e-09
-0.0100243 -9.06233e-09
-0.00993438 -8.98652e-09
-0.00984447 -8.91019e-09
-0.00975457 -8.8395e-09
-0.00966466 -8.76971e-09
-0.00957476 -8.70265e-09
-0.00948486 -8.62818e-09
-0.00939495 -8.5576e-09
-0.00930505 -8.49144e-09
-0.00921514 -8.42018e-09
-0.00912524 -8.35611e-09
-0.00903534 -8.28471e-09
-0.00894543 -8.20877e-09
-0.00885553 -8.13155e-09
-0.00876562 -8.05748e-09
-0.00867572 -7.98049e-09
-0.00858582 -7.90318e-09
-0.00849591 -7.83511e-09
-0.00840601 -7.75806e-09
-0.0083161 -7.68561e-09
-0.0082262 -7.62094e-09
-0.00813629 -7.54717e-09
-0.00804639 -7.47849e-09
-0.00795649 -7.40162e-09
-0.00786658 -7.32728e-09
-0.00777668 -7.25045e-09
-0.00768677 -7.17743e-09
-0.00759687 -7.1062e-09
-0.00750697 -7.03016e-09
-0.00741706 -6.95597e-09
-0.00732716 -6.88034e-09
-0.00723725 -6.80939e-09
-0.00714735 -6.73989e-09
-0.00705744 -6.67384e-09
-0.00696754 -6.60174e-09
-0.00687764 -6.52298e-09
-0.00678773 -6.45343e-09
-0.00669783 -6.37702e-09
-0.00660792 -6.30732e-09
-0.00651802 -6.23221e-09
-0.00642812 -6.15571e-09
-0.00633821 -6.08413e-09
-0.00624831 -6.01284e-09
-0.0061584 -5.9396e-09
-0.0060685 -5.8679e-09
-0.00597859 -5.79904e-09
-0.00588869 -5.72693e-09
-0.00579879 -5.64989e-09
-0.00570888 -5.58059e-09
-0.00561898 -5.50303e-09
-0.00552907 -5.43125e-09
-0.00543917 -5.35744e-09
-0.00534927 -5.28127e-09
-0.00525936 -5.20925e-09
-0.00516946 -5.13396e-09
-0.00507955 -5.05687e-09
-0.00498965 -4.98208e-09
-0.00489975 -4.90981e-09
-0.00480984 -4.83524e-09
-0.00471994 -4.75406e-09
-0.00463003 -4.67604e-09
-0.00454013 -4.59363e-09
-0.00445022 -4.51773e-09
-0.00436032 -4.43867e-09
-0.00427042 -4.35564e-09
-0.00418051 -4.27609e-09
-0.00409061 -4.19589e-09
-0.0040007 -4.11023e-09
-0.0039108 -4.02914e-09
-0.0038209 -3.94793e-09
-0.00373099 -3.8676e-09
-0.00364109 -3.77896e-09
-0.00355118 -3.6961e-09
-0.00346128 -3.61229e-09
-0.00337137 -3.53062e-09
-0.00328147 -3.44489e-09
-0.00319157 -3.35713e-09
-0.00310166 -3.27587e-09
-0.00301176 -3.1882e-09
-0.00292185 -3.10082e-09
-0.00283195 -3.01012e-09
-0.00274205 -2.92154e-09
-0.00265214 -2.83481e-09
-0.00256224 -2.7425e-09
-0.00247233 -2.65502e-09
-0.00238243 -2.56643e-09
-0.00229252 -2.47976e-09
-0.00220262 -2.38591e-09
-0.00211272 -2.29776e-09
-0.00202281 -2.207e-09
-0.00193291 -2.11407e-09
-0.001843 -2.02058e-09
-0.0017531 -1.91875e-09
-0.0016632 -1.82064e-09
-0.00157329 -1.73038e-09
-0.00148339 -1.6291e-09
-0.00139348 -1.5353e-09
-0.00130358 -1.44031e-09
-0.00121368 -1.34242e-09
-0.00112377 -1.24841e-09
-0.00103387 -1.15442e-09
-0.000943963 -1.05598e-09
-0.000854059 -9.61676e-10
-0.000764154 -8.5832e-10
-0.00067425 -7.54058e-10
-0.000584346 -6.58127e-10
-0.000494442 -5.64277e-10
-0.000404538 -4.62277e-10
-0.000314634 -3.69198e-10
-0.00022473 -2.73491e-10
-0.000134825 -1.79663e-10
-4.49212e-05 -9.25363e-11
4.49829e-05 0
0.000134887 9.05287e-11
0.000224791 1.80762e-10
0.000314695 2.68327e-10
0.0004046 3.56312e-10
0.000494504 4.42517e-10
0.000584408 5.26459e-10
0.000674312 6.15631e-10
0.000764216 7.0169e-10
0.00085412 7.92007e-10
0.000944024 8.68265e-10
0.00103393 9.49204e-10
0.00112383 1.02524e-09
0.00121374 1.10325e-09
0.00130364 1.17969e-09
0.00139355 1.25343e-09
0.00148345 1.32485e-09
0.00157335 1.39609e-09
0.00166326 1.46751e-09
0.00175316 1.54387e-09
0.00184307 1.61355e-09
0.00193297 1.6808e-09
0.00202287 1.7462e-09
0.00211278 1.81057e-09
0.00220268 1.87287e-09
0.00229259 1.94238e-09
0.00238249 1.9981e-09
0.00247239 2.05913e-09
0.0025623 2.11531e-09
0.0026522 2.176e-09
0.00274211 2.24255e-09
0.00283201 2.3024e-09
0.00292192 2.36255e-09
0.00301182 2.42039e-09
0.00310172 2.47455e-09
0.00319163 2.52489e-09
0.00328153 2.58559e-09
0.00337144 2.64181e-09
0.00346134 2.69523e-09
0.00355124 2.74951e-09
0.00364115 2.7973e-09
0.00373105 2.85577e-09
0.00382096 2.9134e-09
0.00391086 2.96375e-09
0.00400077 3.01326e-09
0.00409067 3.06903e-09
0.00418057 3.11871e-09
0.00427048 3.17126e-09
0.00436038 3.22342e-09
0.00445029 3.27377e-09
0.00454019 3.32369e-09
0.00463009 3.37818e-09
0.00472 3.42622e-09
0.0048099 3.48134e-09
0.00489981 3.53163e-09
0.00498971 3.57632e-09
0.00507962 3.6306e-09
0.00516952 3.68412e-09
0.00525942 3.73889e-09
0.00534933 3.79427e-09
0.00543923 3.8427e-09
0.00552914 3.90151e-09
0.00561904 3.96153e-09
0.00570894 4.01809e-09
0.00579885 4.06954e-09
0.00588875 4.12569e-09
0.00597866 4.17799e-09
0.00606856 4.22803e-09
0.00615846 4.28357e-09
0.00624837 4.3385e-09
0.00633827 4.39943e-09
0.00642818 4.45713e-09
0.00651808 4.51555e-09
0.00660799 4.58033e-09
0.00669789 4.64266e-09
0.00678779 4.70157e-09
0.0068777 4.75695e-09
0.0069676 4.81499e-09
0.00705751 4.87391e-09
0.00714741 4.93153e-09
0.00723731 4.98583e-09
0.00732722 5.04505e-09
0.00741712 5.10801e-09
0.00750703 5.16939e-09
0.00759693 5.22949e-09
0.00768684 5.29273e-09
0.00777674 5.35221e-09
0.00786664 5.41416e-09
0.00795655 5.4692e-09
0.00804645 5.52633e-09
0.00813636 5.58426e-09
0.00822626 5.641e-09
0.00831616 5.69687e-09
0.00840607 5.75504e-09
0.00849597 5.81614e-09
0.00858588 5.87335e-09
0.00867578 5.92902e-09
0.00876569 5.98835e-09
0.00885559 6.04379e-09
0.00894549 6.09975e-09
0.0090354 6.15005e-09
0.0091253 6.2009e-09
0.00921521 6.25315e-09
0.00930511 6.30527e-09
0.00939501 6.3543e-09
0.00948492 6.40613e-09
0.00957482 6.45544e-09
0.00966473 6.49803e-09
0.00975463 6.54297e-09
0.00984453 6.59069e-09
0.00993444 6.63169e-09
0.0100243 6.67718e-09
0.0101142 6.7145e-09
0.0102042 6.75478e-09
0.0102941 6.79773e-09
0.010384 6.83662e-09
0.0104739 6.87686e-09
0.0105638 6.91058e-09
0.0106537 6.94483e-09
0.0107436 6.97198e-09
0.0108335 7.00056e-09
0.0109234 7.03088e-09
0.0110133 7.05786e-09
0.0111032 7.08806e-09
0.0111931 7.11007e-09
0.011283 7.14032e-09
0.0113729 7.1679e-09
0.0114628 7.19723e-09
0.0115527 7.22641e-09
0.0116426 7.24578e-09
0.0117325 7.27557e-09
0.0118224 7.293e-09
0.0119123 7.31209e-09
0.0120022 7.33553e-09
0.0120921 7.35163e-09
0.012182 7.36754e-09
0.0122719 7.38631e-09
0.0123619 7.41232e-09
0.0124518 7.43574e-09
0.0125417 7.45918e-09
0.0126316 7.48342e-09
0.0127215 7.50616e-09
0.0128114 7.53373e-09
0.0129013 7.56259e-09
0.0129912 7.58789e-09
0.0130811 7.60529e-09
0.013171 7.61936e-09
0.0132609 7.63691e-09
0.0133508 7.65879e-09
0.0134407 7.67722e-09
0.0135306 7.69565e-09
0.0136205 7.71879e-09
0.0137104 7.74654e-09
0.0138003 7.77019e-09
0.0138902 7.79899e-09
0.0139801 7.82223e-09
0.01407 7.84266e-09
0.0141599 7.86042e-09
0.0142498 7.88582e-09
0.0143397 7.90743e-09
0.0144296 7.93239e-09
0.0145196 7.96454e-09
0.0146095 7.98277e-09
0.0146994 8.00689e-09
0.0147893 8.03321e-09
0.0148792 8.05729e-09
0.0149691 8.08235e-09
0.015059 8.10965e-09
0.0151489 8.12802e-09
0.0152388 8.15491e-09
0.0153287 8.17846e-09
0.0154186 8.20147e-09
0.0155085 8.22204e-09
0.0155984 8.24394e-09
0.0156883 8.26479e-09
0.0157782 8.27981e-09
0.0158681 8.29598e-09
0.015958 8.31262e-09
0.0160479 8.32312e-09
0.0161378 8.33123e-09
0.0162277 8.34837e-09
0.0163176 8.3611e-09
0.0164075 8.3748e-09
0.0164974 8.3903e-09
0.0165873 8.4062e-09
0.0166773 8.42322e-09
0.0167672 8.43743e-09
0.0168571 8.44761e-09
0.016947 8.45414e-09
0.0170369 8.46329e-09
0.0171268 8.47347e-09
0.0172167 8.48188e-09
0.0173066 8.49424e-09
0.0173965 8.49697e-09
0.0174864 8.50869e-09
0.0175763 8.51777e-09
0.0176662 8.52473e-09
0.0177561 8.53654e-09
0.017846 8.54712e-09
0.0179359 8.56087e-09
0.0180258 8.56702e-09
0.0181157 8.57267e-09
0.0182056 8.5794e-09
0.0182955 8.59386e-09
0.0183854 8.60733e-09
0.0184753 8.6222e-09
0.0185652 8.63738e-09
0.0186551 8.64896e-09
0.018745 8.66437e-09
0.0188349 8.67903e-09
0.0189249 8.69343e-09
0.0190148 8.71158e-09
0.0191047 8.72218e-09
0.0191946 8.73107e-09
0.0192845 8.74683e-09
0.0193744 8.75619e-09
0.0194643 8.77129e-09
0.0195542 8.79231e-09
0.0196441 8.81125e-09
0.019734 8.82841e-09
0.0198239 8.84509e-09
0.0199138 8.86247e-09
0.0200037 8.87722e-09
0.0200936 8.89386e-09
0.0201835 8.9081e-09
0.0202734 8.92427e-09
0.0203633 8.93792e-09
0.0204532 8.94538e-09
0.0205431 8.95909e-09
0.020633 8.9733e-09
0.0207229 8.98826e-09
0.0208128 8.99466e-09
0.0209027 9.00707e-09
0.0209926 9.01353e-09
0.0210826 9.02631e-09
0.0211725 9.03957e-09
0.0212624 9.05445e-09
0.0213523 9.0644e-09
0.0214422 9.07515e-09
0.0215321 9.09169e-09
0.021622 9.10772e-09
0.0217119 9.11495e-09
0.0218018 9.13043e-09
0.0218917 9.14528e-09
0.0219816 9.16115e-09
0.0220715 9.16812e-09
0.0221614 9.1871e-09
0.0222513 9.19751e-09
0.0223412 9.2151e-09
0.0224311 9.22947e-09
0.022521 9.24419e-09
0.0226109 9.26495e-09
0.0227008 9.27383e-09
0.0227907 9.27973e-09
0.0228806 9.28794e-09
0.0229705 9.29811e-09
0.0230604 9.30575e-09
0.0231503 9.31202e-09
0.0232403 9.32247e-09
0.0233302 9.32715e-09
0.0234201 9.32908e-09
0.02351 9.33356e-09
0.0235999 9.35094e-09
0.0236898 9.35964e-09
0.0237797 9.36279e-09
0.0238696 9.36591e-09
0.0239595 9.37308e-09
0.0240494 9.37191e-09
0.0241393 9.36788e-09
0.0242292 9.36535e-09
0.0243191 9.36054e-09
0.024409 9.3574e-09
0.0244989 9.35779e-09
0.0245888 9.35564e-09
0.0246787 9.35972e-09
0.0247686 9.35922e-09
0.0248585 9.35283e-09
0.0249484 9.35295e-09
0.0250383 9.34064e-09
0.0251282 9.34434e-09
0.0252181 9.34006e-09
0.025308 9.33246e-09
0.025398 9.32679e-09
0.0254879 9.32421e-09
0.0255778 9.31725e-09
0.0256677 9.3086e-09
0.0257576 9.3126e-09
0.0258475 9.30678e-09
0.0259374 9.29548e-09
0.0260273 9.29209e-09
0.0261172 9.28587e-09
0.0262071 9.28894e-09
0.026297 9.28893e-09
0.0263869 9.28687e-09
0.0264768 9.28928e-09
0.0265667 9.29656e-09
0.0266566 9.29081e-09
0.0267465 9.29544e-09
0.0268364 9.30174e-09
0.0269263 9.30603e-09
0.0270162 9.30779e-09
0.0271061 9.31937e-09
0.027196 9.32467e-09
0.0272859 9.33663e-09
0.0273758 9.35346e-09
0.0274657 9.36581e-09
0.0275557 9.38442e-09
0.0276456 9.40925e-09
0.0277355 9.4214e-09
0.0278254 9.44446e-09
0.0279153 9.4649e-09
0.0280052 9.48562e-09
0.0280951 9.50165e-09
0.028185 9.51422e-09
0.0282749 9.53271e-09
0.0283648 9.55907e-09
0.0284547 9.58444e-09
0.0285446 9.60491e-09
0.0286345 9.62436e-09
0.0287244 9.64313e-09
0.0288143 9.66906e-09
0.0289042 9.6985e-09
0.0289941 9.72551e-09
0.029084 9.74945e-09
0.0291739 9.77525e-09
0.0292638 9.80005e-09
0.0293537 9.82678e-09
0.0294436 9.85571e-09
0.0295335 9.87893e-09
0.0296234 9.90561e-09
0.0297134 9.93588e-09
0.0298033 9.96456e-09
0.0298932 9.98754e-09
0.0299831 1.00144e-08
0.030073 1.00331e-08
0.0301629 1.00598e-08
0.0302528 1.00873e-08
0.0303427 1.01156e-08
0.0304326 1.0148e-08
0.0305225 1.0179e-08
0.0306124 1.02093e-08
0.0307023 1.02418e-08
0.0307922 1.02789e-08
0.0308821 1.03147e-08
0.030972 1.03575e-08
0.0310619 1.039e-08
0.0311518 1.04216e-08
0.0312417 1.04677e-08
0.0313316 1.05077e-08
0.0314215 1.05457e-08
0.0315114 1.05907e-08
0.0316013 1.06395e-08
0.0316912 1.06838e-08
0.0317811 1.07378e-08
0.0318711 1.07909e-08
0.031961 1.08546e-08
0.0320509 1.09093e-08
0.0321408 1.09547e-08
0.0322307 1.10055e-08
0.0323206 1.1064e-08
0.0324105 1.11157e-08
0.0325004 1.11671e-08
0.0325903 1.12263e-08
0.0326802 1.1269e-08
0.0327701 1.13201e-08
0.03286 1.13852e-08
0.0329499 1.14487e-08
0.0330398 1.14995e-08
0.0331297 1.15448e-08
0.0332196 1.15953e-08
0.0333095 1.16446e-08
0.0333994 1.16929e-08
0.0334893 1.17424e-08
0.0335792 1.1805e-08
0.0336691 1.18593e-08
0.033759 1.1905e-08
0.0338489 1.19575e-08
0.0339388 1.19994e-08
0.0340288 1.20492e-08
0.0341187 1.20956e-08
0.0342086 1.21449e-08
0.0342985 1.21984e-08
0.0343884 1.22476e-08
0.0344783 1.2305e-08
0.0345682 1.23561e-08
0.0346581 1.24111e-08
0.034748 1.24591e-08
0.0348379 1.25102e-08
0.0349278 1.2554e-08
0.0350177 1.2604e-08
0.0351076 1.26573e-08
0.0351975 1.27033e-08
0.0352874 1.27618e-08
0.0353773 1.28207e-08
0.0354672 1.28763e-08
0.0355571 1.29295e-08
0.035647 1.29791e-08
0.0357369 1.30224e-08
0.0358268 1.30697e-08
0.0359167 1.31149e-08
0.0360066 1.31648e-08
0.0360965 1.32206e-08
0.0361865 1.32721e-08
0.0362764 1.33235e-08
0.0363663 1.33734e-08
0.0364562 1.34241e-08
0.0365461 1.34726e-08
0.036636 1.35172e-08
0.0367259 1.35629e-08
0.0368158 1.36058e-08
0.0369057 1.36526e-08
0.0369956 1.36958e-08
0.0370855 1.37331e-08
0.0371754 1.37683e-08
0.0372653 1.38166e-08
0.0373552 1.38499e-08
0.0374451 1.38797e-08
0.037535 1.39127e-08
0.0376249 1.39544e-08
0.0377148 1.39866e-08
0.0378047 1.4025e-08
0.0378946 1.40528e-08
0.0379845 1.40814e-08
0.0380744 1.41037e-08
0.0381643 1.4122e-08
0.0382542 1.41393e-08
0.0383441 1.41583e-08
0.0384341 1.41777e-08
0.038524 1.41947e-08
0.0386139 1.42065e-08
0.0387038 1.42104e-08
0.0387937 1.42234e-08
0.0388836 1.42406e-08
0.0389735 1.42466e-08
0.0390634 1.42542e-08
0.0391533 1.42609e-08
0.0392432 1.42751e-08
0.0393331 1.42917e-08
0.039423 1.43084e-08
0.0395129 1.43294e-08
0.0396028 1.43419e-08
0.0396927 1.43501e-08
0.0397826 1.43604e-08
0.0398725 1.43737e-08
0.0399624 1.43882e-08
0.0400523 1.43991e-08
0.0401422 1.4419e-08
0.0402321 1.44293e-08
0.040322 1.44491e-08
0.0404119 1.44691e-08
0.0405018 1.44926e-08
0.0405918 1.45156e-08
0.0406817 1.4533e-08
0.0407716 1.45615e-08
0.0408615 1.45818e-08
0.0409514 1.46011e-08
0.0410413 1.4622e-08
0.0411312 1.46467e-08
0.0412211 1.46712e-08
0.041311 1.47037e-08
0.0414009 1.47284e-08
0.0414908 1.47486e-08
0.0415807 1.47718e-08
0.0416706 1.47884e-08
0.0417605 1.48031e-08
0.0418504 1.48173e-08
0.0419403 1.48355e-08
0.0420302 1.48603e-08
0.0421201 1.48814e-08
0.04221 1.4902e-08
0.0422999 1.49207e-08
0.0423898 1.49383e-08
0.0424797 1.49608e-08
0.0425696 1.4982e-08
0.0426595 1.49975e-08
0.0427495 1.49987e-08
0.0428394 1.50113e-08
0.0429293 1.50351e-08
0.0430192 1.50562e-08
0.0431091 1.50712e-08
0.043199 1.50843e-08
0.0432889 1.51074e-08
0.0433788 1.51224e-08
0.0434687 1.51447e-08
0.0435586 1.51646e-08
0.0436485 1.51841e-08
0.0437384 1.52088e-08
0.0438283 1.52359e-08
0.0439182 1.52671e-08
0.0440081 1.53085e-08
0.044098 1.53407e-08
0.0441879 1.53795e-08
0.0442778 1.54159e-08
0.0443677 1.54466e-08
0.0444576 1.54969e-08
0.0445475 1.55362e-08
0.0446374 1.55761e-08
0.0447273 1.56154e-08
0.0448172 1.56574e-08
0.0449072 1.57114e-08
0.0449971 1.57576e-08
0.045087 1.581e-08
0.0451769 1.58602e-08
0.0452668 1.59082e-08
0.0453567 1.59473e-08
0.0454466 1.60007e-08
0.0455365 1.60504e-08
0.0456264 1.6102e-08
0.0457163 1.61574e-08
0.0458062 1.62048e-08
0.0458961 1.62526e-08
0.045986 1.63007e-08
0.0460759 1.63553e-08
0.0461658 1.64032e-08
0.0462557 1.64397e-08
0.0463456 1.64745e-08
0.0464355 1.65121e-08
0.0465254 1.65575e-08
0.0466153 1.65851e-08
0.0467052 1.66282e-08
0.0467951 1.66684e-08
0.046885 1.67128e-08
0.0469749 1.67579e-08
0.0470649 1.67972e-08
0.0471548 1.68475e-08
0.0472447 1.68843e-08
0.0473346 1.69206e-08
0.0474245 1.69543e-08
0.0475144 1.69779e-08
0.0476043 1.70164e-08
0.0476942 1.70424e-08
0.0477841 1.70764e-08
0.047874 1.7104e-08
0.0479639 1.71368e-08
0.0480538 1.71706e-08
0.0481437 1.71866e-08
0.0482336 1.72133e-08
0.0483235 1.72515e-08
0.0484134 1.72849e-08
0.0485033 1.73121e-08
0.0485932 1.73385e-08
0.0486831 1.73591e-08
0.048773 1.73745e-08
0.0488629 1.73865e-08
0.0489528 1.73979e-08
0.0490427 1.74087e-08
0.0491326 1.7425e-08
0.0492226 1.74467e-08
0.0493125 1.74605e-08
0.0494024 1.74725e-08
0.0494923 1.74834e-08
0.0495822 1.75001e-08
0.0496721 1.75207e-08
0.049762 1.75315e-08
0.0498519 1.75436e-08
0.0499418 1.75555e-08
0.0500317 1.75651e-08
0.0501216 1.7575e-08
0.0502115 1.75994e-08
0.0503014 1.76183e-08
0.0503913 1.76263e-08
0.0504812 1.76281e-08
0.0505711 1.76332e-08
0.050661 1.76413e-08
0.0507509 1.76618e-08
0.0508408 1.76705e-08
0.0509307 1.76738e-08
0.0510206 1.76756e-08
0.0511105 1.7679e-08
0.0512004 1.76804e-08
0.0512903 1.76657e-08
0.0513803 1.76609e-08
0.0514702 1.76591e-08
0.0515601 1.76585e-08
0.05165 1.76604e-08
0.0517399 1.76684e-08
0.0518298 1.7673e-08
0.0519197 1.76748e-08
0.0520096 1.76792e-08
0.0520995 1.76765e-08
0.0521894 1.76731e-08
0.0522793 1.7661e-08
0.0523692 1.76486e-08
0.0524591 1.76478e-08
0.052549 1.7641e-08
0.0526389 1.76279e-08
0.0527288 1.76242e-08
0.0528187 1.76075e-08
0.0529086 1.75931e-08
0.0529985 1.7585e-08
0.0530884 1.75827e-08
0.0531783 1.75689e-08
0.0532682 1.75555e-08
0.0533581 1.75581e-08
0.053448 1.75488e-08
0.053538 1.75356e-08
0.0536279 1.75137e-08
0.0537178 1.75037e-08
0.0538077 1.74887e-08
0.0538976 1.74773e-08
0.0539875 1.74612e-08
0.0540774 1.74329e-08
0.0541673 1.7412e-08
0.0542572 1.739e-08
0.0543471 1.7372e-08
0.054437 1.73409e-08
0.0545269 1.73254e-08
0.0546168 1.73046e-08
0.0547067 1.7291e-08
0.0547966 1.72597e-08
0.0548865 1.72457e-08
0.0549764 1.72171e-08
0.0550663 1.71985e-08
0.0551562 1.71852e-08
0.0552461 1.71724e-08
0.055336 1.71574e-08
0.0554259 1.71321e-08
0.0555158 1.71055e-08
0.0556057 1.70968e-08
0.0556956 1.7082e-08
0.0557856 1.70674e-08
0.0558755 1.70531e-08
0.0559654 1.70342e-08
0.0560553 1.70172e-08
0.0561452 1.7007e-08
0.0562351 1.6993e-08
0.056325 1.69958e-08
0.0564149 1.69859e-08
0.0565048 1.69798e-08
0.0565947 1.69788e-08
0.0566846 1.69645e-08
0.0567745 1.6945e-08
0.0568644 1.69469e-08
0.0569543 1.69617e-08
0.0570442 1.69577e-08
0.0571341 1.69563e-08
0.057224 1.69482e-08
0.0573139 1.69339e-08
0.0574038 1.69364e-08
0.0574937 1.69321e-08
0.0575836 1.69432e-08
0.0576735 1.69431e-08
0.0577634 1.69262e-08
0.0578533 1.69288e-08
0.0579433 1.69245e-08
0.0580332 1.6919e-08
0.0581231 1.69153e-08
0.058213 1.69012e-08
0.0583029 1.68959e-08
0.0583928 1.68944e-08
0.0584827 1.68696e-08
0.0585726 1.68587e-08
0.0586625 1.68354e-08
0.0587524 1.68349e-08
0.0588423 1.68231e-08
0.0589322 1.68108e-08
0.0590221 1.68101e-08
0.059112 1.68062e-08
0.0592019 1.68137e-08
0.0592918 1.68099e-08
0.0593817 1.68185e-08
0.0594716 1.68255e-08
0.0595615 1.68442e-08
0.0596514 1.68772e-08
0.0597413 1.68895e-08
0.0598312 1.68844e-08
0.0599211 1.69114e-08
0.060011 1.69025e-08
0.060101 1.69007e-08
0.0601909 1.68911e-08
0.0602808 1.68857e-08
0.0603707 1.68797e-08
0.0604606 1.68602e-08
0.0605505 1.68661e-08
0.0606404 1.68624e-08
0.0607303 1.68634e-08
0.0608202 1.68506e-08
0.0609101 1.68386e-08
0.061 1.68336e-08
0.0610899 1.68146e-08
0.0611798 1.67843e-08
0.0612697 1.67709e-08
0.0613596 1.6756e-08
0.0614495 1.67352e-08
0.0615394 1.67145e-08
0.0616293 1.67042e-08
0.0617192 1.66917e-08
0.0618091 1.66634e-08
0.061899 1.66345e-08
0.0619889 1.66037e-08
0.0620788 1.65761e-08
0.0621687 1.65595e-08
0.0622587 1.65395e-08
0.0623486 1.6549e-08
0.0624385 1.65445e-08
0.0625284 1.65321e-08
0.0626183 1.65209e-08
0.0627082 1.65293e-08
0.0627981 1.65223e-08
0.062888 1.6499e-08
0.0629779 1.64854e-08
0.0630678 1.64797e-08
0.0631577 1.6463e-08
0.0632476 1.64562e-08
0.0633375 1.64447e-08
0.0634274 1.64223e-08
0.0635173 1.64294e-08
0.0636072 1.64306e-08
0.0636971 1.64192e-08
0.063787 1.64113e-08
0.0638769 1.64179e-08
0.0639668 1.64152e-08
0.0640567 1.64132e-08
0.0641466 1.6397e-08
0.0642365 1.63825e-08
0.0643264 1.63795e-08
0.0644164 1.63675e-08
0.0645063 1.63462e-08
0.0645962 1.63411e-08
0.0646861 1.63301e-08
0.064776 1.6322e-08
0.0648659 1.63037e-08
0.0649558 1.63175e-08
0.0650457 1.63141e-08
0.0651356 1.63125e-08
0.0652255 1.63149e-08
0.0653154 1.63162e-08
0.0654053 1.6317e-08
0.0654952 1.63234e-08
0.0655851 1.63188e-08
0.065675 1.63168e-08
0.0657649 1.63155e-08
0.0658548 1.62918e-08
0.0659447 1.62977e-08
0.0660346 1.63134e-08
0.0661245 1.63133e-08
0.0662144 1.63304e-08
0.0663043 1.63417e-08
0.0663942 1.63401e-08
0.0664841 1.63358e-08
0.0665741 1.63375e-08
0.066664 1.63379e-08
0.0667539 1.63419e-08
0.0668438 1.63301e-08
0.0669337 1.6306e-08
0.0670236 1.63012e-08
0.0671135 1.62846e-08
0.0672034 1.62737e-08
0.0672933 1.62679e-08
0.0673832 1.62415e-08
0.0674731 1.62418e-08
0.067563 1.62445e-08
0.0676529 1.62418e-08
0.0677428 1.62395e-08
0.0678327 1.62169e-08
0.0679226 1.62172e-08
0.0680125 1.61779e-08
0.0681024 1.61445e-08
0.0681923 1.61024e-08
0.0682822 1.60597e-08
0.0683721 1.60152e-08
0.068462 1.59809e-08
0.0685519 1.59364e-08
0.0686418 1.59042e-08
0.0687318 1.58735e-08
0.0688217 1.58307e-08
0.0689116 1.57693e-08
0.0690015 1.57129e-08
0.0690914 1.56588e-08
0.0691813 1.5628e-08
0.0692712 1.55834e-08
0.0693611 1.55404e-08
0.069451 1.55004e-08
0.0695409 1.54758e-08
0.0696308 1.54377e-08
0.0697207 1.54112e-08
0.0698106 1.53786e-08
0.0699005 1.53696e-08
0.0699904 1.53151e-08
0.0700803 1.52875e-08
0.0701702 1.52596e-08
0.0702601 1.52167e-08
0.07035 1.51906e-08
0.0704399 1.51475e-08
0.0705298 1.50817e-08
0.0706197 1.50141e-08
0.0707096 1.49598e-08
0.0707995 1.49096e-08
0.0708895 1.48169e-08
0.0709794 1.47225e-08
0.0710693 1.46343e-08
0.0711592 1.45733e-08
0.0712491 1.44894e-08
0.071339 1.44271e-08
0.0714289 1.43718e-08
0.0715188 1.43242e-08
0.0716087 1.42821e-08
0.0716986 1.4217e-08
0.0717885 1.41374e-08
0.0718784 1.40531e-08
0.0719683 1.39958e-08
0.0720582 1.39247e-08
0.0721481 1.38543e-08
0.072238 1.37709e-08
0.0723279 1.36942e-08
0.0724178 1.35948e-08
0.0725077 1.34911e-08
0.0725976 1.34168e-08
0.0726875 1.33222e-08
0.0727774 1.3222e-08
0.0728673 1.3122e-08
0.0729572 1.30359e-08
0.0730472 1.29449e-08
0.0731371 1.28393e-08
0.073227 1.27344e-08
0.0733169 1.2646e-08
0.0734068 1.25675e-08
0.0734967 1.24856e-08
0.0735866 1.24167e-08
0.0736765 1.23251e-08
0.0737664 1.2234e-08
0.0738563 1.21576e-08
0.0739462 1.20877e-08
0.0740361 1.19642e-08
0.074126 1.18727e-08
0.0742159 1.17725e-08
0.0743058 1.16631e-08
0.0743957 1.15654e-08
0.0744856 1.14691e-08
0.0745755 1.1333e-08
0.0746654 1.12413e-08
0.0747553 1.11144e-08
0.0748452 1.0996e-08
0.0749351 1.08902e-08
0.075025 1.08098e-08
0.0751149 1.06994e-08
0.0752048 1.05916e-08
0.0752948 1.04841e-08
0.0753847 1.03686e-08
0.0754746 1.02329e-08
0.0755645 1.01228e-08
0.0756544 1.00314e-08
0.0757443 9.91647e-09
0.0758342 9.80229e-09
0.0759241 9.68338e-09
0.076014 9.55073e-09
0.0761039 9.40615e-09
0.0761938 9.28466e-09
0.0762837 9.1797e-09
0.0763736 9.05962e-09
0.0764635 8.94205e-09
0.0765534 8.79496e-09
0.0766433 8.66865e-09
0.0767332 8.52632e-09
0.0768231 8.37971e-09
0.076913 8.24229e-09
0.0770029 8.1227e-09
0.0770928 7.95275e-09
0.0771827 7.83775e-09
0.0772726 7.69337e-09
0.0773625 7.55666e-09
0.0774525 7.40621e-09
0.0775424 7.23588e-09
0.0776323 7.09266e-09
0.0777222 6.92621e-09
0.0778121 6.78936e-09
0.077902 6.62645e-09
0.0779919 6.48867e-09
0.0780818 6.32254e-09
0.0781717 6.15751e-09
0.0782616 6.03826e-09
0.0783515 5.90696e-09
0.0784414 5.79473e-09
0.0785313 5.66947e-09
0.0786212 5.56845e-09
0.0787111 5.45202e-09
0.078801 5.33885e-09
0.0788909 5.19342e-09
0.0789808 5.06008e-09
0.0790707 4.9171e-09
0.0791606 4.7892e-09
0.0792505 4.6421e-09
0.0793404 4.46399e-09
0.0794303 4.30886e-09
0.0795202 4.16908e-09
0.0796102 4.01944e-09
0.0797001 3.95041e-09
0.07979 3.85779e-09
0.0798799 3.73572e-09
0.0799698 3.66992e-09
0.0800597 3.56404e-09
0.0801496 3.44968e-09
0.0802395 3.41054e-09
0.0803294 3.3084e-09
0.0804193 3.24804e-09
0.0805092 3.15626e-09
0.0805991 3.03755e-09
0.080689 2.93179e-09
0.0807789 2.77869e-09
0.0808688 2.69457e-09
0.0809587 2.53734e-09
0.0810486 2.36691e-09
0.0811385 2.19721e-09
0.0812284 2.09251e-09
0.0813183 1.91412e-09
0.0814082 1.76232e-09
0.0814981 1.61058e-09
0.081588 1.50393e-09
0.0816779 1.35103e-09
0.0817679 1.18947e-09
0.0818578 1.00988e-09
0.0819477 8.67945e-10
0.0820376 7.3483e-10
0.0821275 5.69753e-10
0.0822174 4.26604e-10
0.0823073 2.63334e-10
0.0823972 1.00963e-10
0.0824871 -4.91992e-11
0.082577 -2.18641e-10
0.0826669 -3.95052e-10
0.0827568 -5.39195e-10
0.0828467 -7.33375e-10
0.0829366 -9.12335e-10
0.0830265 -1.10661e-09
0.0831164 -1.32887e-09
0.0832063 -1.4832e-09
0.0832962 -1.65408e-09
0.0833861 -1.88595e-09
0.083476 -2.02469e-09
0.0835659 -2.20185e-09
0.0836558 -2.41572e-09
0.0837457 -2.62532e-09
0.0838356 -2.80776e-09
0.0839256 -2.97244e-09
0.0840155 -3.18463e-09
0.0841054 -3.3356e-09
0.0841953 -3.5051e-09
0.0842852 -3.68207e-09
0.0843751 -3.85965e-09
0.084465 -4.03164e-09
0.0845549 -4.24168e-09
0.0846448 -4.42219e-09
0.0847347 -4.66725e-09
0.0848246 -4.93498e-09
0.0849145 -5.19305e-09
0.0850044 -5.41406e-09
0.0850943 -5.69813e-09
0.0851842 -5.9629e-09
0.0852741 -6.20167e-09
0.085364 -6.51405e-09
0.0854539 -6.80786e-09
0.0855438 -7.09875e-09
0.0856337 -7.38153e-09
0.0857236 -7.66146e-09
0.0858135 -7.95384e-09
0.0859034 -8.19208e-09
0.0859933 -8.44092e-09
0.0860833 -8.71554e-09
0.0861732 -8.98038e-09
0.0862631 -9.23831e-09
0.086353 -9.53354e-09
0.0864429 -9.80076e-09
0.0865328 -9.98655e-09
0.0866227 -1.0236e-08
0.0867126 -1.05011e-08
0.0868025 -1.06724e-08
0.0868924 -1.08624e-08
0.0869823 -1.10635e-08
0.0870722 -1.13093e-08
0.0871621 -1.15215e-08
0.087252 -1.17391e-08
0.0873419 -1.19783e-08
0.0874318 -1.21757e-08
0.0875217 -1.24693e-08
0.0876116 -1.27218e-08
0.0877015 -1.29986e-08
0.0877914 -1.32629e-08
0.0878813 -1.35325e-08
0.0879712 -1.3811e-08
0.0880611 -1.4094e-08
0.088151 -1.43703e-08
0.088241 -1.4622e-08
0.0883309 -1.48761e-08
0.0884208 -1.51876e-08
0.0885107 -1.54114e-08
0.0886006 -1.56516e-08
0.0886905 -1.58701e-08
0.0887804 -1.61166e-08
0.0888703 -1.6361e-08
0.0889602 -1.66772e-08
0.0890501 -1.68882e-08
0.08914 -1.71442e-08
0.0892299 -1.73822e-08
0.0893198 -1.75943e-08
0.0894097 -1.77945e-08
0.0894996 -1.80837e-08
0.0895895 -1.82535e-08
0.0896794 -1.85524e-08
0.0897693 -1.8801e-08
0.0898592 -1.90289e-08
0.0899491 -1.92816e-08
0.090039 -1.94525e-08
0.0901289 -1.96995e-08
0.0902188 -1.99774e-08
0.0903087 -2.02201e-08
0.0903987 -2.04665e-08
0.0904886 -2.06135e-08
0.0905785 -2.08411e-08
0.0906684 -2.11338e-08
0.0907583 -2.14042e-08
0.0908482 -2.15979e-08
0.0909381 -2.17548e-08
0.091028 -2.19369e-08
0.0911179 -2.21824e-08
0.0912078 -2.23605e-08
0.0912977 -2.25222e-08
0.0913876 -2.28043e-08
0.0914775 -2.30491e-08
0.0915674 -2.32974e-08
0.0916573 -2.35084e-08
0.0917472 -2.3754e-08
0.0918371 -2.39716e-08
0.091927 -2.41502e-08
0.0920169 -2.44379e-08
0.0921068 -2.47103e-08
0.0921967 -2.50592e-08
0.0922866 -2.52832e-08
0.0923765 -2.54916e-08
0.0924664 -2.57496e-08
0.0925564 -2.60733e-08
0.0926463 -2.63727e-08
0.0927362 -2.66146e-08
0.0928261 -2.68237e-08
0.092916 -2.7105e-08
0.0930059 -2.75028e-08
0.0930958 -2.76906e-08
0.0931857 -2.78543e-08
0.0932756 -2.79605e-08
0.0933655 -2.81243e-08
0.0934554 -2.8308e-08
0.0935453 -2.85652e-08
0.0936352 -2.87909e-08
0.0937251 -2.88907e-08
0.093815 -2.90638e-08
0.0939049 -2.92441e-08
0.0939948 -2.95108e-08
0.0940847 -2.96941e-08
0.0941746 -3.01573e-08
0.0942645 -3.04791e-08
0.0943544 -3.08452e-08
0.0944443 -3.1255e-08
0.0945342 -3.161e-08
0.0946241 -3.17545e-08
0.094714 -3.20941e-08
0.094804 -3.24398e-08
0.0948939 -3.27345e-08
0.0949838 -3.29414e-08
0.0950737 -3.33669e-08
0.0951636 -3.35941e-08
0.0952535 -3.37549e-08
0.0953434 -3.40055e-08
0.0954333 -3.43718e-08
0.0955232 -3.47093e-08
0.0956131 -3.50107e-08
0.095703 -3.5391e-08
0.0957929 -3.57242e-08
0.0958828 -3.60547e-08
0.0959727 -3.63262e-08
0.0960626 -3.6593e-08
0.0961525 -3.67728e-08
0.0962424 -3.71968e-08
0.0963323 -3.7456e-08
0.0964222 -3.77453e-08
0.0965121 -3.79596e-08
0.096602 -3.81127e-08
0.0966919 -3.82108e-08
0.0967818 -3.83492e-08
0.0968717 -3.84974e-08
0.0969617 -3.87533e-08
0.0970516 -3.90536e-08
0.0971415 -3.92718e-08
0.0972314 -3.94603e-08
0.0973213 -3.95834e-08
0.0974112 -3.98947e-08
0.0975011 -4.01324e-08
0.097591 -4.05432e-08
0.0976809 -4.09419e-08
0.0977708 -4.13659e-08
0.0978607 -4.17897e-08
0.0979506 -4.21089e-08
0.0980405 -4.253e-08
0.0981304 -4.30001e-08
0.0982203 -4.3236e-08
0.0983102 -4.37147e-08
0.0984001 -4.41488e-08
0.09849 -4.45386e-08
0.0985799 -4.4928e-08
0.0986698 -4.52388e-08
0.0987597 -4.56435e-08
0.0988496 -4.59274e-08
0.0989395 -4.62183e-08
0.0990294 -4.65789e-08
0.0991194 -4.68108e-08
0.0992093 -4.70066e-08
0.0992992 -4.7279e-08
0.0993891 -4.73677e-08
0.099479 -4.74347e-08
0.0995689 -4.74455e-08
0.0996588 -4.7357e-08
0.0997487 -4.73687e-08
0.0998386 -4.7419e-08
0.0999285 -4.73923e-08
0.100018 -4.74104e-08
0.100108 -4.73871e-08
0.100198 -4.75035e-08
0.100288 -4.76578e-08
0.100378 -4.76771e-08
0.100468 -4.77228e-08
0.100558 -4.77966e-08
0.100648 -4.80679e-08
0.100738 -4.81247e-08
0.100828 -4.83069e-08
0.100917 -4.84116e-08
0.101007 -4.8539e-08
0.101097 -4.85486e-08
0.101187 -4.87508e-08
0.101277 -4.87501e-08
0.101367 -4.90283e-08
0.101457 -4.92752e-08
0.101547 -4.96019e-08
0.101637 -4.99473e-08
0.101727 -5.01003e-08
0.101816 -5.04143e-08
0.101906 -5.06205e-08
0.101996 -5.09098e-08
0.102086 -5.12493e-08
0.102176 -5.1479e-08
0.102266 -5.16225e-08
0.102356 -5.18277e-08
0.102446 -5.18939e-08
0.102536 -5.20712e-08
0.102626 -5.21081e-08
0.102716 -5.2151e-08
0.102805 -5.21478e-08
0.102895 -5.20705e-08
0.102985 -5.20964e-08
0.103075 -5.21483e-08
0.103165 -5.22628e-08
0.103255 -5.24677e-08
0.103345 -5.24987e-08
0.103435 -5.27037e-08
0.103525 -5.28798e-08
0.103615 -5.31647e-08
0.103704 -5.33799e-08
0.103794 -5.35815e-08
0.103884 -5.38894e-08
0.103974 -5.41418e-08
0.104064 -5.44397e-08
0.104154 -5.47253e-08
0.104244 -5.49627e-08
0.104334 -5.49976e-08
0.104424 -5.51244e-08
0.104514 -5.55292e-08
0.104604 -5.57585e-08
0.104693 -5.58259e-08
0.104783 -5.60824e-08
0.104873 -5.63985e-08
0.104963 -5.6771e-08
0.105053 -5.71252e-08
0.105143 -5.75034e-08
0.105233 -5.78222e-08
0.105323 -5.82616e-08
0.105413 -5.85553e-08
0.105503 -5.86901e-08
0.105592 -5.88204e-08
0.105682 -5.89766e-08
0.105772 -5.9338e-08
0.105862 -5.94897e-08
0.105952 -5.97787e-08
0.106042 -5.99194e-08
0.106132 -5.9892e-08
0.106222 -5.98893e-08
0.106312 -5.97359e-08
0.106402 -5.98525e-08
0.106491 -5.98369e-08
0.106581 -5.98259e-08
0.106671 -5.99016e-08
0.106761 -6.00652e-08
0.106851 -5.9982e-08
0.106941 -6.01052e-08
0.107031 -6.03873e-08
0.107121 -6.0601e-08
0.107211 -6.09438e-08
0.107301 -6.12291e-08
0.107391 -6.14742e-08
0.10748 -6.16175e-08
0.10757 -6.20561e-08
0.10766 -6.22336e-08
0.10775 -6.24521e-08
0.10784 -6.27095e-08
0.10793 -6.28803e-08
0.10802 -6.303e-08
0.10811 -6.32174e-08
0.1082 -6.33668e-08
0.10829 -6.3186e-08
0.108379 -6.31509e-08
0.108469 -6.31405e-08
0.108559 -6.3249e-08
0.108649 -6.32716e-08
0.108739 -6.33068e-08
0.108829 -6.31174e-08
0.108919 -6.31629e-08
0.109009 -6.33807e-08
0.109099 -6.3403e-08
0.109189 -6.351e-08
0.109279 -6.35272e-08
0.109368 -6.37201e-08
0.109458 -6.39335e-08
0.109548 -6.40447e-08
0.109638 -6.44791e-08
0.109728 -6.49595e-08
0.109818 -6.52356e-08
0.109908 -6.56879e-08
0.109998 -6.5697e-08
0.110088 -6.59613e-08
0.110178 -6.59895e-08
0.110267 -6.62067e-08
0.110357 -6.63951e-08
0.110447 -6.6617e-08
0.110537 -6.66358e-08
0.110627 -6.66808e-08
0.110717 -6.67012e-08
0.110807 -6.66612e-08
0.110897 -6.65917e-08
0.110987 -6.66013e-08
0.111077 -6.66336e-08
0.111167 -6.64563e-08
0.111256 -6.65157e-08
0.111346 -6.64249e-08
0.111436 -6.65772e-08
0.111526 -6.65687e-08
0.111616 -6.67236e-08
0.111706 -6.68701e-08
0.111796 -6.70828e-08
0.111886 -6.70138e-08
0.111976 -6.73247e-08
0.112066 -6.74707e-08
0.112155 -6.7671e-08
0.112245 -6.77273e-08
0.112335 -6.76437e-08
0.112425 -6.78097e-08
0.112515 -6.7612e-08
0.112605 -6.76048e-08
0.112695 -6.73815e-08
0.112785 -6.74022e-08
0.112875 -6.74036e-08
0.112965 -6.76458e-08
0.113054 -6.77193e-08
0.113144 -6.77237e-08
0.113234 -6.8022e-08
0.113324 -6.79811e-08
0.113414 -6.80576e-08
0.113504 -6.8494e-08
0.113594 -6.86198e-08
0.113684 -6.89886e-08
0.113774 -6.94483e-08
0.113864 -6.93155e-08
0.113954 -6.97295e-08
0.114043 -6.96008e-08
0.114133 -6.93657e-08
0.114223 -6.95517e-08
0.114313 -6.92838e-08
0.114403 -6.91917e-08
0.114493 -6.92212e-08
0.114583 -6.88813e-08
0.114673 -6.89761e-08
0.114763 -6.87908e-08
0.114853 -6.87247e-08
0.114942 -6.8399e-08
0.115032 -6.8266e-08
0.115122 -6.85106e-08
0.115212 -6.85155e-08
0.115302 -6.84378e-08
0.115392 -6.87295e-08
0.115482 -6.86525e-08
0.115572 -6.88824e-08
0.115662 -6.93087e-08
0.115752 -6.95332e-08
0.115842 -6.97323e-08
0.115931 -6.96017e-08
0.116021 -6.95198e-08
0.116111 -6.94894e-08
0.116201 -6.94249e-08
0.116291 -6.94963e-08
0.116381 -6.9273e-08
0.116471 -6.89899e-08
0.116561 -6.87445e-08
0.116651 -6.82841e-08
0.116741 -6.79877e-08
0.11683 -6.78211e-08
0.11692 -6.77919e-08
0.11701 -6.73766e-08
0.1171 -6.75111e-08
0.11719 -6.74958e-08
0.11728 -6.7556e-08
0.11737 -6.7352e-08
0.11746 -6.74335e-08
0.11755 -6.75328e-08
0.11764 -6.77091e-08
0.11773 -6.77918e-08
0.117819 -6.76128e-08
0.117909 -6.73025e-08
0.117999 -6.73088e-08
0.118089 -6.67307e-08
0.118179 -6.64382e-08
0.118269 -6.60578e-08
0.118359 -6.55747e-08
0.118449 -6.52909e-08
0.118539 -6.51457e-08
0.118629 -6.54379e-08
0.118718 -6.52614e-08
0.118808 -6.54982e-08
0.118898 -6.57139e-08
0.118988 -6.56403e-08
0.119078 -6.58343e-08
0.119168 -6.61664e-08
0.119258 -6.61925e-08
0.119348 -6.6387e-08
0.119438 -6.66983e-08
0.119528 -6.69436e-08
0.119617 -6.72297e-08
0.119707 -6.74366e-08
0.119797 -6.73088e-08
0.119887 -6.71995e-08
0.119977 -6.72161e-08
0.120067 -6.73856e-08
0.120157 -6.72939e-08
0.120247 -6.73742e-08
0.120337 -6.73767e-08
0.120427 -6.75242e-08
0.120517 -6.74514e-08
0.120606 -6.73177e-08
0.120696 -6.7368e-08
0.120786 -6.74278e-08
0.120876 -6.74015e-08
0.120966 -6.73177e-08
0.121056 -6.70313e-08
0.121146 -6.67164e-08
0.121236 -6.68728e-08
0.121326 -6.67061e-08
0.121416 -6.66382e-08
0.121505 -6.64671e-08
0.121595 -6.62412e-08
0.121685 -6.64203e-08
0.121775 -6.65799e-08
0.121865 -6.63709e-08
0.121955 -6.64455e-08
0.122045 -6.63539e-08
0.122135 -6.64029e-08
0.122225 -6.67026e-08
0.122315 -6.68182e-08
0.122405 -6.68601e-08
0.122494 -6.67974e-08
0.122584 -6.69752e-08
0.122674 -6.71161e-08
0.122764 -6.70949e-08
0.122854 -6.73111e-08
0.122944 -6.74603e-08
0.123034 -6.75101e-08
0.123124 -6.79736e-08
0.123214 -6.8187e-08
0.123304 -6.79849e-08
0.123393 -6.78657e-08
0.123483 -6.78713e-08
0.123573 -6.81231e-08
0.123663 -6.77139e-08
0.123753 -6.77377e-08
0.123843 -6.78656e-08
0.123933 -6.78649e-08
0.124023 -6.76126e-08
0.124113 -6.75242e-08
0.124203 -6.66408e-08
0.124293 -6.63081e-08
0.124382 -6.66855e-08
0.124472 -6.67407e-08
0.124562 -6.63513e-08
0.124652 -6.62684e-08
0.124742 -6.64808e-08
0.124832 -6.6296e-08
0.124922 -6.63214e-08
0.125012 -6.60027e-08
0.125102 -6.55643e-08
0.125192 -6.55406e-08
0.125281 -6.59328e-08
0.125371 -6.60573e-08
0.125461 -6.65328e-08
0.125551 -6.67382e-08
0.125641 -6.70442e-08
0.125731 -6.68042e-08
0.125821 -6.68296e-08
0.125911 -6.68515e-08
0.126001 -6.68695e-08
0.126091 -6.7996e-08
0.126181 -6.8358e-08
0.12627 -6.84163e-08
0.12636 -6.82536e-08
0.12645 -6.80853e-08
0.12654 -6.76815e-08
0.12663 -6.73008e-08
0.12672 -6.72459e-08
0.12681 -6.73547e-08
0.1269 -6.71275e-08
0.12699 -6.70907e-08
0.12708 -6.66438e-08
0.127169 -6.60477e-08
0.127259 -6.55573e-08
0.127349 -6.53317e-08
0.127439 -6.50913e-08
0.127529 -6.57593e-08
0.127619 -6.59388e-08
0.127709 -6.65913e-08
0.127799 -6.63588e-08
0.127889 -6.6282e-08
0.127979 -6.64108e-08
0.128068 -6.6397e-08
0.128158 -6.62728e-08
0.128248 -6.69416e-08
0.128338 -6.716e-08
0.128428 -6.67153e-08
0.128518 -6.6838e-08
0.128608 -6.70981e-08
0.128698 -6.63079e-08
0.128788 -6.43526e-08
0.128878 -6.31689e-08
0.128968 -6.23074e-08
0.129057 -6.14357e-08
0.129147 -6.03543e-08
0.129237 -5.94363e-08
0.129327 -5.78893e-08
0.129417 -5.85385e-08
0.129507 -5.79441e-08
0.129597 -5.75586e-08
0.129687 -5.665e-08
0.129777 -5.65868e-08
0.129867 -5.6883e-08
0.129956 -5.73306e-08
0.130046 -5.67726e-08
0.130136 -5.52256e-08
0.130226 -5.36124e-08
0.130316 -5.38369e-08
0.130406 -5.20513e-08
0.130496 -5.01292e-08
0.130586 -4.87862e-08
0.130676 -4.76976e-08
0.130766 -4.6814e-08
0.130856 -4.51161e-08
0.130945 -4.40915e-08
0.131035 -4.3242e-08
0.131125 -4.21296e-08
0.131215 -4.18039e-08
0.131305 -4.1402e-08
0.131395 -4.11542e-08
0.131485 -4.10765e-08
0.131575 -4.13864e-08
0.131665 -4.12668e-08
0.131755 -4.10625e-08
0.131844 -4.13815e-08
0.131934 -4.18799e-08
0.132024 -4.07728e-08
0.132114 -4.02945e-08
0.132204 -3.97388e-08
0.132294 -3.88011e-08
0.132384 -3.82176e-08
0.132474 -3.74569e-08
0.132564 -3.70306e-08
0.132654 -3.69026e-08
0.132744 -3.61021e-08
0.132833 -3.52399e-08
0.132923 -3.4864e-08
0.133013 -3.4414e-08
0.133103 -3.45683e-08
0.133193 -3.44851e-08
0.133283 -3.40749e-08
0.133373 -3.36391e-08
0.133463 -3.31886e-08
0.133553 -3.36059e-08
0.133643 -3.33087e-08
0.133732 -3.36093e-08
0.133822 -3.34412e-08
0.133912 -3.33382e-08
0.134002 -3.33068e-08
0.134092 -3.32757e-08
0.134182 -3.30218e-08
0.134272 -3.25685e-08
0.134362 -3.24066e-08
0.134452 -3.27605e-08
0.134542 -3.26052e-08
0.134631 -3.21345e-08
0.134721 -3.16746e-08
0.134811 -3.10124e-08
