-0.134811 3.56823e-07
-0.134721 3.55468e-07
-0.134631 3.53495e-07
-0.134542 3.48953e-07
-0.134452 3.41949e-07
-0.134362 3.36762e-07
-0.134272 3.3684e-07
-0.134182 3.36609e-07
-0.134092 3.37109e-07
-0.134002 3.37084e-07
-0.133912 3.38662e-07
-0.133822 3.43794e-07
-0.133732 2.37976e-07
-0.133642 2.42637e-07
-0.133553 2.46444e-07
-0.133463 2.4911e-07
-0.133373 2.51421e-07
-0.133283 2.52387e-07
-0.133193 2.53259e-07
-0.133103 2.54236e-07
-0.133013 2.54967e-07
-0.132923 2.55789e-07
-0.132833 2.55799e-07
-0.132743 2.566e-07
-0.132654 2.5689e-07
-0.132564 2.56095e-07
-0.132474 2.56161e-07
-0.132384 2.57809e-07
-0.132294 2.61481e-07
-0.132204 2.67026e-07
-0.132114 2.71952e-07
-0.132024 1.67027e-07
-0.131934 1.71613e-07
-0.131844 1.70841e-07
-0.131754 1.68916e-07
-0.131665 1.67033e-07
-0.131575 1.67194e-07
-0.131485 1.67564e-07
-0.131395 1.6542e-07
-0.131305 1.63458e-07
-0.131215 1.62599e-07
-0.131125 1.59412e-07
-0.131035 1.56523e-07
-0.130945 1.52312e-07
-0.130855 1.48084e-07
-0.130766 1.43726e-07
-0.130676 1.38593e-07
-0.130586 1.35392e-07
-0.130496 1.34102e-07
-0.130406 1.33103e-07
-0.130316 1.31792e-07
-0.130226 1.31474e-07
-0.130136 1.31486e-07
-0.130046 1.31765e-07
-0.129956 1.32747e-07
-0.129867 1.3342e-07
-0.129777 1.35343e-07
-0.129687 1.37522e-07
-0.129597 1.40408e-07
-0.129507 1.43197e-07
-0.129417 1.45058e-07
-0.129327 1.48681e-07
-0.129237 1.52347e-07
-0.129147 1.54641e-07
-0.129057 1.54806e-07
-0.128967 1.54465e-07
-0.128878 1.53134e-07
-0.128788 1.51642e-07
-0.128698 1.49775e-07
-0.128608 1.48438e-07
-0.128518 1.47596e-07
-0.128428 1.47618e-07
-0.128338 1.47496e-07
-0.128248 1.47595e-07
-0.128158 1.47623e-07
-0.128068 1.48467e-07
-0.127979 1.48148e-07
-0.127889 1.48481e-07
-0.127799 1.48545e-07
-0.127709 1.48508e-07
-0.127619 1.48727e-07
-0.127529 1.49426e-07
-0.127439 1.49605e-07
-0.127349 1.4809e-07
-0.127259 1.46107e-07
-0.127169 1.43602e-07
-0.127079 1.41105e-07
-0.12699 1.38223e-07
-0.1269 1.36099e-07
-0.12681 1.34829e-07
-0.12672 1.34195e-07
-0.12663 1.33236e-07
-0.12654 1.32231e-07
-0.12645 1.31256e-07
-0.12636 1.30721e-07
-0.12627 1.30045e-07
-0.12618 1.29477e-07
-0.126091 1.28521e-07
-0.126001 1.26796e-07
-0.125911 1.26057e-07
-0.125821 1.25123e-07
-0.125731 1.2319e-07
-0.125641 1.22029e-07
-0.125551 1.21319e-07
-0.125461 1.1965e-07
-0.125371 1.17813e-07
-0.125281 1.16553e-07
-0.125191 1.14999e-07
-0.125102 1.12527e-07
-0.125012 1.15258e-07
-0.124922 3.38755e-08
-0.124832 4.16467e-08
-0.124742 4.23887e-08
-0.124652 4.1945e-08
-0.124562 4.13701e-08
-0.124472 4.00956e-08
-0.124382 3.93891e-08
-0.124292 3.87489e-08
-0.124203 3.789e-08
-0.124113 3.69714e-08
-0.124023 3.635e-08
-0.123933 3.52887e-08
-0.123843 3.41383e-08
-0.123753 3.34746e-08
-0.123663 3.27859e-08
-0.123573 3.20282e-08
-0.123483 3.1303e-08
-0.123393 3.02356e-08
-0.123304 2.91533e-08
-0.123214 2.86004e-08
-0.123124 2.81218e-08
-0.123034 2.74455e-08
-0.122944 2.68731e-08
-0.122854 2.62989e-08
-0.122764 2.57187e-08
-0.122674 2.5261e-08
-0.122584 2.46472e-08
-0.122494 2.40842e-08
-0.122404 2.37618e-08
-0.122315 2.37925e-08
-0.122225 2.41618e-08
-0.122135 2.41063e-08
-0.122045 2.37174e-08
-0.121955 2.34456e-08
-0.121865 2.24391e-08
-0.121775 2.13425e-08
-0.121685 2.07754e-08
-0.121595 1.93216e-08
-0.121505 1.81053e-08
-0.121416 1.74012e-08
-0.121326 1.63426e-08
-0.121236 1.59246e-08
-0.121146 1.53194e-08
-0.121056 1.50824e-08
-0.120966 1.51799e-08
-0.120876 1.58807e-08
-0.120786 1.71118e-08
-0.120696 1.81877e-08
-0.120606 1.93075e-08
-0.120516 2.14953e-08
-0.120427 2.27043e-08
-0.120337 2.39694e-08
-0.120247 2.47098e-08
-0.120157 2.51088e-08
-0.120067 2.5504e-08
-0.119977 2.56071e-08
-0.119887 2.53783e-08
-0.119797 2.43064e-08
-0.119707 2.30147e-08
-0.119617 2.29045e-08
-0.119528 2.24382e-08
-0.119438 2.11536e-08
-0.119348 2.05631e-08
-0.119258 2.01763e-08
-0.119168 2.0232e-08
-0.119078 2.00634e-08
-0.118988 2.01101e-08
-0.118898 2.02506e-08
-0.118808 2.01367e-08
-0.118718 2.00816e-08
-0.118628 1.97517e-08
-0.118539 1.95477e-08
-0.118449 1.94124e-08
-0.118359 1.92295e-08
-0.118269 1.90493e-08
-0.118179 1.83843e-08
-0.118089 1.74321e-08
-0.117999 1.66693e-08
-0.117909 1.58801e-08
-0.117819 1.51956e-08
-0.117729 1.47401e-08
-0.11764 1.45073e-08
-0.11755 1.47091e-08
-0.11746 1.46267e-08
-0.11737 1.48863e-08
-0.11728 1.51744e-08
-0.11719 1.56197e-08
-0.1171 1.6108e-08
-0.11701 1.61864e-08
-0.11692 1.56858e-08
-0.11683 1.54526e-08
-0.116741 1.49363e-08
-0.116651 1.47042e-08
-0.116561 1.40707e-08
-0.116471 1.3288e-08
-0.116381 1.24991e-08
-0.116291 1.13008e-08
-0.116201 9.97227e-09
-0.116111 8.5072e-09
-0.116021 7.95779e-09
-0.115931 7.42348e-09
-0.115841 6.97346e-09
-0.115752 6.94207e-09
-0.115662 6.93046e-09
-0.115572 6.99193e-09
-0.115482 7.00881e-09
-0.115392 6.79112e-09
-0.115302 6.7804e-09
-0.115212 7.1376e-09
-0.115122 7.2687e-09
-0.115032 7.09948e-09
-0.114942 6.66614e-09
-0.114853 6.23161e-09
-0.114763 5.44161e-09
-0.114673 4.57236e-09
-0.114583 3.48027e-09
-0.114493 2.59432e-09
-0.114403 1.80985e-09
-0.114313 1.02277e-09
-0.114223 3.55043e-10
-0.114133 -4.66826e-10
-0.114043 -1.13767e-09
-0.113953 -1.39081e-09
-0.113864 -1.37476e-09
-0.113774 -8.77361e-10
-0.113684 -5.7074e-10
-0.113594 -3.01312e-10
-0.113504 -1.48506e-10
-0.113414 2.86679e-10
-0.113324 9.31589e-10
-0.113234 1.1938e-09
-0.113144 1.66484e-09
-0.113054 2.87022e-09
-0.112965 4.61033e-09
-0.112875 5.28752e-09
-0.112785 5.35048e-09
-0.112695 6.01299e-09
-0.112605 6.55631e-09
-0.112515 7.01844e-09
-0.112425 7.18358e-09
-0.112335 7.05548e-09
-0.112245 6.52998e-09
-0.112155 6.23825e-09
-0.112065 6.01895e-09
-0.111976 5.37643e-09
-0.111886 4.96012e-09
-0.111796 5.15791e-09
-0.111706 5.26944e-09
-0.111616 4.72592e-09
-0.111526 3.89023e-09
-0.111436 3.17961e-09
-0.111346 2.80329e-09
-0.111256 3.05328e-09
-0.111166 3.87867e-09
-0.111077 4.70019e-09
-0.110987 5.41678e-09
-0.110897 5.82837e-09
-0.110807 6.22757e-09
-0.110717 6.60495e-09
-0.110627 7.60677e-09
-0.110537 8.04036e-09
-0.110447 8.68912e-09
-0.110357 8.85276e-09
-0.110267 8.96908e-09
-0.110178 8.4532e-09
-0.110088 8.08414e-09
-0.109998 7.78787e-09
-0.109908 7.62519e-09
-0.109818 7.6419e-09
-0.109728 7.3336e-09
-0.109638 6.82219e-09
-0.109548 6.78292e-09
-0.109458 6.56036e-09
-0.109368 6.2793e-09
-0.109278 6.01759e-09
-0.109189 5.48891e-09
-0.109099 5.04875e-09
-0.109009 4.31296e-09
-0.108919 3.33579e-09
-0.108829 2.49135e-09
-0.108739 1.67744e-09
-0.108649 1.25135e-09
-0.108559 6.66791e-10
-0.108469 -6.6763e-11
-0.108379 -6.44803e-10
-0.10829 -1.35848e-09
-0.1082 -1.77906e-09
-0.10811 -2.29711e-09
-0.10802 -2.58473e-09
-0.10793 -3.04718e-09
-0.10784 -3.93967e-09
-0.10775 -4.62077e-09
-0.10766 -5.41099e-09
-0.10757 -5.9234e-09
-0.10748 -6.68957e-09
-0.10739 -7.26735e-09
-0.107301 -7.82938e-09
-0.107211 -8.05795e-09
-0.107121 -8.64736e-09
-0.107031 -9.64874e-09
-0.106941 -1.03886e-08
-0.106851 -1.0836e-08
-0.106761 -1.08293e-08
-0.106671 -1.12259e-08
-0.106581 -1.12804e-08
-0.106491 -1.15837e-08
-0.106402 -1.19138e-08
-0.106312 -1.21054e-08
-0.106222 -1.20994e-08
-0.106132 -1.23284e-08
-0.106042 -1.17012e-08
-0.105952 -1.04021e-08
-0.105862 -8.88044e-09
-0.105772 -6.797e-09
-0.105682 -5.23748e-09
-0.105592 -3.65461e-09
-0.105502 -2.38891e-09
-0.105413 -1.02408e-09
-0.105323 4.60741e-10
-0.105233 1.88575e-09
-0.105143 2.98716e-09
-0.105053 3.38788e-09
-0.104963 3.22179e-09
-0.104873 2.68974e-09
-0.104783 1.89595e-09
-0.104693 1.32076e-09
-0.104603 1.02906e-09
-0.104514 8.29796e-10
-0.104424 7.62582e-10
-0.104334 3.42554e-10
-0.104244 1.29173e-10
-0.104154 -2.32113e-10
-0.104064 -7.57746e-10
-0.103974 -1.17698e-09
-0.103884 -1.77907e-09
-0.103794 -2.40827e-09
-0.103704 -3.04066e-09
-0.103614 -3.86748e-09
-0.103525 -4.48826e-09
-0.103435 -4.98376e-09
-0.103345 -5.70868e-09
-0.103255 -6.55806e-09
-0.103165 -7.6745e-09
-0.103075 -8.57043e-09
-0.102985 -9.42362e-09
-0.102895 -9.87802e-09
-0.102805 -1.00252e-08
-0.102715 -9.95721e-09
-0.102626 -9.71456e-09
-0.102536 -9.51087e-09
-0.102446 -9.35537e-09
-0.102356 -9.33204e-09
-0.102266 -9.12431e-09
-0.102176 -8.5291e-09
-0.102086 -8.10069e-09
-0.101996 -7.59973e-09
-0.101906 -7.07366e-09
-0.101816 -6.86808e-09
-0.101727 -6.73767e-09
-0.101637 -6.59815e-09
-0.101547 -6.33521e-09
-0.101457 -6.16021e-09
-0.101367 -5.93002e-09
-0.101277 -5.71173e-09
-0.101187 -5.35693e-09
-0.101097 -5.01763e-09
-0.101007 -4.78878e-09
-0.100917 -4.62956e-09
-0.100827 -4.40661e-09
-0.100738 -4.2751e-09
-0.100648 -4.26778e-09
-0.100558 -4.25053e-09
-0.100468 -4.35013e-09
-0.100378 -4.51955e-09
-0.100288 -4.79444e-09
-0.100198 -5.13038e-09
-0.100108 -5.60106e-09
-0.100018 -6.17585e-09
-0.0999284 -6.56942e-09
-0.0998385 -6.98856e-09
-0.0997486 -7.30294e-09
-0.0996587 -7.53732e-09
-0.0995688 -7.7364e-09
-0.0994789 -8.09073e-09
-0.099389 -8.22827e-09
-0.0992991 -8.50869e-09
-0.0992092 -8.56782e-09
-0.0991193 -8.61325e-09
-0.0990294 -8.81631e-09
-0.0989395 -9.10453e-09
-0.0988496 -9.55008e-09
-0.0987597 -1.01737e-08
-0.0986698 -1.08505e-08
-0.0985799 -1.14382e-08
-0.09849 -1.20006e-08
-0.0984001 -1.27079e-08
-0.0983102 -1.3373e-08
-0.0982202 -1.3958e-08
-0.0981303 -1.4387e-08
-0.0980404 -1.47773e-08
-0.0979505 -1.49899e-08
-0.0978606 -1.51291e-08
-0.0977707 -1.53026e-08
-0.0976808 -1.54043e-08
-0.0975909 -1.55621e-08
-0.097501 -1.56444e-08
-0.0974111 -1.57228e-08
-0.0973212 -1.57091e-08
-0.0972313 -1.55841e-08
-0.0971414 -1.56111e-08
-0.0970515 -1.59401e-08
-0.0969616 -1.60878e-08
-0.0968717 -1.60707e-08
-0.0967818 -1.57875e-08
-0.0966919 -1.5362e-08
-0.096602 -1.50602e-08
-0.0965121 -1.45328e-08
-0.0964222 -1.42128e-08
-0.0963323 -1.37119e-08
-0.0962424 -1.33741e-08
-0.0961525 -1.30102e-08
-0.0960626 -1.24469e-08
-0.0959726 -1.16062e-08
-0.0958827 -1.08245e-08
-0.0957928 -1.03988e-08
-0.0957029 -9.86348e-09
-0.095613 -9.42949e-09
-0.0955231 -9.05665e-09
-0.0954332 -8.83068e-09
-0.0953433 -8.81323e-09
-0.0952534 -8.63984e-09
-0.0951635 -8.60448e-09
-0.0950736 -8.49821e-09
-0.0949837 -8.36222e-09
-0.0948938 -8.38451e-09
-0.0948039 -8.43491e-09
-0.094714 -8.49961e-09
-0.0946241 -8.63337e-09
-0.0945342 -8.54248e-09
-0.0944443 -8.5234e-09
-0.0943544 -8.37222e-09
-0.0942645 -8.0472e-09
-0.0941746 -7.77333e-09
-0.0940847 -7.54159e-09
-0.0939948 -7.4264e-09
-0.0939049 -7.4777e-09
-0.0938149 -7.45043e-09
-0.093725 -7.68628e-09
-0.0936351 -7.96641e-09
-0.0935452 -8.35857e-09
-0.0934553 -8.75081e-09
-0.0933654 -8.9922e-09
-0.0932755 -9.1274e-09
-0.0931856 -9.30305e-09
-0.0930957 -9.41711e-09
-0.0930058 -9.5232e-09
-0.0929159 -9.59672e-09
-0.092826 -9.75324e-09
-0.0927361 -9.80632e-09
-0.0926462 -9.89712e-09
-0.0925563 -1.00289e-08
-0.0924664 -1.01321e-08
-0.0923765 -1.02531e-08
-0.0922866 -1.04337e-08
-0.0921967 -1.06446e-08
-0.0921068 -1.10667e-08
-0.0920169 -1.14518e-08
-0.091927 -1.18166e-08
-0.0918371 -1.20417e-08
-0.0917472 -1.23559e-08
-0.0916572 -1.25486e-08
-0.0915673 -1.27044e-08
-0.0914774 -1.28879e-08
-0.0913875 -1.3102e-08
-0.0912976 -1.34046e-08
-0.0912077 -1.386e-08
-0.0911178 -1.4281e-08
-0.0910279 -1.46589e-08
-0.090938 -1.49564e-08
-0.0908481 -1.53873e-08
-0.0907582 -1.58109e-08
-0.0906683 -1.61714e-08
-0.0905784 -1.64839e-08
-0.0904885 -1.67583e-08
-0.0903986 -1.70901e-08
-0.0903087 -1.7388e-08
-0.0902188 -1.7723e-08
-0.0901289 -1.82017e-08
-0.090039 -1.85648e-08
-0.0899491 -1.88382e-08
-0.0898592 -1.90625e-08
-0.0897693 -1.91488e-08
-0.0896794 -1.9257e-08
-0.0895895 -1.94523e-08
-0.0894995 -1.98005e-08
-0.0894096 -2.0036e-08
-0.0893197 -2.03012e-08
-0.0892298 -2.04058e-08
-0.0891399 -2.05244e-08
-0.08905 -2.06666e-08
-0.0889601 -2.08134e-08
-0.0888702 -2.09302e-08
-0.0887803 -2.09561e-08
-0.0886904 -2.0843e-08
-0.0886005 -2.06338e-08
-0.0885106 -2.03513e-08
-0.0884207 -1.9931e-08
-0.0883308 -1.94192e-08
-0.0882409 -1.89357e-08
-0.088151 -1.84653e-08
-0.0880611 -1.79005e-08
-0.0879712 -1.7303e-08
-0.0878813 -1.6662e-08
-0.0877914 -1.62202e-08
-0.0877015 -1.60207e-08
-0.0876116 -1.59177e-08
-0.0875217 -1.57541e-08
-0.0874318 -1.55652e-08
-0.0873418 -1.5418e-08
-0.0872519 -1.52049e-08
-0.087162 -1.51004e-08
-0.0870721 -1.51848e-08
-0.0869822 -1.50028e-08
-0.0868923 -1.48156e-08
-0.0868024 -1.46324e-08
-0.0867125 -1.4427e-08
-0.0866226 -1.41712e-08
-0.0865327 -1.4074e-08
-0.0864428 -1.38695e-08
-0.0863529 -1.3809e-08
-0.086263 -1.37424e-08
-0.0861731 -1.36985e-08
-0.0860832 -1.36258e-08
-0.0859933 -1.35705e-08
-0.0859034 -1.35827e-08
-0.0858135 -1.37489e-08
-0.0857236 -1.38984e-08
-0.0856337 -1.41462e-08
-0.0855438 -1.42602e-08
-0.0854539 -1.42825e-08
-0.085364 -1.44788e-08
-0.0852741 -1.4577e-08
-0.0851841 -1.47866e-08
-0.0850942 -1.50423e-08
-0.0850043 -1.5088e-08
-0.0849144 -1.51573e-08
-0.0848245 -1.52243e-08
-0.0847346 -1.53088e-08
-0.0846447 -1.5401e-08
-0.0845548 -1.55421e-08
-0.0844649 -1.55536e-08
-0.084375 -1.56398e-08
-0.0842851 -1.55929e-08
-0.0841952 -1.55101e-08
-0.0841053 -1.54954e-08
-0.0840154 -1.56087e-08
-0.0839255 -1.57571e-08
-0.0838356 -1.60045e-08
-0.0837457 -1.61808e-08
-0.0836558 -1.62346e-08
-0.0835659 -1.63208e-08
-0.083476 -1.64092e-08
-0.0833861 -1.65487e-08
-0.0832962 -1.66123e-08
-0.0832063 -1.67938e-08
-0.0831164 -1.70084e-08
-0.0830264 -1.7269e-08
-0.0829365 -1.73979e-08
-0.0828466 -1.75659e-08
-0.0827567 -1.77314e-08
-0.0826668 -1.80023e-08
-0.0825769 -1.81508e-08
-0.082487 -1.82552e-08
-0.0823971 -1.84759e-08
-0.0823072 -1.87354e-08
-0.0822173 -1.90134e-08
-0.0821274 -1.93894e-08
-0.0820375 -1.97286e-08
-0.0819476 -1.99423e-08
-0.0818577 -2.00212e-08
-0.0817678 -1.98181e-08
-0.0816779 -1.97131e-08
-0.081588 -1.9774e-08
-0.0814981 -1.98373e-08
-0.0814082 -1.99434e-08
-0.0813183 -2.01633e-08
-0.0812284 -2.04449e-08
-0.0811385 -2.07354e-08
-0.0810486 -2.09302e-08
-0.0809587 -2.09743e-08
-0.0808687 -2.10014e-08
-0.0807788 -2.12291e-08
-0.0806889 -2.12923e-08
-0.080599 -2.13232e-08
-0.0805091 -2.13289e-08
-0.0804192 -2.12704e-08
-0.0803293 -2.11057e-08
-0.0802394 -2.06927e-08
-0.0801495 -2.02195e-08
-0.0800596 -1.96756e-08
-0.0799697 -1.90806e-08
-0.0798798 -1.8444e-08
-0.0797899 -1.78887e-08
-0.0797 -1.745e-08
-0.0796101 -1.70242e-08
-0.0795202 -1.64486e-08
-0.0794303 -1.58259e-08
-0.0793404 -1.52818e-08
-0.0792505 -1.45586e-08
-0.0791606 -1.38566e-08
-0.0790707 -1.31434e-08
-0.0789808 -1.25111e-08
-0.0788909 -1.19239e-08
-0.078801 -1.14503e-08
-0.078711 -1.07999e-08
-0.0786211 -1.02388e-08
-0.0785312 -9.74982e-09
-0.0784413 -9.09083e-09
-0.0783514 -8.60227e-09
-0.0782615 -8.29037e-09
-0.0781716 -8.21928e-09
-0.0780817 -8.29844e-09
-0.0779918 -8.25509e-09
-0.0779019 -8.07375e-09
-0.077812 -7.91793e-09
-0.0777221 -7.81581e-09
-0.0776322 -7.58128e-09
-0.0775423 -7.36122e-09
-0.0774524 -7.18637e-09
-0.0773625 -6.9629e-09
-0.0772726 -6.81254e-09
-0.0771827 -6.47135e-09
-0.0770928 -6.08002e-09
-0.0770029 -5.60857e-09
-0.076913 -5.26294e-09
-0.0768231 -4.86752e-09
-0.0767332 -4.5323e-09
-0.0766433 -4.24912e-09
-0.0765534 -4.12844e-09
-0.0764634 -4.02943e-09
-0.0763735 -3.90843e-09
-0.0762836 -3.81201e-09
-0.0761937 -3.65586e-09
-0.0761038 -3.53241e-09
-0.0760139 -3.50127e-09
-0.075924 -3.48795e-09
-0.0758341 -3.6416e-09
-0.0757442 -3.83057e-09
-0.0756543 -4.01052e-09
-0.0755644 -4.19587e-09
-0.0754745 -4.4175e-09
-0.0753846 -4.5514e-09
-0.0752947 -4.74785e-09
-0.0752048 -4.94809e-09
-0.0751149 -5.07555e-09
-0.075025 -5.33605e-09
-0.0749351 -5.66191e-09
-0.0748452 -6.08282e-09
-0.0747553 -6.4806e-09
-0.0746654 -6.84605e-09
-0.0745755 -7.23414e-09
-0.0744856 -7.70614e-09
-0.0743957 -8.1006e-09
-0.0743057 -8.49903e-09
-0.0742158 -8.89066e-09
-0.0741259 -9.18359e-09
-0.074036 -9.49373e-09
-0.0739461 -9.76176e-09
-0.0738562 -1.00294e-08
-0.0737663 -1.02515e-08
-0.0736764 -1.05057e-08
-0.0735865 -1.07419e-08
-0.0734966 -1.10406e-08
-0.0734067 -1.12382e-08
-0.0733168 -1.14403e-08
-0.0732269 -1.15693e-08
-0.073137 -1.16786e-08
-0.0730471 -1.17537e-08
-0.0729572 -1.1671e-08
-0.0728673 -1.15272e-08
-0.0727774 -1.12801e-08
-0.0726875 -1.10583e-08
-0.0725976 -1.08466e-08
-0.0725077 -1.05769e-08
-0.0724178 -1.02062e-08
-0.0723279 -9.75293e-09
-0.072238 -9.30973e-09
-0.072148 -8.78593e-09
-0.0720581 -8.31648e-09
-0.0719682 -7.85223e-09
-0.0718783 -7.40431e-09
-0.0717884 -6.93659e-09
-0.0716985 -6.32039e-09
-0.0716086 -5.67447e-09
-0.0715187 -5.00933e-09
-0.0714288 -4.28389e-09
-0.0713389 -3.56426e-09
-0.071249 -2.92141e-09
-0.0711591 -2.42738e-09
-0.0710692 -1.9881e-09
-0.0709793 -1.55769e-09
-0.0708894 -1.15741e-09
-0.0707995 -8.95767e-10
-0.0707096 -7.7413e-10
-0.0706197 -6.64986e-10
-0.0705298 -4.88107e-10
-0.0704399 -3.45957e-10
-0.07035 -2.03443e-10
-0.0702601 -2.05131e-11
-0.0701702 1.7046e-10
-0.0700803 2.74614e-10
-0.0699903 3.84624e-10
-0.0699004 5.21333e-10
-0.0698105 6.40759e-10
-0.0697206 8.32075e-10
-0.0696307 9.02081e-10
-0.0695408 1.02929e-09
-0.0694509 1.14606e-09
-0.069361 1.25282e-09
-0.0692711 1.41147e-09
-0.0691812 1.57096e-09
-0.0690913 1.7573e-09
-0.0690014 2.00485e-09
-0.0689115 2.27908e-09
-0.0688216 2.5617e-09
-0.0687317 2.80695e-09
-0.0686418 3.11009e-09
-0.0685519 3.38458e-09
-0.068462 3.70141e-09
-0.0683721 3.99254e-09
-0.0682822 4.29534e-09
-0.0681923 4.54615e-09
-0.0681024 4.70577e-09
-0.0680125 4.95804e-09
-0.0679226 5.24917e-09
-0.0678326 5.4759e-09
-0.0677427 5.67019e-09
-0.0676528 5.83652e-09
-0.0675629 6.04915e-09
-0.067473 6.20443e-09
-0.0673831 6.36797e-09
-0.0672932 6.5004e-09
-0.0672033 6.58598e-09
-0.0671134 6.55463e-09
-0.0670235 6.56296e-09
-0.0669336 6.63388e-09
-0.0668437 6.73201e-09
-0.0667538 6.82316e-09
-0.0666639 6.95062e-09
-0.066574 7.01275e-09
-0.0664841 7.05164e-09
-0.0663942 7.09365e-09
-0.0663043 7.14651e-09
-0.0662144 7.14514e-09
-0.0661245 7.11788e-09
-0.0660346 7.13671e-09
-0.0659447 7.19207e-09
-0.0658548 7.22279e-09
-0.0657649 7.31396e-09
-0.0656749 7.41115e-09
-0.065585 7.52983e-09
-0.0654951 7.65061e-09
-0.0654052 7.82014e-09
-0.0653153 8.01307e-09
-0.0652254 8.20932e-09
-0.0651355 8.39022e-09
-0.0650456 8.65106e-09
-0.0649557 8.95706e-09
-0.0648658 9.19454e-09
-0.0647759 9.45557e-09
-0.064686 9.75103e-09
-0.0645961 1.00334e-08
-0.0645062 1.03075e-08
-0.0644163 1.06208e-08
-0.0643264 1.09951e-08
-0.0642365 1.13957e-08
-0.0641466 1.17984e-08
-0.0640567 1.21735e-08
-0.0639668 1.2521e-08
-0.0638769 1.27723e-08
-0.063787 1.30217e-08
-0.0636971 1.32846e-08
-0.0636072 1.3518e-08
-0.0635172 1.37746e-08
-0.0634273 1.39963e-08
-0.0633374 1.42477e-08
-0.0632475 1.4386e-08
-0.0631576 1.45294e-08
-0.0630677 1.46962e-08
-0.0629778 1.48228e-08
-0.0628879 1.4909e-08
-0.062798 1.49613e-08
-0.0627081 1.49991e-08
-0.0626182 1.5061e-08
-0.0625283 1.51593e-08
-0.0624384 1.52663e-08
-0.0623485 1.53297e-08
-0.0622586 1.54013e-08
-0.0621687 1.54249e-08
-0.0620788 1.54569e-08
-0.0619889 1.54768e-08
-0.061899 1.54912e-08
-0.0618091 1.54873e-08
-0.0617192 1.54811e-08
-0.0616293 1.54306e-08
-0.0615394 1.54053e-08
-0.0614495 1.53826e-08
-0.0613595 1.53409e-08
-0.0612696 1.52568e-08
-0.0611797 1.51269e-08
-0.0610898 1.5005e-08
-0.0609999 1.48714e-08
-0.06091 1.47587e-08
-0.0608201 1.46504e-08
-0.0607302 1.45339e-08
-0.0606403 1.44155e-08
-0.0605504 1.42758e-08
-0.0604605 1.41648e-08
-0.0603706 1.40476e-08
-0.0602807 1.39282e-08
-0.0601908 1.37914e-08
-0.0601009 1.36525e-08
-0.060011 1.35229e-08
-0.0599211 1.34036e-08
-0.0598312 1.32952e-08
-0.0597413 1.31889e-08
-0.0596514 1.30615e-08
-0.0595615 1.29122e-08
-0.0594716 1.27752e-08
-0.0593817 1.26492e-08
-0.0592918 1.25238e-08
-0.0592018 1.242e-08
-0.0591119 1.23077e-08
-0.059022 1.22147e-08
-0.0589321 1.21479e-08
-0.0588422 1.20839e-08
-0.0587523 1.19816e-08
-0.0586624 1.18802e-08
-0.0585725 1.18026e-08
-0.0584826 1.17333e-08
-0.0583927 1.16729e-08
-0.0583028 1.16278e-08
-0.0582129 1.16214e-08
-0.058123 1.16003e-08
-0.0580331 1.15604e-08
-0.0579432 1.15632e-08
-0.0578533 1.15921e-08
-0.0577634 1.16254e-08
-0.0576735 1.16161e-08
-0.0575836 1.16142e-08
-0.0574937 1.16353e-08
-0.0574038 1.16592e-08
-0.0573139 1.16942e-08
-0.057224 1.17325e-08
-0.0571341 1.17814e-08
-0.0570442 1.17926e-08
-0.0569542 1.17739e-08
-0.0568643 1.17661e-08
-0.0567744 1.17868e-08
-0.0566845 1.1863e-08
-0.0565946 1.19034e-08
-0.0565047 1.19343e-08
-0.0564148 1.19477e-08
-0.0563249 1.197e-08
-0.056235 1.19834e-08
-0.0561451 1.1987e-08
-0.0560552 1.19651e-08
-0.0559653 1.19676e-08
-0.0558754 1.19344e-08
-0.0557855 1.18862e-08
-0.0556956 1.1851e-08
-0.0556057 1.18373e-08
-0.0555158 1.18617e-08
-0.0554259 1.188e-08
-0.055336 1.18686e-08
-0.0552461 1.18315e-08
-0.0551562 1.18227e-08
-0.0550663 1.17803e-08
-0.0549764 1.17135e-08
-0.0548865 1.16794e-08
-0.0547965 1.16444e-08
-0.0547066 1.16249e-08
-0.0546167 1.16117e-08
-0.0545268 1.16093e-08
-0.0544369 1.16477e-08
-0.054347 1.16847e-08
-0.0542571 1.16667e-08
-0.0541672 1.1668e-08
-0.0540773 1.16446e-08
-0.0539874 1.15942e-08
-0.0538975 1.15222e-08
-0.0538076 1.14637e-08
-0.0537177 1.1452e-08
-0.0536278 1.1442e-08
-0.0535379 1.14393e-08
-0.053448 1.14687e-08
-0.0533581 1.14926e-08
-0.0532682 1.15166e-08
-0.0531783 1.15729e-08
-0.0530884 1.1609e-08
-0.0529985 1.16757e-08
-0.0529086 1.17384e-08
-0.0528187 1.18187e-08
-0.0527288 1.18962e-08
-0.0526388 1.19772e-08
-0.0525489 1.21149e-08
-0.052459 1.22527e-08
-0.0523691 1.24328e-08
-0.0522792 1.25859e-08
-0.0521893 1.27993e-08
-0.0520994 1.30589e-08
-0.0520095 1.33332e-08
-0.0519196 1.36556e-08
-0.0518297 1.40043e-08
-0.0517398 1.44145e-08
-0.0516499 1.47418e-08
-0.05156 1.50849e-08
-0.0514701 1.55282e-08
-0.0513802 1.59343e-08
-0.0512903 1.63726e-08
-0.0512004 1.68561e-08
-0.0511105 1.73372e-08
-0.0510206 1.78022e-08
-0.0509307 1.82282e-08
-0.0508408 1.85889e-08
-0.0507509 1.89456e-08
-0.050661 1.9274e-08
-0.0505711 1.95542e-08
-0.0504811 1.98555e-08
-0.0503912 2.00932e-08
-0.0503013 2.03031e-08
-0.0502114 2.05147e-08
-0.0501215 2.07089e-08
-0.0500316 2.08451e-08
-0.0499417 2.09398e-08
-0.0498518 2.09709e-08
-0.0497619 2.09269e-08
-0.049672 2.08669e-08
-0.0495821 2.08198e-08
-0.0494922 2.07962e-08
-0.0494023 2.07805e-08
-0.0493124 2.07518e-08
-0.0492225 2.069e-08
-0.0491326 2.05762e-08
-0.0490427 2.04478e-08
-0.0489528 2.03358e-08
-0.0488629 2.01974e-08
-0.048773 2.00651e-08
-0.0486831 1.99237e-08
-0.0485932 1.97864e-08
-0.0485033 1.96498e-08
-0.0484134 1.95216e-08
-0.0483234 1.94068e-08
-0.0482335 1.92866e-08
-0.0481436 1.91381e-08
-0.0480537 1.89742e-08
-0.0479638 1.87855e-08
-0.0478739 1.86258e-08
-0.047784 1.84297e-08
-0.0476941 1.82558e-08
-0.0476042 1.80887e-08
-0.0475143 1.79104e-08
-0.0474244 1.77601e-08
-0.0473345 1.7618e-08
-0.0472446 1.74994e-08
-0.0471547 1.73934e-08
-0.0470648 1.72756e-08
-0.0469749 1.71751e-08
-0.046885 1.70862e-08
-0.0467951 1.70099e-08
-0.0467052 1.69221e-08
-0.0466153 1.68658e-08
-0.0465254 1.68055e-08
-0.0464355 1.67476e-08
-0.0463456 1.67118e-08
-0.0462557 1.66758e-08
-0.0461657 1.66835e-08
-0.0460758 1.67251e-08
-0.0459859 1.67406e-08
-0.045896 1.67758e-08
-0.0458061 1.68584e-08
-0.0457162 1.69473e-08
-0.0456263 1.70513e-08
-0.0455364 1.7183e-08
-0.0454465 1.73597e-08
-0.0453566 1.74888e-08
-0.0452667 1.76297e-08
-0.0451768 1.78036e-08
-0.0450869 1.79853e-08
-0.044997 1.81139e-08
-0.0449071 1.82488e-08
-0.0448172 1.83625e-08
-0.0447273 1.85058e-08
-0.0446374 1.86432e-08
-0.0445475 1.88004e-08
-0.0444576 1.89825e-08
-0.0443677 1.91746e-08
-0.0442778 1.93648e-08
-0.0441879 1.95965e-08
-0.044098 1.98462e-08
-0.044008 2.00377e-08
-0.0439181 2.01718e-08
-0.0438282 2.02969e-08
-0.0437383 2.03835e-08
-0.0436484 2.04863e-08
-0.0435585 2.05833e-08
-0.0434686 2.0732e-08
-0.0433787 2.08632e-08
-0.0432888 2.09996e-08
-0.0431989 2.11776e-08
-0.043109 2.13914e-08
-0.0430191 2.15765e-08
-0.0429292 2.17184e-08
-0.0428393 2.18205e-08
-0.0427494 2.18791e-08
-0.0426595 2.19582e-08
-0.0425696 2.20406e-08
-0.0424797 2.21541e-08
-0.0423898 2.2274e-08
-0.0422999 2.2387e-08
-0.04221 2.24934e-08
-0.0421201 2.26167e-08
-0.0420302 2.27592e-08
-0.0419403 2.29333e-08
-0.0418503 2.31144e-08
-0.0417604 2.3293e-08
-0.0416705 2.34617e-08
-0.0415806 2.36354e-08
-0.0414907 2.37957e-08
-0.0414008 2.3967e-08
-0.0413109 2.40952e-08
-0.041221 2.42026e-08
-0.0411311 2.43087e-08
-0.0410412 2.44253e-08
-0.0409513 2.45625e-08
-0.0408614 2.47218e-08
-0.0407715 2.4905e-08
-0.0406816 2.50404e-08
-0.0405917 2.51709e-08
-0.0405018 2.53095e-08
-0.0404119 2.5405e-08
-0.040322 2.54906e-08
-0.0402321 2.55292e-08
-0.0401422 2.55624e-08
-0.0400523 2.56293e-08
-0.0399624 2.56745e-08
-0.0398725 2.57249e-08
-0.0397826 2.58195e-08
-0.0396927 2.59253e-08
-0.0396027 2.60202e-08
-0.0395128 2.61463e-08
-0.0394229 2.6246e-08
-0.039333 2.63364e-08
-0.0392431 2.64137e-08
-0.0391532 2.64922e-08
-0.0390633 2.65269e-08
-0.0389734 2.65436e-08
-0.0388835 2.65574e-08
-0.0387936 2.65854e-08
-0.0387037 2.66237e-08
-0.0386138 2.66929e-08
-0.0385239 2.67478e-08
-0.038434 2.67993e-08
-0.0383441 2.68421e-08
-0.0382542 2.69003e-08
-0.0381643 2.69776e-08
-0.0380744 2.70422e-08
-0.0379845 2.70744e-08
-0.0378946 2.71068e-08
-0.0378047 2.7139e-08
-0.0377148 2.71667e-08
-0.0376249 2.72048e-08
-0.037535 2.72434e-08
-0.037445 2.72787e-08
-0.0373551 2.73144e-08
-0.0372652 2.73396e-08
-0.0371753 2.73931e-08
-0.0370854 2.74672e-08
-0.0369955 2.75023e-08
-0.0369056 2.75422e-08
-0.0368157 2.75868e-08
-0.0367258 2.76203e-08
-0.0366359 2.76582e-08
-0.036546 2.76908e-08
-0.0364561 2.76992e-08
-0.0363662 2.7719e-08
-0.0362763 2.77492e-08
-0.0361864 2.78018e-08
-0.0360965 2.78763e-08
-0.0360066 2.7959e-08
-0.0359167 2.80011e-08
-0.0358268 2.80389e-08
-0.0357369 2.80901e-08
-0.035647 2.81449e-08
-0.0355571 2.81927e-08
-0.0354672 2.8227e-08
-0.0353773 2.82564e-08
-0.0352873 2.82881e-08
-0.0351974 2.83363e-08
-0.0351075 2.83905e-08
-0.0350176 2.84436e-08
-0.0349277 2.84855e-08
-0.0348378 2.85121e-08
-0.0347479 2.85465e-08
-0.034658 2.85904e-08
-0.0345681 2.86452e-08
-0.0344782 2.86907e-08
-0.0343883 2.87074e-08
-0.0342984 2.8725e-08
-0.0342085 2.87397e-08
-0.0341186 2.87615e-08
-0.0340287 2.87785e-08
-0.0339388 2.87819e-08
-0.0338489 2.87692e-08
-0.033759 2.8747e-08
-0.0336691 2.87317e-08
-0.0335792 2.87217e-08
-0.0334893 2.87137e-08
-0.0333994 2.87018e-08
-0.0333095 2.86721e-08
-0.0332196 2.86374e-08
-0.0331296 2.8597e-08
-0.0330397 2.85613e-08
-0.0329498 2.85052e-08
-0.0328599 2.84347e-08
-0.03277 2.83605e-08
-0.0326801 2.82862e-08
-0.0325902 2.82159e-08
-0.0325003 2.81335e-08
-0.0324104 2.80516e-08
-0.0323205 2.79831e-08
-0.0322306 2.79144e-08
-0.0321407 2.78509e-08
-0.0320508 2.77919e-08
-0.0319609 2.77209e-08
-0.031871 2.76388e-08
-0.0317811 2.75392e-08
-0.0316912 2.7446e-08
-0.0316013 2.73611e-08
-0.0315114 2.72629e-08
-0.0314215 2.71557e-08
-0.0313316 2.70592e-08
-0.0312417 2.69519e-08
-0.0311518 2.68532e-08
-0.0310619 2.67615e-08
-0.0309719 2.66628e-08
-0.030882 2.65575e-08
-0.0307921 2.64446e-08
-0.0307022 2.63325e-08
-0.0306123 2.62263e-08
-0.0305224 2.61258e-08
-0.0304325 2.60144e-08
-0.0303426 2.59102e-08
-0.0302527 2.58163e-08
-0.0301628 2.57117e-08
-0.0300729 2.5596e-08
-0.029983 2.54803e-08
-0.0298931 2.53504e-08
-0.0298032 2.52141e-08
-0.0297133 2.50733e-08
-0.0296234 2.4936e-08
-0.0295335 2.48096e-08
-0.0294436 2.46725e-08
-0.0293537 2.45331e-08
-0.0292638 2.44141e-08
-0.0291739 2.42942e-08
-0.029084 2.41665e-08
-0.0289941 2.40327e-08
-0.0289042 2.38982e-08
-0.0288142 2.37485e-08
-0.0287243 2.36082e-08
-0.0286344 2.34691e-08
-0.0285445 2.33371e-08
-0.0284546 2.32027e-08
-0.0283647 2.30544e-08
-0.0282748 2.29123e-08
-0.0281849 2.27838e-08
-0.028095 2.26392e-08
-0.0280051 2.24973e-08
-0.0279152 2.23503e-08
-0.0278253 2.21908e-08
-0.0277354 2.20394e-08
-0.0276455 2.18934e-08
-0.0275556 2.17563e-08
-0.0274657 2.16106e-08
-0.0273758 2.14606e-08
-0.0272859 2.13037e-08
-0.027196 2.11628e-08
-0.0271061 2.10255e-08
-0.0270162 2.08754e-08
-0.0269263 2.0716e-08
-0.0268364 2.05324e-08
-0.0267465 2.034e-08
-0.0266565 2.01614e-08
-0.0265666 1.99767e-08
-0.0264767 1.97686e-08
-0.0263868 1.95528e-08
-0.0262969 1.93272e-08
-0.026207 1.91046e-08
-0.0261171 1.89085e-08
-0.0260272 1.86925e-08
-0.0259373 1.84691e-08
-0.0258474 1.82536e-08
-0.0257575 1.80044e-08
-0.0256676 1.77562e-08
-0.0255777 1.7518e-08
-0.0254878 1.72928e-08
-0.0253979 1.70292e-08
-0.025308 1.67572e-08
-0.0252181 1.64868e-08
-0.0251282 1.62256e-08
-0.0250383 1.59766e-08
-0.0249484 1.57272e-08
-0.0248585 1.54747e-08
-0.0247686 1.52331e-08
-0.0246787 1.4974e-08
-0.0245888 1.47107e-08
-0.0244988 1.44719e-08
-0.0244089 1.42254e-08
-0.024319 1.39682e-08
-0.0242291 1.37197e-08
-0.0241392 1.34796e-08
-0.0240493 1.32574e-08
-0.0239594 1.30434e-08
-0.0238695 1.28226e-08
-0.0237796 1.26308e-08
-0.0236897 1.2451e-08
-0.0235998 1.22595e-08
-0.0235099 1.20768e-08
-0.02342 1.19342e-08
-0.0233301 1.18054e-08
-0.0232402 1.16619e-08
-0.0231503 1.15167e-08
-0.0230604 1.1385e-08
-0.0229705 1.12669e-08
-0.0228806 1.11534e-08
-0.0227907 1.1043e-08
-0.0227008 1.09405e-08
-0.0226109 1.08454e-08
-0.022521 1.07467e-08
-0.0224311 1.06717e-08
-0.0223411 1.06236e-08
-0.0222512 1.05735e-08
-0.0221613 1.05107e-08
-0.0220714 1.04439e-08
-0.0219815 1.0387e-08
-0.0218916 1.03326e-08
-0.0218017 1.02831e-08
-0.0217118 1.02375e-08
-0.0216219 1.01956e-08
-0.021532 1.01629e-08
-0.0214421 1.01336e-08
-0.0213522 1.01269e-08
-0.0212623 1.01246e-08
-0.0211724 1.01151e-08
-0.0210825 1.00822e-08
-0.0209926 1.00398e-08
-0.0209027 9.98982e-09
-0.0208128 9.94315e-09
-0.0207229 9.89651e-09
-0.020633 9.85642e-09
-0.0205431 9.81296e-09
-0.0204532 9.78294e-09
-0.0203633 9.76015e-09
-0.0202734 9.74384e-09
-0.0201835 9.728e-09
-0.0200935 9.69815e-09
-0.0200036 9.64064e-09
-0.0199137 9.5735e-09
-0.0198238 9.48327e-09
-0.0197339 9.41231e-09
-0.019644 9.34963e-09
-0.0195541 9.25963e-09
-0.0194642 9.17358e-09
-0.0193743 9.10217e-09
-0.0192844 9.05203e-09
-0.0191945 8.96603e-09
-0.0191046 8.86885e-09
-0.0190147 8.77118e-09
-0.0189248 8.64782e-09
-0.0188349 8.50069e-09
-0.018745 8.32308e-09
-0.0186551 8.16156e-09
-0.0185652 7.98014e-09
-0.0184753 7.79398e-09
-0.0183854 7.60862e-09
-0.0182955 7.45691e-09
-0.0182056 7.3153e-09
-0.0181157 7.16312e-09
-0.0180258 7.00106e-09
-0.0179358 6.82695e-09
-0.0178459 6.6458e-09
-0.017756 6.4379e-09
-0.0176661 6.21297e-09
-0.0175762 6.01582e-09
-0.0174863 5.78208e-09
-0.0173964 5.54306e-09
-0.0173065 5.31164e-09
-0.0172166 5.10581e-09
-0.0171267 4.90596e-09
-0.0170368 4.66554e-09
-0.0169469 4.432e-09
-0.016857 4.1909e-09
-0.0167671 3.96033e-09
-0.0166772 3.70932e-09
-0.0165873 3.45025e-09
-0.0164974 3.18984e-09
-0.0164075 2.9414e-09
-0.0163176 2.68797e-09
-0.0162277 2.44402e-09
-0.0161378 2.21091e-09
-0.0160479 1.98293e-09
-0.015958 1.75183e-09
-0.0158681 1.49437e-09
-0.0157781 1.23127e-09
-0.0156882 9.75991e-10
-0.0155983 7.01614e-10
-0.0155084 4.26536e-10
-0.0154185 1.43816e-10
-0.0153286 -1.54632e-10
-0.0152387 -4.49132e-10
-0.0151488 -7.29677e-10
-0.0150589 -9.94687e-10
-0.014969 -1.26041e-09
-0.0148791 -1.51375e-09
-0.0147892 -1.78388e-09
-0.0146993 -2.06111e-09
-0.0146094 -2.33539e-09
-0.0145195 -2.60384e-09
-0.0144296 -2.89594e-09
-0.0143397 -3.18895e-09
-0.0142498 -3.48598e-09
-0.0141599 -3.76589e-09
-0.01407 -4.02068e-09
-0.0139801 -4.25765e-09
-0.0138902 -4.47358e-09
-0.0138003 -4.69512e-09
-0.0137104 -4.92956e-09
-0.0136204 -5.1662e-09
-0.0135305 -5.39019e-09
-0.0134406 -5.59911e-09
-0.0133507 -5.79958e-09
-0.0132608 -6.0047e-09
-0.0131709 -6.22188e-09
-0.013081 -6.41558e-09
-0.0129911 -6.58035e-09
-0.0129012 -6.72747e-09
-0.0128113 -6.87437e-09
-0.0127214 -7.00672e-09
-0.0126315 -7.14131e-09
-0.0125416 -7.26494e-09
-0.0124517 -7.37704e-09
-0.0123618 -7.47827e-09
-0.0122719 -7.58043e-09
-0.012182 -7.6919e-09
-0.0120921 -7.8183e-09
-0.0120022 -7.92253e-09
-0.0119123 -7.98747e-09
-0.0118224 -8.04537e-09
-0.0117325 -8.10145e-09
-0.0116426 -8.15965e-09
-0.0115527 -8.21034e-09
-0.0114627 -8.24503e-09
-0.0113728 -8.26027e-09
-0.0112829 -8.25847e-09
-0.011193 -8.2616e-09
-0.0111031 -8.27571e-09
-0.0110132 -8.31377e-09
-0.0109233 -8.32548e-09
-0.0108334 -8.31562e-09
-0.0107435 -8.31071e-09
-0.0106536 -8.30332e-09
-0.0105637 -8.29362e-09
-0.0104738 -8.2846e-09
-0.0103839 -8.25577e-09
-0.010294 -8.19107e-09
-0.0102041 -8.11387e-09
-0.0101142 -8.0458e-09
-0.0100243 -7.98486e-09
-0.00993438 -7.93525e-09
-0.00984447 -7.87336e-09
-0.00975457 -7.80506e-09
-0.00966466 -7.75828e-09
-0.00957476 -7.70832e-09
-0.00948486 -7.64858e-09
-0.00939495 -7.58017e-09
-0.00930505 -7.4843e-09
-0.00921514 -7.36554e-09
-0.00912524 -7.25107e-09
-0.00903534 -7.15877e-09
-0.00894543 -7.05328e-09
-0.00885553 -6.94742e-09
-0.00876562 -6.83448e-09
-0.00867572 -6.71092e-09
-0.00858582 -6.59948e-09
-0.00849591 -6.48504e-09
-0.00840601 -6.35984e-09
-0.0083161 -6.22164e-09
-0.0082262 -6.08556e-09
-0.00813629 -5.92814e-09
-0.00804639 -5.79107e-09
-0.00795649 -5.67957e-09
-0.00786658 -5.54869e-09
-0.00777668 -5.42639e-09
-0.00768677 -5.27499e-09
-0.00759687 -5.12612e-09
-0.00750697 -4.9609e-09
-0.00741706 -4.79617e-09
-0.00732716 -4.62864e-09
-0.00723725 -4.46364e-09
-0.00714735 -4.31052e-09
-0.00705744 -4.17601e-09
-0.00696754 -4.04976e-09
-0.00687764 -3.92327e-09
-0.00678773 -3.80278e-09
-0.00669783 -3.67922e-09
-0.00660792 -3.53659e-09
-0.00651802 -3.39625e-09
-0.00642812 -3.25533e-09
-0.00633821 -3.12215e-09
-0.00624831 -2.99276e-09
-0.0061584 -2.86096e-09
-0.0060685 -2.75377e-09
-0.00597859 -2.65794e-09
-0.00588869 -2.58529e-09
-0.00579879 -2.50172e-09
-0.00570888 -2.44194e-09
-0.00561898 -2.3675e-09
-0.00552907 -2.30243e-09
-0.00543917 -2.23745e-09
-0.00534927 -2.14718e-09
-0.00525936 -2.08269e-09
-0.00516946 -2.02184e-09
-0.00507955 -1.96405e-09
-0.00498965 -1.93924e-09
-0.00489975 -1.93375e-09
-0.00480984 -1.92455e-09
-0.00471994 -1.92743e-09
-0.00463003 -1.94397e-09
-0.00454013 -1.95488e-09
-0.00445022 -1.9301e-09
-0.00436032 -1.90954e-09
-0.00427042 -1.89729e-09
-0.00418051 -1.89034e-09
-0.00409061 -1.88898e-09
-0.0040007 -1.89738e-09
-0.0039108 -1.89663e-09
-0.0038209 -1.90505e-09
-0.00373099 -1.91072e-09
-0.00364109 -1.92131e-09
-0.00355118 -1.95261e-09
-0.00346128 -1.96714e-09
-0.00337137 -1.96607e-09
-0.00328147 -1.97001e-09
-0.00319157 -1.97305e-09
-0.00310166 -1.96267e-09
-0.00301176 -1.96348e-09
-0.00292185 -1.97271e-09
-0.00283195 -1.97926e-09
-0.00274205 -1.95889e-09
-0.00265214 -1.93818e-09
-0.00256224 -1.92482e-09
-0.00247233 -1.93546e-09
-0.00238243 -1.92662e-09
-0.00229252 -1.8817e-09
-0.00220262 -1.86e-09
-0.00211272 -1.82932e-09
-0.00202281 -1.79734e-09
-0.00193291 -1.77535e-09
-0.001843 -1.74035e-09
-0.0017531 -1.69577e-09
-0.0016632 -1.66688e-09
-0.00157329 -1.62446e-09
-0.00148339 -1.59103e-09
-0.00139348 -1.55216e-09
-0.00130358 -1.50759e-09
-0.00121368 -1.43514e-09
-0.00112377 -1.35402e-09
-0.00103387 -1.2746e-09
-0.000943963 -1.1941e-09
-0.000854059 -1.1103e-09
-0.000764154 -1.02999e-09
-0.00067425 -9.4713e-10
-0.000584346 -8.57297e-10
-0.000494442 -7.51634e-10
-0.000404538 -6.42634e-10
-0.000314634 -5.18092e-10
-0.00022473 -3.84683e-10
-0.000134825 -2.54621e-10
-4.49212e-05 -1.26241e-10
4.49829e-05 0
0.000134887 1.33148e-10
0.000224791 2.77097e-10
0.000314695 4.32434e-10
0.0004046 5.74005e-10
0.000494504 7.22729e-10
0.000584408 8.72928e-10
0.000674312 1.04531e-09
0.000764216 1.2219e-09
0.00085412 1.36785e-09
0.000944024 1.51893e-09
0.00103393 1.65989e-09
0.00112383 1.8026e-09
0.00121374 1.95427e-09
0.00130364 2.10245e-09
0.00139355 2.23186e-09
0.00148345 2.3757e-09
0.00157335 2.49842e-09
0.00166326 2.62713e-09
0.00175316 2.77702e-09
0.00184307 2.9279e-09
0.00193297 3.055e-09
0.00202287 3.16654e-09
0.00211278 3.27243e-09
0.00220268 3.38022e-09
0.00229259 3.48845e-09
0.00238249 3.5934e-09
0.00247239 3.69158e-09
0.0025623 3.78812e-09
0.0026522 3.86821e-09
0.00274211 3.957e-09
0.00283201 4.05499e-09
0.00292192 4.13738e-09
0.00301182 4.21365e-09
0.00310172 4.28073e-09
0.00319163 4.35041e-09
0.00328153 4.40354e-09
0.00337144 4.4633e-09
0.00346134 4.49716e-09
0.00355124 4.54133e-09
0.00364115 4.5749e-09
0.00373105 4.61012e-09
0.00382096 4.65335e-09
0.00391086 4.69826e-09
0.00400077 4.76494e-09
0.00409067 4.80911e-09
0.00418057 4.86415e-09
0.00427048 4.92023e-09
0.00436038 4.96631e-09
0.00445029 5.0237e-09
0.00454019 5.06342e-09
0.00463009 5.08085e-09
0.00472 5.09636e-09
0.0048099 5.12573e-09
0.00489981 5.15295e-09
0.00498971 5.18721e-09
0.00507962 5.2281e-09
0.00516952 5.27312e-09
0.00525942 5.32299e-09
0.00534933 5.36811e-09
0.00543923 5.4177e-09
0.00552914 5.46491e-09
0.00561904 5.49357e-09
0.00570894 5.52893e-09
0.00579885 5.57029e-09
0.00588875 5.61805e-09
0.00597866 5.65741e-09
0.00606856 5.7166e-09
0.00615846 5.76178e-09
0.00624837 5.79838e-09
0.00633827 5.82962e-09
0.00642818 5.85121e-09
0.00651808 5.87886e-09
0.00660799 5.92791e-09
0.00669789 5.96788e-09
0.00678779 6.0157e-09
0.0068777 6.06028e-09
0.0069676 6.09711e-09
0.00705751 6.12435e-09
0.00714741 6.13826e-09
0.00723731 6.14343e-09
0.00732722 6.1493e-09
0.00741712 6.14814e-09
0.00750703 6.1497e-09
0.00759693 6.16334e-09
0.00768684 6.19204e-09
0.00777674 6.2428e-09
0.00786664 6.28852e-09
0.00795655 6.32269e-09
0.00804645 6.34471e-09
0.00813636 6.3753e-09
0.00822626 6.39266e-09
0.00831616 6.39383e-09
0.00840607 6.40611e-09
0.00849597 6.41245e-09
0.00858588 6.4278e-09
0.00867578 6.45192e-09
0.00876569 6.49939e-09
0.00885559 6.55177e-09
0.00894549 6.60425e-09
0.0090354 6.64379e-09
0.0091253 6.69503e-09
0.00921521 6.74676e-09
0.00930511 6.79475e-09
0.00939501 6.85371e-09
0.00948492 6.90986e-09
0.00957482 6.96286e-09
0.00966473 7.01768e-09
0.00975463 7.05051e-09
0.00984453 7.10272e-09
0.00993444 7.17129e-09
0.0100243 7.24204e-09
0.0101142 7.30561e-09
0.0102042 7.37201e-09
0.0102941 7.45419e-09
0.010384 7.52571e-09
0.0104739 7.59959e-09
0.0105638 7.65978e-09
0.0106537 7.71097e-09
0.0107436 7.76081e-09
0.0108335 7.81272e-09
0.0109234 7.85843e-09
0.0110133 7.9135e-09
0.0111032 7.96395e-09
0.0111931 7.99326e-09
0.011283 8.02671e-09
0.0113729 8.0656e-09
0.0114628 8.10116e-09
0.0115527 8.13221e-09
0.0116426 8.14742e-09
0.0117325 8.14896e-09
0.0118224 8.16309e-09
0.0119123 8.18293e-09
0.0120022 8.20285e-09
0.0120921 8.21179e-09
0.012182 8.2042e-09
0.0122719 8.16775e-09
0.0123619 8.15398e-09
0.0124518 8.13913e-09
0.0125417 8.13137e-09
0.0126316 8.12487e-09
0.0127215 8.10328e-09
0.0128114 8.07579e-09
0.0129013 8.06277e-09
0.0129912 8.06214e-09
0.0130811 8.06361e-09
0.013171 8.05793e-09
0.0132609 8.03275e-09
0.0133508 7.99632e-09
0.0134407 7.96657e-09
0.0135306 7.94298e-09
0.0136205 7.92949e-09
0.0137104 7.91139e-09
0.0138003 7.89182e-09
0.0138902 7.87465e-09
0.0139801 7.85772e-09
0.01407 7.85313e-09
0.0141599 7.84925e-09
0.0142498 7.83932e-09
0.0143397 7.83907e-09
0.0144296 7.8285e-09
0.0145196 7.8204e-09
0.0146095 7.81653e-09
0.0146994 7.81107e-09
0.0147893 7.80298e-09
0.0148792 7.81144e-09
0.0149691 7.83202e-09
0.015059 7.84043e-09
0.0151489 7.85823e-09
0.0152388 7.86923e-09
0.0153287 7.88054e-09
0.0154186 7.90995e-09
0.0155085 7.94365e-09
0.0155984 7.97767e-09
0.0156883 8.01432e-09
0.0157782 8.04774e-09
0.0158681 8.07423e-09
0.015958 8.11193e-09
0.0160479 8.1606e-09
0.0161378 8.20159e-09
0.0162277 8.23411e-09
0.0163176 8.25756e-09
0.0164075 8.28156e-09
0.0164974 8.31959e-09
0.0165873 8.35321e-09
0.0166773 8.39387e-09
0.0167672 8.44975e-09
0.0168571 8.50682e-09
0.016947 8.5678e-09
0.0170369 8.62951e-09
0.0171268 8.69052e-09
0.0172167 8.74934e-09
0.0173066 8.80546e-09
0.0173965 8.85331e-09
0.0174864 8.894e-09
0.0175763 8.92548e-09
0.0176662 8.95282e-09
0.0177561 8.96947e-09
0.017846 8.99309e-09
0.0179359 9.03521e-09
0.0180258 9.09857e-09
0.0181157 9.19094e-09
0.0182056 9.28627e-09
0.0182955 9.3401e-09
0.0183854 9.41008e-09
0.0184753 9.46076e-09
0.0185652 9.50675e-09
0.0186551 9.52446e-09
0.018745 9.52172e-09
0.0188349 9.53609e-09
0.0189249 9.54616e-09
0.0190148 9.57986e-09
0.0191047 9.65392e-09
0.0191946 9.7381e-09
0.0192845 9.78533e-09
0.0193744 9.82476e-09
0.0194643 9.85843e-09
0.0195542 9.87058e-09
0.0196441 9.86329e-09
0.019734 9.84884e-09
0.0198239 9.81807e-09
0.0199138 9.78266e-09
0.0200037 9.73233e-09
0.0200936 9.71189e-09
0.0201835 9.71361e-09
0.0202734 9.71503e-09
0.0203633 9.70048e-09
0.0204532 9.67675e-09
0.0205431 9.64562e-09
0.020633 9.59487e-09
0.0207229 9.52536e-09
0.0208128 9.45221e-09
0.0209027 9.37931e-09
0.0209926 9.2925e-09
0.0210826 9.20123e-09
0.0211725 9.12767e-09
0.0212624 9.04667e-09
0.0213523 8.95916e-09
0.0214422 8.89786e-09
0.0215321 8.80869e-09
0.021622 8.72657e-09
0.0217119 8.65874e-09
0.0218018 8.61024e-09
0.0218917 8.56677e-09
0.0219816 8.4965e-09
0.0220715 8.43015e-09
0.0221614 8.36918e-09
0.0222513 8.29192e-09
0.0223412 8.19869e-09
0.0224311 8.13724e-09
0.022521 8.0796e-09
0.0226109 8.04039e-09
0.0227008 8.00606e-09
0.0227907 7.99985e-09
0.0228806 7.99938e-09
0.0229705 7.97088e-09
0.0230604 7.9174e-09
0.0231503 7.85997e-09
0.0232403 7.80253e-09
0.0233302 7.71182e-09
0.0234201 7.63442e-09
0.02351 7.56821e-09
0.0235999 7.50559e-09
0.0236898 7.4533e-09
0.0237797 7.40856e-09
0.0238696 7.38884e-09
0.0239595 7.33771e-09
0.0240494 7.29642e-09
0.0241393 7.26084e-09
0.0242292 7.21924e-09
0.0243191 7.18719e-09
0.024409 7.16876e-09
0.0244989 7.11996e-09
0.0245888 7.09102e-09
0.0246787 7.07454e-09
0.0247686 7.02926e-09
0.0248585 7.01905e-09
0.0249484 7.03903e-09
0.0250383 7.09121e-09
0.0251282 7.12849e-09
0.0252181 7.1828e-09
0.025308 7.23101e-09
0.025398 7.28831e-09
0.0254879 7.37038e-09
0.0255778 7.43724e-09
0.0256677 7.51631e-09
0.0257576 7.60559e-09
0.0258475 7.68074e-09
0.0259374 7.80499e-09
0.0260273 7.93691e-09
0.0261172 8.09429e-09
0.0262071 8.26436e-09
0.026297 8.4373e-09
0.0263869 8.59513e-09
0.0264768 8.76786e-09
0.0265667 8.95092e-09
0.0266566 9.14037e-09
0.0267465 9.35095e-09
0.0268364 9.57817e-09
0.0269263 9.81311e-09
0.0270162 1.0063e-08
0.0271061 1.03183e-08
0.027196 1.05725e-08
0.0272859 1.08309e-08
0.0273758 1.1072e-08
0.0274657 1.12945e-08
0.0275557 1.15286e-08
0.0276456 1.17862e-08
0.0277355 1.20312e-08
0.0278254 1.229e-08
0.0279153 1.25594e-08
0.0280052 1.28233e-08
0.0280951 1.30941e-08
0.028185 1.33404e-08
0.0282749 1.35894e-08
0.0283648 1.38368e-08
0.0284547 1.40668e-08
0.0285446 1.42688e-08
0.0286345 1.4473e-08
0.0287244 1.46584e-08
0.0288143 1.48217e-08
0.0289042 1.49989e-08
0.0289941 1.51643e-08
0.029084 1.53161e-08
0.0291739 1.54421e-08
0.0292638 1.55508e-08
0.0293537 1.56723e-08
0.0294436 1.57976e-08
0.0295335 1.59172e-08
0.0296234 1.60197e-08
0.0297134 1.61085e-08
0.0298033 1.61567e-08
0.0298932 1.62052e-08
0.0299831 1.6256e-08
0.030073 1.63004e-08
0.0301629 1.63173e-08
0.0302528 1.63384e-08
0.0303427 1.63492e-08
0.0304326 1.6357e-08
0.0305225 1.6376e-08
0.0306124 1.63733e-08
0.0307023 1.63625e-08
0.0307922 1.63645e-08
0.0308821 1.63428e-08
0.030972 1.63139e-08
0.0310619 1.62785e-08
0.0311518 1.62401e-08
0.0312417 1.6211e-08
0.0313316 1.61717e-08
0.0314215 1.61512e-08
0.0315114 1.61399e-08
0.0316013 1.61082e-08
0.0316912 1.60562e-08
0.0317811 1.59911e-08
0.0318711 1.59435e-08
0.031961 1.59091e-08
0.0320509 1.58633e-08
0.0321408 1.58004e-08
0.0322307 1.57416e-08
0.0323206 1.56936e-08
0.0324105 1.56346e-08
0.0325004 1.55853e-08
0.0325903 1.55476e-08
0.0326802 1.55111e-08
0.0327701 1.54613e-08
0.03286 1.54056e-08
0.0329499 1.53597e-08
0.0330398 1.5303e-08
0.0331297 1.52393e-08
0.0332196 1.51743e-08
0.0333095 1.51213e-08
0.0333994 1.50743e-08
0.0334893 1.50206e-08
0.0335792 1.49626e-08
0.0336691 1.49263e-08
0.033759 1.4907e-08
0.0338489 1.49168e-08
0.0339388 1.49306e-08
0.0340288 1.49223e-08
0.0341187 1.48902e-08
0.0342086 1.48789e-08
0.0342985 1.48713e-08
0.0343884 1.4871e-08
0.0344783 1.48822e-08
0.0345682 1.49008e-08
0.0346581 1.49144e-08
0.034748 1.49218e-08
0.0348379 1.49502e-08
0.0349278 1.50075e-08
0.0350177 1.50599e-08
0.0351076 1.51283e-08
0.0351975 1.51972e-08
0.0352874 1.52781e-08
0.0353773 1.53657e-08
0.0354672 1.54575e-08
0.0355571 1.55648e-08
0.035647 1.5663e-08
0.0357369 1.57523e-08
0.0358268 1.5845e-08
0.0359167 1.59498e-08
0.0360066 1.60779e-08
0.0360965 1.6221e-08
0.0361865 1.63625e-08
0.0362764 1.65093e-08
0.0363663 1.66476e-08
0.0364562 1.67947e-08
0.0365461 1.69118e-08
0.036636 1.70192e-08
0.0367259 1.71265e-08
0.0368158 1.72425e-08
0.0369057 1.73561e-08
0.0369956 1.74627e-08
0.0370855 1.75616e-08
0.0371754 1.76607e-08
0.0372653 1.77601e-08
0.0373552 1.78817e-08
0.0374451 1.80115e-08
0.037535 1.81244e-08
0.0376249 1.82228e-08
0.0377148 1.83056e-08
0.0378047 1.84049e-08
0.0378946 1.84954e-08
0.0379845 1.85739e-08
0.0380744 1.86373e-08
0.0381643 1.86803e-08
0.0382542 1.87551e-08
0.0383441 1.88329e-08
0.0384341 1.89187e-08
0.038524 1.90035e-08
0.0386139 1.91018e-08
0.0387038 1.92372e-08
0.0387937 1.93644e-08
0.0388836 1.95105e-08
0.0389735 1.96323e-08
0.0390634 1.97603e-08
0.0391533 1.98998e-08
0.0392432 2.00599e-08
0.0393331 2.0219e-08
0.039423 2.03715e-08
0.0395129 2.05154e-08
0.0396028 2.06947e-08
0.0396927 2.08875e-08
0.0397826 2.10987e-08
0.0398725 2.13426e-08
0.0399624 2.1602e-08
0.0400523 2.18668e-08
0.0401422 2.21352e-08
0.0402321 2.23869e-08
0.040322 2.2638e-08
0.0404119 2.28915e-08
0.0405018 2.31577e-08
0.0405918 2.34165e-08
0.0406817 2.36794e-08
0.0407716 2.39351e-08
0.0408615 2.41809e-08
0.0409514 2.4437e-08
0.0410413 2.4694e-08
0.0411312 2.49551e-08
0.0412211 2.52234e-08
0.041311 2.54654e-08
0.0414009 2.56937e-08
0.0414908 2.59275e-08
0.0415807 2.617e-08
0.0416706 2.63809e-08
0.0417605 2.65881e-08
0.0418504 2.68061e-08
0.0419403 2.70011e-08
0.0420302 2.71604e-08
0.0421201 2.73197e-08
0.04221 2.75165e-08
0.0422999 2.77132e-08
0.0423898 2.7878e-08
0.0424797 2.80051e-08
0.0425696 2.81161e-08
0.0426595 2.82096e-08
0.0427495 2.82724e-08
0.0428394 2.83261e-08
0.0429293 2.83813e-08
0.0430192 2.84462e-08
0.0431091 2.85181e-08
0.043199 2.86333e-08
0.0432889 2.87349e-08
0.0433788 2.88339e-08
0.0434687 2.89258e-08
0.0435586 2.90242e-08
0.0436485 2.91263e-08
0.0437384 2.92198e-08
0.0438283 2.9311e-08
0.0439182 2.94046e-08
0.0440081 2.94575e-08
0.044098 2.95019e-08
0.0441879 2.95718e-08
0.0442778 2.96315e-08
0.0443677 2.96647e-08
0.0444576 2.97093e-08
0.0445475 2.97856e-08
0.0446374 2.9876e-08
0.0447273 2.99828e-08
0.0448172 3.00964e-08
0.0449072 3.02538e-08
0.0449971 3.04032e-08
0.045087 3.05543e-08
0.0451769 3.06808e-08
0.0452668 3.08055e-08
0.0453567 3.09271e-08
0.0454466 3.10452e-08
0.0455365 3.1142e-08
0.0456264 3.12473e-08
0.0457163 3.13469e-08
0.0458062 3.14432e-08
0.0458961 3.15348e-08
0.045986 3.15964e-08
0.0460759 3.16968e-08
0.0461658 3.18246e-08
0.0462557 3.19522e-08
0.0463456 3.2098e-08
0.0464355 3.22539e-08
0.0465254 3.24353e-08
0.0466153 3.25673e-08
0.0467052 3.27192e-08
0.0467951 3.28723e-08
0.046885 3.30273e-08
0.0469749 3.31525e-08
0.0470649 3.32864e-08
0.0471548 3.34206e-08
0.0472447 3.35586e-08
0.0473346 3.36717e-08
0.0474245 3.37818e-08
0.0475144 3.38981e-08
0.0476043 3.40521e-08
0.0476942 3.41655e-08
0.0477841 3.42531e-08
0.047874 3.43484e-08
0.0479639 3.44105e-08
0.0480538 3.44614e-08
0.0481437 3.44909e-08
0.0482336 3.45264e-08
0.0483235 3.45378e-08
0.0484134 3.45346e-08
0.0485033 3.44977e-08
0.0485932 3.44444e-08
0.0486831 3.43919e-08
0.048773 3.43268e-08
0.0488629 3.42378e-08
0.0489528 3.41128e-08
0.0490427 3.39657e-08
0.0491326 3.38152e-08
0.0492226 3.36546e-08
0.0493125 3.34538e-08
0.0494024 3.32853e-08
0.0494923 3.31229e-08
0.0495822 3.29734e-08
0.0496721 3.28427e-08
0.049762 3.27216e-08
0.0498519 3.26418e-08
0.0499418 3.25892e-08
0.0500317 3.25912e-08
0.0501216 3.26451e-08
0.0502115 3.27273e-08
0.0503014 3.27959e-08
0.0503913 3.28385e-08
0.0504812 3.28952e-08
0.0505711 3.29785e-08
0.050661 3.30952e-08
0.0507509 3.32176e-08
0.0508408 3.33597e-08
0.0509307 3.35334e-08
0.0510206 3.37085e-08
0.0511105 3.39199e-08
0.0512004 3.41848e-08
0.0512903 3.44264e-08
0.0513803 3.47047e-08
0.0514702 3.498e-08
0.0515601 3.52522e-08
0.05165 3.55477e-08
0.0517399 3.58469e-08
0.0518298 3.61177e-08
0.0519197 3.63768e-08
0.0520096 3.66434e-08
0.0520995 3.6898e-08
0.0521894 3.71506e-08
0.0522793 3.74173e-08
0.0523692 3.76449e-08
0.0524591 3.78995e-08
0.052549 3.81498e-08
0.0526389 3.84163e-08
0.0527288 3.8647e-08
0.0528187 3.88414e-08
0.0529086 3.90156e-08
0.0529985 3.9183e-08
0.0530884 3.93424e-08
0.0531783 3.95286e-08
0.0532682 3.96775e-08
0.0533581 3.98369e-08
0.053448 3.99763e-08
0.053538 4.00926e-08
0.0536279 4.02087e-08
0.0537178 4.02952e-08
0.0538077 4.03585e-08
0.0538976 4.04304e-08
0.0539875 4.04782e-08
0.0540774 4.05151e-08
0.0541673 4.05375e-08
0.0542572 4.05394e-08
0.0543471 4.05581e-08
0.054437 4.05949e-08
0.0545269 4.06032e-08
0.0546168 4.05984e-08
0.0547067 4.06093e-08
0.0547966 4.05994e-08
0.0548865 4.0578e-08
0.0549764 4.05607e-08
0.0550663 4.05254e-08
0.0551562 4.05255e-08
0.0552461 4.0531e-08
0.055336 4.0525e-08
0.0554259 4.05343e-08
0.0555158 4.05427e-08
0.0556057 4.05671e-08
0.0556956 4.05786e-08
0.0557856 4.05998e-08
0.0558755 4.06734e-08
0.0559654 4.07675e-08
0.0560553 4.08766e-08
0.0561452 4.10296e-08
0.0562351 4.11831e-08
0.056325 4.13519e-08
0.0564149 4.1505e-08
0.0565048 4.16324e-08
0.0565947 4.17697e-08
0.0566846 4.19171e-08
0.0567745 4.20538e-08
0.0568644 4.21571e-08
0.0569543 4.2326e-08
0.0570442 4.24968e-08
0.0571341 4.26447e-08
0.057224 4.28097e-08
0.0573139 4.29766e-08
0.0574038 4.3169e-08
0.0574937 4.3349e-08
0.0575836 4.35116e-08
0.0576735 4.36881e-08
0.0577634 4.38705e-08
0.0578533 4.40691e-08
0.0579433 4.42747e-08
0.0580332 4.44528e-08
0.0581231 4.46249e-08
0.058213 4.47617e-08
0.0583029 4.48927e-08
0.0583928 4.50399e-08
0.0584827 4.52203e-08
0.0585726 4.54354e-08
0.0586625 4.56618e-08
0.0587524 4.59005e-08
0.0588423 4.61313e-08
0.0589322 4.63584e-08
0.0590221 4.65686e-08
0.059112 4.67352e-08
0.0592019 4.69224e-08
0.0592918 4.71176e-08
0.0593817 4.73036e-08
0.0594716 4.74774e-08
0.0595615 4.76357e-08
0.0596514 4.78099e-08
0.0597413 4.79696e-08
0.0598312 4.81092e-08
0.0599211 4.8255e-08
0.060011 4.83872e-08
0.060101 4.85328e-08
0.0601909 4.86856e-08
0.0602808 4.88463e-08
0.0603707 4.9032e-08
0.0604606 4.92146e-08
0.0605505 4.9346e-08
0.0606404 4.94504e-08
0.0607303 4.95481e-08
0.0608202 4.9631e-08
0.0609101 4.97098e-08
0.061 4.97748e-08
0.0610899 4.9852e-08
0.0611798 4.99764e-08
0.0612697 5.0115e-08
0.0613596 5.02466e-08
0.0614495 5.03778e-08
0.0615394 5.05274e-08
0.0616293 5.06728e-08
0.0617192 5.07819e-08
0.0618091 5.09143e-08
0.061899 5.10791e-08
0.0619889 5.12795e-08
0.0620788 5.14838e-08
0.0621687 5.16758e-08
0.0622587 5.18409e-08
0.0623486 5.20397e-08
0.0624385 5.22305e-08
0.0625284 5.24125e-08
0.0626183 5.25923e-08
0.0627082 5.27824e-08
0.0627981 5.29355e-08
0.062888 5.30483e-08
0.0629779 5.31676e-08
0.0630678 5.33195e-08
0.0631577 5.3469e-08
0.0632476 5.36318e-08
0.0633375 5.37875e-08
0.0634274 5.39356e-08
0.0635173 5.41134e-08
0.0636072 5.43011e-08
0.0636971 5.45021e-08
0.063787 5.48047e-08
0.0638769 5.51328e-08
0.0639668 5.53979e-08
0.0640567 5.56766e-08
0.0641466 5.59453e-08
0.0642365 5.61689e-08
0.0643264 5.64241e-08
0.0644164 5.66721e-08
0.0645063 5.69129e-08
0.0645962 5.7131e-08
0.0646861 5.73246e-08
0.064776 5.75493e-08
0.0648659 5.77766e-08
0.0649558 5.80244e-08
0.0650457 5.83164e-08
0.0651356 5.85897e-08
0.0652255 5.88395e-08
0.0653154 5.90617e-08
0.0654053 5.92965e-08
0.0654952 5.9634e-08
0.0655851 5.99404e-08
0.065675 6.02183e-08
0.0657649 6.0459e-08
0.0658548 6.06639e-08
0.0659447 6.08147e-08
0.0660346 6.09023e-08
0.0661245 6.09536e-08
0.0662144 6.09805e-08
0.0663043 6.10775e-08
0.0663942 6.11877e-08
0.0664841 6.12406e-08
0.0665741 6.12251e-08
0.066664 6.11697e-08
0.0667539 6.11382e-08
0.0668438 6.1087e-08
0.0669337 6.10264e-08
0.0670236 6.09423e-08
0.0671135 6.08099e-08
0.0672034 6.0735e-08
0.0672933 6.06492e-08
0.0673832 6.05535e-08
0.0674731 6.04983e-08
0.067563 6.03565e-08
0.0676529 6.01143e-08
0.0677428 5.99061e-08
0.0678327 5.96647e-08
0.0679226 5.94451e-08
0.0680125 5.9297e-08
0.0681024 5.92827e-08
0.0681923 5.92053e-08
0.0682822 5.91358e-08
0.0683721 5.91063e-08
0.068462 5.90655e-08
0.0685519 5.90516e-08
0.0686418 5.90933e-08
0.0687318 5.92008e-08
0.0688217 5.92605e-08
0.0689116 5.93589e-08
0.0690015 5.94366e-08
0.0690914 5.94865e-08
0.0691813 5.95379e-08
0.0692712 5.95563e-08
0.0693611 5.95617e-08
0.069451 5.95395e-08
0.0695409 5.95073e-08
0.0696308 5.9525e-08
0.0697207 5.94803e-08
0.0698106 5.93756e-08
0.0699005 5.92592e-08
0.0699904 5.90738e-08
0.0700803 5.88526e-08
0.0701702 5.86499e-08
0.0702601 5.84613e-08
0.07035 5.82792e-08
0.0704399 5.81034e-08
0.0705298 5.79402e-08
0.0706197 5.76675e-08
0.0707096 5.74004e-08
0.0707995 5.71886e-08
0.0708895 5.69607e-08
0.0709794 5.68028e-08
0.0710693 5.66736e-08
0.0711592 5.65891e-08
0.0712491 5.64497e-08
0.071339 5.63276e-08
0.0714289 5.62219e-08
0.0715188 5.60833e-08
0.0716087 5.5988e-08
0.0716986 5.59883e-08
0.0717885 5.59472e-08
0.0718784 5.59956e-08
0.0719683 5.60726e-08
0.0720582 5.61423e-08
0.0721481 5.62489e-08
0.072238 5.6394e-08
0.0723279 5.65947e-08
0.0724178 5.68365e-08
0.0725077 5.70831e-08
0.0725976 5.73232e-08
0.0726875 5.75797e-08
0.0727774 5.78676e-08
0.0728673 5.812e-08
0.0729572 5.83447e-08
0.0730472 5.85027e-08
0.0731371 5.86545e-08
0.073227 5.88144e-08
0.0733169 5.89673e-08
0.0734068 5.92079e-08
0.0734967 5.94967e-08
0.0735866 5.97931e-08
0.0736765 6.00923e-08
0.0737664 6.02792e-08
0.0738563 6.0502e-08
0.0739462 6.07516e-08
0.0740361 6.0967e-08
0.074126 6.12965e-08
0.0742159 6.15248e-08
0.0743058 6.17939e-08
0.0743957 6.20142e-08
0.0744856 6.21805e-08
0.0745755 6.2315e-08
0.0746654 6.24403e-08
0.0747553 6.25568e-08
0.0748452 6.26501e-08
0.0749351 6.26999e-08
0.075025 6.27391e-08
0.0751149 6.27978e-08
0.0752048 6.27846e-08
0.0752948 6.27705e-08
0.0753847 6.2826e-08
0.0754746 6.28598e-08
0.0755645 6.28986e-08
0.0756544 6.2988e-08
0.0757443 6.31106e-08
0.0758342 6.32638e-08
0.0759241 6.34475e-08
0.076014 6.36729e-08
0.0761039 6.39704e-08
0.0761938 6.42841e-08
0.0762837 6.46349e-08
0.0763736 6.49647e-08
0.0764635 6.52701e-08
0.0765534 6.55536e-08
0.0766433 6.58955e-08
0.0767332 6.62531e-08
0.0768231 6.66023e-08
0.076913 6.68676e-08
0.0770029 6.71295e-08
0.0770928 6.73648e-08
0.0771827 6.75846e-08
0.0772726 6.77575e-08
0.0773625 6.79797e-08
0.0774525 6.81547e-08
0.0775424 6.83166e-08
0.0776323 6.84375e-08
0.0777222 6.84427e-08
0.0778121 6.85399e-08
0.077902 6.86252e-08
0.0779919 6.87203e-08
0.0780818 6.88402e-08
0.0781717 6.89821e-08
0.0782616 6.90764e-08
0.0783515 6.92425e-08
0.0784414 6.93623e-08
0.0785313 6.95865e-08
0.0786212 6.98261e-08
0.0787111 7.00568e-08
0.078801 7.02226e-08
0.0788909 7.03411e-08
0.0789808 7.04717e-08
0.0790707 7.06254e-08
0.0791606 7.07979e-08
0.0792505 7.0988e-08
0.0793404 7.11695e-08
0.0794303 7.12815e-08
0.0795202 7.13625e-08
0.0796102 7.13728e-08
0.0797001 7.13425e-08
0.07979 7.13611e-08
0.0798799 7.15033e-08
0.0799698 7.16705e-08
0.0800597 7.1891e-08
0.0801496 7.20984e-08
0.0802395 7.22025e-08
0.0803294 7.23783e-08
0.0804193 7.25847e-08
0.0805092 7.28562e-08
0.0805991 7.31387e-08
0.080689 7.34265e-08
0.0807789 7.37025e-08
0.0808688 7.39976e-08
0.0809587 7.42027e-08
0.0810486 7.43024e-08
0.0811385 7.43043e-08
0.0812284 7.4256e-08
0.0813183 7.41354e-08
0.0814082 7.3967e-08
0.0814981 7.37373e-08
0.081588 7.36133e-08
0.0816779 7.34794e-08
0.0817679 7.33105e-08
0.0818578 7.3038e-08
0.0819477 7.26346e-08
0.0820376 7.22987e-08
0.0821275 7.19527e-08
0.0822174 7.16984e-08
0.0823073 7.14213e-08
0.0823972 7.12508e-08
0.0824871 7.11491e-08
0.082577 7.10682e-08
0.0826669 7.08452e-08
0.0827568 7.05606e-08
0.0828467 7.047e-08
0.0829366 7.04133e-08
0.0830265 7.03267e-08
0.0831164 7.02293e-08
0.0832063 7.01362e-08
0.0832962 7.01026e-08
0.0833861 7.00932e-08
0.083476 7.00097e-08
0.0835659 6.99327e-08
0.0836558 6.9845e-08
0.0837457 6.98605e-08
0.0838356 6.9929e-08
0.0839256 6.99817e-08
0.0840155 7.00705e-08
0.0841054 7.01705e-08
0.0841953 7.03131e-08
0.0842852 7.03445e-08
0.0843751 7.04096e-08
0.084465 7.05182e-08
0.0845549 7.05236e-08
0.0846448 7.06158e-08
0.0847347 7.07445e-08
0.0848246 7.0868e-08
0.0849145 7.09262e-08
0.0850044 7.10001e-08
0.0850943 7.10061e-08
0.0851842 7.09608e-08
0.0852741 7.09202e-08
0.085364 7.10068e-08
0.0854539 7.10724e-08
0.0855438 7.12021e-08
0.0856337 7.14062e-08
0.0857236 7.15125e-08
0.0858135 7.1573e-08
0.0859034 7.1521e-08
0.0859933 7.14101e-08
0.0860833 7.12918e-08
0.0861732 7.13533e-08
0.0862631 7.13895e-08
0.086353 7.14318e-08
0.0864429 7.13943e-08
0.0865328 7.12724e-08
0.0866227 7.11911e-08
0.0867126 7.11346e-08
0.0868025 7.11709e-08
0.0868924 7.12144e-08
0.0869823 7.13024e-08
0.0870722 7.14308e-08
0.0871621 7.16151e-08
0.087252 7.17256e-08
0.0873419 7.19145e-08
0.0874318 7.21705e-08
0.0875217 7.24916e-08
0.0876116 7.27893e-08
0.0877015 7.31113e-08
0.0877914 7.33262e-08
0.0878813 7.34893e-08
0.0879712 7.38009e-08
0.0880611 7.42528e-08
0.088151 7.45728e-08
0.088241 7.47888e-08
0.0883309 7.50255e-08
0.0884208 7.51705e-08
0.0885107 7.52855e-08
0.0886006 7.54218e-08
0.0886905 7.56503e-08
0.0887804 7.58481e-08
0.0888703 7.61027e-08
0.0889602 7.62403e-08
0.0890501 7.62294e-08
0.08914 7.61218e-08
0.0892299 7.61496e-08
0.0893198 7.6096e-08
0.0894097 7.61048e-08
0.0894996 7.59309e-08
0.0895895 7.55763e-08
0.0896794 7.51804e-08
0.0897693 7.46842e-08
0.0898592 7.42761e-08
0.0899491 7.38606e-08
0.090039 7.33436e-08
0.0901289 7.28357e-08
0.0902188 7.23457e-08
0.0903087 7.17535e-08
0.0903987 7.12745e-08
0.0904886 7.08623e-08
0.0905785 7.07659e-08
0.0906684 7.07596e-08
0.0907583 7.09069e-08
0.0908482 7.08823e-08
0.0909381 7.09012e-08
0.091028 7.08228e-08
0.0911179 7.09378e-08
0.0912078 7.09937e-08
0.0912977 7.1017e-08
0.0913876 7.11706e-08
0.0914775 7.12252e-08
0.0915674 7.09879e-08
0.0916573 7.06466e-08
0.0917472 7.01515e-08
0.0918371 6.98139e-08
0.091927 6.95743e-08
0.0920169 6.93836e-08
0.0921068 6.92245e-08
0.0921967 6.88441e-08
0.0922866 6.84852e-08
0.0923765 6.82729e-08
0.0924664 6.81599e-08
0.0925564 6.80599e-08
0.0926463 6.80006e-08
0.0927362 6.77933e-08
0.0928261 6.75868e-08
0.092916 6.73284e-08
0.0930059 6.70657e-08
0.0930958 6.66757e-08
0.0931857 6.63871e-08
0.0932756 6.61953e-08
0.0933655 6.60111e-08
0.0934554 6.58643e-08
0.0935453 6.58469e-08
0.0936352 6.5675e-08
0.0937251 6.56464e-08
0.093815 6.58004e-08
0.0939049 6.58777e-08
0.0939948 6.60664e-08
0.0940847 6.62137e-08
0.0941746 6.64245e-08
0.0942645 6.65772e-08
0.0943544 6.67049e-08
0.0944443 6.68806e-08
0.0945342 6.68884e-08
0.0946241 6.70005e-08
0.094714 6.70617e-08
0.094804 6.69173e-08
0.0948939 6.66924e-08
0.0949838 6.64767e-08
0.0950737 6.63601e-08
0.0951636 6.61477e-08
0.0952535 6.58973e-08
0.0953434 6.56951e-08
0.0954333 6.56233e-08
0.0955232 6.56857e-08
0.0956131 6.55521e-08
0.095703 6.53622e-08
0.0957929 6.52396e-08
0.0958828 6.51037e-08
0.0959727 6.49795e-08
0.0960626 6.48449e-08
0.0961525 6.4711e-08
0.0962424 6.45705e-08
0.0963323 6.42913e-08
0.0964222 6.39295e-08
0.0965121 6.3727e-08
0.096602 6.34195e-08
0.0966919 6.32161e-08
0.0967818 6.30394e-08
0.0968717 6.30917e-08
0.0969617 6.32351e-08
0.0970516 6.34334e-08
0.0971415 6.33828e-08
0.0972314 6.32662e-08
0.0973213 6.32378e-08
0.0974112 6.34893e-08
0.0975011 6.37437e-08
0.097591 6.39628e-08
0.0976809 6.44841e-08
0.0977708 6.48897e-08
0.0978607 6.53675e-08
0.0979506 6.55138e-08
0.0980405 6.55272e-08
0.0981304 6.54031e-08
0.0982203 6.52421e-08
0.0983102 6.51196e-08
0.0984001 6.48213e-08
0.09849 6.45415e-08
0.0985799 6.43835e-08
0.0986698 6.42279e-08
0.0987597 6.41827e-08
0.0988496 6.41474e-08
0.0989395 6.40782e-08
0.0990294 6.43995e-08
0.0991194 6.50429e-08
0.0992093 6.56775e-08
0.0992992 6.6252e-08
0.0993891 6.67725e-08
0.099479 6.7229e-08
0.0995689 6.75952e-08
0.0996588 6.76001e-08
0.0997487 6.74173e-08
0.0998386 6.71066e-08
0.0999285 6.67945e-08
0.100018 6.64781e-08
0.100108 6.58546e-08
0.100198 6.48652e-08
0.100288 6.38642e-08
0.100378 6.26261e-08
0.100468 6.14254e-08
0.100558 6.04651e-08
0.100648 5.94751e-08
0.100738 5.83885e-08
0.100828 5.74273e-08
0.100917 5.64461e-08
0.101007 5.50953e-08
0.101097 5.39294e-08
0.101187 5.28161e-08
0.101277 5.12527e-08
0.101367 5.02683e-08
0.101457 4.92351e-08
0.101547 4.81224e-08
0.101637 4.64001e-08
0.101727 4.46119e-08
0.101816 4.33215e-08
0.101906 4.24615e-08
0.101996 4.18432e-08
0.102086 4.1315e-08
0.102176 4.06502e-08
0.102266 4.01797e-08
0.102356 3.98815e-08
0.102446 3.96869e-08
0.102536 3.93933e-08
0.102626 3.95024e-08
0.102716 4.00708e-08
0.102805 4.05773e-08
0.102895 4.08842e-08
0.102985 4.08893e-08
0.103075 4.07643e-08
0.103165 4.04882e-08
0.103255 4.01995e-08
0.103345 3.93528e-08
0.103435 3.86024e-08
0.103525 3.7933e-08
0.103615 3.7409e-08
0.103704 3.66245e-08
0.103794 3.56401e-08
0.103884 3.50844e-08
0.103974 3.47428e-08
0.104064 3.46418e-08
0.104154 3.45389e-08
0.104244 3.47671e-08
0.104334 3.48807e-08
0.104424 3.5472e-08
0.104514 3.65043e-08
0.104604 3.76934e-08
0.104693 3.86802e-08
0.104783 3.96833e-08
0.104873 4.04776e-08
0.104963 4.11189e-08
0.105053 4.15479e-08
0.105143 4.18666e-08
0.105233 4.21729e-08
0.105323 4.23895e-08
0.105413 4.23631e-08
0.105503 4.19854e-08
0.105592 4.15172e-08
0.105682 4.10056e-08
0.105772 4.07609e-08
0.105862 4.06816e-08
0.105952 4.09886e-08
0.106042 4.12876e-08
0.106132 4.14227e-08
0.106222 4.13846e-08
0.106312 4.11293e-08
0.106402 4.11936e-08
0.106491 4.14608e-08
0.106581 4.17952e-08
0.106671 4.21337e-08
0.106761 4.24305e-08
0.106851 4.25034e-08
0.106941 4.24299e-08
0.107031 4.20275e-08
0.107121 4.17973e-08
0.107211 4.17051e-08
0.107301 4.18837e-08
0.107391 4.18653e-08
0.10748 4.16611e-08
0.10757 4.13835e-08
0.10766 4.0564e-08
0.10775 3.97913e-08
0.10784 3.92247e-08
0.10793 3.86348e-08
0.10802 3.82542e-08
0.10811 3.79834e-08
0.1082 3.76106e-08
0.10829 3.70873e-08
0.108379 3.64908e-08
0.108469 3.62383e-08
0.108559 3.66492e-08
0.108649 3.78526e-08
0.108739 3.93034e-08
0.108829 4.07506e-08
0.108919 4.16357e-08
0.109009 4.26939e-08
0.109099 4.34942e-08
0.109189 4.43116e-08
0.109279 4.50482e-08
0.109368 4.59666e-08
0.109458 4.66314e-08
0.109548 4.67611e-08
0.109638 4.67641e-08
0.109728 4.67258e-08
0.109818 4.66553e-08
0.109908 4.67441e-08
0.109998 4.67625e-08
0.110088 4.66159e-08
0.110178 4.58673e-08
0.110267 4.57033e-08
0.110357 4.53969e-08
0.110447 4.50224e-08
0.110537 4.55549e-08
0.110627 4.5842e-08
0.110717 4.6652e-08
0.110807 4.72842e-08
0.110897 4.79099e-08
0.110987 4.84264e-08
0.111077 4.97972e-08
0.111167 5.08051e-08
0.111256 5.10434e-08
0.111346 5.06042e-08
0.111436 5.0752e-08
0.111526 5.02906e-08
0.111616 4.96588e-08
0.111706 4.90794e-08
0.111796 4.82268e-08
0.111886 4.80542e-08
0.111976 4.72683e-08
0.112066 4.50879e-08
0.112155 4.12657e-08
0.112245 3.71523e-08
0.112335 3.40389e-08
0.112425 3.25233e-08
0.112515 3.10047e-08
0.112605 3.13829e-08
0.112695 3.21903e-08
0.112785 3.14759e-08
0.112875 2.96581e-08
0.112965 2.81558e-08
0.113054 2.8391e-08
0.113144 2.91812e-08
0.113234 3.04431e-08
0.113324 3.14993e-08
0.113414 3.1437e-08
0.113504 3.07278e-08
0.113594 2.93243e-08
0.113684 2.70942e-08
0.113774 2.36363e-08
0.113864 2.12787e-08
0.113954 2.10175e-08
0.114043 2.12252e-08
0.114133 1.99903e-08
0.114223 2.0634e-08
0.114313 1.95399e-08
0.114403 1.73407e-08
0.114493 1.69532e-08
0.114583 1.67612e-08
0.114673 1.60193e-08
0.114763 1.88574e-08
0.114853 2.16502e-08
0.114942 1.99818e-08
0.115032 1.69872e-08
0.115122 1.1438e-08
0.115212 4.28063e-09
0.115302 -3.94356e-09
0.115392 -1.29609e-08
0.115482 -1.59847e-08
0.115572 -1.61131e-08
0.115662 -1.60959e-08
0.115752 -1.68751e-08
0.115842 -1.63126e-08
0.115931 -1.4834e-08
0.116021 -1.36845e-08
0.116111 -1.36704e-08
0.116201 -1.41502e-08
0.116291 -1.42649e-08
0.116381 -1.36091e-08
0.116471 -1.32705e-08
0.116561 -1.3163e-08
0.116651 -1.25552e-08
0.116741 -1.22655e-08
0.11683 -1.00305e-08
0.11692 -7.47016e-09
0.11701 -4.31902e-09
0.1171 -1.17518e-09
0.11719 2.31085e-09
0.11728 5.6466e-09
0.11737 7.79266e-09
0.11746 9.03966e-09
0.11755 9.83315e-09
0.11764 1.03378e-08
0.11773 1.01706e-08
0.117819 9.73711e-09
0.117909 9.17162e-09
0.117999 8.27795e-09
0.118089 6.7166e-09
0.118179 6.51804e-09
0.118269 5.68358e-09
0.118359 4.91882e-09
0.118449 4.35598e-09
0.118539 3.82184e-09
0.118629 3.39607e-09
0.118718 3.06556e-09
0.118808 3.25735e-09
0.118898 4.55353e-09
0.118988 6.22823e-09
0.119078 8.51386e-09
0.119168 9.95714e-09
0.119258 1.08924e-08
0.119348 1.18584e-08
0.119438 1.23149e-08
0.119528 1.22326e-08
0.119617 1.20676e-08
0.119707 1.11957e-08
0.119797 9.99987e-09
0.119887 8.61236e-09
0.119977 6.92329e-09
0.120067 5.23693e-09
0.120157 2.49724e-09
0.120247 6.94506e-10
0.120337 -7.95206e-10
0.120427 -2.14661e-09
0.120517 -2.90588e-09
0.120606 -3.51871e-09
0.120696 -3.96065e-09
0.120786 -4.46558e-09
0.120876 -4.41184e-09
0.120966 -4.4452e-09
0.121056 -3.81443e-09
0.121146 -2.34602e-09
0.121236 -1.54763e-09
0.121326 5.4814e-10
0.121416 3.29555e-09
0.121505 4.55435e-09
0.121595 2.73792e-09
0.121685 2.97505e-10
0.121775 -8.66557e-10
0.121865 -3.08406e-09
0.121955 -4.43164e-09
0.122045 -5.54275e-09
0.122135 -6.81037e-09
0.122225 -8.5446e-09
0.122315 -9.65852e-09
0.122405 -1.0321e-08
0.122494 -1.04233e-08
0.122584 -9.16532e-09
0.122674 -7.5829e-09
0.122764 -6.13056e-09
0.122854 -4.11015e-09
0.122944 -1.77245e-09
0.123034 8.60392e-10
0.123124 3.64575e-09
0.123214 6.58554e-09
0.123304 8.96334e-09
0.123393 1.02931e-08
0.123483 1.1502e-08
0.123573 1.22827e-08
0.123663 1.23461e-08
0.123753 1.22836e-08
0.123843 1.28182e-08
0.123933 1.35062e-08
0.124023 1.38655e-08
0.124113 1.43826e-08
0.124203 1.45712e-08
0.124293 1.42824e-08
0.124382 1.45148e-08
0.124472 1.40179e-08
0.124562 1.2431e-08
0.124652 1.27766e-08
0.124742 1.36841e-08
0.124832 1.49323e-08
0.124922 1.51038e-08
0.125012 1.18777e-08
0.125102 8.68715e-09
0.125192 7.96773e-09
0.125281 7.90028e-09
0.125371 9.86771e-09
0.125461 1.11289e-08
0.125551 1.2359e-08
0.125641 1.40872e-08
0.125731 1.43292e-08
0.125821 1.47007e-08
0.125911 1.5531e-08
0.126001 1.62308e-08
0.126091 1.843e-08
0.126181 2.20839e-08
0.12627 2.85993e-08
0.12636 3.77281e-08
0.12645 6.47507e-08
0.12654 7.05589e-08
0.12663 7.54178e-08
0.12672 7.75342e-08
0.12681 7.95945e-08
0.1269 8.17827e-08
0.12699 8.38942e-08
0.12708 8.5809e-08
0.127169 8.7542e-08
0.127259 8.87935e-08
0.127349 8.9211e-08
0.127439 8.94654e-08
0.127529 9.03013e-08
0.127619 9.12319e-08
0.127709 9.20185e-08
0.127799 9.25186e-08
0.127889 9.19172e-08
0.127979 9.04677e-08
0.128068 8.89842e-08
0.128158 8.77855e-08
0.128248 8.62598e-08
0.128338 8.56511e-08
0.128428 8.87623e-08
0.128518 9.29447e-08
0.128608 9.69756e-08
0.128698 1.03373e-07
0.128788 1.06483e-07
0.128878 1.09717e-07
0.128968 1.12017e-07
0.129057 1.14506e-07
0.129147 1.16693e-07
0.129237 1.18455e-07
0.129327 1.1926e-07
0.129417 1.20068e-07
0.129507 1.20984e-07
0.129597 1.22627e-07
0.129687 1.24226e-07
0.129777 1.25719e-07
0.129867 1.27385e-07
0.129956 1.28767e-07
0.130046 1.30273e-07
0.130136 1.3131e-07
0.130226 1.32491e-07
0.130316 1.34245e-07
0.130406 1.36007e-07
0.130496 1.38074e-07
0.130586 1.40295e-07
0.130676 1.4289e-07
0.130766 1.43942e-07
0.130856 1.44849e-07
0.130945 1.45964e-07
0.131035 1.47265e-07
0.131125 1.47767e-07
0.131215 1.47957e-07
0.131305 1.4835e-07
0.131395 1.49731e-07
0.131485 1.49447e-07
0.131575 1.48736e-07
0.131665 1.46909e-07
0.131755 1.46913e-07
0.131844 1.46517e-07
0.131934 1.46186e-07
0.132024 1.45113e-07
0.132114 1.44912e-07
0.132204 1.43327e-07
0.132294 1.42527e-07
0.132384 1.41492e-07
0.132474 1.39871e-07
0.132564 1.3849e-07
0.132654 1.35735e-07
0.132744 1.33649e-07
0.132833 1.33303e-07
0.132923 1.33363e-07
0.133013 1.32577e-07
0.133103 1.2633e-07
0.133193 2.30518e-07
0.133283 2.24326e-07
0.133373 2.22335e-07
0.133463 2.20153e-07
0.133553 2.1764e-07
0.133643 2.16678e-07
0.133732 2.19722e-07
0.133822 2.23839e-07
0.133912 2.2731e-07
0.134002 2.30286e-07
0.134092 2.34451e-07
0.134182 2.38353e-07
0.134272 2.42121e-07
0.134362 2.4429e-07
0.134452 2.46165e-07
0.134542 2.47412e-07
0.134631 2.47217e-07
0.134721 2.45926e-07
0.134811 2.43975e-07
