-0.134811 5.66417e-07
-0.134721 5.66356e-07
-0.134631 5.68014e-07
-0.134542 5.70085e-07
-0.134452 5.725e-07
-0.134362 4.69296e-07
-0.134272 3.78374e-07
-0.134182 2.73959e-07
-0.134092 2.76972e-07
-0.134002 2.77954e-07
-0.133912 2.80172e-07
-0.133822 2.82125e-07
-0.133732 2.82234e-07
-0.133642 2.8216e-07
-0.133553 2.82784e-07
-0.133463 2.83187e-07
-0.133373 2.83468e-07
-0.133283 2.84018e-07
-0.133193 2.84661e-07
-0.133103 2.84996e-07
-0.133013 2.85029e-07
-0.132923 2.85153e-07
-0.132833 2.84977e-07
-0.132743 2.84964e-07
-0.132654 2.85671e-07
-0.132564 2.86592e-07
-0.132474 2.87396e-07
-0.132384 2.88317e-07
-0.132294 2.89248e-07
-0.132204 2.90115e-07
-0.132114 2.90192e-07
-0.132024 2.90328e-07
-0.131934 2.91236e-07
-0.131844 2.92265e-07
-0.131754 2.93484e-07
-0.131665 2.95211e-07
-0.131575 2.96139e-07
-0.131485 2.9687e-07
-0.131395 2.96153e-07
-0.131305 2.954e-07
-0.131215 2.9334e-07
-0.131125 2.92812e-07
-0.131035 2.94049e-07
-0.130945 2.9371e-07
-0.130855 2.91712e-07
-0.130766 2.8914e-07
-0.130676 2.84766e-07
-0.130586 2.79789e-07
-0.130496 2.71792e-07
-0.130406 2.64818e-07
-0.130316 2.60711e-07
-0.130226 2.57996e-07
-0.130136 2.54656e-07
-0.130046 2.52073e-07
-0.129956 2.50765e-07
-0.129867 2.50222e-07
-0.129777 2.50844e-07
-0.129687 2.52014e-07
-0.129597 2.53219e-07
-0.129507 2.5474e-07
-0.129417 2.56232e-07
-0.129327 2.57069e-07
-0.129237 2.57179e-07
-0.129147 2.57195e-07
-0.129057 2.58001e-07
-0.128967 2.58392e-07
-0.128878 2.58277e-07
-0.128788 2.57483e-07
-0.128698 2.56242e-07
-0.128608 2.55125e-07
-0.128518 2.54956e-07
-0.128428 2.5551e-07
-0.128338 2.55945e-07
-0.128248 2.60226e-07
-0.128158 1.92697e-07
-0.128068 1.96121e-07
-0.127979 1.97763e-07
-0.127889 1.97397e-07
-0.127799 1.96854e-07
-0.127709 1.96913e-07
-0.127619 1.97979e-07
-0.127529 2.00468e-07
-0.127439 2.07246e-07
-0.127349 2.15059e-07
-0.127259 2.22191e-07
-0.127169 2.26633e-07
-0.127079 2.29114e-07
-0.12699 2.30346e-07
-0.1269 2.30705e-07
-0.12681 2.31382e-07
-0.12672 2.3141e-07
-0.12663 2.31709e-07
-0.12654 2.30869e-07
-0.12645 2.29811e-07
-0.12636 2.2919e-07
-0.12627 2.25451e-07
-0.12618 2.14712e-07
-0.126091 2.05826e-07
-0.126001 1.9921e-07
-0.125911 1.96869e-07
-0.125821 1.96526e-07
-0.125731 1.9696e-07
-0.125641 1.97359e-07
-0.125551 1.97861e-07
-0.125461 1.98033e-07
-0.125371 1.98402e-07
-0.125281 1.99632e-07
-0.125191 2.01041e-07
-0.125102 2.02562e-07
-0.125012 2.03586e-07
-0.124922 2.04632e-07
-0.124832 2.05528e-07
-0.124742 2.06318e-07
-0.124652 2.07052e-07
-0.124562 2.08187e-07
-0.124472 2.09153e-07
-0.124382 2.09756e-07
-0.124292 2.09657e-07
-0.124203 2.09199e-07
-0.124113 2.08362e-07
-0.124023 2.07044e-07
-0.123933 2.06432e-07
-0.123843 2.05545e-07
-0.123753 2.04297e-07
-0.123663 2.02679e-07
-0.123573 2.00674e-07
-0.123483 1.9863e-07
-0.123393 1.97022e-07
-0.123304 1.95711e-07
-0.123214 1.94225e-07
-0.123124 1.92295e-07
-0.123034 1.90792e-07
-0.122944 1.89506e-07
-0.122854 1.87428e-07
-0.122764 1.85902e-07
-0.122674 1.85338e-07
-0.122584 1.85914e-07
-0.122494 1.86381e-07
-0.122404 1.86362e-07
-0.122315 1.86004e-07
-0.122225 1.86511e-07
-0.122135 1.87691e-07
-0.122045 1.88313e-07
-0.121955 1.87649e-07
-0.121865 1.87348e-07
-0.121775 1.87258e-07
-0.121685 1.87621e-07
-0.121595 1.88153e-07
-0.121505 1.89215e-07
-0.121416 1.92358e-07
-0.121326 1.97685e-07
-0.121236 2.00309e-07
-0.121146 2.02445e-07
-0.121056 2.05039e-07
-0.120966 2.07631e-07
-0.120876 2.09133e-07
-0.120786 2.1105e-07
-0.120696 2.12338e-07
-0.120606 2.11656e-07
-0.120516 2.07977e-07
-0.120427 2.02944e-07
-0.120337 1.94656e-07
-0.120247 1.84924e-07
-0.120157 1.80293e-07
-0.120067 1.76597e-07
-0.119977 1.74208e-07
-0.119887 1.72613e-07
-0.119797 1.72072e-07
-0.119707 1.72327e-07
-0.119617 1.72528e-07
-0.119528 1.7276e-07
-0.119438 1.73507e-07
-0.119348 1.74799e-07
-0.119258 1.77249e-07
-0.119168 1.79525e-07
-0.119078 1.81632e-07
-0.118988 1.84703e-07
-0.118898 1.88256e-07
-0.118808 1.91765e-07
-0.118718 1.95119e-07
-0.118628 1.99276e-07
-0.118539 2.03985e-07
-0.118449 2.07485e-07
-0.118359 2.10698e-07
-0.118269 2.13726e-07
-0.118179 2.16886e-07
-0.118089 2.19199e-07
-0.117999 2.21151e-07
-0.117909 2.23134e-07
-0.117819 2.24668e-07
-0.117729 2.25529e-07
-0.11764 2.2588e-07
-0.11755 2.25889e-07
-0.11746 2.26151e-07
-0.11737 2.26409e-07
-0.11728 2.25809e-07
-0.11719 2.24764e-07
-0.1171 2.20148e-07
-0.11701 2.11145e-07
-0.11692 1.99421e-07
-0.11683 1.91559e-07
-0.116741 1.85733e-07
-0.116651 1.82136e-07
-0.116561 1.79377e-07
-0.116471 1.78377e-07
-0.116381 1.78693e-07
-0.116291 1.78706e-07
-0.116201 1.79027e-07
-0.116111 1.7971e-07
-0.116021 1.80164e-07
-0.115931 1.80428e-07
-0.115841 1.81984e-07
-0.115752 1.84807e-07
-0.115662 1.89145e-07
-0.115572 1.93032e-07
-0.115482 1.97061e-07
-0.115392 1.99623e-07
-0.115302 2.01298e-07
-0.115212 2.02538e-07
-0.115122 2.03258e-07
-0.115032 2.03592e-07
-0.114942 2.0341e-07
-0.114853 2.03241e-07
-0.114763 2.03624e-07
-0.114673 2.03991e-07
-0.114583 2.04108e-07
-0.114493 2.04262e-07
-0.114403 2.03661e-07
-0.114313 2.02875e-07
-0.114223 2.01283e-07
-0.114133 1.99176e-07
-0.114043 1.96862e-07
-0.113953 1.94298e-07
-0.113864 1.91079e-07
-0.113774 1.86448e-07
-0.113684 1.80149e-07
-0.113594 1.76755e-07
-0.113504 1.76188e-07
-0.113414 1.76689e-07
-0.113324 1.78582e-07
-0.113234 1.811e-07
-0.113144 1.84043e-07
-0.113054 1.86642e-07
-0.112965 1.89963e-07
-0.112875 1.92552e-07
-0.112785 1.9411e-07
-0.112695 1.95792e-07
-0.112605 1.97881e-07
-0.112515 1.98602e-07
-0.112425 1.98999e-07
-0.112335 1.99789e-07
-0.112245 2.00906e-07
-0.112155 2.01339e-07
-0.112065 2.01186e-07
-0.111976 2.00213e-07
-0.111886 1.996e-07
-0.111796 1.99052e-07
-0.111706 1.97997e-07
-0.111616 1.967e-07
-0.111526 1.95315e-07
-0.111436 1.93724e-07
-0.111346 1.8998e-07
-0.111256 1.85532e-07
-0.111166 1.82082e-07
-0.111077 1.8004e-07
-0.110987 1.78612e-07
-0.110897 1.77001e-07
-0.110807 1.75024e-07
-0.110717 1.74318e-07
-0.110627 1.74809e-07
-0.110537 1.76289e-07
-0.110447 1.77836e-07
-0.110357 1.78876e-07
-0.110267 1.80577e-07
-0.110178 1.83572e-07
-0.110088 1.86188e-07
-0.109998 1.90945e-07
-0.109908 1.94711e-07
-0.109818 1.98582e-07
-0.109728 2.01693e-07
-0.109638 2.03173e-07
-0.109548 2.05122e-07
-0.109458 2.07623e-07
-0.109368 2.08866e-07
-0.109278 2.09803e-07
-0.109189 2.10514e-07
-0.109099 2.11468e-07
-0.109009 2.1095e-07
-0.108919 2.09979e-07
-0.108829 2.10821e-07
-0.108739 2.12404e-07
-0.108649 2.11373e-07
-0.108559 1.97107e-07
-0.108469 1.87251e-07
-0.108379 1.78548e-07
-0.10829 1.70319e-07
-0.1082 1.64631e-07
-0.10811 1.63265e-07
-0.10802 1.5927e-07
-0.10793 1.53166e-07
-0.10784 1.4884e-07
-0.10775 1.49027e-07
-0.10766 1.26289e-07
-0.10757 1.15154e-07
-0.10748 1.10597e-07
-0.10739 1.05021e-07
-0.107301 1.01249e-07
-0.107211 9.78335e-08
-0.107121 9.5123e-08
-0.107031 9.32938e-08
-0.106941 9.18648e-08
-0.106851 9.14606e-08
-0.106761 9.15639e-08
-0.106671 9.17726e-08
-0.106581 9.12466e-08
-0.106491 9.05505e-08
-0.106402 8.98189e-08
-0.106312 8.90986e-08
-0.106222 8.84989e-08
-0.106132 8.80685e-08
-0.106042 8.76687e-08
-0.105952 8.69369e-08
-0.105862 8.56995e-08
-0.105772 8.46005e-08
-0.105682 8.41393e-08
-0.105592 8.47687e-08
-0.105502 8.63433e-08
-0.105413 8.77887e-08
-0.105323 8.91023e-08
-0.105233 8.96922e-08
-0.105143 9.00055e-08
-0.105053 8.95288e-08
-0.104963 8.88174e-08
-0.104873 8.81366e-08
-0.104783 8.76815e-08
-0.104693 8.70284e-08
-0.104603 8.64909e-08
-0.104514 8.50249e-08
-0.104424 8.35621e-08
-0.104334 8.23258e-08
-0.104244 8.13074e-08
-0.104154 8.04284e-08
-0.104064 8.00188e-08
-0.103974 7.98755e-08
-0.103884 7.98073e-08
-0.103794 7.98616e-08
-0.103704 7.97839e-08
-0.103614 7.90498e-08
-0.103525 7.81081e-08
-0.103435 7.76154e-08
-0.103345 7.69373e-08
-0.103255 7.58363e-08
-0.103165 7.49619e-08
-0.103075 7.38187e-08
-0.102985 7.27102e-08
-0.102895 7.17321e-08
-0.102805 7.08479e-08
-0.102715 6.96704e-08
-0.102626 6.86012e-08
-0.102536 6.76404e-08
-0.102446 6.65258e-08
-0.102356 6.54078e-08
-0.102266 6.44184e-08
-0.102176 6.35087e-08
-0.102086 6.28143e-08
-0.101996 6.18198e-08
-0.101906 6.10396e-08
-0.101816 5.98139e-08
-0.101727 5.88228e-08
-0.101637 5.81974e-08
-0.101547 5.78124e-08
-0.101457 5.68646e-08
-0.101367 5.4874e-08
-0.101277 5.24627e-08
-0.101187 5.12239e-08
-0.101097 4.79524e-08
-0.101007 4.21331e-08
-0.100917 3.38797e-08
-0.100827 2.2153e-08
-0.100738 1.09086e-08
-0.100648 2.95449e-09
-0.100558 -1.77105e-09
-0.100468 -5.48638e-09
-0.100378 -7.92323e-09
-0.100288 -1.03427e-08
-0.100198 -1.17581e-08
-0.100108 -1.34203e-08
-0.100018 -1.62704e-08
-0.0999284 -1.83036e-08
-0.0998385 -1.94951e-08
-0.0997486 -2.03101e-08
-0.0996587 -2.14138e-08
-0.0995688 -2.28334e-08
-0.0994789 -2.40069e-08
-0.099389 -2.50651e-08
-0.0992991 -2.61901e-08
-0.0992092 -2.72926e-08
-0.0991193 -2.84342e-08
-0.0990294 -2.86499e-08
-0.0989395 -2.88724e-08
-0.0988496 -2.81533e-08
-0.0987597 -2.70158e-08
-0.0986698 -2.6106e-08
-0.0985799 -2.52243e-08
-0.09849 -2.41472e-08
-0.0984001 -2.33121e-08
-0.0983102 -2.25496e-08
-0.0982202 -2.20972e-08
-0.0981303 -2.21575e-08
-0.0980404 -2.2434e-08
-0.0979505 -2.28674e-08
-0.0978606 -2.29117e-08
-0.0977707 -2.30498e-08
-0.0976808 -2.31929e-08
-0.0975909 -2.31975e-08
-0.097501 -2.30157e-08
-0.0974111 -2.27581e-08
-0.0973212 -2.25592e-08
-0.0972313 -2.27074e-08
-0.0971414 -2.27156e-08
-0.0970515 -2.24683e-08
-0.0969616 -2.23192e-08
-0.0968717 -2.22428e-08
-0.0967818 -2.25016e-08
-0.0966919 -2.30671e-08
-0.096602 -2.37899e-08
-0.0965121 -2.46612e-08
-0.0964222 -2.56877e-08
-0.0963323 -2.63964e-08
-0.0962424 -2.68943e-08
-0.0961525 -2.7489e-08
-0.0960626 -2.81832e-08
-0.0959726 -2.88225e-08
-0.0958827 -2.91358e-08
-0.0957928 -2.95329e-08
-0.0957029 -2.99088e-08
-0.095613 -3.01499e-08
-0.0955231 -3.05023e-08
-0.0954332 -3.09849e-08
-0.0953433 -3.15715e-08
-0.0952534 -3.23362e-08
-0.0951635 -3.28395e-08
-0.0950736 -3.33276e-08
-0.0949837 -3.37115e-08
-0.0948938 -3.41224e-08
-0.0948039 -3.48061e-08
-0.094714 -3.55063e-08
-0.0946241 -3.63021e-08
-0.0945342 -3.71159e-08
-0.0944443 -3.78077e-08
-0.0943544 -3.83879e-08
-0.0942645 -3.87758e-08
-0.0941746 -3.92268e-08
-0.0940847 -3.98523e-08
-0.0939948 -4.03429e-08
-0.0939049 -4.07801e-08
-0.0938149 -4.11502e-08
-0.093725 -4.14352e-08
-0.0936351 -4.1622e-08
-0.0935452 -4.16236e-08
-0.0934553 -4.16717e-08
-0.0933654 -4.18543e-08
-0.0932755 -4.15121e-08
-0.0931856 -4.11364e-08
-0.0930957 -4.04503e-08
-0.0930058 -3.96152e-08
-0.0929159 -3.90515e-08
-0.092826 -3.85586e-08
-0.0927361 -3.79854e-08
-0.0926462 -3.74896e-08
-0.0925563 -3.70982e-08
-0.0924664 -3.6795e-08
-0.0923765 -3.62597e-08
-0.0922866 -3.59549e-08
-0.0921967 -3.61092e-08
-0.0921068 -3.61996e-08
-0.0920169 -3.66662e-08
-0.091927 -3.72317e-08
-0.0918371 -3.75761e-08
-0.0917472 -3.81188e-08
-0.0916572 -3.86868e-08
-0.0915673 -3.89657e-08
-0.0914774 -3.90577e-08
-0.0913875 -3.92129e-08
-0.0912976 -3.95397e-08
-0.0912077 -3.9541e-08
-0.0911178 -3.93945e-08
-0.0910279 -3.91918e-08
-0.090938 -3.86282e-08
-0.0908481 -3.82449e-08
-0.0907582 -3.79394e-08
-0.0906683 -3.72071e-08
-0.0905784 -3.62057e-08
-0.0904885 -3.51732e-08
-0.0903986 -3.38354e-08
-0.0903087 -3.22827e-08
-0.0902188 -3.03508e-08
-0.0901289 -2.85921e-08
-0.090039 -2.68944e-08
-0.0899491 -2.56616e-08
-0.0898592 -2.44425e-08
-0.0897693 -2.29343e-08
-0.0896794 -2.16846e-08
-0.0895895 -2.09957e-08
-0.0894995 -2.08993e-08
-0.0894096 -2.09757e-08
-0.0893197 -2.14386e-08
-0.0892298 -2.19901e-08
-0.0891399 -2.25837e-08
-0.08905 -2.31077e-08
-0.0889601 -2.36047e-08
-0.0888702 -2.39772e-08
-0.0887803 -2.45728e-08
-0.0886904 -2.51584e-08
-0.0886005 -2.58027e-08
-0.0885106 -2.61234e-08
-0.0884207 -2.63147e-08
-0.0883308 -2.63541e-08
-0.0882409 -2.639e-08
-0.088151 -2.65343e-08
-0.0880611 -2.6635e-08
-0.0879712 -2.68413e-08
-0.0878813 -2.70956e-08
-0.0877914 -2.72764e-08
-0.0877015 -2.74274e-08
-0.0876116 -2.75698e-08
-0.0875217 -2.76462e-08
-0.0874318 -2.76638e-08
-0.0873418 -2.78046e-08
-0.0872519 -2.79682e-08
-0.087162 -2.79796e-08
-0.0870721 -2.79077e-08
-0.0869822 -2.79021e-08
-0.0868923 -2.77978e-08
-0.0868024 -2.77033e-08
-0.0867125 -2.76287e-08
-0.0866226 -2.76115e-08
-0.0865327 -2.75773e-08
-0.0864428 -2.75603e-08
-0.0863529 -2.75868e-08
-0.086263 -2.76139e-08
-0.0861731 -2.75975e-08
-0.0860832 -2.77352e-08
-0.0859933 -2.80161e-08
-0.0859034 -2.83841e-08
-0.0858135 -2.87885e-08
-0.0857236 -2.92492e-08
-0.0856337 -2.97845e-08
-0.0855438 -3.03376e-08
-0.0854539 -3.10039e-08
-0.085364 -3.20769e-08
-0.0852741 -3.30967e-08
-0.0851841 -3.42515e-08
-0.0850942 -3.53812e-08
-0.0850043 -3.63608e-08
-0.0849144 -3.72301e-08
-0.0848245 -3.78875e-08
-0.0847346 -3.82297e-08
-0.0846447 -3.83004e-08
-0.0845548 -3.83273e-08
-0.0844649 -3.84443e-08
-0.084375 -3.82939e-08
-0.0842851 -3.78562e-08
-0.0841952 -3.74483e-08
-0.0841053 -3.70004e-08
-0.0840154 -3.6764e-08
-0.0839255 -3.66231e-08
-0.0838356 -3.66738e-08
-0.0837457 -3.708e-08
-0.0836558 -3.75715e-08
-0.0835659 -3.80261e-08
-0.083476 -3.85184e-08
-0.0833861 -3.873e-08
-0.0832962 -3.89808e-08
-0.0832063 -3.92693e-08
-0.0831164 -3.96232e-08
-0.0830264 -3.98566e-08
-0.0829365 -4.00502e-08
-0.0828466 -4.0184e-08
-0.0827567 -4.01287e-08
-0.0826668 -3.93874e-08
-0.0825769 -3.88467e-08
-0.082487 -3.86523e-08
-0.0823971 -3.87017e-08
-0.0823072 -3.90576e-08
-0.0822173 -3.94289e-08
-0.0821274 -3.94046e-08
-0.0820375 -3.92995e-08
-0.0819476 -3.88435e-08
-0.0818577 -3.84705e-08
-0.0817678 -3.80319e-08
-0.0816779 -3.78785e-08
-0.081588 -3.80367e-08
-0.0814981 -3.78387e-08
-0.0814082 -3.74044e-08
-0.0813183 -3.65781e-08
-0.0812284 -3.54778e-08
-0.0811385 -3.46127e-08
-0.0810486 -3.3954e-08
-0.0809587 -3.34388e-08
-0.0808687 -3.30219e-08
-0.0807788 -3.22734e-08
-0.0806889 -3.16705e-08
-0.080599 -3.09449e-08
-0.0805091 -3.01637e-08
-0.0804192 -2.94981e-08
-0.0803293 -2.90347e-08
-0.0802394 -2.9005e-08
-0.0801495 -2.90639e-08
-0.0800596 -2.9035e-08
-0.0799697 -2.88711e-08
-0.0798798 -2.8739e-08
-0.0797899 -2.84627e-08
-0.0797 -2.8591e-08
-0.0796101 -2.88881e-08
-0.0795202 -2.93713e-08
-0.0794303 -2.9943e-08
-0.0793404 -3.0438e-08
-0.0792505 -3.04935e-08
-0.0791606 -3.0252e-08
-0.0790707 -3.02016e-08
-0.0789808 -2.99413e-08
-0.0788909 -2.93818e-08
-0.078801 -2.88874e-08
-0.078711 -2.83394e-08
-0.0786211 -2.73383e-08
-0.0785312 -2.57406e-08
-0.0784413 -2.39329e-08
-0.0783514 -2.24777e-08
-0.0782615 -2.1269e-08
-0.0781716 -2.04406e-08
-0.0780817 -1.97544e-08
-0.0779918 -1.89868e-08
-0.0779019 -1.86048e-08
-0.077812 -1.85225e-08
-0.0777221 -1.84433e-08
-0.0776322 -1.84186e-08
-0.0775423 -1.86307e-08
-0.0774524 -1.91037e-08
-0.0773625 -1.94744e-08
-0.0772726 -1.96731e-08
-0.0771827 -1.97211e-08
-0.0770928 -1.9474e-08
-0.0770029 -1.9298e-08
-0.076913 -1.91803e-08
-0.0768231 -1.88567e-08
-0.0767332 -1.82491e-08
-0.0766433 -1.75801e-08
-0.0765534 -1.66167e-08
-0.0764634 -1.5743e-08
-0.0763735 -1.50271e-08
-0.0762836 -1.44823e-08
-0.0761937 -1.39886e-08
-0.0761038 -1.37012e-08
-0.0760139 -1.3444e-08
-0.075924 -1.30378e-08
-0.0758341 -1.28849e-08
-0.0757442 -1.28103e-08
-0.0756543 -1.27038e-08
-0.0755644 -1.27745e-08
-0.0754745 -1.28491e-08
-0.0753846 -1.2852e-08
-0.0752947 -1.27943e-08
-0.0752048 -1.27082e-08
-0.0751149 -1.26467e-08
-0.075025 -1.25761e-08
-0.0749351 -1.24849e-08
-0.0748452 -1.24061e-08
-0.0747553 -1.23561e-08
-0.0746654 -1.25424e-08
-0.0745755 -1.27277e-08
-0.0744856 -1.26872e-08
-0.0743957 -1.26091e-08
-0.0743057 -1.24648e-08
-0.0742158 -1.23898e-08
-0.0741259 -1.2371e-08
-0.074036 -1.23249e-08
-0.0739461 -1.23227e-08
-0.0738562 -1.23018e-08
-0.0737663 -1.22964e-08
-0.0736764 -1.22616e-08
-0.0735865 -1.22637e-08
-0.0734966 -1.24559e-08
-0.0734067 -1.27175e-08
-0.0733168 -1.29558e-08
-0.0732269 -1.32424e-08
-0.073137 -1.3559e-08
-0.0730471 -1.39187e-08
-0.0729572 -1.43926e-08
-0.0728673 -1.48118e-08
-0.0727774 -1.53214e-08
-0.0726875 -1.57824e-08
-0.0725976 -1.62541e-08
-0.0725077 -1.67649e-08
-0.0724178 -1.71658e-08
-0.0723279 -1.75618e-08
-0.072238 -1.79249e-08
-0.072148 -1.83114e-08
-0.0720581 -1.86094e-08
-0.0719682 -1.88966e-08
-0.0718783 -1.9236e-08
-0.0717884 -1.96567e-08
-0.0716985 -2.00037e-08
-0.0716086 -2.0298e-08
-0.0715187 -2.05459e-08
-0.0714288 -2.07798e-08
-0.0713389 -2.10261e-08
-0.071249 -2.13171e-08
-0.0711591 -2.1662e-08
-0.0710692 -2.19671e-08
-0.0709793 -2.22717e-08
-0.0708894 -2.25885e-08
-0.0707995 -2.28153e-08
-0.0707096 -2.3001e-08
-0.0706197 -2.31609e-08
-0.0705298 -2.32522e-08
-0.0704399 -2.33276e-08
-0.07035 -2.34672e-08
-0.0702601 -2.35368e-08
-0.0701702 -2.35909e-08
-0.0700803 -2.36409e-08
-0.0699903 -2.37408e-08
-0.0699004 -2.38728e-08
-0.0698105 -2.40272e-08
-0.0697206 -2.42416e-08
-0.0696307 -2.44244e-08
-0.0695408 -2.46161e-08
-0.0694509 -2.48111e-08
-0.069361 -2.50275e-08
-0.0692711 -2.52285e-08
-0.0691812 -2.54062e-08
-0.0690913 -2.55187e-08
-0.0690014 -2.57081e-08
-0.0689115 -2.58298e-08
-0.0688216 -2.59112e-08
-0.0687317 -2.60118e-08
-0.0686418 -2.60963e-08
-0.0685519 -2.62521e-08
-0.068462 -2.64419e-08
-0.0683721 -2.66315e-08
-0.0682822 -2.67944e-08
-0.0681923 -2.69548e-08
-0.0681024 -2.71006e-08
-0.0680125 -2.7157e-08
-0.0679226 -2.71512e-08
-0.0678326 -2.70912e-08
-0.0677427 -2.6893e-08
-0.0676528 -2.66629e-08
-0.0675629 -2.64287e-08
-0.067473 -2.62042e-08
-0.0673831 -2.59968e-08
-0.0672932 -2.57992e-08
-0.0672033 -2.57127e-08
-0.0671134 -2.56306e-08
-0.0670235 -2.56033e-08
-0.0669336 -2.56045e-08
-0.0668437 -2.55799e-08
-0.0667538 -2.55997e-08
-0.0666639 -2.57493e-08
-0.066574 -2.59273e-08
-0.0664841 -2.6137e-08
-0.0663942 -2.63423e-08
-0.0663043 -2.6588e-08
-0.0662144 -2.6826e-08
-0.0661245 -2.70261e-08
-0.0660346 -2.71644e-08
-0.0659447 -2.73477e-08
-0.0658548 -2.75417e-08
-0.0657649 -2.7664e-08
-0.0656749 -2.77894e-08
-0.065585 -2.78473e-08
-0.0654951 -2.78972e-08
-0.0654052 -2.79766e-08
-0.0653153 -2.81434e-08
-0.0652254 -2.81538e-08
-0.0651355 -2.8144e-08
-0.0650456 -2.81363e-08
-0.0649557 -2.80979e-08
-0.0648658 -2.79532e-08
-0.0647759 -2.77599e-08
-0.064686 -2.76533e-08
-0.0645961 -2.76039e-08
-0.0645062 -2.75083e-08
-0.0644163 -2.7321e-08
-0.0643264 -2.69663e-08
-0.0642365 -2.6768e-08
-0.0641466 -2.65264e-08
-0.0640567 -2.62916e-08
-0.0639668 -2.61088e-08
-0.0638769 -2.58928e-08
-0.063787 -2.56952e-08
-0.0636971 -2.54929e-08
-0.0636072 -2.52348e-08
-0.0635172 -2.49896e-08
-0.0634273 -2.46385e-08
-0.0633374 -2.42104e-08
-0.0632475 -2.36038e-08
-0.0631576 -2.29592e-08
-0.0630677 -2.23819e-08
-0.0629778 -2.16647e-08
-0.0628879 -2.07528e-08
-0.062798 -1.97604e-08
-0.0627081 -1.88512e-08
-0.0626182 -1.80364e-08
-0.0625283 -1.73721e-08
-0.0624384 -1.66699e-08
-0.0623485 -1.60074e-08
-0.0622586 -1.55792e-08
-0.0621687 -1.53991e-08
-0.0620788 -1.5031e-08
-0.0619889 -1.45363e-08
-0.061899 -1.41089e-08
-0.0618091 -1.37542e-08
-0.0617192 -1.35006e-08
-0.0616293 -1.32997e-08
-0.0615394 -1.30526e-08
-0.0614495 -1.27934e-08
-0.0613595 -1.25666e-08
-0.0612696 -1.23341e-08
-0.0611797 -1.22038e-08
-0.0610898 -1.21078e-08
-0.0609999 -1.21038e-08
-0.06091 -1.2246e-08
-0.0608201 -1.24213e-08
-0.0607302 -1.25352e-08
-0.0606403 -1.25949e-08
-0.0605504 -1.27429e-08
-0.0604605 -1.28765e-08
-0.0603706 -1.30593e-08
-0.0602807 -1.32525e-08
-0.0601908 -1.33544e-08
-0.0601009 -1.33852e-08
-0.060011 -1.34328e-08
-0.0599211 -1.34572e-08
-0.0598312 -1.34608e-08
-0.0597413 -1.34108e-08
-0.0596514 -1.345e-08
-0.0595615 -1.34752e-08
-0.0594716 -1.35142e-08
-0.0593817 -1.36172e-08
-0.0592918 -1.36303e-08
-0.0592018 -1.3573e-08
-0.0591119 -1.34791e-08
-0.059022 -1.33005e-08
-0.0589321 -1.30816e-08
-0.0588422 -1.29131e-08
-0.0587523 -1.2821e-08
-0.0586624 -1.27153e-08
-0.0585725 -1.26431e-08
-0.0584826 -1.2657e-08
-0.0583927 -1.27825e-08
-0.0583028 -1.29664e-08
-0.0582129 -1.31824e-08
-0.058123 -1.34971e-08
-0.0580331 -1.38924e-08
-0.0579432 -1.42889e-08
-0.0578533 -1.47385e-08
-0.0577634 -1.51656e-08
-0.0576735 -1.56607e-08
-0.0575836 -1.61339e-08
-0.0574937 -1.64868e-08
-0.0574038 -1.67855e-08
-0.0573139 -1.70442e-08
-0.057224 -1.74212e-08
-0.0571341 -1.77651e-08
-0.0570442 -1.81193e-08
-0.0569542 -1.84603e-08
-0.0568643 -1.87605e-08
-0.0567744 -1.90739e-08
-0.0566845 -1.93469e-08
-0.0565946 -1.96209e-08
-0.0565047 -1.98135e-08
-0.0564148 -1.99727e-08
-0.0563249 -2.00488e-08
-0.056235 -2.0078e-08
-0.0561451 -2.01039e-08
-0.0560552 -2.01473e-08
-0.0559653 -2.01244e-08
-0.0558754 -2.00865e-08
-0.0557855 -2.00504e-08
-0.0556956 -2.01155e-08
-0.0556057 -2.02071e-08
-0.0555158 -2.02872e-08
-0.0554259 -2.02754e-08
-0.055336 -2.02791e-08
-0.0552461 -2.03825e-08
-0.0551562 -2.05143e-08
-0.0550663 -2.05219e-08
-0.0549764 -2.05571e-08
-0.0548865 -2.05745e-08
-0.0547965 -2.05995e-08
-0.0547066 -2.05693e-08
-0.0546167 -2.0562e-08
-0.0545268 -2.05746e-08
-0.0544369 -2.07321e-08
-0.054347 -2.1015e-08
-0.0542571 -2.12954e-08
-0.0541672 -2.15795e-08
-0.0540773 -2.18413e-08
-0.0539874 -2.21372e-08
-0.0538975 -2.23706e-08
-0.0538076 -2.25721e-08
-0.0537177 -2.26884e-08
-0.0536278 -2.27203e-08
-0.0535379 -2.27684e-08
-0.053448 -2.27903e-08
-0.0533581 -2.28522e-08
-0.0532682 -2.2981e-08
-0.0531783 -2.30849e-08
-0.0530884 -2.316e-08
-0.0529985 -2.31729e-08
-0.0529086 -2.32028e-08
-0.0528187 -2.32948e-08
-0.0527288 -2.34701e-08
-0.0526388 -2.36417e-08
-0.0525489 -2.37548e-08
-0.052459 -2.38262e-08
-0.0523691 -2.39533e-08
-0.0522792 -2.40851e-08
-0.0521893 -2.4154e-08
-0.0520994 -2.42553e-08
-0.0520095 -2.43895e-08
-0.0519196 -2.44333e-08
-0.0518297 -2.44557e-08
-0.0517398 -2.43704e-08
-0.0516499 -2.41183e-08
-0.05156 -2.38526e-08
-0.0514701 -2.36172e-08
-0.0513802 -2.33871e-08
-0.0512903 -2.30675e-08
-0.0512004 -2.27641e-08
-0.0511105 -2.24768e-08
-0.0510206 -2.22025e-08
-0.0509307 -2.19336e-08
-0.0508408 -2.17044e-08
-0.0507509 -2.14703e-08
-0.050661 -2.1259e-08
-0.0505711 -2.11078e-08
-0.0504811 -2.10375e-08
-0.0503912 -2.10531e-08
-0.0503013 -2.11099e-08
-0.0502114 -2.11942e-08
-0.0501215 -2.12514e-08
-0.0500316 -2.13154e-08
-0.0499417 -2.14127e-08
-0.0498518 -2.15357e-08
-0.0497619 -2.16528e-08
-0.049672 -2.17525e-08
-0.0495821 -2.18813e-08
-0.0494922 -2.20228e-08
-0.0494023 -2.21162e-08
-0.0493124 -2.21765e-08
-0.0492225 -2.222e-08
-0.0491326 -2.22776e-08
-0.0490427 -2.2285e-08
-0.0489528 -2.22853e-08
-0.0488629 -2.2274e-08
-0.048773 -2.22034e-08
-0.0486831 -2.20877e-08
-0.0485932 -2.19775e-08
-0.0485033 -2.18697e-08
-0.0484134 -2.1729e-08
-0.0483234 -2.16156e-08
-0.0482335 -2.15043e-08
-0.0481436 -2.13811e-08
-0.0480537 -2.12973e-08
-0.0479638 -2.1212e-08
-0.0478739 -2.10879e-08
-0.047784 -2.09637e-08
-0.0476941 -2.08496e-08
-0.0476042 -2.08265e-08
-0.0475143 -2.0923e-08
-0.0474244 -2.10525e-08
-0.0473345 -2.12017e-08
-0.0472446 -2.13778e-08
-0.0471547 -2.16175e-08
-0.0470648 -2.18769e-08
-0.0469749 -2.20885e-08
-0.046885 -2.2259e-08
-0.0467951 -2.23857e-08
-0.0467052 -2.25332e-08
-0.0466153 -2.26703e-08
-0.0465254 -2.2775e-08
-0.0464355 -2.28696e-08
-0.0463456 -2.29624e-08
-0.0462557 -2.29897e-08
-0.0461657 -2.30093e-08
-0.0460758 -2.29587e-08
-0.0459859 -2.29269e-08
-0.045896 -2.29395e-08
-0.0458061 -2.29846e-08
-0.0457162 -2.30592e-08
-0.0456263 -2.31534e-08
-0.0455364 -2.32797e-08
-0.0454465 -2.34231e-08
-0.0453566 -2.35655e-08
-0.0452667 -2.37284e-08
-0.0451768 -2.38739e-08
-0.0450869 -2.39833e-08
-0.044997 -2.40834e-08
-0.0449071 -2.4208e-08
-0.0448172 -2.4324e-08
-0.0447273 -2.44739e-08
-0.0446374 -2.46679e-08
-0.0445475 -2.48537e-08
-0.0444576 -2.50424e-08
-0.0443677 -2.52211e-08
-0.0442778 -2.5425e-08
-0.0441879 -2.56432e-08
-0.044098 -2.58541e-08
-0.044008 -2.60745e-08
-0.0439181 -2.63129e-08
-0.0438282 -2.65188e-08
-0.0437383 -2.66855e-08
-0.0436484 -2.68698e-08
-0.0435585 -2.70725e-08
-0.0434686 -2.72035e-08
-0.0433787 -2.72982e-08
-0.0432888 -2.73584e-08
-0.0431989 -2.73747e-08
-0.043109 -2.73565e-08
-0.0430191 -2.73635e-08
-0.0429292 -2.73355e-08
-0.0428393 -2.73185e-08
-0.0427494 -2.731e-08
-0.0426595 -2.7298e-08
-0.0425696 -2.72594e-08
-0.0424797 -2.72982e-08
-0.0423898 -2.73789e-08
-0.0422999 -2.74975e-08
-0.04221 -2.76215e-08
-0.0421201 -2.77349e-08
-0.0420302 -2.78505e-08
-0.0419403 -2.79029e-08
-0.0418503 -2.80353e-08
-0.0417604 -2.82083e-08
-0.0416705 -2.83472e-08
-0.0415806 -2.84637e-08
-0.0414907 -2.86197e-08
-0.0414008 -2.8816e-08
-0.0413109 -2.899e-08
-0.041221 -2.91915e-08
-0.0411311 -2.93493e-08
-0.0410412 -2.96037e-08
-0.0409513 -2.98122e-08
-0.0408614 -2.99817e-08
-0.0407715 -3.01906e-08
-0.0406816 -3.02781e-08
-0.0405917 -3.02817e-08
-0.0405018 -3.02843e-08
-0.0404119 -3.02528e-08
-0.040322 -3.00574e-08
-0.0402321 -2.98236e-08
-0.0401422 -2.92869e-08
-0.0400523 -2.86817e-08
-0.0399624 -2.79958e-08
-0.0398725 -2.70017e-08
-0.0397826 -2.53679e-08
-0.0396927 -2.2886e-08
-0.0396027 -1.93667e-08
-0.0395128 -1.42347e-08
-0.0394229 -7.5633e-09
-0.039333 -1.70106e-09
-0.0392431 2.88483e-09
-0.0391532 5.96935e-09
-0.0390633 8.16174e-09
-0.0389734 1.01386e-08
-0.0388835 1.16446e-08
-0.0387936 1.28406e-08
-0.0387037 1.38965e-08
-0.0386138 1.47428e-08
-0.0385239 1.52731e-08
-0.038434 1.55849e-08
-0.0383441 1.57688e-08
-0.0382542 1.59434e-08
-0.0381643 1.62056e-08
-0.0380744 1.64456e-08
-0.0379845 1.65966e-08
-0.0378946 1.65774e-08
-0.0378047 1.64787e-08
-0.0377148 1.65089e-08
-0.0376249 1.65031e-08
-0.037535 1.6383e-08
-0.037445 1.62153e-08
-0.0373551 1.60671e-08
-0.0372652 1.59711e-08
-0.0371753 1.59054e-08
-0.0370854 1.58871e-08
-0.0369955 1.58361e-08
-0.0369056 1.56877e-08
-0.0368157 1.54258e-08
-0.0367258 1.50958e-08
-0.0366359 1.47201e-08
-0.036546 1.4377e-08
-0.0364561 1.40936e-08
-0.0363662 1.38172e-08
-0.0362763 1.35676e-08
-0.0361864 1.32766e-08
-0.0360965 1.29955e-08
-0.0360066 1.27544e-08
-0.0359167 1.25269e-08
-0.0358268 1.23012e-08
-0.0357369 1.20866e-08
-0.035647 1.1783e-08
-0.0355571 1.14767e-08
-0.0354672 1.11753e-08
-0.0353773 1.09071e-08
-0.0352873 1.06206e-08
-0.0351974 1.02958e-08
-0.0351075 9.92217e-09
-0.0350176 9.51566e-09
-0.0349277 9.14042e-09
-0.0348378 8.78181e-09
-0.0347479 8.40147e-09
-0.034658 8.04394e-09
-0.0345681 7.72888e-09
-0.0344782 7.43464e-09
-0.0343883 7.0954e-09
-0.0342984 6.79536e-09
-0.0342085 6.45436e-09
-0.0341186 6.09989e-09
-0.0340287 5.72514e-09
-0.0339388 5.34115e-09
-0.0338489 4.99616e-09
-0.033759 4.65499e-09
-0.0336691 4.27679e-09
-0.0335792 3.90535e-09
-0.0334893 3.5623e-09
-0.0333994 3.20864e-09
-0.0333095 2.85224e-09
-0.0332196 2.51995e-09
-0.0331296 2.19039e-09
-0.0330397 1.867e-09
-0.0329498 1.59453e-09
-0.0328599 1.31627e-09
-0.03277 1.03728e-09
-0.0326801 7.62332e-10
-0.0325902 4.91677e-10
-0.0325003 2.29254e-10
-0.0324104 -2.60388e-11
-0.0323205 -2.7099e-10
-0.0322306 -5.42586e-10
-0.0321407 -8.0584e-10
-0.0320508 -1.04745e-09
-0.0319609 -1.27121e-09
-0.031871 -1.46689e-09
-0.0317811 -1.65571e-09
-0.0316912 -1.8516e-09
-0.0316013 -2.0522e-09
-0.0315114 -2.20859e-09
-0.0314215 -2.37205e-09
-0.0313316 -2.51164e-09
-0.0312417 -2.66272e-09
-0.0311518 -2.83263e-09
-0.0310619 -2.97979e-09
-0.0309719 -3.09335e-09
-0.030882 -3.19816e-09
-0.0307921 -3.28974e-09
-0.0307022 -3.36097e-09
-0.0306123 -3.44048e-09
-0.0305224 -3.52327e-09
-0.0304325 -3.6142e-09
-0.0303426 -3.71889e-09
-0.0302527 -3.81239e-09
-0.0301628 -3.90497e-09
-0.0300729 -3.99085e-09
-0.029983 -4.06619e-09
-0.0298931 -4.15927e-09
-0.0298032 -4.27385e-09
-0.0297133 -4.3936e-09
-0.0296234 -4.53722e-09
-0.0295335 -4.65607e-09
-0.0294436 -4.78982e-09
-0.0293537 -4.92891e-09
-0.0292638 -5.06098e-09
-0.0291739 -5.16841e-09
-0.029084 -5.27058e-09
-0.0289941 -5.37991e-09
-0.0289042 -5.50432e-09
-0.0288142 -5.65913e-09
-0.0287243 -5.80978e-09
-0.0286344 -5.95381e-09
-0.0285445 -6.10003e-09
-0.0284546 -6.23795e-09
-0.0283647 -6.38865e-09
-0.0282748 -6.51203e-09
-0.0281849 -6.61124e-09
-0.028095 -6.68277e-09
-0.0280051 -6.74883e-09
-0.0279152 -6.78802e-09
-0.0278253 -6.80549e-09
-0.0277354 -6.80307e-09
-0.0276455 -6.77631e-09
-0.0275556 -6.70642e-09
-0.0274657 -6.60711e-09
-0.0273758 -6.51837e-09
-0.0272859 -6.43475e-09
-0.027196 -6.34533e-09
-0.0271061 -6.24867e-09
-0.0270162 -6.13387e-09
-0.0269263 -6.01613e-09
-0.0268364 -5.86473e-09
-0.0267465 -5.70437e-09
-0.0266565 -5.52212e-09
-0.0265666 -5.32918e-09
-0.0264767 -5.11942e-09
-0.0263868 -4.88184e-09
-0.0262969 -4.62613e-09
-0.026207 -4.40804e-09
-0.0261171 -4.19627e-09
-0.0260272 -4.00504e-09
-0.0259373 -3.85047e-09
-0.0258474 -3.71027e-09
-0.0257575 -3.57832e-09
-0.0256676 -3.46571e-09
-0.0255777 -3.32424e-09
-0.0254878 -3.18176e-09
-0.0253979 -3.05793e-09
-0.025308 -2.9219e-09
-0.0252181 -2.76865e-09
-0.0251282 -2.64729e-09
-0.0250383 -2.50736e-09
-0.0249484 -2.36242e-09
-0.0248585 -2.22245e-09
-0.0247686 -2.08046e-09
-0.0246787 -1.92598e-09
-0.0245888 -1.77482e-09
-0.0244988 -1.62686e-09
-0.0244089 -1.48239e-09
-0.024319 -1.36107e-09
-0.0242291 -1.23837e-09
-0.0241392 -1.12941e-09
-0.0240493 -1.02369e-09
-0.0239594 -9.13222e-10
-0.0238695 -7.90844e-10
-0.0237796 -6.66737e-10
-0.0236897 -5.17825e-10
-0.0235998 -3.68875e-10
-0.0235099 -2.23252e-10
-0.02342 -1.14339e-10
-0.0233301 -6.47788e-11
-0.0232402 -1.52481e-11
-0.0231503 -1.74376e-13
-0.0230604 -1.10368e-11
-0.0229705 4.5522e-12
-0.0228806 -8.66356e-12
-0.0227907 -6.44878e-11
-0.0227008 -1.77492e-10
-0.0226109 -2.83969e-10
-0.022521 -4.15869e-10
-0.0224311 -5.25389e-10
-0.0223411 -6.80557e-10
-0.0222512 -9.05376e-10
-0.0221613 -1.14773e-09
-0.0220714 -1.39833e-09
-0.0219815 -1.67146e-09
-0.0218916 -1.95626e-09
-0.0218017 -2.21127e-09
-0.0217118 -2.46476e-09
-0.0216219 -2.75356e-09
-0.021532 -3.04106e-09
-0.0214421 -3.31156e-09
-0.0213522 -3.59863e-09
-0.0212623 -3.8975e-09
-0.0211724 -4.25888e-09
-0.0210825 -4.61292e-09
-0.0209926 -4.93634e-09
-0.0209027 -5.34031e-09
-0.0208128 -5.74003e-09
-0.0207229 -6.08203e-09
-0.020633 -6.29815e-09
-0.0205431 -6.49227e-09
-0.0204532 -6.67221e-09
-0.0203633 -6.85203e-09
-0.0202734 -7.14458e-09
-0.0201835 -7.45557e-09
-0.0200935 -7.80148e-09
-0.0200036 -8.16924e-09
-0.0199137 -8.6238e-09
-0.0198238 -9.22245e-09
-0.0197339 -9.93044e-09
-0.019644 -1.06603e-08
-0.0195541 -1.13611e-08
-0.0194642 -1.21498e-08
-0.0193743 -1.30074e-08
-0.0192844 -1.38394e-08
-0.0191945 -1.47365e-08
-0.0191046 -1.56247e-08
-0.0190147 -1.65378e-08
-0.0189248 -1.75673e-08
-0.0188349 -1.86868e-08
-0.018745 -1.9938e-08
-0.0186551 -2.12414e-08
-0.0185652 -2.25027e-08
-0.0184753 -2.38348e-08
-0.0183854 -2.51661e-08
-0.0182955 -2.64546e-08
-0.0182056 -2.7553e-08
-0.0181157 -2.85354e-08
-0.0180258 -2.93951e-08
-0.0179358 -3.02126e-08
-0.0178459 -3.10203e-08
-0.017756 -3.18066e-08
-0.0176661 -3.25755e-08
-0.0175762 -3.32627e-08
-0.0174863 -3.39287e-08
-0.0173964 -3.4632e-08
-0.0173065 -3.53457e-08
-0.0172166 -3.61039e-08
-0.0171267 -3.67914e-08
-0.0170368 -3.74949e-08
-0.0169469 -3.81518e-08
-0.016857 -3.88101e-08
-0.0167671 -3.94344e-08
-0.0166772 -4.00534e-08
-0.0165873 -4.05794e-08
-0.0164974 -4.09988e-08
-0.0164075 -4.14286e-08
-0.0163176 -4.18547e-08
-0.0162277 -4.2289e-08
-0.0161378 -4.27694e-08
-0.0160479 -4.32734e-08
-0.015958 -4.37956e-08
-0.0158681 -4.42764e-08
-0.0157781 -4.477e-08
-0.0156882 -4.52283e-08
-0.0155983 -4.57091e-08
-0.0155084 -4.61078e-08
-0.0154185 -4.64334e-08
-0.0153286 -4.67381e-08
-0.0152387 -4.69982e-08
-0.0151488 -4.72458e-08
-0.0150589 -4.75086e-08
-0.014969 -4.77663e-08
-0.0148791 -4.79384e-08
-0.0147892 -4.80807e-08
-0.0146993 -4.82102e-08
-0.0146094 -4.83118e-08
-0.0145195 -4.84723e-08
-0.0144296 -4.8638e-08
-0.0143397 -4.88006e-08
-0.0142498 -4.89519e-08
-0.0141599 -4.90633e-08
-0.01407 -4.91645e-08
-0.0139801 -4.92398e-08
-0.0138902 -4.92793e-08
-0.0138003 -4.92564e-08
-0.0137104 -4.9219e-08
-0.0136204 -4.90743e-08
-0.0135305 -4.88829e-08
-0.0134406 -4.86226e-08
-0.0133507 -4.83209e-08
-0.0132608 -4.80764e-08
-0.0131709 -4.78815e-08
-0.013081 -4.75922e-08
-0.0129911 -4.7187e-08
-0.0129012 -4.66576e-08
-0.0128113 -4.60796e-08
-0.0127214 -4.56116e-08
-0.0126315 -4.4726e-08
-0.0125416 -4.34233e-08
-0.0124517 -4.16632e-08
-0.0123618 -3.92514e-08
-0.0122719 -3.63418e-08
-0.012182 -3.27832e-08
-0.0120921 -2.89195e-08
-0.0120022 -2.49834e-08
-0.0119123 -2.15871e-08
-0.0118224 -1.87329e-08
-0.0117325 -1.62893e-08
-0.0116426 -1.42044e-08
-0.0115527 -1.26008e-08
-0.0114627 -1.13178e-08
-0.0113728 -1.04288e-08
-0.0112829 -9.71087e-09
-0.011193 -9.06048e-09
-0.0111031 -8.43119e-09
-0.0110132 -7.84935e-09
-0.0109233 -7.4055e-09
-0.0108334 -6.89172e-09
-0.0107435 -6.43948e-09
-0.0106536 -6.07668e-09
-0.0105637 -5.75334e-09
-0.0104738 -5.39732e-09
-0.0103839 -4.92453e-09
-0.010294 -4.385e-09
-0.0102041 -3.89148e-09
-0.0101142 -3.35714e-09
-0.0100243 -2.85173e-09
-0.00993438 -2.323e-09
-0.00984447 -1.81765e-09
-0.00975457 -1.41152e-09
-0.00966466 -1.11948e-09
-0.00957476 -9.10531e-10
-0.00948486 -6.32965e-10
-0.00939495 -2.68819e-10
-0.00930505 9.01784e-11
-0.00921514 4.61386e-10
-0.00912524 8.83865e-10
-0.00903534 1.33361e-09
-0.00894543 1.70947e-09
-0.00885553 2.09953e-09
-0.00876562 2.47455e-09
-0.00867572 2.79421e-09
-0.00858582 3.09632e-09
-0.00849591 3.40669e-09
-0.00840601 3.76557e-09
-0.0083161 4.11243e-09
-0.0082262 4.40232e-09
-0.00813629 4.69617e-09
-0.00804639 4.99653e-09
-0.00795649 5.25305e-09
-0.00786658 5.45598e-09
-0.00777668 5.67188e-09
-0.00768677 5.92791e-09
-0.00759687 6.18075e-09
-0.00750697 6.41081e-09
-0.00741706 6.60125e-09
-0.00732716 6.76284e-09
-0.00723725 6.88637e-09
-0.00714735 6.9977e-09
-0.00705744 7.07828e-09
-0.00696754 7.12871e-09
-0.00687764 7.13387e-09
-0.00678773 7.10674e-09
-0.00669783 7.10804e-09
-0.00660792 7.09152e-09
-0.00651802 7.02572e-09
-0.00642812 6.92565e-09
-0.00633821 6.79961e-09
-0.00624831 6.66339e-09
-0.0061584 6.5112e-09
-0.0060685 6.37083e-09
-0.00597859 6.22351e-09
-0.00588869 6.07771e-09
-0.00579879 5.90327e-09
-0.00570888 5.71451e-09
-0.00561898 5.51875e-09
-0.00552907 5.29843e-09
-0.00543917 5.05847e-09
-0.00534927 4.81865e-09
-0.00525936 4.58605e-09
-0.00516946 4.36299e-09
-0.00507955 4.14096e-09
-0.00498965 3.927e-09
-0.00489975 3.7226e-09
-0.00480984 3.52147e-09
-0.00471994 3.3228e-09
-0.00463003 3.09095e-09
-0.00454013 2.84409e-09
-0.00445022 2.60787e-09
-0.00436032 2.37323e-09
-0.00427042 2.15607e-09
-0.00418051 1.94823e-09
-0.00409061 1.75058e-09
-0.0040007 1.53539e-09
-0.0039108 1.34032e-09
-0.0038209 1.15318e-09
-0.00373099 9.66394e-10
-0.00364109 7.88306e-10
-0.00355118 5.8508e-10
-0.00346128 3.92275e-10
-0.00337137 2.16925e-10
-0.00328147 4.48404e-11
-0.00319157 -1.10373e-10
-0.00310166 -2.4637e-10
-0.00301176 -3.84863e-10
-0.00292185 -5.226e-10
-0.00283195 -6.3009e-10
-0.00274205 -7.34238e-10
-0.00265214 -8.38897e-10
-0.00256224 -9.30218e-10
-0.00247233 -1.01897e-09
-0.00238243 -1.09239e-09
-0.00229252 -1.15049e-09
-0.00220262 -1.22065e-09
-0.00211272 -1.26521e-09
-0.00202281 -1.30885e-09
-0.00193291 -1.33092e-09
-0.001843 -1.34215e-09
-0.0017531 -1.33631e-09
-0.0016632 -1.31163e-09
-0.00157329 -1.30165e-09
-0.00148339 -1.28281e-09
-0.00139348 -1.26971e-09
-0.00130358 -1.23931e-09
-0.00121368 -1.20786e-09
-0.00112377 -1.17899e-09
-0.00103387 -1.13306e-09
-0.000943963 -1.09101e-09
-0.000854059 -1.02084e-09
-0.000764154 -9.59935e-10
-0.00067425 -8.70035e-10
-0.000584346 -7.70001e-10
-0.000494442 -6.9327e-10
-0.000404538 -6.21627e-10
-0.000314634 -5.39469e-10
-0.00022473 -4.37868e-10
-0.000134825 -3.14762e-10
-4.49212e-05 -1.67569e-10
4.49829e-05 0
0.000134887 1.87076e-10
0.000224791 3.82085e-10
0.000314695 5.89671e-10
0.0004046 8.23834e-10
0.000494504 1.06473e-09
0.000584408 1.31882e-09
0.000674312 1.5823e-09
0.000764216 1.87223e-09
0.00085412 2.2009e-09
0.000944024 2.56203e-09
0.00103393 2.95541e-09
0.00112383 3.37306e-09
0.00121374 3.80648e-09
0.00130364 4.24233e-09
0.00139355 4.70395e-09
0.00148345 5.1585e-09
0.00157335 5.61908e-09
0.00166326 6.11739e-09
0.00175316 6.59555e-09
0.00184307 7.07678e-09
0.00193297 7.56768e-09
0.00202287 8.04362e-09
0.00211278 8.50228e-09
0.00220268 8.92507e-09
0.00229259 9.31993e-09
0.00238249 9.68147e-09
0.00247239 1.00203e-08
0.0025623 1.0341e-08
0.0026522 1.06667e-08
0.00274211 1.0993e-08
0.00283201 1.12781e-08
0.00292192 1.15512e-08
0.00301182 1.1812e-08
0.00310172 1.20536e-08
0.00319163 1.22749e-08
0.00328153 1.24634e-08
0.00337144 1.26348e-08
0.00346134 1.27677e-08
0.00355124 1.28703e-08
0.00364115 1.29962e-08
0.00373105 1.31306e-08
0.00382096 1.32427e-08
0.00391086 1.33354e-08
0.00400077 1.34322e-08
0.00409067 1.35276e-08
0.00418057 1.36264e-08
0.00427048 1.37317e-08
0.00436038 1.38257e-08
0.00445029 1.39112e-08
0.00454019 1.39725e-08
0.00463009 1.40334e-08
0.00472 1.41291e-08
0.0048099 1.42232e-08
0.00489981 1.42999e-08
0.00498971 1.43836e-08
0.00507962 1.44774e-08
0.00516952 1.45712e-08
0.00525942 1.46744e-08
0.00534933 1.47964e-08
0.00543923 1.49036e-08
0.00552914 1.49943e-08
0.00561904 1.50583e-08
0.00570894 1.51265e-08
0.00579885 1.52295e-08
0.00588875 1.53343e-08
0.00597866 1.54474e-08
0.00606856 1.5575e-08
0.00615846 1.57046e-08
0.00624837 1.58485e-08
0.00633827 1.60062e-08
0.00642818 1.62024e-08
0.00651808 1.64158e-08
0.00660799 1.65793e-08
0.00669789 1.66909e-08
0.00678779 1.68456e-08
0.0068777 1.70185e-08
0.0069676 1.71701e-08
0.00705751 1.73495e-08
0.00714741 1.7571e-08
0.00723731 1.78306e-08
0.00732722 1.81175e-08
0.00741712 1.8434e-08
0.00750703 1.88807e-08
0.00759693 1.93788e-08
0.00768684 1.97815e-08
0.00777674 2.02675e-08
0.00786664 2.08785e-08
0.00795655 2.14708e-08
0.00804645 2.2144e-08
0.00813636 2.30611e-08
0.00822626 2.44887e-08
0.00831616 2.65305e-08
0.00840607 2.9151e-08
0.00849597 3.27379e-08
0.00858588 3.72389e-08
0.00867578 4.22068e-08
0.00876569 4.68454e-08
0.00885559 5.08778e-08
0.00894549 5.41273e-08
0.0090354 5.68477e-08
0.0091253 5.90717e-08
0.00921521 6.06386e-08
0.00930511 6.17075e-08
0.00939501 6.26352e-08
0.00948492 6.34918e-08
0.00957482 6.40925e-08
0.00966473 6.44871e-08
0.00975463 6.49145e-08
0.00984453 6.51957e-08
0.00993444 6.55592e-08
0.0100243 6.59215e-08
0.0101142 6.61517e-08
0.0102042 6.63459e-08
0.0102941 6.6528e-08
0.010384 6.66293e-08
0.0104739 6.66828e-08
0.0105638 6.67328e-08
0.0106537 6.66723e-08
0.0107436 6.66375e-08
0.0108335 6.66276e-08
0.0109234 6.65927e-08
0.0110133 6.66445e-08
0.0111032 6.66399e-08
0.0111931 6.65634e-08
0.011283 6.64888e-08
0.0113729 6.64491e-08
0.0114628 6.63812e-08
0.0115527 6.62809e-08
0.0116426 6.61082e-08
0.0117325 6.58818e-08
0.0118224 6.57323e-08
0.0119123 6.56068e-08
0.0120022 6.55162e-08
0.0120921 6.53762e-08
0.012182 6.51545e-08
0.0122719 6.48408e-08
0.0123619 6.44736e-08
0.0124518 6.40862e-08
0.0125417 6.37219e-08
0.0126316 6.32146e-08
0.0127215 6.24395e-08
0.0128114 6.14815e-08
0.0129013 6.04246e-08
0.0129912 5.9185e-08
0.0130811 5.75223e-08
0.013171 5.44789e-08
0.0132609 4.91596e-08
0.0133508 4.19766e-08
0.0134407 3.48617e-08
0.0135306 2.95974e-08
0.0136205 2.60563e-08
0.0137104 2.37158e-08
0.0138003 2.20372e-08
0.0138902 2.11177e-08
0.0139801 2.04729e-08
0.01407 2.00235e-08
0.0141599 1.96921e-08
0.0142498 1.95271e-08
0.0143397 1.94059e-08
0.0144296 1.94696e-08
0.0145196 1.97404e-08
0.0146095 1.99453e-08
0.0146994 2.01176e-08
0.0147893 2.02344e-08
0.0148792 2.03264e-08
0.0149691 2.04769e-08
0.015059 2.06087e-08
0.0151489 2.07254e-08
0.0152388 2.08226e-08
0.0153287 2.09496e-08
0.0154186 2.10462e-08
0.0155085 2.11885e-08
0.0155984 2.13755e-08
0.0156883 2.15423e-08
0.0157782 2.17012e-08
0.0158681 2.18107e-08
0.015958 2.19012e-08
0.0160479 2.19679e-08
0.0161378 2.19822e-08
0.0162277 2.1995e-08
0.0163176 2.20203e-08
0.0164075 2.20716e-08
0.0164974 2.2106e-08
0.0165873 2.21403e-08
0.0166773 2.21787e-08
0.0167672 2.22252e-08
0.0168571 2.22713e-08
0.016947 2.22835e-08
0.0170369 2.22823e-08
0.0171268 2.22494e-08
0.0172167 2.21771e-08
0.0173066 2.21135e-08
0.0173965 2.20792e-08
0.0174864 2.20551e-08
0.0175763 2.20323e-08
0.0176662 2.20067e-08
0.0177561 2.19622e-08
0.017846 2.19244e-08
0.0179359 2.18771e-08
0.0180258 2.18053e-08
0.0181157 2.17234e-08
0.0182056 2.16221e-08
0.0182955 2.14997e-08
0.0183854 2.14041e-08
0.0184753 2.13363e-08
0.0185652 2.12811e-08
0.0186551 2.12458e-08
0.018745 2.11947e-08
0.0188349 2.1129e-08
0.0189249 2.1063e-08
0.0190148 2.09873e-08
0.0191047 2.09059e-08
0.0191946 2.082e-08
0.0192845 2.07225e-08
0.0193744 2.06278e-08
0.0194643 2.0558e-08
0.0195542 2.04936e-08
0.0196441 2.04534e-08
0.019734 2.04269e-08
0.0198239 2.03792e-08
0.0199138 2.03229e-08
0.0200037 2.02651e-08
0.0200936 2.01919e-08
0.0201835 2.01353e-08
0.0202734 2.01008e-08
0.0203633 2.00775e-08
0.0204532 2.00705e-08
0.0205431 2.00609e-08
0.020633 2.00475e-08
0.0207229 2.00454e-08
0.0208128 2.00451e-08
0.0209027 2.00511e-08
0.0209926 2.00627e-08
0.0210826 2.00769e-08
0.0211725 2.0081e-08
0.0212624 2.01359e-08
0.0213523 2.02359e-08
0.0214422 2.03715e-08
0.0215321 2.05049e-08
0.021622 2.0629e-08
0.0217119 2.07388e-08
0.0218018 2.08458e-08
0.0218917 2.09778e-08
0.0219816 2.11496e-08
0.0220715 2.13376e-08
0.0221614 2.15224e-08
0.0222513 2.17117e-08
0.0223412 2.19414e-08
0.0224311 2.22115e-08
0.022521 2.24961e-08
0.0226109 2.2753e-08
0.0227008 2.30063e-08
0.0227907 2.32176e-08
0.0228806 2.34502e-08
0.0229705 2.37135e-08
0.0230604 2.39985e-08
0.0231503 2.42927e-08
0.0232403 2.45681e-08
0.0233302 2.48251e-08
0.0234201 2.50739e-08
0.02351 2.53318e-08
0.0235999 2.55601e-08
0.0236898 2.57652e-08
0.0237797 2.59448e-08
0.0238696 2.6098e-08
0.0239595 2.62697e-08
0.0240494 2.64232e-08
0.0241393 2.65761e-08
0.0242292 2.67386e-08
0.0243191 2.6868e-08
0.024409 2.69744e-08
0.0244989 2.70515e-08
0.0245888 2.71019e-08
0.0246787 2.71323e-08
0.0247686 2.71628e-08
0.0248585 2.71786e-08
0.0249484 2.72136e-08
0.0250383 2.72442e-08
0.0251282 2.72658e-08
0.0252181 2.7317e-08
0.025308 2.73821e-08
0.025398 2.74078e-08
0.0254879 2.74283e-08
0.0255778 2.74271e-08
0.0256677 2.74166e-08
0.0257576 2.7424e-08
0.0258475 2.74255e-08
0.0259374 2.74354e-08
0.0260273 2.74585e-08
0.0261172 2.7474e-08
0.0262071 2.74985e-08
0.026297 2.75526e-08
0.0263869 2.76043e-08
0.0264768 2.76301e-08
0.0265667 2.76848e-08
0.0266566 2.77297e-08
0.0267465 2.77968e-08
0.0268364 2.78643e-08
0.0269263 2.79084e-08
0.0270162 2.79832e-08
0.0271061 2.80532e-08
0.027196 2.81153e-08
0.0272859 2.81946e-08
0.0273758 2.82668e-08
0.0274657 2.83383e-08
0.0275557 2.84227e-08
0.0276456 2.85508e-08
0.0277355 2.8696e-08
0.0278254 2.88607e-08
0.0279153 2.90053e-08
0.0280052 2.91774e-08
0.0280951 2.94077e-08
0.028185 2.96102e-08
0.0282749 2.98352e-08
0.0283648 3.00571e-08
0.0284547 3.02687e-08
0.0285446 3.0579e-08
0.0286345 3.09942e-08
0.0287244 3.16262e-08
0.0288143 3.24001e-08
0.0289042 3.33353e-08
0.0289941 3.45782e-08
0.029084 3.61591e-08
0.0291739 3.80902e-08
0.0292638 4.05386e-08
0.0293537 4.39181e-08
0.0294436 4.81518e-08
0.0295335 5.34687e-08
0.0296234 5.89562e-08
0.0297134 6.36456e-08
0.0298033 6.70264e-08
0.0298932 6.93748e-08
0.0299831 7.1259e-08
0.030073 7.25955e-08
0.0301629 7.35926e-08
0.0302528 7.43724e-08
0.0303427 7.49333e-08
0.0304326 7.52501e-08
0.0305225 7.55819e-08
0.0306124 7.592e-08
0.0307023 7.61742e-08
0.0307922 7.64143e-08
0.0308821 7.6628e-08
0.030972 7.68854e-08
0.0310619 7.71996e-08
0.0311518 7.74514e-08
0.0312417 7.7705e-08
0.0313316 7.78806e-08
0.0314215 7.7991e-08
0.0315114 7.80405e-08
0.0316013 7.81277e-08
0.0316912 7.82244e-08
0.0317811 7.83337e-08
0.0318711 7.84771e-08
0.031961 7.85945e-08
0.0320509 7.87878e-08
0.0321408 7.89987e-08
0.0322307 7.92079e-08
0.0323206 7.94481e-08
0.0324105 7.96342e-08
0.0325004 7.98422e-08
0.0325903 8.00436e-08
0.0326802 8.03338e-08
0.0327701 8.05891e-08
0.03286 8.08845e-08
0.0329499 8.11881e-08
0.0330398 8.14987e-08
0.0331297 8.18457e-08
0.0332196 8.21927e-08
0.0333095 8.25962e-08
0.0333994 8.29847e-08
0.0334893 8.33555e-08
0.0335792 8.37547e-08
0.0336691 8.42321e-08
0.033759 8.48496e-08
0.0338489 8.5542e-08
0.0339388 8.63117e-08
0.0340288 8.70753e-08
0.0341187 8.7863e-08
0.0342086 8.86382e-08
0.0342985 8.94722e-08
0.0343884 9.03326e-08
0.0344783 9.1188e-08
0.0345682 9.19482e-08
0.0346581 9.27701e-08
0.034748 9.3645e-08
0.0348379 9.45669e-08
0.0349278 9.55327e-08
0.0350177 9.64448e-08
0.0351076 9.73544e-08
0.0351975 9.82e-08
0.0352874 9.90184e-08
0.0353773 9.98041e-08
0.0354672 1.00564e-07
0.0355571 1.01266e-07
0.035647 1.01897e-07
0.0357369 1.02558e-07
0.0358268 1.03143e-07
0.0359167 1.03701e-07
0.0360066 1.04226e-07
0.0360965 1.04745e-07
0.0361865 1.05286e-07
0.0362764 1.05787e-07
0.0363663 1.06267e-07
0.0364562 1.06686e-07
0.0365461 1.07039e-07
0.036636 1.07319e-07
0.0367259 1.07611e-07
0.0368158 1.07933e-07
0.0369057 1.0824e-07
0.0369956 1.08532e-07
0.0370855 1.08816e-07
0.0371754 1.09085e-07
0.0372653 1.09336e-07
0.0373552 1.09501e-07
0.0374451 1.09641e-07
0.037535 1.09716e-07
0.0376249 1.09667e-07
0.0377148 1.09489e-07
0.0378047 1.09315e-07
0.0378946 1.09228e-07
0.0379845 1.09149e-07
0.0380744 1.09136e-07
0.0381643 1.09161e-07
0.0382542 1.09138e-07
0.0383441 1.09021e-07
0.0384341 1.08799e-07
0.038524 1.08544e-07
0.0386139 1.08214e-07
0.0387038 1.07921e-07
0.0387937 1.07578e-07
0.0388836 1.07221e-07
0.0389735 1.0694e-07
0.0390634 1.06723e-07
0.0391533 1.06484e-07
0.0392432 1.06248e-07
0.0393331 1.0607e-07
0.039423 1.05762e-07
0.0395129 1.05447e-07
0.0396028 1.051e-07
0.0396927 1.0477e-07
0.0397826 1.04542e-07
0.0398725 1.04301e-07
0.0399624 1.04037e-07
0.0400523 1.03818e-07
0.0401422 1.03632e-07
0.0402321 1.03421e-07
0.040322 1.03256e-07
0.0404119 1.03091e-07
0.0405018 1.02844e-07
0.0405918 1.02593e-07
0.0406817 1.02371e-07
0.0407716 1.02259e-07
0.0408615 1.02136e-07
0.0409514 1.02052e-07
0.0410413 1.02029e-07
0.0411312 1.02032e-07
0.0412211 1.02048e-07
0.041311 1.02043e-07
0.0414009 1.02076e-07
0.0414908 1.02186e-07
0.0415807 1.02338e-07
0.0416706 1.02463e-07
0.0417605 1.02618e-07
0.0418504 1.02805e-07
0.0419403 1.0297e-07
0.0420302 1.03132e-07
0.0421201 1.03364e-07
0.04221 1.03633e-07
0.0422999 1.03906e-07
0.0423898 1.04197e-07
0.0424797 1.0455e-07
0.0425696 1.04964e-07
0.0426595 1.05347e-07
0.0427495 1.05721e-07
0.0428394 1.06095e-07
0.0429293 1.06469e-07
0.0430192 1.06845e-07
0.0431091 1.07192e-07
0.043199 1.07554e-07
0.0432889 1.0788e-07
0.0433788 1.08234e-07
0.0434687 1.08617e-07
0.0435586 1.09036e-07
0.0436485 1.09464e-07
0.0437384 1.0983e-07
0.0438283 1.102e-07
0.0439182 1.10589e-07
0.0440081 1.10968e-07
0.044098 1.11361e-07
0.0441879 1.11735e-07
0.0442778 1.121e-07
0.0443677 1.12449e-07
0.0444576 1.12795e-07
0.0445475 1.13162e-07
0.0446374 1.13536e-07
0.0447273 1.13913e-07
0.0448172 1.14229e-07
0.0449072 1.14531e-07
0.0449971 1.14836e-07
0.045087 1.15126e-07
0.0451769 1.15409e-07
0.0452668 1.15685e-07
0.0453567 1.15974e-07
0.0454466 1.1625e-07
0.0455365 1.16474e-07
0.0456264 1.16681e-07
0.0457163 1.16906e-07
0.0458062 1.17133e-07
0.0458961 1.17321e-07
0.045986 1.17498e-07
0.0460759 1.17673e-07
0.0461658 1.17847e-07
0.0462557 1.18025e-07
0.0463456 1.18201e-07
0.0464355 1.18373e-07
0.0465254 1.18513e-07
0.0466153 1.18592e-07
0.0467052 1.18672e-07
0.0467951 1.18776e-07
0.046885 1.18884e-07
0.0469749 1.1897e-07
0.0470649 1.19059e-07
0.0471548 1.19126e-07
0.0472447 1.19239e-07
0.0473346 1.19365e-07
0.0474245 1.19478e-07
0.0475144 1.19605e-07
0.0476043 1.19722e-07
0.0476942 1.19803e-07
0.0477841 1.19901e-07
0.047874 1.20028e-07
0.0479639 1.20116e-07
0.0480538 1.20205e-07
0.0481437 1.20286e-07
0.0482336 1.20324e-07
0.0483235 1.20359e-07
0.0484134 1.20349e-07
0.0485033 1.20326e-07
0.0485932 1.20351e-07
0.0486831 1.20383e-07
0.048773 1.204e-07
0.0488629 1.20416e-07
0.0489528 1.20436e-07
0.0490427 1.20405e-07
0.0491326 1.20393e-07
0.0492226 1.20371e-07
0.0493125 1.20345e-07
0.0494024 1.20271e-07
0.0494923 1.2011e-07
0.0495822 1.19947e-07
0.0496721 1.19851e-07
0.049762 1.19735e-07
0.0498519 1.19599e-07
0.0499418 1.19451e-07
0.0500317 1.1934e-07
0.0501216 1.19201e-07
0.0502115 1.19065e-07
0.0503014 1.18985e-07
0.0503913 1.18902e-07
0.0504812 1.1879e-07
0.0505711 1.18653e-07
0.050661 1.18549e-07
0.0507509 1.18501e-07
0.0508408 1.18412e-07
0.0509307 1.18339e-07
0.0510206 1.18301e-07
0.0511105 1.18278e-07
0.0512004 1.18223e-07
0.0512903 1.1814e-07
0.0513803 1.18069e-07
0.0514702 1.18028e-07
0.0515601 1.17975e-07
0.05165 1.17913e-07
0.0517399 1.17886e-07
0.0518298 1.17875e-07
0.0519197 1.17892e-07
0.0520096 1.17973e-07
0.0520995 1.18096e-07
0.0521894 1.18268e-07
0.0522793 1.18415e-07
0.0523692 1.18484e-07
0.0524591 1.1857e-07
0.052549 1.1867e-07
0.0526389 1.18743e-07
0.0527288 1.18835e-07
0.0528187 1.18934e-07
0.0529086 1.19011e-07
0.0529985 1.19121e-07
0.0530884 1.19278e-07
0.0531783 1.19471e-07
0.0532682 1.19702e-07
0.0533581 1.19904e-07
0.053448 1.20105e-07
0.053538 1.20325e-07
0.0536279 1.2052e-07
0.0537178 1.20715e-07
0.0538077 1.20922e-07
0.0538976 1.21119e-07
0.0539875 1.21302e-07
0.0540774 1.21479e-07
0.0541673 1.21629e-07
0.0542572 1.21816e-07
0.0543471 1.21988e-07
0.054437 1.22148e-07
0.0545269 1.22373e-07
0.0546168 1.22587e-07
0.0547067 1.22827e-07
0.0547966 1.23104e-07
0.0548865 1.23417e-07
0.0549764 1.23701e-07
0.0550663 1.24024e-07
0.0551562 1.24359e-07
0.0552461 1.24635e-07
0.055336 1.2493e-07
0.0554259 1.25187e-07
0.0555158 1.2545e-07
0.0556057 1.25663e-07
0.0556956 1.25848e-07
0.0557856 1.26156e-07
0.0558755 1.26643e-07
0.0559654 1.27123e-07
0.0560553 1.27613e-07
0.0561452 1.2813e-07
0.0562351 1.28609e-07
0.056325 1.29055e-07
0.0564149 1.29483e-07
0.0565048 1.29855e-07
0.0565947 1.30175e-07
0.0566846 1.30366e-07
0.0567745 1.30571e-07
0.0568644 1.30869e-07
0.0569543 1.31329e-07
0.0570442 1.31833e-07
0.0571341 1.32542e-07
0.057224 1.3332e-07
0.0573139 1.34551e-07
0.0574038 1.36015e-07
0.0574937 1.37425e-07
0.0575836 1.39503e-07
0.0576735 1.42465e-07
0.0577634 1.45868e-07
0.0578533 1.50932e-07
0.0579433 1.57664e-07
0.0580332 1.63076e-07
0.0581231 1.67655e-07
0.058213 1.70832e-07
0.0583029 1.72856e-07
0.0583928 1.74038e-07
0.0584827 1.75689e-07
0.0585726 1.77042e-07
0.0586625 1.78159e-07
0.0587524 1.79041e-07
0.0588423 1.79359e-07
0.0589322 1.79427e-07
0.0590221 1.79527e-07
0.059112 1.79743e-07
0.0592019 1.80255e-07
0.0592918 1.80772e-07
0.0593817 1.81306e-07
0.0594716 1.8173e-07
0.0595615 1.82355e-07
0.0596514 1.82979e-07
0.0597413 1.83648e-07
0.0598312 1.84332e-07
0.0599211 1.84593e-07
0.060011 1.84898e-07
0.060101 1.85281e-07
0.0601909 1.85697e-07
0.0602808 1.86291e-07
0.0603707 1.86788e-07
0.0604606 1.87045e-07
0.0605505 1.87287e-07
0.0606404 1.87641e-07
0.0607303 1.88046e-07
0.0608202 1.8859e-07
0.0609101 1.89128e-07
0.061 1.89489e-07
0.0610899 1.89804e-07
0.0611798 1.90223e-07
0.0612697 1.9067e-07
0.0613596 1.91043e-07
0.0614495 1.9126e-07
0.0615394 1.91354e-07
0.0616293 1.91364e-07
0.0617192 1.91495e-07
0.0618091 1.91596e-07
0.061899 1.91787e-07
0.0619889 1.92067e-07
0.0620788 1.92304e-07
0.0621687 1.92576e-07
0.0622587 1.92916e-07
0.0623486 1.93262e-07
0.0624385 1.93479e-07
0.0625284 1.93663e-07
0.0626183 1.93714e-07
0.0627082 1.93694e-07
0.0627981 1.93619e-07
0.062888 1.93571e-07
0.0629779 1.93682e-07
0.0630678 1.93983e-07
0.0631577 1.94338e-07
0.0632476 1.94655e-07
0.0633375 1.95048e-07
0.0634274 1.95507e-07
0.0635173 1.95902e-07
0.0636072 1.9624e-07
0.0636971 1.96517e-07
0.063787 1.96768e-07
0.0638769 1.97034e-07
0.0639668 1.97329e-07
0.0640567 1.97651e-07
0.0641466 1.98001e-07
0.0642365 1.98284e-07
0.0643264 1.98498e-07
0.0644164 1.98761e-07
0.0645063 1.99056e-07
0.0645962 1.99323e-07
0.0646861 1.99493e-07
0.064776 1.99538e-07
0.0648659 1.99523e-07
0.0649558 1.99502e-07
0.0650457 1.9949e-07
0.0651356 1.99501e-07
0.0652255 1.99475e-07
0.0653154 1.99282e-07
0.0654053 1.99075e-07
0.0654952 1.98856e-07
0.0655851 1.9866e-07
0.065675 1.98458e-07
0.0657649 1.98272e-07
0.0658548 1.98163e-07
0.0659447 1.98085e-07
0.0660346 1.97919e-07
0.0661245 1.97791e-07
0.0662144 1.97789e-07
0.0663043 1.97787e-07
0.0663942 1.97698e-07
0.0664841 1.97638e-07
0.0665741 1.97675e-07
0.066664 1.97599e-07
0.0667539 1.97641e-07
0.0668438 1.97663e-07
0.0669337 1.97822e-07
0.0670236 1.97958e-07
0.0671135 1.9793e-07
0.0672034 1.97851e-07
0.0672933 1.97734e-07
0.0673832 1.97632e-07
0.0674731 1.97501e-07
0.067563 1.97458e-07
0.0676529 1.97395e-07
0.0677428 1.97376e-07
0.0678327 1.97434e-07
0.0679226 1.97475e-07
0.0680125 1.97735e-07
0.0681024 1.97974e-07
0.0681923 1.98285e-07
0.0682822 1.98678e-07
0.0683721 1.99117e-07
0.068462 1.99675e-07
0.0685519 2.0016e-07
0.0686418 2.00507e-07
0.0687318 2.00722e-07
0.0688217 2.00939e-07
0.0689116 2.01098e-07
0.0690015 2.01334e-07
0.0690914 2.01562e-07
0.0691813 2.01687e-07
0.0692712 2.01972e-07
0.0693611 2.02442e-07
0.069451 2.02868e-07
0.0695409 2.03419e-07
0.0696308 2.04088e-07
0.0697207 2.05198e-07
0.0698106 2.06617e-07
0.0699005 2.07697e-07
0.0699904 2.08549e-07
0.0700803 2.09441e-07
0.0701702 2.1038e-07
0.0702601 2.11231e-07
0.07035 2.12217e-07
0.0704399 2.13438e-07
0.0705298 2.15237e-07
0.0706197 2.17419e-07
0.0707096 2.20021e-07
0.0707995 2.23447e-07
0.0708895 2.26859e-07
0.0709794 2.29209e-07
0.0710693 2.30912e-07
0.0711592 2.32532e-07
0.0712491 2.34147e-07
0.071339 2.35508e-07
0.0714289 2.36688e-07
0.0715188 2.37766e-07
0.0716087 2.39278e-07
0.0716986 2.40916e-07
0.0717885 2.42595e-07
0.0718784 2.4415e-07
0.0719683 2.45526e-07
0.0720582 2.46702e-07
0.0721481 2.47763e-07
0.072238 2.48931e-07
0.0723279 2.50157e-07
0.0724178 2.5145e-07
0.0725077 2.5226e-07
0.0725976 2.52765e-07
0.0726875 2.53632e-07
0.0727774 2.54639e-07
0.0728673 2.5584e-07
0.0729572 2.56808e-07
0.0730472 2.57545e-07
0.0731371 2.58296e-07
0.073227 2.59125e-07
0.0733169 2.59949e-07
0.0734068 2.60901e-07
0.0734967 2.61535e-07
0.0735866 2.61856e-07
0.0736765 2.62472e-07
0.0737664 2.63436e-07
0.0738563 2.64435e-07
0.0739462 2.65755e-07
0.0740361 2.67109e-07
0.074126 2.68554e-07
0.0742159 2.69972e-07
0.0743058 2.71222e-07
0.0743957 2.72089e-07
0.0744856 2.72689e-07
0.0745755 2.72842e-07
0.0746654 2.73143e-07
0.0747553 2.73475e-07
0.0748452 2.74105e-07
0.0749351 2.7481e-07
0.075025 2.75625e-07
0.0751149 2.76552e-07
0.0752048 2.77752e-07
0.0752948 2.79037e-07
0.0753847 2.80299e-07
0.0754746 2.81456e-07
0.0755645 2.82269e-07
0.0756544 2.82973e-07
0.0757443 2.83622e-07
0.0758342 2.84018e-07
0.0759241 2.84483e-07
0.076014 2.85048e-07
0.0761039 2.85555e-07
0.0761938 2.85989e-07
0.0762837 2.86423e-07
0.0763736 2.86721e-07
0.0764635 2.87093e-07
0.0765534 2.87796e-07
0.0766433 2.88534e-07
0.0767332 2.89362e-07
0.0768231 2.90202e-07
0.076913 2.90741e-07
0.0770029 2.91338e-07
0.0770928 2.91985e-07
0.0771827 2.92675e-07
0.0772726 2.93303e-07
0.0773625 2.93909e-07
0.0774525 2.94412e-07
0.0775424 2.9503e-07
0.0776323 2.95727e-07
0.0777222 2.96383e-07
0.0778121 2.97121e-07
0.077902 2.97858e-07
0.0779919 2.98457e-07
0.0780818 2.99139e-07
0.0781717 2.99873e-07
0.0782616 3.00551e-07
0.0783515 3.01066e-07
0.0784414 3.01616e-07
0.0785313 3.02091e-07
0.0786212 3.02514e-07
0.0787111 3.02815e-07
0.078801 3.0313e-07
0.0788909 3.03517e-07
0.0789808 3.0376e-07
0.0790707 3.04001e-07
0.0791606 3.04369e-07
0.0792505 3.04833e-07
0.0793404 3.05315e-07
0.0794303 3.0589e-07
0.0795202 3.06498e-07
0.0796102 3.07044e-07
0.0797001 3.07528e-07
0.07979 3.07949e-07
0.0798799 3.08337e-07
0.0799698 3.08725e-07
0.0800597 3.09102e-07
0.0801496 3.09487e-07
0.0802395 3.0988e-07
0.0803294 3.10289e-07
0.0804193 3.1072e-07
0.0805092 3.11216e-07
0.0805991 3.11688e-07
0.080689 3.12195e-07
0.0807789 3.1267e-07
0.0808688 3.13101e-07
0.0809587 3.13565e-07
0.0810486 3.14068e-07
0.0811385 3.14641e-07
0.0812284 3.15198e-07
0.0813183 3.15658e-07
0.0814082 3.16079e-07
0.0814981 3.1646e-07
0.081588 3.16754e-07
0.0816779 3.17028e-07
0.0817679 3.17336e-07
0.0818578 3.17574e-07
0.0819477 3.17808e-07
0.0820376 3.18073e-07
0.0821275 3.18384e-07
0.0822174 3.18789e-07
0.0823073 3.19264e-07
0.0823972 3.19724e-07
0.0824871 3.20076e-07
0.082577 3.204e-07
0.0826669 3.20657e-07
0.0827568 3.2094e-07
0.0828467 3.21289e-07
0.0829366 3.21609e-07
0.0830265 3.21943e-07
0.0831164 3.22248e-07
0.0832063 3.22569e-07
0.0832962 3.22935e-07
0.0833861 3.23398e-07
0.083476 3.23868e-07
0.0835659 3.24352e-07
0.0836558 3.24752e-07
0.0837457 3.25198e-07
0.0838356 3.25715e-07
0.0839256 3.26215e-07
0.0840155 3.26593e-07
0.0841054 3.26858e-07
0.0841953 3.27115e-07
0.0842852 3.27397e-07
0.0843751 3.2757e-07
0.084465 3.27518e-07
0.0845549 3.27548e-07
0.0846448 3.27415e-07
0.0847347 3.27222e-07
0.0848246 3.27089e-07
0.0849145 3.27025e-07
0.0850044 3.2683e-07
0.0850943 3.26677e-07
0.0851842 3.26645e-07
0.0852741 3.26603e-07
0.085364 3.26672e-07
0.0854539 3.26609e-07
0.0855438 3.26467e-07
0.0856337 3.26327e-07
0.0857236 3.26194e-07
0.0858135 3.26251e-07
0.0859034 3.26446e-07
0.0859933 3.268e-07
0.0860833 3.2714e-07
0.0861732 3.27445e-07
0.0862631 3.28027e-07
0.086353 3.28637e-07
0.0864429 3.29155e-07
0.0865328 3.2964e-07
0.0866227 3.30002e-07
0.0867126 3.30354e-07
0.0868025 3.3073e-07
0.0868924 3.31056e-07
0.0869823 3.31439e-07
0.0870722 3.32041e-07
0.0871621 3.33016e-07
0.087252 3.33818e-07
0.0873419 3.345e-07
0.0874318 3.35162e-07
0.0875217 3.356e-07
0.0876116 3.36026e-07
0.0877015 3.36334e-07
0.0877914 3.36809e-07
0.0878813 3.37133e-07
0.0879712 3.37485e-07
0.0880611 3.37818e-07
0.088151 3.38358e-07
0.088241 3.39049e-07
0.0883309 3.39423e-07
0.0884208 3.39756e-07
0.0885107 3.39579e-07
0.0886006 3.39292e-07
0.0886905 3.39078e-07
0.0887804 3.39105e-07
0.0888703 3.3947e-07
0.0889602 3.39452e-07
0.0890501 3.39322e-07
0.08914 3.3954e-07
0.0892299 3.3991e-07
0.0893198 3.40653e-07
0.0894097 3.41307e-07
0.0894996 3.41371e-07
0.0895895 3.41102e-07
0.0896794 3.40807e-07
0.0897693 3.40499e-07
0.0898592 3.40172e-07
0.0899491 3.39844e-07
0.090039 3.39756e-07
0.0901289 3.39113e-07
0.0902188 3.3815e-07
0.0903087 3.37242e-07
0.0903987 3.35968e-07
0.0904886 3.34397e-07
0.0905785 3.32702e-07
0.0906684 3.30506e-07
0.0907583 3.28687e-07
0.0908482 3.27567e-07
0.0909381 3.26233e-07
0.091028 3.25263e-07
0.0911179 3.24138e-07
0.0912078 3.22989e-07
0.0912977 3.21664e-07
0.0913876 3.20604e-07
0.0914775 3.19997e-07
0.0915674 3.19639e-07
0.0916573 3.19743e-07
0.0917472 3.19969e-07
0.0918371 3.20166e-07
0.091927 3.207e-07
0.0920169 3.21586e-07
0.0921068 3.22412e-07
0.0921967 3.23266e-07
0.0922866 3.24108e-07
0.0923765 3.25135e-07
0.0924664 3.25943e-07
0.0925564 3.2662e-07
0.0926463 3.27225e-07
0.0927362 3.28037e-07
0.0928261 3.28674e-07
0.092916 3.29304e-07
0.0930059 3.30075e-07
0.0930958 3.31051e-07
0.0931857 3.32225e-07
0.0932756 3.33498e-07
0.0933655 3.34569e-07
0.0934554 3.35406e-07
0.0935453 3.36079e-07
0.0936352 3.36671e-07
0.0937251 3.37121e-07
0.093815 3.3765e-07
0.0939049 3.38131e-07
0.0939948 3.38454e-07
0.0940847 3.38315e-07
0.0941746 3.37958e-07
0.0942645 3.37996e-07
0.0943544 3.38139e-07
0.0944443 3.38318e-07
0.0945342 3.38408e-07
0.0946241 3.38389e-07
0.094714 3.38301e-07
0.094804 3.38212e-07
0.0948939 3.38109e-07
0.0949838 3.37859e-07
0.0950737 3.37477e-07
0.0951636 3.37248e-07
0.0952535 3.37227e-07
0.0953434 3.37356e-07
0.0954333 3.37661e-07
0.0955232 3.38079e-07
0.0956131 3.386e-07
0.095703 3.39126e-07
0.0957929 3.39944e-07
0.0958828 3.40863e-07
0.0959727 3.4194e-07
0.0960626 3.42755e-07
0.0961525 3.43473e-07
0.0962424 3.43965e-07
0.0963323 3.4425e-07
0.0964222 3.44455e-07
0.0965121 3.44837e-07
0.096602 3.45162e-07
0.0966919 3.45739e-07
0.0967818 3.46623e-07
0.0968717 3.47508e-07
0.0969617 3.48056e-07
0.0970516 3.49411e-07
0.0971415 3.5082e-07
0.0972314 3.52781e-07
0.0973213 3.5473e-07
0.0974112 3.56404e-07
0.0975011 3.58135e-07
0.097591 3.60567e-07
0.0976809 3.62543e-07
0.0977708 3.64608e-07
0.0978607 3.66666e-07
0.0979506 3.67792e-07
0.0980405 3.68929e-07
0.0981304 3.71591e-07
0.0982203 3.74233e-07
0.0983102 3.78907e-07
0.0984001 3.82641e-07
0.09849 3.86545e-07
0.0985799 3.90963e-07
0.0986698 3.95218e-07
0.0987597 3.97855e-07
0.0988496 4.00518e-07
0.0989395 4.02344e-07
0.0990294 4.0403e-07
0.0991194 4.05883e-07
0.0992093 4.07969e-07
0.0992992 4.09891e-07
0.0993891 4.11855e-07
0.099479 4.13232e-07
0.0995689 4.15006e-07
0.0996588 4.16741e-07
0.0997487 4.1781e-07
0.0998386 4.18425e-07
0.0999285 4.19104e-07
0.100018 4.19402e-07
0.100108 4.19646e-07
0.100198 4.19539e-07
0.100288 4.18319e-07
0.100378 4.16525e-07
0.100468 4.14912e-07
0.100558 4.13201e-07
0.100648 4.1048e-07
0.100738 4.08075e-07
0.100828 4.07411e-07
0.100917 4.06579e-07
0.101007 4.05988e-07
0.101097 4.0545e-07
0.101187 4.04945e-07
0.101277 4.05041e-07
0.101367 4.05059e-07
0.101457 4.04929e-07
0.101547 4.04995e-07
0.101637 4.04948e-07
0.101727 4.0509e-07
0.101816 4.05184e-07
0.101906 4.05289e-07
0.101996 4.05622e-07
0.102086 4.06369e-07
0.102176 4.07259e-07
0.102266 4.08129e-07
0.102356 4.08939e-07
0.102446 4.09685e-07
0.102536 4.10252e-07
0.102626 4.10607e-07
0.102716 4.10899e-07
0.102805 4.11066e-07
0.102895 4.11175e-07
0.102985 4.11481e-07
0.103075 4.11739e-07
0.103165 4.12029e-07
0.103255 4.12356e-07
0.103345 4.12679e-07
0.103435 4.12894e-07
0.103525 4.13351e-07
0.103615 4.13884e-07
0.103704 4.14276e-07
0.103794 4.14522e-07
0.103884 4.14893e-07
0.103974 4.15211e-07
0.104064 4.15637e-07
0.104154 4.16019e-07
0.104244 4.16334e-07
0.104334 4.16596e-07
0.104424 4.16578e-07
0.104514 4.16739e-07
0.104604 4.17018e-07
0.104693 4.1728e-07
0.104783 4.17639e-07
0.104873 4.18058e-07
0.104963 4.18736e-07
0.105053 4.19473e-07
0.105143 4.20241e-07
0.105233 4.20896e-07
0.105323 4.21687e-07
0.105413 4.2272e-07
0.105503 4.23893e-07
0.105592 4.25066e-07
0.105682 4.26042e-07
0.105772 4.27149e-07
0.105862 4.28349e-07
0.105952 4.29546e-07
0.106042 4.30594e-07
0.106132 4.31641e-07
0.106222 4.32535e-07
0.106312 4.33482e-07
0.106402 4.34421e-07
0.106491 4.35376e-07
0.106581 4.36333e-07
0.106671 4.37322e-07
0.106761 4.38142e-07
0.106851 4.38958e-07
0.106941 4.39885e-07
0.107031 4.41106e-07
0.107121 4.42292e-07
0.107211 4.43589e-07
0.107301 4.44833e-07
0.107391 4.46526e-07
0.10748 4.4849e-07
0.10757 4.49865e-07
0.10766 4.50844e-07
0.10775 4.5273e-07
0.10784 4.5441e-07
0.10793 4.54947e-07
0.10802 4.55569e-07
0.10811 4.56464e-07
0.1082 4.57187e-07
0.10829 4.57694e-07
0.108379 4.58004e-07
0.108469 4.58507e-07
0.108559 4.58738e-07
0.108649 4.60789e-07
0.108739 4.63262e-07
0.108829 4.67925e-07
0.108919 4.72992e-07
0.109009 4.75689e-07
0.109099 4.78609e-07
0.109189 4.80714e-07
0.109279 4.81364e-07
0.109368 4.82681e-07
0.109458 4.83124e-07
0.109548 4.83579e-07
0.109638 4.84989e-07
0.109728 4.87368e-07
0.109818 4.90423e-07
0.109908 4.94426e-07
0.109998 4.97332e-07
0.110088 4.99661e-07
0.110178 5.02542e-07
0.110267 5.0503e-07
0.110357 5.08142e-07
0.110447 5.11645e-07
0.110537 5.14534e-07
0.110627 5.17781e-07
0.110717 5.21961e-07
0.110807 5.2606e-07
0.110897 5.31037e-07
0.110987 5.34677e-07
0.111077 5.36694e-07
0.111167 5.38352e-07
0.111256 5.40195e-07
0.111346 5.41792e-07
0.111436 5.43319e-07
0.111526 5.44416e-07
0.111616 5.45437e-07
0.111706 5.46681e-07
0.111796 5.48492e-07
0.111886 5.50489e-07
0.111976 5.52749e-07
0.112066 5.54926e-07
0.112155 5.57614e-07
0.112245 5.59832e-07
0.112335 5.61622e-07
0.112425 5.62801e-07
0.112515 5.63632e-07
0.112605 5.63884e-07
0.112695 5.64407e-07
0.112785 5.65063e-07
0.112875 5.66099e-07
0.112965 5.67621e-07
0.113054 5.69319e-07
0.113144 5.70934e-07
0.113234 5.73273e-07
0.113324 5.75687e-07
0.113414 5.77277e-07
0.113504 5.78063e-07
0.113594 5.78468e-07
0.113684 5.79138e-07
0.113774 5.79717e-07
0.113864 5.79943e-07
0.113954 5.80191e-07
0.114043 5.80455e-07
0.114133 5.80964e-07
0.114223 5.81697e-07
0.114313 5.82516e-07
0.114403 5.83486e-07
0.114493 5.84674e-07
0.114583 5.85888e-07
0.114673 5.871e-07
0.114763 5.88542e-07
0.114853 5.8984e-07
0.114942 5.91244e-07
0.115032 5.92786e-07
0.115122 5.94614e-07
0.115212 5.9636e-07
0.115302 5.98246e-07
0.115392 5.99903e-07
0.115482 6.01041e-07
0.115572 6.02364e-07
0.115662 6.03908e-07
0.115752 6.05807e-07
0.115842 6.07815e-07
0.115931 6.09579e-07
0.116021 6.11448e-07
0.116111 6.13113e-07
0.116201 6.14518e-07
0.116291 6.15719e-07
0.116381 6.17188e-07
0.116471 6.18497e-07
0.116561 6.19424e-07
0.116651 6.20545e-07
0.116741 6.22033e-07
0.11683 6.23464e-07
0.11692 6.24747e-07
0.11701 6.25687e-07
0.1171 6.26237e-07
0.11719 6.27057e-07
0.11728 6.2825e-07
0.11737 6.2973e-07
0.11746 6.313e-07
0.11755 6.33145e-07
0.11764 6.34826e-07
0.11773 6.36928e-07
0.117819 6.39391e-07
0.117909 6.40668e-07
0.117999 6.41859e-07
0.118089 6.41621e-07
0.118179 6.39409e-07
0.118269 6.37155e-07
0.118359 6.35951e-07
0.118449 6.34047e-07
0.118539 6.29515e-07
0.118629 6.24231e-07
0.118718 6.19675e-07
0.118808 6.15383e-07
0.118898 6.11455e-07
0.118988 6.08882e-07
0.119078 6.06399e-07
0.119168 6.04803e-07
0.119258 6.04476e-07
0.119348 6.05441e-07
0.119438 6.06695e-07
0.119528 6.08958e-07
0.119617 6.11674e-07
0.119707 6.12563e-07
0.119797 6.12937e-07
0.119887 6.12489e-07
0.119977 6.11713e-07
0.120067 6.10811e-07
0.120157 6.10535e-07
0.120247 6.10298e-07
0.120337 6.10251e-07
0.120427 6.10328e-07
0.120517 6.11594e-07
0.120606 6.14406e-07
0.120696 6.17462e-07
0.120786 6.20801e-07
0.120876 6.24999e-07
0.120966 6.28835e-07
0.121056 6.31026e-07
0.121146 6.32517e-07
0.121236 6.33879e-07
0.121326 6.35635e-07
0.121416 6.37301e-07
0.121505 6.40576e-07
0.121595 6.45938e-07
0.121685 6.52284e-07
0.121775 6.56261e-07
0.121865 6.6009e-07
0.121955 6.63864e-07
0.122045 6.66535e-07
0.122135 6.68728e-07
0.122225 6.70261e-07
0.122315 6.71824e-07
0.122405 6.73113e-07
0.122494 6.74983e-07
0.122584 6.77267e-07
0.122674 6.79909e-07
0.122764 6.82307e-07
0.122854 6.83968e-07
0.122944 6.85334e-07
0.123034 6.86576e-07
0.123124 6.88135e-07
0.123214 6.89831e-07
0.123304 6.91224e-07
0.123393 6.92276e-07
0.123483 6.93661e-07
0.123573 6.9543e-07
0.123663 6.97332e-07
0.123753 7.00303e-07
0.123843 7.02917e-07
0.123933 7.05151e-07
0.124023 7.0704e-07
0.124113 7.08272e-07
0.124203 7.0967e-07
0.124293 7.11064e-07
0.124382 7.13149e-07
0.124472 7.16378e-07
0.124562 7.21212e-07
0.124652 7.26591e-07
0.124742 7.32139e-07
0.124832 7.38461e-07
0.124922 7.42461e-07
0.125012 7.45074e-07
0.125102 7.45839e-07
0.125192 7.45673e-07
0.125281 7.45434e-07
0.125371 7.45585e-07
0.125461 7.45933e-07
0.125551 7.46225e-07
0.125641 7.47032e-07
0.125731 7.48103e-07
0.125821 7.4935e-07
0.125911 7.51721e-07
0.126001 7.54163e-07
0.126091 7.56749e-07
0.126181 7.62147e-07
0.12627 7.66832e-07
0.12636 7.69948e-07
0.12645 7.73232e-07
0.12654 7.76772e-07
0.12663 7.80955e-07
0.12672 7.88084e-07
0.12681 7.95184e-07
0.1269 8.03607e-07
0.12699 8.08543e-07
0.12708 8.12184e-07
0.127169 8.15424e-07
0.127259 8.18309e-07
0.127349 8.21463e-07
0.127439 8.25222e-07
0.127529 8.29296e-07
0.127619 8.33251e-07
0.127709 8.3701e-07
0.127799 8.4045e-07
0.127889 8.42508e-07
0.127979 8.43899e-07
0.128068 8.44023e-07
0.128158 8.44169e-07
0.128248 8.43839e-07
0.128338 8.43142e-07
0.128428 8.42425e-07
0.128518 8.41952e-07
0.128608 8.41655e-07
0.128698 8.4181e-07
0.128788 8.41215e-07
0.128878 8.40705e-07
0.128968 8.40765e-07
0.129057 8.42e-07
0.129147 8.43395e-07
0.129237 8.44668e-07
0.129327 8.46703e-07
0.129417 8.48245e-07
0.129507 8.49162e-07
0.129597 8.4969e-07
0.129687 8.49459e-07
0.129777 8.49471e-07
0.129867 8.49593e-07
0.129956 8.49561e-07
0.130046 8.49709e-07
0.130136 8.50116e-07
0.130226 8.50711e-07
0.130316 8.50473e-07
0.130406 8.49915e-07
0.130496 8.50188e-07
0.130586 8.50119e-07
0.130676 8.54227e-07
0.130766 8.58637e-07
0.130856 8.94649e-07
0.130945 9.05788e-07
0.131035 9.08504e-07
0.131125 9.10461e-07
0.131215 9.10415e-07
0.131305 9.09694e-07
0.131395 9.08843e-07
0.131485 9.08623e-07
0.131575 9.08824e-07
0.131665 9.09405e-07
0.131755 9.10281e-07
0.131844 9.10497e-07
0.131934 9.10956e-07
0.132024 9.11259e-07
0.132114 9.10684e-07
0.132204 9.10672e-07
0.132294 9.1227e-07
0.132384 9.14762e-07
0.132474 9.18327e-07
0.132564 9.29489e-07
0.132654 9.45413e-07
0.132744 9.54502e-07
0.132833 9.58861e-07
0.132923 9.61e-07
0.133013 9.63006e-07
0.133103 9.63285e-07
0.133193 9.63564e-07
0.133283 9.63737e-07
0.133373 9.63803e-07
0.133463 9.61712e-07
0.133553 9.58254e-07
0.133643 1.06312e-06
0.133732 1.14412e-06
0.133822 1.13741e-06
0.133912 1.13677e-06
0.134002 1.13575e-06
0.134092 1.13545e-06
0.134182 1.1357e-06
0.134272 1.13618e-06
0.134362 1.13606e-06
0.134452 1.13542e-06
0.134542 1.13489e-06
0.134631 1.13447e-06
0.134721 1.13431e-06
0.134811 1.13486e-06
