-0.134811 -5.98809e-08
-0.134721 -5.95761e-08
-0.134631 -6.00562e-08
-0.134542 -6.00771e-08
-0.134452 -5.9923e-08
-0.134362 -5.96915e-08
-0.134272 -5.97409e-08
-0.134182 -5.98191e-08
-0.134092 -5.97775e-08
-0.134002 -5.98542e-08
-0.133912 -6.03397e-08
-0.133822 -5.984e-08
-0.133732 -5.99033e-08
-0.133642 -5.95732e-08
-0.133553 -5.88444e-08
-0.133463 -5.88074e-08
-0.133373 -5.88688e-08
-0.133283 -5.93159e-08
-0.133193 -5.90916e-08
-0.133103 -5.88207e-08
-0.133013 -5.87108e-08
-0.132923 -5.85161e-08
-0.132833 -5.80681e-08
-0.132743 -5.85469e-08
-0.132654 -5.83161e-08
-0.132564 -5.86065e-08
-0.132474 -5.85471e-08
-0.132384 -5.90106e-08
-0.132294 -5.90023e-08
-0.132204 -5.90082e-08
-0.132114 -5.89683e-08
-0.132024 -5.93175e-08
-0.131934 -5.95447e-08
-0.131844 -5.99811e-08
-0.131754 -6.01931e-08
-0.131665 -5.97454e-08
-0.131575 -5.97915e-08
-0.131485 -6.02204e-08
-0.131395 -6.03006e-08
-0.131305 -5.97628e-08
-0.131215 -5.97981e-08
-0.131125 -6.00208e-08
-0.131035 -6.03175e-08
-0.130945 -6.00517e-08
-0.130855 -5.99431e-08
-0.130766 -6.00953e-08
-0.130676 -6.00445e-08
-0.130586 -6.00603e-08
-0.130496 -5.99876e-08
-0.130406 -5.978e-08
-0.130316 -5.98037e-08
-0.130226 -5.99612e-08
-0.130136 -5.98609e-08
-0.130046 -5.97455e-08
-0.129956 -5.95595e-08
-0.129867 -5.99133e-08
-0.129777 -5.97212e-08
-0.129687 -5.95862e-08
-0.129597 -5.97035e-08
-0.129507 -5.96844e-08
-0.129417 -5.97509e-08
-0.129327 -5.95335e-08
-0.129237 -5.99037e-08
-0.129147 -5.99363e-08
-0.129057 -6.00597e-08
-0.128967 -6.0125e-08
-0.128878 -6.02292e-08
-0.128788 -6.03641e-08
-0.128698 -6.05951e-08
-0.128608 -6.03983e-08
-0.128518 -6.03189e-08
-0.128428 -6.0557e-08
-0.128338 -6.09842e-08
-0.128248 -6.15713e-08
-0.128158 -6.12866e-08
-0.128068 -6.13272e-08
-0.127979 -6.13541e-08
-0.127889 -6.1645e-08
-0.127799 -6.15281e-08
-0.127709 -6.13512e-08
-0.127619 -6.14442e-08
-0.127529 -6.17106e-08
-0.127439 -6.17073e-08
-0.127349 -6.16788e-08
-0.127259 -6.15907e-08
-0.127169 -6.14764e-08
-0.127079 -6.19623e-08
-0.12699 -6.19679e-08
-0.1269 -6.21329e-08
-0.12681 -6.19826e-08
-0.12672 -6.2279e-08
-0.12663 -6.2314e-08
-0.12654 -6.2808e-08
-0.12645 -6.2634e-08
-0.12636 -6.27537e-08
-0.12627 -6.28279e-08
-0.12618 -6.29255e-08
-0.126091 -6.27046e-08
-0.126001 -6.28044e-08
-0.125911 -6.27589e-08
-0.125821 -6.28562e-08
-0.125731 -6.30064e-08
-0.125641 -6.36151e-08
-0.125551 -6.35374e-08
-0.125461 -6.35908e-08
-0.125371 -6.36836e-08
-0.125281 -6.37737e-08
-0.125191 -6.39586e-08
-0.125102 -6.43641e-08
-0.125012 -6.47948e-08
-0.124922 -6.53696e-08
-0.124832 -6.52667e-08
-0.124742 -6.55309e-08
-0.124652 -6.55023e-08
-0.124562 -6.53416e-08
-0.124472 -6.55231e-08
-0.124382 -6.56329e-08
-0.124292 -6.58194e-08
-0.124203 -6.59246e-08
-0.124113 -6.60988e-08
-0.124023 -6.61763e-08
-0.123933 -6.58148e-08
-0.123843 -6.56841e-08
-0.123753 -6.60712e-08
-0.123663 -6.61457e-08
-0.123573 -6.64531e-08
-0.123483 -6.64447e-08
-0.123393 -6.66311e-08
-0.123304 -6.66314e-08
-0.123214 -6.68334e-08
-0.123124 -6.6855e-08
-0.123034 -6.67746e-08
-0.122944 -6.69959e-08
-0.122854 -6.73118e-08
-0.122764 -6.73692e-08
-0.122674 -6.73692e-08
-0.122584 -6.7414e-08
-0.122494 -6.74808e-08
-0.122404 -6.78111e-08
-0.122315 -6.79417e-08
-0.122225 -6.7878e-08
-0.122135 -6.77186e-08
-0.122045 -6.81315e-08
-0.121955 -6.83476e-08
-0.121865 -6.84439e-08
-0.121775 -6.8765e-08
-0.121685 -6.86794e-08
-0.121595 -6.87485e-08
-0.121505 -6.89472e-08
-0.121416 -6.91472e-08
-0.121326 -6.91656e-08
-0.121236 -6.93622e-08
-0.121146 -6.98116e-08
-0.121056 -7.00288e-08
-0.120966 -7.00157e-08
-0.120876 -7.00248e-08
-0.120786 -6.99481e-08
-0.120696 -6.97824e-08
-0.120606 -6.98311e-08
-0.120516 -6.9989e-08
-0.120427 -7.0001e-08
-0.120337 -7.00057e-08
-0.120247 -6.98863e-08
-0.120157 -6.97967e-08
-0.120067 -7.00293e-08
-0.119977 -6.98319e-08
-0.119887 -6.97726e-08
-0.119797 -6.98983e-08
-0.119707 -7.00903e-08
-0.119617 -7.0325e-08
-0.119528 -7.04017e-08
-0.119438 -7.03445e-08
-0.119348 -7.04526e-08
-0.119258 -7.04608e-08
-0.119168 -7.05559e-08
-0.119078 -7.06097e-08
-0.118988 -7.06421e-08
-0.118898 -7.08032e-08
-0.118808 -7.08355e-08
-0.118718 -7.0771e-08
-0.118628 -7.06568e-08
-0.118539 -7.07258e-08
-0.118449 -7.07143e-08
-0.118359 -7.0924e-08
-0.118269 -7.09876e-08
-0.118179 -7.11926e-08
-0.118089 -7.1329e-08
-0.117999 -7.14911e-08
-0.117909 -7.15915e-08
-0.117819 -7.17754e-08
-0.117729 -7.19495e-08
-0.11764 -7.22081e-08
-0.11755 -7.22862e-08
-0.11746 -7.24153e-08
-0.11737 -7.25383e-08
-0.11728 -7.24593e-08
-0.11719 -7.25283e-08
-0.1171 -7.26367e-08
-0.11701 -7.26526e-08
-0.11692 -7.28704e-08
-0.11683 -7.29707e-08
-0.116741 -7.30114e-08
-0.116651 -7.31155e-08
-0.116561 -7.32734e-08
-0.116471 -7.34245e-08
-0.116381 -7.35395e-08
-0.116291 -7.36025e-08
-0.116201 -7.37312e-08
-0.116111 -7.38197e-08
-0.116021 -7.38599e-08
-0.115931 -7.4045e-08
-0.115841 -7.40163e-08
-0.115752 -7.41829e-08
-0.115662 -7.42113e-08
-0.115572 -7.41759e-08
-0.115482 -7.40497e-08
-0.115392 -7.4125e-08
-0.115302 -7.40998e-08
-0.115212 -7.42435e-08
-0.115122 -7.43367e-08
-0.115032 -7.43651e-08
-0.114942 -7.44191e-08
-0.114853 -7.44951e-08
-0.114763 -7.44552e-08
-0.114673 -7.45179e-08
-0.114583 -7.46388e-08
-0.114493 -7.47303e-08
-0.114403 -7.47548e-08
-0.114313 -7.48752e-08
-0.114223 -7.50712e-08
-0.114133 -7.50722e-08
-0.114043 -7.51708e-08
-0.113953 -7.53342e-08
-0.113864 -7.52965e-08
-0.113774 -7.52952e-08
-0.113684 -7.53974e-08
-0.113594 -7.53499e-08
-0.113504 -7.5468e-08
-0.113414 -7.55041e-08
-0.113324 -7.57473e-08
-0.113234 -7.58335e-08
-0.113144 -7.5884e-08
-0.113054 -7.59028e-08
-0.112965 -7.57894e-08
-0.112875 -7.5848e-08
-0.112785 -7.59863e-08
-0.112695 -7.60077e-08
-0.112605 -7.62596e-08
-0.112515 -7.63452e-08
-0.112425 -7.63247e-08
-0.112335 -7.65167e-08
-0.112245 -7.65147e-08
-0.112155 -7.65892e-08
-0.112065 -7.66791e-08
-0.111976 -7.68159e-08
-0.111886 -7.69625e-08
-0.111796 -7.69973e-08
-0.111706 -7.71185e-08
-0.111616 -7.70947e-08
-0.111526 -7.70114e-08
-0.111436 -7.71094e-08
-0.111346 -7.71829e-08
-0.111256 -7.71123e-08
-0.111166 -7.71606e-08
-0.111077 -7.71854e-08
-0.110987 -7.72595e-08
-0.110897 -7.73101e-08
-0.110807 -7.74132e-08
-0.110717 -7.73297e-08
-0.110627 -7.73438e-08
-0.110537 -7.74788e-08
-0.110447 -7.7608e-08
-0.110357 -7.7676e-08
-0.110267 -7.76913e-08
-0.110178 -7.77043e-08
-0.110088 -7.78406e-08
-0.109998 -7.78e-08
-0.109908 -7.78902e-08
-0.109818 -7.79296e-08
-0.109728 -7.79519e-08
-0.109638 -7.80035e-08
-0.109548 -7.80878e-08
-0.109458 -7.80972e-08
-0.109368 -7.82228e-08
-0.109278 -7.83792e-08
-0.109189 -7.85133e-08
-0.109099 -7.8553e-08
-0.109009 -7.84405e-08
-0.108919 -7.85158e-08
-0.108829 -7.85322e-08
-0.108739 -7.86393e-08
-0.108649 -7.87659e-08
-0.108559 -7.8853e-08
-0.108469 -7.88901e-08
-0.108379 -7.88759e-08
-0.10829 -7.88208e-08
-0.1082 -7.88495e-08
-0.10811 -7.88638e-08
-0.10802 -7.88969e-08
-0.10793 -7.90091e-08
-0.10784 -7.91974e-08
-0.10775 -7.92142e-08
-0.10766 -7.92508e-08
-0.10757 -7.92904e-08
-0.10748 -7.9456e-08
-0.10739 -7.951e-08
-0.107301 -7.96463e-08
-0.107211 -7.96112e-08
-0.107121 -7.954e-08
-0.107031 -7.96613e-08
-0.106941 -7.96554e-08
-0.106851 -7.96774e-08
-0.106761 -7.96937e-08
-0.106671 -7.97376e-08
-0.106581 -7.9783e-08
-0.106491 -7.98259e-08
-0.106402 -7.98641e-08
-0.106312 -7.99132e-08
-0.106222 -7.98952e-08
-0.106132 -7.9993e-08
-0.106042 -8.01015e-08
-0.105952 -8.01681e-08
-0.105862 -8.03399e-08
-0.105772 -8.03125e-08
-0.105682 -8.03513e-08
-0.105592 -8.04367e-08
-0.105502 -8.04584e-08
-0.105413 -8.04905e-08
-0.105323 -8.06005e-08
-0.105233 -8.06742e-08
-0.105143 -8.07579e-08
-0.105053 -8.07966e-08
-0.104963 -8.08275e-08
-0.104873 -8.08217e-08
-0.104783 -8.09074e-08
-0.104693 -8.08838e-08
-0.104603 -8.09669e-08
-0.104514 -8.096e-08
-0.104424 -8.09719e-08
-0.104334 -8.09654e-08
-0.104244 -8.10192e-08
-0.104154 -8.1034e-08
-0.104064 -8.10313e-08
-0.103974 -8.10815e-08
-0.103884 -8.10119e-08
-0.103794 -8.10595e-08
-0.103704 -8.1048e-08
-0.103614 -8.10803e-08
-0.103525 -8.10002e-08
-0.103435 -8.09975e-08
-0.103345 -8.09995e-08
-0.103255 -8.09645e-08
-0.103165 -8.09572e-08
-0.103075 -8.10283e-08
-0.102985 -8.10808e-08
-0.102895 -8.11563e-08
-0.102805 -8.12426e-08
-0.102715 -8.12777e-08
-0.102626 -8.13715e-08
-0.102536 -8.14373e-08
-0.102446 -8.14365e-08
-0.102356 -8.14562e-08
-0.102266 -8.14791e-08
-0.102176 -8.14057e-08
-0.102086 -8.13399e-08
-0.101996 -8.13527e-08
-0.101906 -8.12755e-08
-0.101816 -8.11908e-08
-0.101727 -8.117e-08
-0.101637 -8.11161e-08
-0.101547 -8.10497e-08
-0.101457 -8.10473e-08
-0.101367 -8.10538e-08
-0.101277 -8.11085e-08
-0.101187 -8.11275e-08
-0.101097 -8.11349e-08
-0.101007 -8.11473e-08
-0.100917 -8.10933e-08
-0.100827 -8.114e-08
-0.100738 -8.10573e-08
-0.100648 -8.10095e-08
-0.100558 -8.09976e-08
-0.100468 -8.0902e-08
-0.100378 -8.09211e-08
-0.100288 -8.08992e-08
-0.100198 -8.08068e-08
-0.100108 -8.0863e-08
-0.100018 -8.08344e-08
-0.0999284 -8.09148e-08
-0.0998385 -8.10144e-08
-0.0997486 -8.10535e-08
-0.0996587 -8.11348e-08
-0.0995688 -8.11562e-08
-0.0994789 -8.11955e-08
-0.099389 -8.13323e-08
-0.0992991 -8.12937e-08
-0.0992092 -8.14002e-08
-0.0991193 -8.14073e-08
-0.0990294 -8.14808e-08
-0.0989395 -8.14476e-08
-0.0988496 -8.13666e-08
-0.0987597 -8.12752e-08
-0.0986698 -8.12572e-08
-0.0985799 -8.12623e-08
-0.09849 -8.13193e-08
-0.0984001 -8.1323e-08
-0.0983102 -8.12855e-08
-0.0982202 -8.12835e-08
-0.0981303 -8.12679e-08
-0.0980404 -8.1289e-08
-0.0979505 -8.12206e-08
-0.0978606 -8.12666e-08
-0.0977707 -8.12794e-08
-0.0976808 -8.14109e-08
-0.0975909 -8.1417e-08
-0.097501 -8.14083e-08
-0.0974111 -8.13883e-08
-0.0973212 -8.13633e-08
-0.0972313 -8.12679e-08
-0.0971414 -8.12752e-08
-0.0970515 -8.12931e-08
-0.0969616 -8.12845e-08
-0.0968717 -8.13062e-08
-0.0967818 -8.13268e-08
-0.0966919 -8.12322e-08
-0.096602 -8.11993e-08
-0.0965121 -8.11983e-08
-0.0964222 -8.11818e-08
-0.0963323 -8.11789e-08
-0.0962424 -8.12062e-08
-0.0961525 -8.13223e-08
-0.0960626 -8.12402e-08
-0.0959726 -8.12111e-08
-0.0958827 -8.12011e-08
-0.0957928 -8.12079e-08
-0.0957029 -8.11764e-08
-0.095613 -8.12206e-08
-0.0955231 -8.12072e-08
-0.0954332 -8.12224e-08
-0.0953433 -8.11808e-08
-0.0952534 -8.11537e-08
-0.0951635 -8.10915e-08
-0.0950736 -8.10156e-08
-0.0949837 -8.10764e-08
-0.0948938 -8.10603e-08
-0.0948039 -8.10689e-08
-0.094714 -8.10602e-08
-0.0946241 -8.10432e-08
-0.0945342 -8.10172e-08
-0.0944443 -8.09994e-08
-0.0943544 -8.09872e-08
-0.0942645 -8.10168e-08
-0.0941746 -8.10229e-08
-0.0940847 -8.10975e-08
-0.0939948 -8.10417e-08
-0.0939049 -8.09619e-08
-0.0938149 -8.09276e-08
-0.093725 -8.09594e-08
-0.0936351 -8.09645e-08
-0.0935452 -8.09883e-08
-0.0934553 -8.09844e-08
-0.0933654 -8.09391e-08
-0.0932755 -8.08665e-08
-0.0931856 -8.08797e-08
-0.0930957 -8.08118e-08
-0.0930058 -8.07144e-08
-0.0929159 -8.07168e-08
-0.092826 -8.06886e-08
-0.0927361 -8.06195e-08
-0.0926462 -8.05788e-08
-0.0925563 -8.05507e-08
-0.0924664 -8.0439e-08
-0.0923765 -8.03921e-08
-0.0922866 -8.03436e-08
-0.0921967 -8.03229e-08
-0.0921068 -8.02516e-08
-0.0920169 -8.02506e-08
-0.091927 -8.02437e-08
-0.0918371 -8.02102e-08
-0.0917472 -8.01928e-08
-0.0916572 -8.021e-08
-0.0915673 -8.01773e-08
-0.0914774 -8.01973e-08
-0.0913875 -8.01468e-08
-0.0912976 -8.01291e-08
-0.0912077 -8.01616e-08
-0.0911178 -8.01635e-08
-0.0910279 -8.01803e-08
-0.090938 -8.01955e-08
-0.0908481 -8.01766e-08
-0.0907582 -8.02151e-08
-0.0906683 -8.02216e-08
-0.0905784 -8.01674e-08
-0.0904885 -8.01218e-08
-0.0903986 -8.00591e-08
-0.0903087 -8.00957e-08
-0.0902188 -8.00347e-08
-0.0901289 -8.0018e-08
-0.090039 -7.99432e-08
-0.0899491 -7.98686e-08
-0.0898592 -7.98304e-08
-0.0897693 -7.9876e-08
-0.0896794 -7.98156e-08
-0.0895895 -7.97857e-08
-0.0894995 -7.97424e-08
-0.0894096 -7.97185e-08
-0.0893197 -7.97298e-08
-0.0892298 -7.96198e-08
-0.0891399 -7.9601e-08
-0.08905 -7.95493e-08
-0.0889601 -7.95599e-08
-0.0888702 -7.95311e-08
-0.0887803 -7.95046e-08
-0.0886904 -7.94553e-08
-0.0886005 -7.94209e-08
-0.0885106 -7.93629e-08
-0.0884207 -7.93211e-08
-0.0883308 -7.92592e-08
-0.0882409 -7.92718e-08
-0.088151 -7.92939e-08
-0.0880611 -7.92288e-08
-0.0879712 -7.91956e-08
-0.0878813 -7.91448e-08
-0.0877914 -7.91115e-08
-0.0877015 -7.90257e-08
-0.0876116 -7.89747e-08
-0.0875217 -7.88997e-08
-0.0874318 -7.88863e-08
-0.0873418 -7.88109e-08
-0.0872519 -7.87291e-08
-0.087162 -7.86522e-08
-0.0870721 -7.85957e-08
-0.0869822 -7.85358e-08
-0.0868923 -7.84979e-08
-0.0868024 -7.83906e-08
-0.0867125 -7.83111e-08
-0.0866226 -7.82639e-08
-0.0865327 -7.81939e-08
-0.0864428 -7.81671e-08
-0.0863529 -7.80954e-08
-0.086263 -7.80982e-08
-0.0861731 -7.80169e-08
-0.0860832 -7.8016e-08
-0.0859933 -7.79523e-08
-0.0859034 -7.79183e-08
-0.0858135 -7.78473e-08
-0.0857236 -7.78371e-08
-0.0856337 -7.78065e-08
-0.0855438 -7.7729e-08
-0.0854539 -7.76771e-08
-0.085364 -7.76004e-08
-0.0852741 -7.75613e-08
-0.0851841 -7.75423e-08
-0.0850942 -7.74687e-08
-0.0850043 -7.74194e-08
-0.0849144 -7.73718e-08
-0.0848245 -7.73235e-08
-0.0847346 -7.72757e-08
-0.0846447 -7.72213e-08
-0.0845548 -7.7165e-08
-0.0844649 -7.71016e-08
-0.084375 -7.70343e-08
-0.0842851 -7.69847e-08
-0.0841952 -7.68595e-08
-0.0841053 -7.68211e-08
-0.0840154 -7.67537e-08
-0.0839255 -7.66618e-08
-0.0838356 -7.6561e-08
-0.0837457 -7.64709e-08
-0.0836558 -7.63805e-08
-0.0835659 -7.62956e-08
-0.083476 -7.6224e-08
-0.0833861 -7.61426e-08
-0.0832962 -7.6059e-08
-0.0832063 -7.59682e-08
-0.0831164 -7.59103e-08
-0.0830264 -7.58616e-08
-0.0829365 -7.58048e-08
-0.0828466 -7.57779e-08
-0.0827567 -7.57379e-08
-0.0826668 -7.56726e-08
-0.0825769 -7.55828e-08
-0.082487 -7.55356e-08
-0.0823971 -7.55186e-08
-0.0823072 -7.54714e-08
-0.0822173 -7.54171e-08
-0.0821274 -7.53653e-08
-0.0820375 -7.5278e-08
-0.0819476 -7.52012e-08
-0.0818577 -7.51084e-08
-0.0817678 -7.50058e-08
-0.0816779 -7.49061e-08
-0.081588 -7.48177e-08
-0.0814981 -7.47213e-08
-0.0814082 -7.46327e-08
-0.0813183 -7.45794e-08
-0.0812284 -7.45023e-08
-0.0811385 -7.44318e-08
-0.0810486 -7.43945e-08
-0.0809587 -7.43108e-08
-0.0808687 -7.42318e-08
-0.0807788 -7.41855e-08
-0.0806889 -7.41292e-08
-0.080599 -7.40935e-08
-0.0805091 -7.40433e-08
-0.0804192 -7.39658e-08
-0.0803293 -7.3898e-08
-0.0802394 -7.38358e-08
-0.0801495 -7.37749e-08
-0.0800596 -7.37211e-08
-0.0799697 -7.36606e-08
-0.0798798 -7.35722e-08
-0.0797899 -7.35389e-08
-0.0797 -7.34475e-08
-0.0796101 -7.33723e-08
-0.0795202 -7.32692e-08
-0.0794303 -7.32291e-08
-0.0793404 -7.31653e-08
-0.0792505 -7.30907e-08
-0.0791606 -7.29678e-08
-0.0790707 -7.29194e-08
-0.0789808 -7.28275e-08
-0.0788909 -7.26956e-08
-0.078801 -7.26041e-08
-0.078711 -7.25281e-08
-0.0786211 -7.24587e-08
-0.0785312 -7.23603e-08
-0.0784413 -7.22829e-08
-0.0783514 -7.21701e-08
-0.0782615 -7.21098e-08
-0.0781716 -7.20087e-08
-0.0780817 -7.19311e-08
-0.0779918 -7.18235e-08
-0.0779019 -7.17e-08
-0.077812 -7.16033e-08
-0.0777221 -7.14958e-08
-0.0776322 -7.13967e-08
-0.0775423 -7.13745e-08
-0.0774524 -7.12904e-08
-0.0773625 -7.11802e-08
-0.0772726 -7.1105e-08
-0.0771827 -7.10145e-08
-0.0770928 -7.09278e-08
-0.0770029 -7.08678e-08
-0.076913 -7.07847e-08
-0.0768231 -7.07183e-08
-0.0767332 -7.06487e-08
-0.0766433 -7.05864e-08
-0.0765534 -7.05145e-08
-0.0764634 -7.04339e-08
-0.0763735 -7.03426e-08
-0.0762836 -7.02704e-08
-0.0761937 -7.01757e-08
-0.0761038 -7.00784e-08
-0.0760139 -6.99997e-08
-0.075924 -6.98862e-08
-0.0758341 -6.97963e-08
-0.0757442 -6.96933e-08
-0.0756543 -6.95965e-08
-0.0755644 -6.95007e-08
-0.0754745 -6.93982e-08
-0.0753846 -6.93078e-08
-0.0752947 -6.92187e-08
-0.0752048 -6.91496e-08
-0.0751149 -6.90641e-08
-0.075025 -6.90047e-08
-0.0749351 -6.88943e-08
-0.0748452 -6.8797e-08
-0.0747553 -6.87129e-08
-0.0746654 -6.86111e-08
-0.0745755 -6.85179e-08
-0.0744856 -6.84168e-08
-0.0743957 -6.83246e-08
-0.0743057 -6.82343e-08
-0.0742158 -6.81423e-08
-0.0741259 -6.80607e-08
-0.074036 -6.79687e-08
-0.0739461 -6.78715e-08
-0.0738562 -6.7786e-08
-0.0737663 -6.77165e-08
-0.0736764 -6.76321e-08
-0.0735865 -6.75384e-08
-0.0734966 -6.74555e-08
-0.0734067 -6.73811e-08
-0.0733168 -6.7271e-08
-0.0732269 -6.71773e-08
-0.073137 -6.70787e-08
-0.0730471 -6.69965e-08
-0.0729572 -6.69102e-08
-0.0728673 -6.68436e-08
-0.0727774 -6.6736e-08
-0.0726875 -6.66548e-08
-0.0725976 -6.65713e-08
-0.0725077 -6.65029e-08
-0.0724178 -6.64117e-08
-0.0723279 -6.63247e-08
-0.072238 -6.62687e-08
-0.072148 -6.61904e-08
-0.0720581 -6.61228e-08
-0.0719682 -6.60548e-08
-0.0718783 -6.59584e-08
-0.0717884 -6.59011e-08
-0.0716985 -6.58305e-08
-0.0716086 -6.57432e-08
-0.0715187 -6.5662e-08
-0.0714288 -6.56001e-08
-0.0713389 -6.55292e-08
-0.071249 -6.54265e-08
-0.0711591 -6.53231e-08
-0.0710692 -6.52151e-08
-0.0709793 -6.51082e-08
-0.0708894 -6.50095e-08
-0.0707995 -6.49078e-08
-0.0707096 -6.48174e-08
-0.0706197 -6.47157e-08
-0.0705298 -6.46034e-08
-0.0704399 -6.44969e-08
-0.07035 -6.43883e-08
-0.0702601 -6.42596e-08
-0.0701702 -6.41432e-08
-0.0700803 -6.40338e-08
-0.0699903 -6.39258e-08
-0.0699004 -6.38146e-08
-0.0698105 -6.37279e-08
-0.0697206 -6.3617e-08
-0.0696307 -6.3519e-08
-0.0695408 -6.33944e-08
-0.0694509 -6.32843e-08
-0.069361 -6.32023e-08
-0.0692711 -6.30852e-08
-0.0691812 -6.2969e-08
-0.0690913 -6.2874e-08
-0.0690014 -6.27666e-08
-0.0689115 -6.26489e-08
-0.0688216 -6.25113e-08
-0.0687317 -6.23767e-08
-0.0686418 -6.22555e-08
-0.0685519 -6.21464e-08
-0.068462 -6.20301e-08
-0.0683721 -6.19064e-08
-0.0682822 -6.17936e-08
-0.0681923 -6.16853e-08
-0.0681024 -6.15858e-08
-0.0680125 -6.14653e-08
-0.0679226 -6.13527e-08
-0.0678326 -6.12229e-08
-0.0677427 -6.10973e-08
-0.0676528 -6.09731e-08
-0.0675629 -6.08408e-08
-0.067473 -6.07201e-08
-0.0673831 -6.0613e-08
-0.0672932 -6.05088e-08
-0.0672033 -6.04084e-08
-0.0671134 -6.02997e-08
-0.0670235 -6.0182e-08
-0.0669336 -6.00772e-08
-0.0668437 -5.99652e-08
-0.0667538 -5.98245e-08
-0.0666639 -5.97216e-08
-0.066574 -5.96134e-08
-0.0664841 -5.95008e-08
-0.0663942 -5.93715e-08
-0.0663043 -5.92594e-08
-0.0662144 -5.91383e-08
-0.0661245 -5.90064e-08
-0.0660346 -5.89014e-08
-0.0659447 -5.87758e-08
-0.0658548 -5.86398e-08
-0.0657649 -5.85261e-08
-0.0656749 -5.84057e-08
-0.065585 -5.82768e-08
-0.0654951 -5.81633e-08
-0.0654052 -5.80622e-08
-0.0653153 -5.79463e-08
-0.0652254 -5.78165e-08
-0.0651355 -5.76881e-08
-0.0650456 -5.75647e-08
-0.0649557 -5.74465e-08
-0.0648658 -5.73353e-08
-0.0647759 -5.72192e-08
-0.064686 -5.71013e-08
-0.0645961 -5.69833e-08
-0.0645062 -5.68719e-08
-0.0644163 -5.677e-08
-0.0643264 -5.66626e-08
-0.0642365 -5.6544e-08
-0.0641466 -5.64094e-08
-0.0640567 -5.62997e-08
-0.0639668 -5.61945e-08
-0.0638769 -5.60961e-08
-0.063787 -5.60075e-08
-0.0636971 -5.58799e-08
-0.0636072 -5.57697e-08
-0.0635172 -5.5665e-08
-0.0634273 -5.55587e-08
-0.0633374 -5.5455e-08
-0.0632475 -5.53423e-08
-0.0631576 -5.52399e-08
-0.0630677 -5.51299e-08
-0.0629778 -5.50407e-08
-0.0628879 -5.49191e-08
-0.062798 -5.4827e-08
-0.0627081 -5.47166e-08
-0.0626182 -5.4593e-08
-0.0625283 -5.44742e-08
-0.0624384 -5.43691e-08
-0.0623485 -5.4253e-08
-0.0622586 -5.41433e-08
-0.0621687 -5.40442e-08
-0.0620788 -5.39439e-08
-0.0619889 -5.38184e-08
-0.061899 -5.37002e-08
-0.0618091 -5.35888e-08
-0.0617192 -5.34606e-08
-0.0616293 -5.33426e-08
-0.0615394 -5.32215e-08
-0.0614495 -5.31204e-08
-0.0613595 -5.30125e-08
-0.0612696 -5.28983e-08
-0.0611797 -5.27766e-08
-0.0610898 -5.26768e-08
-0.0609999 -5.25546e-08
-0.06091 -5.2464e-08
-0.0608201 -5.23556e-08
-0.0607302 -5.22517e-08
-0.0606403 -5.21602e-08
-0.0605504 -5.20608e-08
-0.0604605 -5.19495e-08
-0.0603706 -5.18253e-08
-0.0602807 -5.17092e-08
-0.0601908 -5.15998e-08
-0.0601009 -5.14877e-08
-0.060011 -5.1383e-08
-0.0599211 -5.12693e-08
-0.0598312 -5.1142e-08
-0.0597413 -5.10435e-08
-0.0596514 -5.09343e-08
-0.0595615 -5.08315e-08
-0.0594716 -5.07306e-08
-0.0593817 -5.06254e-08
-0.0592918 -5.05256e-08
-0.0592018 -5.04265e-08
-0.0591119 -5.03193e-08
-0.059022 -5.02087e-08
-0.0589321 -5.00929e-08
-0.0588422 -4.9995e-08
-0.0587523 -4.98862e-08
-0.0586624 -4.9766e-08
-0.0585725 -4.9651e-08
-0.0584826 -4.95506e-08
-0.0583927 -4.94555e-08
-0.0583028 -4.9338e-08
-0.0582129 -4.92195e-08
-0.058123 -4.91304e-08
-0.0580331 -4.90198e-08
-0.0579432 -4.89204e-08
-0.0578533 -4.87996e-08
-0.0577634 -4.87014e-08
-0.0576735 -4.85924e-08
-0.0575836 -4.84723e-08
-0.0574937 -4.83725e-08
-0.0574038 -4.82751e-08
-0.0573139 -4.81651e-08
-0.057224 -4.80492e-08
-0.0571341 -4.79247e-08
-0.0570442 -4.78308e-08
-0.0569542 -4.77244e-08
-0.0568643 -4.76015e-08
-0.0567744 -4.74904e-08
-0.0566845 -4.73856e-08
-0.0565946 -4.72825e-08
-0.0565047 -4.71731e-08
-0.0564148 -4.70846e-08
-0.0563249 -4.69767e-08
-0.056235 -4.6874e-08
-0.0561451 -4.67879e-08
-0.0560552 -4.66872e-08
-0.0559653 -4.65772e-08
-0.0558754 -4.64722e-08
-0.0557855 -4.63556e-08
-0.0556956 -4.62475e-08
-0.0556057 -4.6135e-08
-0.0555158 -4.60205e-08
-0.0554259 -4.59171e-08
-0.055336 -4.58056e-08
-0.0552461 -4.57012e-08
-0.0551562 -4.55911e-08
-0.0550663 -4.54766e-08
-0.0549764 -4.53626e-08
-0.0548865 -4.52509e-08
-0.0547965 -4.51456e-08
-0.0547066 -4.50473e-08
-0.0546167 -4.49219e-08
-0.0545268 -4.47911e-08
-0.0544369 -4.4669e-08
-0.054347 -4.45576e-08
-0.0542571 -4.44498e-08
-0.0541672 -4.43416e-08
-0.0540773 -4.42263e-08
-0.0539874 -4.40993e-08
-0.0538975 -4.39859e-08
-0.0538076 -4.38679e-08
-0.0537177 -4.37634e-08
-0.0536278 -4.36551e-08
-0.0535379 -4.35407e-08
-0.053448 -4.34394e-08
-0.0533581 -4.33382e-08
-0.0532682 -4.32262e-08
-0.0531783 -4.31212e-08
-0.0530884 -4.30214e-08
-0.0529985 -4.29106e-08
-0.0529086 -4.28084e-08
-0.0528187 -4.26977e-08
-0.0527288 -4.26004e-08
-0.0526388 -4.24925e-08
-0.0525489 -4.23898e-08
-0.052459 -4.22902e-08
-0.0523691 -4.2189e-08
-0.0522792 -4.20895e-08
-0.0521893 -4.19782e-08
-0.0520994 -4.18817e-08
-0.0520095 -4.1782e-08
-0.0519196 -4.16817e-08
-0.0518297 -4.15777e-08
-0.0517398 -4.14698e-08
-0.0516499 -4.13716e-08
-0.05156 -4.12702e-08
-0.0514701 -4.1167e-08
-0.0513802 -4.10656e-08
-0.0512903 -4.09651e-08
-0.0512004 -4.08638e-08
-0.0511105 -4.07664e-08
-0.0510206 -4.06622e-08
-0.0509307 -4.05683e-08
-0.0508408 -4.04681e-08
-0.0507509 -4.03707e-08
-0.050661 -4.02767e-08
-0.0505711 -4.01871e-08
-0.0504811 -4.00969e-08
-0.0503912 -3.99997e-08
-0.0503013 -3.99058e-08
-0.0502114 -3.98123e-08
-0.0501215 -3.97122e-08
-0.0500316 -3.96132e-08
-0.0499417 -3.95146e-08
-0.0498518 -3.94261e-08
-0.0497619 -3.93295e-08
-0.049672 -3.92448e-08
-0.0495821 -3.91515e-08
-0.0494922 -3.90612e-08
-0.0494023 -3.89654e-08
-0.0493124 -3.88705e-08
-0.0492225 -3.87741e-08
-0.0491326 -3.86709e-08
-0.0490427 -3.85698e-08
-0.0489528 -3.84679e-08
-0.0488629 -3.83653e-08
-0.048773 -3.82691e-08
-0.0486831 -3.81705e-08
-0.0485932 -3.80678e-08
-0.0485033 -3.7969e-08
-0.0484134 -3.78686e-08
-0.0483234 -3.77682e-08
-0.0482335 -3.76537e-08
-0.0481436 -3.75551e-08
-0.0480537 -3.74525e-08
-0.0479638 -3.73512e-08
-0.0478739 -3.72512e-08
-0.047784 -3.71507e-08
-0.0476941 -3.70487e-08
-0.0476042 -3.69476e-08
-0.0475143 -3.6849e-08
-0.0474244 -3.67612e-08
-0.0473345 -3.66537e-08
-0.0472446 -3.65427e-08
-0.0471547 -3.64399e-08
-0.0470648 -3.63369e-08
-0.0469749 -3.62395e-08
-0.046885 -3.61397e-08
-0.0467951 -3.60322e-08
-0.0467052 -3.5941e-08
-0.0466153 -3.58431e-08
-0.0465254 -3.57567e-08
-0.0464355 -3.5665e-08
-0.0463456 -3.55679e-08
-0.0462557 -3.5473e-08
-0.0461657 -3.53863e-08
-0.0460758 -3.52894e-08
-0.0459859 -3.51886e-08
-0.045896 -3.50908e-08
-0.0458061 -3.49963e-08
-0.0457162 -3.48852e-08
-0.0456263 -3.47799e-08
-0.0455364 -3.46757e-08
-0.0454465 -3.4578e-08
-0.0453566 -3.44826e-08
-0.0452667 -3.43861e-08
-0.0451768 -3.42929e-08
-0.0450869 -3.41933e-08
-0.044997 -3.41042e-08
-0.0449071 -3.40043e-08
-0.0448172 -3.39059e-08
-0.0447273 -3.38134e-08
-0.0446374 -3.37106e-08
-0.0445475 -3.36195e-08
-0.0444576 -3.35194e-08
-0.0443677 -3.34204e-08
-0.0442778 -3.33292e-08
-0.0441879 -3.32276e-08
-0.044098 -3.3128e-08
-0.044008 -3.30321e-08
-0.0439181 -3.29416e-08
-0.0438282 -3.28446e-08
-0.0437383 -3.27546e-08
-0.0436484 -3.26637e-08
-0.0435585 -3.25756e-08
-0.0434686 -3.24906e-08
-0.0433787 -3.2394e-08
-0.0432888 -3.23115e-08
-0.0431989 -3.22037e-08
-0.043109 -3.21085e-08
-0.0430191 -3.20143e-08
-0.0429292 -3.19209e-08
-0.0428393 -3.18301e-08
-0.0427494 -3.17401e-08
-0.0426595 -3.1653e-08
-0.0425696 -3.15545e-08
-0.0424797 -3.14559e-08
-0.0423898 -3.13541e-08
-0.0422999 -3.12564e-08
-0.04221 -3.11607e-08
-0.0421201 -3.10583e-08
-0.0420302 -3.09595e-08
-0.0419403 -3.08592e-08
-0.0418503 -3.07712e-08
-0.0417604 -3.06843e-08
-0.0416705 -3.05861e-08
-0.0415806 -3.04814e-08
-0.0414907 -3.03779e-08
-0.0414008 -3.02826e-08
-0.0413109 -3.01869e-08
-0.041221 -3.00929e-08
-0.0411311 -2.99963e-08
-0.0410412 -2.98955e-08
-0.0409513 -2.97947e-08
-0.0408614 -2.96991e-08
-0.0407715 -2.96079e-08
-0.0406816 -2.95124e-08
-0.0405917 -2.94136e-08
-0.0405018 -2.93153e-08
-0.0404119 -2.92233e-08
-0.040322 -2.91258e-08
-0.0402321 -2.90314e-08
-0.0401422 -2.89347e-08
-0.0400523 -2.88361e-08
-0.0399624 -2.87372e-08
-0.0398725 -2.86429e-08
-0.0397826 -2.85523e-08
-0.0396927 -2.84617e-08
-0.0396027 -2.83711e-08
-0.0395128 -2.82711e-08
-0.0394229 -2.81754e-08
-0.039333 -2.8081e-08
-0.0392431 -2.79879e-08
-0.0391532 -2.7893e-08
-0.0390633 -2.77967e-08
-0.0389734 -2.77032e-08
-0.0388835 -2.7609e-08
-0.0387936 -2.75133e-08
-0.0387037 -2.74192e-08
-0.0386138 -2.73298e-08
-0.0385239 -2.72327e-08
-0.038434 -2.71287e-08
-0.0383441 -2.70374e-08
-0.0382542 -2.69404e-08
-0.0381643 -2.68511e-08
-0.0380744 -2.67569e-08
-0.0379845 -2.66635e-08
-0.0378946 -2.6569e-08
-0.0378047 -2.64746e-08
-0.0377148 -2.63794e-08
-0.0376249 -2.6286e-08
-0.037535 -2.61887e-08
-0.037445 -2.60986e-08
-0.0373551 -2.60142e-08
-0.0372652 -2.59302e-08
-0.0371753 -2.58355e-08
-0.0370854 -2.57545e-08
-0.0369955 -2.56622e-08
-0.0369056 -2.55746e-08
-0.0368157 -2.5484e-08
-0.0367258 -2.54019e-08
-0.0366359 -2.53193e-08
-0.036546 -2.52311e-08
-0.0364561 -2.51448e-08
-0.0363662 -2.50607e-08
-0.0362763 -2.49769e-08
-0.0361864 -2.4901e-08
-0.0360965 -2.48225e-08
-0.0360066 -2.47352e-08
-0.0359167 -2.46487e-08
-0.0358268 -2.45702e-08
-0.0357369 -2.44866e-08
-0.035647 -2.4412e-08
-0.0355571 -2.43341e-08
-0.0354672 -2.4254e-08
-0.0353773 -2.41736e-08
-0.0352873 -2.40904e-08
-0.0351974 -2.40096e-08
-0.0351075 -2.39324e-08
-0.0350176 -2.38503e-08
-0.0349277 -2.37663e-08
-0.0348378 -2.36896e-08
-0.0347479 -2.36044e-08
-0.034658 -2.35164e-08
-0.0345681 -2.34331e-08
-0.0344782 -2.33491e-08
-0.0343883 -2.32652e-08
-0.0342984 -2.31868e-08
-0.0342085 -2.31066e-08
-0.0341186 -2.30274e-08
-0.0340287 -2.29495e-08
-0.0339388 -2.28715e-08
-0.0338489 -2.27891e-08
-0.033759 -2.27077e-08
-0.0336691 -2.26284e-08
-0.0335792 -2.25427e-08
-0.0334893 -2.24494e-08
-0.0333994 -2.2364e-08
-0.0333095 -2.22827e-08
-0.0332196 -2.22052e-08
-0.0331296 -2.21271e-08
-0.0330397 -2.20463e-08
-0.0329498 -2.19607e-08
-0.0328599 -2.18745e-08
-0.03277 -2.17806e-08
-0.0326801 -2.16963e-08
-0.0325902 -2.16126e-08
-0.0325003 -2.15268e-08
-0.0324104 -2.14441e-08
-0.0323205 -2.1361e-08
-0.0322306 -2.12748e-08
-0.0321407 -2.11922e-08
-0.0320508 -2.11149e-08
-0.0319609 -2.10206e-08
-0.031871 -2.09342e-08
-0.0317811 -2.08488e-08
-0.0316912 -2.07635e-08
-0.0316013 -2.06736e-08
-0.0315114 -2.05796e-08
-0.0314215 -2.0502e-08
-0.0313316 -2.04159e-08
-0.0312417 -2.033e-08
-0.0311518 -2.02406e-08
-0.0310619 -2.01583e-08
-0.0309719 -2.00724e-08
-0.030882 -1.99843e-08
-0.0307921 -1.99031e-08
-0.0307022 -1.982e-08
-0.0306123 -1.97347e-08
-0.0305224 -1.96413e-08
-0.0304325 -1.95581e-08
-0.0303426 -1.94792e-08
-0.0302527 -1.93912e-08
-0.0301628 -1.93121e-08
-0.0300729 -1.9226e-08
-0.029983 -1.9142e-08
-0.0298931 -1.90557e-08
-0.0298032 -1.8978e-08
-0.0297133 -1.88946e-08
-0.0296234 -1.88149e-08
-0.0295335 -1.87317e-08
-0.0294436 -1.86424e-08
-0.0293537 -1.85625e-08
-0.0292638 -1.84798e-08
-0.0291739 -1.83925e-08
-0.029084 -1.83133e-08
-0.0289941 -1.82304e-08
-0.0289042 -1.81435e-08
-0.0288142 -1.80651e-08
-0.0287243 -1.79908e-08
-0.0286344 -1.79175e-08
-0.0285445 -1.78432e-08
-0.0284546 -1.7761e-08
-0.0283647 -1.76801e-08
-0.0282748 -1.76075e-08
-0.0281849 -1.75342e-08
-0.028095 -1.74552e-08
-0.0280051 -1.7381e-08
-0.0279152 -1.72943e-08
-0.0278253 -1.72147e-08
-0.0277354 -1.71393e-08
-0.0276455 -1.70662e-08
-0.0275556 -1.6992e-08
-0.0274657 -1.69137e-08
-0.0273758 -1.68384e-08
-0.0272859 -1.67645e-08
-0.027196 -1.66956e-08
-0.0271061 -1.66218e-08
-0.0270162 -1.65468e-08
-0.0269263 -1.64763e-08
-0.0268364 -1.63984e-08
-0.0267465 -1.63223e-08
-0.0266565 -1.62488e-08
-0.0265666 -1.61734e-08
-0.0264767 -1.60969e-08
-0.0263868 -1.60225e-08
-0.0262969 -1.59472e-08
-0.026207 -1.58799e-08
-0.0261171 -1.58004e-08
-0.0260272 -1.57272e-08
-0.0259373 -1.56516e-08
-0.0258474 -1.55798e-08
-0.0257575 -1.55044e-08
-0.0256676 -1.54349e-08
-0.0255777 -1.53594e-08
-0.0254878 -1.52842e-08
-0.0253979 -1.52154e-08
-0.025308 -1.5141e-08
-0.0252181 -1.50721e-08
-0.0251282 -1.50052e-08
-0.0250383 -1.49354e-08
-0.0249484 -1.48632e-08
-0.0248585 -1.47908e-08
-0.0247686 -1.47149e-08
-0.0246787 -1.46463e-08
-0.0245888 -1.45778e-08
-0.0244988 -1.45005e-08
-0.0244089 -1.443e-08
-0.024319 -1.43631e-08
-0.0242291 -1.42911e-08
-0.0241392 -1.4223e-08
-0.0240493 -1.41567e-08
-0.0239594 -1.40887e-08
-0.0238695 -1.401e-08
-0.0237796 -1.39452e-08
-0.0236897 -1.38704e-08
-0.0235998 -1.38089e-08
-0.0235099 -1.374e-08
-0.02342 -1.36675e-08
-0.0233301 -1.36023e-08
-0.0232402 -1.35354e-08
-0.0231503 -1.34637e-08
-0.0230604 -1.33983e-08
-0.0229705 -1.33341e-08
-0.0228806 -1.32658e-08
-0.0227907 -1.31987e-08
-0.0227008 -1.31294e-08
-0.0226109 -1.30574e-08
-0.022521 -1.29946e-08
-0.0224311 -1.29281e-08
-0.0223411 -1.28584e-08
-0.0222512 -1.27895e-08
-0.0221613 -1.27252e-08
-0.0220714 -1.26605e-08
-0.0219815 -1.25985e-08
-0.0218916 -1.25356e-08
-0.0218017 -1.24706e-08
-0.0217118 -1.24029e-08
-0.0216219 -1.23283e-08
-0.021532 -1.22612e-08
-0.0214421 -1.22044e-08
-0.0213522 -1.21408e-08
-0.0212623 -1.20753e-08
-0.0211724 -1.20111e-08
-0.0210825 -1.19494e-08
-0.0209926 -1.18878e-08
-0.0209027 -1.18171e-08
-0.0208128 -1.17541e-08
-0.0207229 -1.16893e-08
-0.020633 -1.16249e-08
-0.0205431 -1.15537e-08
-0.0204532 -1.14901e-08
-0.0203633 -1.14357e-08
-0.0202734 -1.13719e-08
-0.0201835 -1.13153e-08
-0.0200935 -1.12557e-08
-0.0200036 -1.11935e-08
-0.0199137 -1.11278e-08
-0.0198238 -1.10616e-08
-0.0197339 -1.09981e-08
-0.019644 -1.09379e-08
-0.0195541 -1.08779e-08
-0.0194642 -1.08129e-08
-0.0193743 -1.07531e-08
-0.0192844 -1.06904e-08
-0.0191945 -1.06285e-08
-0.0191046 -1.05715e-08
-0.0190147 -1.05155e-08
-0.0189248 -1.04548e-08
-0.0188349 -1.039e-08
-0.018745 -1.03315e-08
-0.0186551 -1.02676e-08
-0.0185652 -1.02065e-08
-0.0184753 -1.01462e-08
-0.0183854 -1.00889e-08
-0.0182955 -1.00337e-08
-0.0182056 -9.9691e-09
-0.0181157 -9.91391e-09
-0.0180258 -9.85079e-09
-0.0179358 -9.79723e-09
-0.0178459 -9.74272e-09
-0.017756 -9.68293e-09
-0.0176661 -9.622e-09
-0.0175762 -9.56816e-09
-0.0174863 -9.50954e-09
-0.0173964 -9.45225e-09
-0.0173065 -9.39761e-09
-0.0172166 -9.33857e-09
-0.0171267 -9.27819e-09
-0.0170368 -9.21692e-09
-0.0169469 -9.15684e-09
-0.016857 -9.10425e-09
-0.0167671 -9.05477e-09
-0.0166772 -9.00023e-09
-0.0165873 -8.94373e-09
-0.0164974 -8.88556e-09
-0.0164075 -8.83312e-09
-0.0163176 -8.78028e-09
-0.0162277 -8.71865e-09
-0.0161378 -8.66459e-09
-0.0160479 -8.60719e-09
-0.015958 -8.55053e-09
-0.0158681 -8.4934e-09
-0.0157781 -8.44109e-09
-0.0156882 -8.38811e-09
-0.0155983 -8.33791e-09
-0.0155084 -8.28503e-09
-0.0154185 -8.22955e-09
-0.0153286 -8.18359e-09
-0.0152387 -8.1288e-09
-0.0151488 -8.07438e-09
-0.0150589 -8.02598e-09
-0.014969 -7.96953e-09
-0.0148791 -7.91301e-09
-0.0147892 -7.8608e-09
-0.0146993 -7.80525e-09
-0.0146094 -7.75116e-09
-0.0145195 -7.70051e-09
-0.0144296 -7.64946e-09
-0.0143397 -7.59855e-09
-0.0142498 -7.54744e-09
-0.0141599 -7.50174e-09
-0.01407 -7.45158e-09
-0.0139801 -7.39744e-09
-0.0138902 -7.34342e-09
-0.0138003 -7.29028e-09
-0.0137104 -7.2353e-09
-0.0136204 -7.18367e-09
-0.0135305 -7.12861e-09
-0.0134406 -7.07601e-09
-0.0133507 -7.02421e-09
-0.0132608 -6.97025e-09
-0.0131709 -6.91868e-09
-0.013081 -6.87198e-09
-0.0129911 -6.81489e-09
-0.0129012 -6.75966e-09
-0.0128113 -6.71122e-09
-0.0127214 -6.65557e-09
-0.0126315 -6.60025e-09
-0.0125416 -6.55205e-09
-0.0124517 -6.49193e-09
-0.0123618 -6.43983e-09
-0.0122719 -6.38599e-09
-0.012182 -6.33619e-09
-0.0120921 -6.28306e-09
-0.0120022 -6.23001e-09
-0.0119123 -6.17513e-09
-0.0118224 -6.12052e-09
-0.0117325 -6.0709e-09
-0.0116426 -6.02228e-09
-0.0115527 -5.96739e-09
-0.0114627 -5.91835e-09
-0.0113728 -5.86324e-09
-0.0112829 -5.81042e-09
-0.011193 -5.76046e-09
-0.0111031 -5.71204e-09
-0.0110132 -5.65517e-09
-0.0109233 -5.60434e-09
-0.0108334 -5.55371e-09
-0.0107435 -5.5019e-09
-0.0106536 -5.45521e-09
-0.0105637 -5.40885e-09
-0.0104738 -5.35277e-09
-0.0103839 -5.30595e-09
-0.010294 -5.25373e-09
-0.0102041 -5.21038e-09
-0.0101142 -5.16081e-09
-0.0100243 -5.10753e-09
-0.00993438 -5.05475e-09
-0.00984447 -5.00354e-09
-0.00975457 -4.95835e-09
-0.00966466 -4.90504e-09
-0.00957476 -4.85803e-09
-0.00948486 -4.80488e-09
-0.00939495 -4.75205e-09
-0.00930505 -4.70375e-09
-0.00921514 -4.65278e-09
-0.00912524 -4.60759e-09
-0.00903534 -4.55154e-09
-0.00894543 -4.50227e-09
-0.00885553 -4.45329e-09
-0.00876562 -4.40188e-09
-0.00867572 -4.3582e-09
-0.00858582 -4.30414e-09
-0.00849591 -4.25157e-09
-0.00840601 -4.20017e-09
-0.0083161 -4.15316e-09
-0.0082262 -4.10377e-09
-0.00813629 -4.05385e-09
-0.00804639 -4.00693e-09
-0.00795649 -3.95141e-09
-0.00786658 -3.90225e-09
-0.00777668 -3.85292e-09
-0.00768677 -3.80084e-09
-0.00759687 -3.74967e-09
-0.00750697 -3.69569e-09
-0.00741706 -3.64654e-09
-0.00732716 -3.60001e-09
-0.00723725 -3.554e-09
-0.00714735 -3.50541e-09
-0.00705744 -3.45207e-09
-0.00696754 -3.40376e-09
-0.00687764 -3.3465e-09
-0.00678773 -3.29273e-09
-0.00669783 -3.24068e-09
-0.00660792 -3.18975e-09
-0.00651802 -3.14316e-09
-0.00642812 -3.09489e-09
-0.00633821 -3.04806e-09
-0.00624831 -3.00062e-09
-0.0061584 -2.95145e-09
-0.0060685 -2.90369e-09
-0.00597859 -2.85713e-09
-0.00588869 -2.80255e-09
-0.00579879 -2.74807e-09
-0.00570888 -2.69428e-09
-0.00561898 -2.64381e-09
-0.00552907 -2.59627e-09
-0.00543917 -2.54601e-09
-0.00534927 -2.49678e-09
-0.00525936 -2.44638e-09
-0.00516946 -2.39962e-09
-0.00507955 -2.34916e-09
-0.00498965 -2.30267e-09
-0.00489975 -2.25336e-09
-0.00480984 -2.20658e-09
-0.00471994 -2.15587e-09
-0.00463003 -2.10955e-09
-0.00454013 -2.06323e-09
-0.00445022 -2.02452e-09
-0.00436032 -1.97866e-09
-0.00427042 -1.92931e-09
-0.00418051 -1.88491e-09
-0.00409061 -1.84156e-09
-0.0040007 -1.79865e-09
-0.0039108 -1.75536e-09
-0.0038209 -1.71249e-09
-0.00373099 -1.67618e-09
-0.00364109 -1.63015e-09
-0.00355118 -1.5909e-09
-0.00346128 -1.55137e-09
-0.00337137 -1.51692e-09
-0.00328147 -1.47288e-09
-0.00319157 -1.43263e-09
-0.00310166 -1.3931e-09
-0.00301176 -1.35323e-09
-0.00292185 -1.31138e-09
-0.00283195 -1.26615e-09
-0.00274205 -1.22614e-09
-0.00265214 -1.19278e-09
-0.00256224 -1.15026e-09
-0.00247233 -1.11343e-09
-0.00238243 -1.07542e-09
-0.00229252 -1.03809e-09
-0.00220262 -9.9745e-10
-0.00211272 -9.60671e-10
-0.00202281 -9.17619e-10
-0.00193291 -8.74612e-10
-0.001843 -8.32139e-10
-0.0017531 -7.91444e-10
-0.0016632 -7.48303e-10
-0.00157329 -7.14932e-10
-0.00148339 -6.73687e-10
-0.00139348 -6.33132e-10
-0.00130358 -5.88602e-10
-0.00121368 -5.47784e-10
-0.00112377 -5.09881e-10
-0.00103387 -4.69367e-10
-0.000943963 -4.25558e-10
-0.000854059 -3.86553e-10
-0.000764154 -3.48301e-10
-0.00067425 -3.09018e-10
-0.000584346 -2.71382e-10
-0.000494442 -2.39741e-10
-0.000404538 -1.95478e-10
-0.000314634 -1.55121e-10
-0.00022473 -1.13247e-10
-0.000134825 -7.43489e-11
-4.49212e-05 -3.64015e-11
4.49829e-05 0
0.000134887 3.56858e-11
0.000224791 6.7947e-11
0.000314695 9.91933e-11
0.0004046 1.32212e-10
0.000494504 1.61176e-10
0.000584408 1.99075e-10
0.000674312 2.37835e-10
0.000764216 2.73862e-10
0.00085412 3.14123e-10
0.000944024 3.49039e-10
0.00103393 3.80212e-10
0.00112383 4.10344e-10
0.00121374 4.44597e-10
0.00130364 4.74634e-10
0.00139355 5.03191e-10
0.00148345 5.30503e-10
0.00157335 5.61026e-10
0.00166326 5.99041e-10
0.00175316 6.29366e-10
0.00184307 6.62604e-10
0.00193297 6.95141e-10
0.00202287 7.23819e-10
0.00211278 7.52475e-10
0.00220268 7.84852e-10
0.00229259 8.18192e-10
0.00238249 8.46112e-10
0.00247239 8.75062e-10
0.0025623 9.05216e-10
0.0026522 9.34918e-10
0.00274211 9.72443e-10
0.00283201 1.00228e-09
0.00292192 1.03295e-09
0.00301182 1.0622e-09
0.00310172 1.09138e-09
0.00319163 1.1222e-09
0.00328153 1.1536e-09
0.00337144 1.18328e-09
0.00346134 1.21795e-09
0.00355124 1.24873e-09
0.00364115 1.27797e-09
0.00373105 1.30521e-09
0.00382096 1.34151e-09
0.00391086 1.36899e-09
0.00400077 1.39415e-09
0.00409067 1.42323e-09
0.00418057 1.45088e-09
0.00427048 1.47917e-09
0.00436038 1.50471e-09
0.00445029 1.53178e-09
0.00454019 1.56465e-09
0.00463009 1.59211e-09
0.00472 1.61925e-09
0.0048099 1.64432e-09
0.00489981 1.6739e-09
0.00498971 1.69841e-09
0.00507962 1.72535e-09
0.00516952 1.74952e-09
0.00525942 1.77564e-09
0.00534933 1.79936e-09
0.00543923 1.82269e-09
0.00552914 1.84939e-09
0.00561904 1.87997e-09
0.00570894 1.90549e-09
0.00579885 1.92723e-09
0.00588875 1.95035e-09
0.00597866 1.97139e-09
0.00606856 1.99347e-09
0.00615846 2.01893e-09
0.00624837 2.04281e-09
0.00633827 2.0682e-09
0.00642818 2.09242e-09
0.00651808 2.11761e-09
0.00660799 2.14209e-09
0.00669789 2.16753e-09
0.00678779 2.18908e-09
0.0068777 2.20704e-09
0.0069676 2.22593e-09
0.00705751 2.24738e-09
0.00714741 2.26905e-09
0.00723731 2.29232e-09
0.00732722 2.31554e-09
0.00741712 2.34061e-09
0.00750703 2.36311e-09
0.00759693 2.38496e-09
0.00768684 2.40944e-09
0.00777674 2.42689e-09
0.00786664 2.44697e-09
0.00795655 2.46348e-09
0.00804645 2.48049e-09
0.00813636 2.49863e-09
0.00822626 2.5126e-09
0.00831616 2.53051e-09
0.00840607 2.55177e-09
0.00849597 2.57163e-09
0.00858588 2.58699e-09
0.00867578 2.60076e-09
0.00876569 2.61998e-09
0.00885559 2.63453e-09
0.00894549 2.65228e-09
0.0090354 2.66688e-09
0.0091253 2.67382e-09
0.00921521 2.69229e-09
0.00930511 2.70535e-09
0.00939501 2.7164e-09
0.00948492 2.72931e-09
0.00957482 2.7388e-09
0.00966473 2.74918e-09
0.00975463 2.76085e-09
0.00984453 2.77892e-09
0.00993444 2.78555e-09
0.0100243 2.7963e-09
0.0101142 2.79828e-09
0.0102042 2.8028e-09
0.0102941 2.81482e-09
0.010384 2.82067e-09
0.0104739 2.82719e-09
0.0105638 2.82927e-09
0.0106537 2.83723e-09
0.0107436 2.84269e-09
0.0108335 2.84338e-09
0.0109234 2.8522e-09
0.0110133 2.854e-09
0.0111032 2.85376e-09
0.0111931 2.8539e-09
0.011283 2.86242e-09
0.0113729 2.86705e-09
0.0114628 2.86972e-09
0.0115527 2.8749e-09
0.0116426 2.87213e-09
0.0117325 2.87939e-09
0.0118224 2.87983e-09
0.0119123 2.87837e-09
0.0120022 2.87778e-09
0.0120921 2.87564e-09
0.012182 2.86894e-09
0.0122719 2.87325e-09
0.0123619 2.87158e-09
0.0124518 2.86748e-09
0.0125417 2.86504e-09
0.0126316 2.86591e-09
0.0127215 2.85832e-09
0.0128114 2.85431e-09
0.0129013 2.84892e-09
0.0129912 2.83999e-09
0.0130811 2.83073e-09
0.013171 2.82318e-09
0.0132609 2.814e-09
0.0133508 2.80826e-09
0.0134407 2.79973e-09
0.0135306 2.79063e-09
0.0136205 2.77973e-09
0.0137104 2.77476e-09
0.0138003 2.75908e-09
0.0138902 2.74817e-09
0.0139801 2.7397e-09
0.01407 2.72163e-09
0.0141599 2.70637e-09
0.0142498 2.6989e-09
0.0143397 2.6843e-09
0.0144296 2.67071e-09
0.0145196 2.65569e-09
0.0146095 2.63917e-09
0.0146994 2.62245e-09
0.0147893 2.60498e-09
0.0148792 2.58756e-09
0.0149691 2.57119e-09
0.015059 2.55282e-09
0.0151489 2.53423e-09
0.0152388 2.51349e-09
0.0153287 2.49798e-09
0.0154186 2.47991e-09
0.0155085 2.45899e-09
0.0155984 2.43858e-09
0.0156883 2.41685e-09
0.0157782 2.38975e-09
0.0158681 2.36588e-09
0.015958 2.34118e-09
0.0160479 2.31543e-09
0.0161378 2.29181e-09
0.0162277 2.27061e-09
0.0163176 2.2393e-09
0.0164075 2.21689e-09
0.0164974 2.19403e-09
0.0165873 2.16454e-09
0.0166773 2.14219e-09
0.0167672 2.11453e-09
0.0168571 2.0889e-09
0.016947 2.06155e-09
0.0170369 2.0321e-09
0.0171268 2.0014e-09
0.0172167 1.97273e-09
0.0173066 1.94535e-09
0.0173965 1.91316e-09
0.0174864 1.88715e-09
0.0175763 1.85525e-09
0.0176662 1.82744e-09
0.0177561 1.79311e-09
0.017846 1.76211e-09
0.0179359 1.73702e-09
0.0180258 1.70843e-09
0.0181157 1.67154e-09
0.0182056 1.63743e-09
0.0182955 1.60563e-09
0.0183854 1.57925e-09
0.0184753 1.54982e-09
0.0185652 1.51558e-09
0.0186551 1.4838e-09
0.018745 1.45017e-09
0.0188349 1.41306e-09
0.0189249 1.37654e-09
0.0190148 1.34502e-09
0.0191047 1.31367e-09
0.0191946 1.27709e-09
0.0192845 1.24375e-09
0.0193744 1.20397e-09
0.0194643 1.1752e-09
0.0195542 1.13828e-09
0.0196441 1.10528e-09
0.019734 1.06528e-09
0.0198239 1.02572e-09
0.0199138 9.9064e-10
0.0200037 9.4971e-10
0.0200936 9.12299e-10
0.0201835 8.78931e-10
0.0202734 8.40479e-10
0.0203633 7.98754e-10
0.0204532 7.59496e-10
0.0205431 7.19232e-10
0.020633 6.73818e-10
0.0207229 6.35917e-10
0.0208128 5.95334e-10
0.0209027 5.54374e-10
0.0209926 5.06629e-10
0.0210826 4.62971e-10
0.0211725 4.19443e-10
0.0212624 3.78701e-10
0.0213523 3.35802e-10
0.0214422 2.87791e-10
0.0215321 2.49216e-10
0.021622 1.98152e-10
0.0217119 1.41745e-10
0.0218018 9.34689e-11
0.0218917 4.6233e-11
0.0219816 -2.39488e-13
0.0220715 -5.4703e-11
0.0221614 -1.00226e-10
0.0222513 -1.51197e-10
0.0223412 -2.02823e-10
0.0224311 -2.58296e-10
0.022521 -3.09592e-10
0.0226109 -3.60571e-10
0.0227008 -4.19022e-10
0.0227907 -4.8005e-10
0.0228806 -5.32755e-10
0.0229705 -5.86275e-10
0.0230604 -6.3805e-10
0.0231503 -6.92162e-10
0.0232403 -7.47859e-10
0.0233302 -8.05702e-10
0.0234201 -8.6541e-10
0.02351 -9.26791e-10
0.0235999 -9.82037e-10
0.0236898 -1.0369e-09
0.0237797 -1.09869e-09
0.0238696 -1.15551e-09
0.0239595 -1.21763e-09
0.0240494 -1.27874e-09
0.0241393 -1.33939e-09
0.0242292 -1.40089e-09
0.0243191 -1.46765e-09
0.024409 -1.52861e-09
0.0244989 -1.59029e-09
0.0245888 -1.65989e-09
0.0246787 -1.71868e-09
0.0247686 -1.77886e-09
0.0248585 -1.84564e-09
0.0249484 -1.90652e-09
0.0250383 -1.98052e-09
0.0251282 -2.03938e-09
0.0252181 -2.1036e-09
0.025308 -2.16763e-09
0.025398 -2.23702e-09
0.0254879 -2.29841e-09
0.0255778 -2.36911e-09
0.0256677 -2.43821e-09
0.0257576 -2.50018e-09
0.0258475 -2.56926e-09
0.0259374 -2.63887e-09
0.0260273 -2.70262e-09
0.0261172 -2.76917e-09
0.0262071 -2.83637e-09
0.026297 -2.89806e-09
0.0263869 -2.96536e-09
0.0264768 -3.03289e-09
0.0265667 -3.09368e-09
0.0266566 -3.16322e-09
0.0267465 -3.22501e-09
0.0268364 -3.29341e-09
0.0269263 -3.35993e-09
0.0270162 -3.42385e-09
0.0271061 -3.49045e-09
0.027196 -3.56062e-09
0.0272859 -3.62832e-09
0.0273758 -3.69122e-09
0.0274657 -3.76152e-09
0.0275557 -3.82813e-09
0.0276456 -3.89773e-09
0.0277355 -3.96304e-09
0.0278254 -4.0326e-09
0.0279153 -4.10318e-09
0.0280052 -4.17548e-09
0.0280951 -4.24258e-09
0.028185 -4.31374e-09
0.0282749 -4.37874e-09
0.0283648 -4.44077e-09
0.0284547 -4.51418e-09
0.0285446 -4.5876e-09
0.0286345 -4.66281e-09
0.0287244 -4.73389e-09
0.0288143 -4.80787e-09
0.0289042 -4.88433e-09
0.0289941 -4.96361e-09
0.029084 -5.04659e-09
0.0291739 -5.1214e-09
0.0292638 -5.20128e-09
0.0293537 -5.27711e-09
0.0294436 -5.35428e-09
0.0295335 -5.43966e-09
0.0296234 -5.52061e-09
0.0297134 -5.59838e-09
0.0298033 -5.67652e-09
0.0298932 -5.75787e-09
0.0299831 -5.84229e-09
0.030073 -5.93032e-09
0.0301629 -6.01309e-09
0.0302528 -6.09523e-09
0.0303427 -6.183e-09
0.0304326 -6.26469e-09
0.0305225 -6.3481e-09
0.0306124 -6.43737e-09
0.0307023 -6.52149e-09
0.0307922 -6.60464e-09
0.0308821 -6.68681e-09
0.030972 -6.76967e-09
0.0310619 -6.85703e-09
0.0311518 -6.94188e-09
0.0312417 -7.02695e-09
0.0313316 -7.11073e-09
0.0314215 -7.19945e-09
0.0315114 -7.27891e-09
0.0316013 -7.36856e-09
0.0316912 -7.46007e-09
0.0317811 -7.54178e-09
0.0318711 -7.62404e-09
0.031961 -7.70623e-09
0.0320509 -7.79971e-09
0.0321408 -7.8831e-09
0.0322307 -7.97048e-09
0.0323206 -8.06166e-09
0.0324105 -8.1502e-09
0.0325004 -8.23656e-09
0.0325903 -8.3227e-09
0.0326802 -8.42266e-09
0.0327701 -8.51012e-09
0.03286 -8.59962e-09
0.0329499 -8.68794e-09
0.0330398 -8.78315e-09
0.0331297 -8.87483e-09
0.0332196 -8.95555e-09
0.0333095 -9.04497e-09
0.0333994 -9.1355e-09
0.0334893 -9.22587e-09
0.0335792 -9.31904e-09
0.0336691 -9.41064e-09
0.033759 -9.49544e-09
0.0338489 -9.58521e-09
0.0339388 -9.683e-09
0.0340288 -9.77078e-09
0.0341187 -9.85787e-09
0.0342086 -9.94125e-09
0.0342985 -1.0023e-08
0.0343884 -1.01062e-08
0.0344783 -1.01962e-08
0.0345682 -1.02905e-08
0.0346581 -1.03909e-08
0.034748 -1.0483e-08
0.0348379 -1.05718e-08
0.0349278 -1.0659e-08
0.0350177 -1.07459e-08
0.0351076 -1.08319e-08
0.0351975 -1.09204e-08
0.0352874 -1.10073e-08
0.0353773 -1.10947e-08
0.0354672 -1.11821e-08
0.0355571 -1.12755e-08
0.035647 -1.13642e-08
0.0357369 -1.14589e-08
0.0358268 -1.15527e-08
0.0359167 -1.16466e-08
0.0360066 -1.17378e-08
0.0360965 -1.18379e-08
0.0361865 -1.19307e-08
0.0362764 -1.20226e-08
0.0363663 -1.2125e-08
0.0364562 -1.22275e-08
0.0365461 -1.23245e-08
0.036636 -1.24244e-08
0.0367259 -1.25151e-08
0.0368158 -1.26084e-08
0.0369057 -1.27061e-08
0.0369956 -1.28046e-08
0.0370855 -1.29119e-08
0.0371754 -1.30126e-08
0.0372653 -1.31107e-08
0.0373552 -1.32072e-08
0.0374451 -1.3307e-08
0.037535 -1.34106e-08
0.0376249 -1.35133e-08
0.0377148 -1.36173e-08
0.0378047 -1.37127e-08
0.0378946 -1.38156e-08
0.0379845 -1.39204e-08
0.0380744 -1.40248e-08
0.0381643 -1.41235e-08
0.0382542 -1.42209e-08
0.0383441 -1.43286e-08
0.0384341 -1.44203e-08
0.038524 -1.45249e-08
0.0386139 -1.46284e-08
0.0387038 -1.47312e-08
0.0387937 -1.48324e-08
0.0388836 -1.49362e-08
0.0389735 -1.50375e-08
0.0390634 -1.5139e-08
0.0391533 -1.5237e-08
0.0392432 -1.53328e-08
0.0393331 -1.54293e-08
0.039423 -1.55317e-08
0.0395129 -1.56356e-08
0.0396028 -1.57462e-08
0.0396927 -1.58429e-08
0.0397826 -1.59367e-08
0.0398725 -1.6032e-08
0.0399624 -1.6128e-08
0.0400523 -1.62245e-08
0.0401422 -1.63204e-08
0.0402321 -1.6418e-08
0.040322 -1.65182e-08
0.0404119 -1.66166e-08
0.0405018 -1.67134e-08
0.0405918 -1.68125e-08
0.0406817 -1.69116e-08
0.0407716 -1.70014e-08
0.0408615 -1.70955e-08
0.0409514 -1.719e-08
0.0410413 -1.72883e-08
0.0411312 -1.73889e-08
0.0412211 -1.74905e-08
0.041311 -1.75807e-08
0.0414009 -1.76811e-08
0.0414908 -1.77748e-08
0.0415807 -1.78787e-08
0.0416706 -1.7984e-08
0.0417605 -1.80894e-08
0.0418504 -1.81855e-08
0.0419403 -1.82802e-08
0.0420302 -1.83833e-08
0.0421201 -1.84903e-08
0.04221 -1.85945e-08
0.0422999 -1.86966e-08
0.0423898 -1.88008e-08
0.0424797 -1.89062e-08
0.0425696 -1.9012e-08
0.0426595 -1.91231e-08
0.0427495 -1.92227e-08
0.0428394 -1.93233e-08
0.0429293 -1.94172e-08
0.0430192 -1.95161e-08
0.0431091 -1.96231e-08
0.043199 -1.97267e-08
0.0432889 -1.98392e-08
0.0433788 -1.99347e-08
0.0434687 -2.00422e-08
0.0435586 -2.01441e-08
0.0436485 -2.02481e-08
0.0437384 -2.03457e-08
0.0438283 -2.04353e-08
0.0439182 -2.05324e-08
0.0440081 -2.06284e-08
0.044098 -2.07305e-08
0.0441879 -2.08297e-08
0.0442778 -2.09413e-08
0.0443677 -2.10462e-08
0.0444576 -2.11426e-08
0.0445475 -2.125e-08
0.0446374 -2.13402e-08
0.0447273 -2.14411e-08
0.0448172 -2.15429e-08
0.0449072 -2.16476e-08
0.0449971 -2.17536e-08
0.045087 -2.18543e-08
0.0451769 -2.19665e-08
0.0452668 -2.20829e-08
0.0453567 -2.21922e-08
0.0454466 -2.22944e-08
0.0455365 -2.24084e-08
0.0456264 -2.2521e-08
0.0457163 -2.26351e-08
0.0458062 -2.27527e-08
0.0458961 -2.28552e-08
0.045986 -2.29751e-08
0.0460759 -2.30926e-08
0.0461658 -2.32053e-08
0.0462557 -2.33151e-08
0.0463456 -2.34175e-08
0.0464355 -2.35332e-08
0.0465254 -2.36461e-08
0.0466153 -2.37597e-08
0.0467052 -2.38749e-08
0.0467951 -2.3991e-08
0.046885 -2.41148e-08
0.0469749 -2.42297e-08
0.0470649 -2.43363e-08
0.0471548 -2.44557e-08
0.0472447 -2.45656e-08
0.0473346 -2.46788e-08
0.0474245 -2.47936e-08
0.0475144 -2.48939e-08
0.0476043 -2.4994e-08
0.0476942 -2.50938e-08
0.0477841 -2.52076e-08
0.047874 -2.53132e-08
0.0479639 -2.54302e-08
0.0480538 -2.55369e-08
0.0481437 -2.56459e-08
0.0482336 -2.5753e-08
0.0483235 -2.58758e-08
0.0484134 -2.59891e-08
0.0485033 -2.60955e-08
0.0485932 -2.61934e-08
0.0486831 -2.63016e-08
0.048773 -2.64084e-08
0.0488629 -2.65177e-08
0.0489528 -2.66274e-08
0.0490427 -2.67379e-08
0.0491326 -2.68476e-08
0.0492226 -2.69616e-08
0.0493125 -2.70703e-08
0.0494024 -2.71874e-08
0.0494923 -2.72942e-08
0.0495822 -2.7402e-08
0.0496721 -2.75091e-08
0.049762 -2.76186e-08
0.0498519 -2.77217e-08
0.0499418 -2.78291e-08
0.0500317 -2.79378e-08
0.0501216 -2.80541e-08
0.0502115 -2.81711e-08
0.0503014 -2.8283e-08
0.0503913 -2.8389e-08
0.0504812 -2.84942e-08
0.0505711 -2.86013e-08
0.050661 -2.87119e-08
0.0507509 -2.88217e-08
0.0508408 -2.89322e-08
0.0509307 -2.90461e-08
0.0510206 -2.9155e-08
0.0511105 -2.92732e-08
0.0512004 -2.93881e-08
0.0512903 -2.94957e-08
0.0513803 -2.96009e-08
0.0514702 -2.97097e-08
0.0515601 -2.98261e-08
0.05165 -2.99322e-08
0.0517399 -3.00451e-08
0.0518298 -3.01586e-08
0.0519197 -3.02777e-08
0.0520096 -3.03923e-08
0.0520995 -3.05032e-08
0.0521894 -3.06163e-08
0.0522793 -3.07317e-08
0.0523692 -3.08509e-08
0.0524591 -3.0967e-08
0.052549 -3.10822e-08
0.0526389 -3.11949e-08
0.0527288 -3.13083e-08
0.0528187 -3.14162e-08
0.0529086 -3.15442e-08
0.0529985 -3.16526e-08
0.0530884 -3.17701e-08
0.0531783 -3.18672e-08
0.0532682 -3.19727e-08
0.0533581 -3.20928e-08
0.053448 -3.2195e-08
0.053538 -3.23056e-08
0.0536279 -3.24158e-08
0.0537178 -3.25293e-08
0.0538077 -3.26368e-08
0.0538976 -3.27502e-08
0.0539875 -3.28649e-08
0.0540774 -3.29731e-08
0.0541673 -3.30817e-08
0.0542572 -3.31845e-08
0.0543471 -3.32958e-08
0.054437 -3.34034e-08
0.0545269 -3.35172e-08
0.0546168 -3.36357e-08
0.0547067 -3.37636e-08
0.0547966 -3.38689e-08
0.0548865 -3.39862e-08
0.0549764 -3.40941e-08
0.0550663 -3.42129e-08
0.0551562 -3.43456e-08
0.0552461 -3.44558e-08
0.055336 -3.45634e-08
0.0554259 -3.46662e-08
0.0555158 -3.47762e-08
0.0556057 -3.49024e-08
0.0556956 -3.50301e-08
0.0557856 -3.51412e-08
0.0558755 -3.52487e-08
0.0559654 -3.53543e-08
0.0560553 -3.54652e-08
0.0561452 -3.55674e-08
0.0562351 -3.56722e-08
0.056325 -3.57888e-08
0.0564149 -3.59023e-08
0.0565048 -3.60114e-08
0.0565947 -3.61284e-08
0.0566846 -3.6238e-08
0.0567745 -3.63405e-08
0.0568644 -3.64611e-08
0.0569543 -3.65923e-08
0.0570442 -3.67012e-08
0.0571341 -3.68096e-08
0.057224 -3.69185e-08
0.0573139 -3.7017e-08
0.0574038 -3.71293e-08
0.0574937 -3.72337e-08
0.0575836 -3.73301e-08
0.0576735 -3.74492e-08
0.0577634 -3.75569e-08
0.0578533 -3.76701e-08
0.0579433 -3.77881e-08
0.0580332 -3.79019e-08
0.0581231 -3.80013e-08
0.058213 -3.80942e-08
0.0583029 -3.82257e-08
0.0583928 -3.83516e-08
0.0584827 -3.84436e-08
0.0585726 -3.85373e-08
0.0586625 -3.86392e-08
0.0587524 -3.87603e-08
0.0588423 -3.8853e-08
0.0589322 -3.89499e-08
0.0590221 -3.90634e-08
0.059112 -3.91657e-08
0.0592019 -3.92765e-08
0.0592918 -3.93734e-08
0.0593817 -3.94848e-08
0.0594716 -3.95885e-08
0.0595615 -3.96899e-08
0.0596514 -3.98039e-08
0.0597413 -3.99259e-08
0.0598312 -4.00258e-08
0.0599211 -4.0153e-08
0.060011 -4.02496e-08
0.060101 -4.0351e-08
0.0601909 -4.04532e-08
0.0602808 -4.05632e-08
0.0603707 -4.06644e-08
0.0604606 -4.07699e-08
0.0605505 -4.08758e-08
0.0606404 -4.09691e-08
0.0607303 -4.10541e-08
0.0608202 -4.11535e-08
0.0609101 -4.12547e-08
0.061 -4.13593e-08
0.0610899 -4.14697e-08
0.0611798 -4.15583e-08
0.0612697 -4.16712e-08
0.0613596 -4.1773e-08
0.0614495 -4.18722e-08
0.0615394 -4.19709e-08
0.0616293 -4.20752e-08
0.0617192 -4.21786e-08
0.0618091 -4.22648e-08
0.061899 -4.23663e-08
0.0619889 -4.24643e-08
0.0620788 -4.25684e-08
0.0621687 -4.26773e-08
0.0622587 -4.27744e-08
0.0623486 -4.28859e-08
0.0624385 -4.29998e-08
0.0625284 -4.31e-08
0.0626183 -4.32054e-08
0.0627082 -4.3336e-08
0.0627981 -4.34471e-08
0.062888 -4.35602e-08
0.0629779 -4.36808e-08
0.0630678 -4.38024e-08
0.0631577 -4.39259e-08
0.0632476 -4.40327e-08
0.0633375 -4.4138e-08
0.0634274 -4.42383e-08
0.0635173 -4.43518e-08
0.0636072 -4.44745e-08
0.0636971 -4.45905e-08
0.063787 -4.47161e-08
0.0638769 -4.48187e-08
0.0639668 -4.49186e-08
0.0640567 -4.50271e-08
0.0641466 -4.51195e-08
0.0642365 -4.52406e-08
0.0643264 -4.53532e-08
0.0644164 -4.54678e-08
0.0645063 -4.55596e-08
0.0645962 -4.56552e-08
0.0646861 -4.57476e-08
0.064776 -4.58568e-08
0.0648659 -4.59488e-08
0.0649558 -4.60272e-08
0.0650457 -4.6115e-08
0.0651356 -4.62046e-08
0.0652255 -4.6311e-08
0.0653154 -4.64134e-08
0.0654053 -4.64995e-08
0.0654952 -4.65811e-08
0.0655851 -4.66628e-08
0.065675 -4.67614e-08
0.0657649 -4.68599e-08
0.0658548 -4.69398e-08
0.0659447 -4.70451e-08
0.0660346 -4.71406e-08
0.0661245 -4.72281e-08
0.0662144 -4.73298e-08
0.0663043 -4.74269e-08
0.0663942 -4.75206e-08
0.0664841 -4.76127e-08
0.0665741 -4.76938e-08
0.066664 -4.7791e-08
0.0667539 -4.78854e-08
0.0668438 -4.79949e-08
0.0669337 -4.80857e-08
0.0670236 -4.81821e-08
0.0671135 -4.82683e-08
0.0672034 -4.83465e-08
0.0672933 -4.8437e-08
0.0673832 -4.85049e-08
0.0674731 -4.8596e-08
0.067563 -4.86979e-08
0.0676529 -4.87973e-08
0.0677428 -4.88894e-08
0.0678327 -4.89776e-08
0.0679226 -4.90944e-08
0.0680125 -4.91633e-08
0.0681024 -4.92513e-08
0.0681923 -4.93347e-08
0.0682822 -4.94149e-08
0.0683721 -4.94917e-08
0.068462 -4.95883e-08
0.0685519 -4.96602e-08
0.0686418 -4.97505e-08
0.0687318 -4.98486e-08
0.0688217 -4.99513e-08
0.0689116 -5.00569e-08
0.0690015 -5.01488e-08
0.0690914 -5.02367e-08
0.0691813 -5.03215e-08
0.0692712 -5.04036e-08
0.0693611 -5.04925e-08
0.069451 -5.05621e-08
0.0695409 -5.06654e-08
0.0696308 -5.07681e-08
0.0697207 -5.08456e-08
0.0698106 -5.0935e-08
0.0699005 -5.10331e-08
0.0699904 -5.11228e-08
0.0700803 -5.12164e-08
0.0701702 -5.12987e-08
0.0702601 -5.13727e-08
0.07035 -5.14882e-08
0.0704399 -5.15812e-08
0.0705298 -5.16486e-08
0.0706197 -5.17394e-08
0.0707096 -5.183e-08
0.0707995 -5.19106e-08
0.0708895 -5.19855e-08
0.0709794 -5.20558e-08
0.0710693 -5.21581e-08
0.0711592 -5.22541e-08
0.0712491 -5.23478e-08
0.071339 -5.24567e-08
0.0714289 -5.25421e-08
0.0715188 -5.2622e-08
0.0716087 -5.27216e-08
0.0716986 -5.28225e-08
0.0717885 -5.28923e-08
0.0718784 -5.29587e-08
0.0719683 -5.30825e-08
0.0720582 -5.31753e-08
0.0721481 -5.32716e-08
0.072238 -5.33648e-08
0.0723279 -5.34574e-08
0.0724178 -5.35382e-08
0.0725077 -5.36091e-08
0.0725976 -5.36763e-08
0.0726875 -5.3754e-08
0.0727774 -5.38286e-08
0.0728673 -5.39256e-08
0.0729572 -5.3988e-08
0.0730472 -5.40546e-08
0.0731371 -5.41003e-08
0.073227 -5.41646e-08
0.0733169 -5.42413e-08
0.0734068 -5.43259e-08
0.0734967 -5.44179e-08
0.0735866 -5.45035e-08
0.0736765 -5.45863e-08
0.0737664 -5.46672e-08
0.0738563 -5.47508e-08
0.0739462 -5.48573e-08
0.0740361 -5.49239e-08
0.074126 -5.50198e-08
0.0742159 -5.51007e-08
0.0743058 -5.51905e-08
0.0743957 -5.52674e-08
0.0744856 -5.53506e-08
0.0745755 -5.53966e-08
0.0746654 -5.54707e-08
0.0747553 -5.55362e-08
0.0748452 -5.5594e-08
0.0749351 -5.5646e-08
0.075025 -5.57375e-08
0.0751149 -5.57902e-08
0.0752048 -5.58516e-08
0.0752948 -5.5907e-08
0.0753847 -5.59858e-08
0.0754746 -5.60419e-08
0.0755645 -5.61347e-08
0.0756544 -5.62466e-08
0.0757443 -5.63361e-08
0.0758342 -5.64454e-08
0.0759241 -5.65289e-08
0.076014 -5.66258e-08
0.0761039 -5.66789e-08
0.0761938 -5.67663e-08
0.0762837 -5.68547e-08
0.0763736 -5.69217e-08
0.0764635 -5.70097e-08
0.0765534 -5.70818e-08
0.0766433 -5.7138e-08
0.0767332 -5.71917e-08
0.0768231 -5.72514e-08
0.076913 -5.73072e-08
0.0770029 -5.73813e-08
0.0770928 -5.74318e-08
0.0771827 -5.75311e-08
0.0772726 -5.76089e-08
0.0773625 -5.76841e-08
0.0774525 -5.77657e-08
0.0775424 -5.78502e-08
0.0776323 -5.79026e-08
0.0777222 -5.79804e-08
0.0778121 -5.80708e-08
0.077902 -5.81509e-08
0.0779919 -5.82558e-08
0.0780818 -5.83408e-08
0.0781717 -5.84045e-08
0.0782616 -5.84838e-08
0.0783515 -5.85521e-08
0.0784414 -5.86416e-08
0.0785313 -5.87424e-08
0.0786212 -5.88337e-08
0.0787111 -5.88987e-08
0.078801 -5.89926e-08
0.0788909 -5.90732e-08
0.0789808 -5.91862e-08
0.0790707 -5.92756e-08
0.0791606 -5.93558e-08
0.0792505 -5.94605e-08
0.0793404 -5.95181e-08
0.0794303 -5.95551e-08
0.0795202 -5.96071e-08
0.0796102 -5.96627e-08
0.0797001 -5.97276e-08
0.07979 -5.97893e-08
0.0798799 -5.98338e-08
0.0799698 -5.9951e-08
0.0800597 -6.00475e-08
0.0801496 -6.00973e-08
0.0802395 -6.01769e-08
0.0803294 -6.02541e-08
0.0804193 -6.03453e-08
0.0805092 -6.04306e-08
0.0805991 -6.04845e-08
0.080689 -6.05567e-08
0.0807789 -6.05988e-08
0.0808688 -6.06888e-08
0.0809587 -6.07353e-08
0.0810486 -6.0804e-08
0.0811385 -6.0837e-08
0.0812284 -6.09159e-08
0.0813183 -6.09618e-08
0.0814082 -6.1034e-08
0.0814981 -6.10936e-08
0.081588 -6.1204e-08
0.0816779 -6.12728e-08
0.0817679 -6.13567e-08
0.0818578 -6.14363e-08
0.0819477 -6.14861e-08
0.0820376 -6.15955e-08
0.0821275 -6.16792e-08
0.0822174 -6.172e-08
0.0823073 -6.17656e-08
0.0823972 -6.18241e-08
0.0824871 -6.18666e-08
0.082577 -6.19623e-08
0.0826669 -6.2067e-08
0.0827568 -6.21806e-08
0.0828467 -6.22798e-08
0.0829366 -6.2368e-08
0.0830265 -6.24478e-08
0.0831164 -6.24792e-08
0.0832063 -6.25711e-08
0.0832962 -6.26605e-08
0.0833861 -6.27325e-08
0.083476 -6.28115e-08
0.0835659 -6.28466e-08
0.0836558 -6.29052e-08
0.0837457 -6.29816e-08
0.0838356 -6.30585e-08
0.0839256 -6.31604e-08
0.0840155 -6.32144e-08
0.0841054 -6.33156e-08
0.0841953 -6.33791e-08
0.0842852 -6.3487e-08
0.0843751 -6.35927e-08
0.084465 -6.37137e-08
0.0845549 -6.37832e-08
0.0846448 -6.38913e-08
0.0847347 -6.39603e-08
0.0848246 -6.4045e-08
0.0849145 -6.41008e-08
0.0850044 -6.41876e-08
0.0850943 -6.42688e-08
0.0851842 -6.43241e-08
0.0852741 -6.43822e-08
0.085364 -6.44504e-08
0.0854539 -6.45224e-08
0.0855438 -6.45992e-08
0.0856337 -6.46917e-08
0.0857236 -6.47256e-08
0.0858135 -6.47605e-08
0.0859034 -6.48445e-08
0.0859933 -6.48792e-08
0.0860833 -6.49366e-08
0.0861732 -6.50041e-08
0.0862631 -6.51106e-08
0.086353 -6.51133e-08
0.0864429 -6.52029e-08
0.0865328 -6.5273e-08
0.0866227 -6.53412e-08
0.0867126 -6.54202e-08
0.0868025 -6.55183e-08
0.0868924 -6.56306e-08
0.0869823 -6.56884e-08
0.0870722 -6.57577e-08
0.0871621 -6.58309e-08
0.087252 -6.58813e-08
0.0873419 -6.59897e-08
0.0874318 -6.60679e-08
0.0875217 -6.61006e-08
0.0876116 -6.61173e-08
0.0877015 -6.62138e-08
0.0877914 -6.62646e-08
0.0878813 -6.63268e-08
0.0879712 -6.63727e-08
0.0880611 -6.64281e-08
0.088151 -6.64916e-08
0.088241 -6.6507e-08
0.0883309 -6.65132e-08
0.0884208 -6.65871e-08
0.0885107 -6.66561e-08
0.0886006 -6.67086e-08
0.0886905 -6.67967e-08
0.0887804 -6.6839e-08
0.0888703 -6.69045e-08
0.0889602 -6.69251e-08
0.0890501 -6.69492e-08
0.08914 -6.70404e-08
0.0892299 -6.71044e-08
0.0893198 -6.71886e-08
0.0894097 -6.7213e-08
0.0894996 -6.72358e-08
0.0895895 -6.72986e-08
0.0896794 -6.73521e-08
0.0897693 -6.74007e-08
0.0898592 -6.74163e-08
0.0899491 -6.74748e-08
0.090039 -6.75922e-08
0.0901289 -6.7656e-08
0.0902188 -6.77272e-08
0.0903087 -6.78096e-08
0.0903987 -6.78596e-08
0.0904886 -6.79263e-08
0.0905785 -6.80245e-08
0.0906684 -6.81022e-08
0.0907583 -6.82075e-08
0.0908482 -6.82132e-08
0.0909381 -6.82577e-08
0.091028 -6.82898e-08
0.0911179 -6.83717e-08
0.0912078 -6.8463e-08
0.0912977 -6.8484e-08
0.0913876 -6.856e-08
0.0914775 -6.86214e-08
0.0915674 -6.87234e-08
0.0916573 -6.88124e-08
0.0917472 -6.89282e-08
0.0918371 -6.89745e-08
0.091927 -6.90776e-08
0.0920169 -6.91584e-08
0.0921068 -6.92128e-08
0.0921967 -6.92685e-08
0.0922866 -6.92854e-08
0.0923765 -6.93329e-08
0.0924664 -6.94602e-08
0.0925564 -6.95945e-08
0.0926463 -6.96231e-08
0.0927362 -6.96618e-08
0.0928261 -6.97131e-08
0.092916 -6.9811e-08
0.0930059 -6.98289e-08
0.0930958 -6.99299e-08
0.0931857 -7.00339e-08
0.0932756 -7.00761e-08
0.0933655 -7.01602e-08
0.0934554 -7.02331e-08
0.0935453 -7.024e-08
0.0936352 -7.02905e-08
0.0937251 -7.03336e-08
0.093815 -7.0397e-08
0.0939049 -7.04573e-08
0.0939948 -7.06024e-08
0.0940847 -7.07426e-08
0.0941746 -7.07951e-08
0.0942645 -7.08437e-08
0.0943544 -7.08974e-08
0.0944443 -7.09736e-08
0.0945342 -7.1078e-08
0.0946241 -7.1136e-08
0.094714 -7.12103e-08
0.094804 -7.13022e-08
0.0948939 -7.13279e-08
0.0949838 -7.13697e-08
0.0950737 -7.14057e-08
0.0951636 -7.15093e-08
0.0952535 -7.1595e-08
0.0953434 -7.16841e-08
0.0954333 -7.18118e-08
0.0955232 -7.18838e-08
0.0956131 -7.19582e-08
0.095703 -7.20538e-08
0.0957929 -7.21379e-08
0.0958828 -7.21985e-08
0.0959727 -7.2276e-08
0.0960626 -7.23944e-08
0.0961525 -7.25052e-08
0.0962424 -7.24952e-08
0.0963323 -7.25308e-08
0.0964222 -7.25999e-08
0.0965121 -7.27283e-08
0.096602 -7.28113e-08
0.0966919 -7.28424e-08
0.0967818 -7.29543e-08
0.0968717 -7.29634e-08
0.0969617 -7.29916e-08
0.0970516 -7.30578e-08
0.0971415 -7.30484e-08
0.0972314 -7.30868e-08
0.0973213 -7.32096e-08
0.0974112 -7.3281e-08
0.0975011 -7.32926e-08
0.097591 -7.32984e-08
0.0976809 -7.33185e-08
0.0977708 -7.32394e-08
0.0978607 -7.32568e-08
0.0979506 -7.32301e-08
0.0980405 -7.33152e-08
0.0981304 -7.33817e-08
0.0982203 -7.33725e-08
0.0983102 -7.3407e-08
0.0984001 -7.34322e-08
0.09849 -7.34691e-08
0.0985799 -7.3499e-08
0.0986698 -7.35284e-08
0.0987597 -7.35822e-08
0.0988496 -7.37165e-08
0.0989395 -7.38237e-08
0.0990294 -7.39394e-08
0.0991194 -7.39127e-08
0.0992093 -7.39474e-08
0.0992992 -7.39298e-08
0.0993891 -7.40051e-08
0.099479 -7.3937e-08
0.0995689 -7.38948e-08
0.0996588 -7.37747e-08
0.0997487 -7.37211e-08
0.0998386 -7.37118e-08
0.0999285 -7.3598e-08
0.100018 -7.35438e-08
0.100108 -7.3538e-08
0.100198 -7.35257e-08
0.100288 -7.36339e-08
0.100378 -7.36299e-08
0.100468 -7.35902e-08
0.100558 -7.37163e-08
0.100648 -7.38197e-08
0.100738 -7.38972e-08
0.100828 -7.40391e-08
0.100917 -7.40867e-08
0.101007 -7.4229e-08
0.101097 -7.43009e-08
0.101187 -7.44217e-08
0.101277 -7.43669e-08
0.101367 -7.43772e-08
0.101457 -7.44706e-08
0.101547 -7.45828e-08
0.101637 -7.46955e-08
0.101727 -7.47568e-08
0.101816 -7.4812e-08
0.101906 -7.49317e-08
0.101996 -7.50589e-08
0.102086 -7.50469e-08
0.102176 -7.51586e-08
0.102266 -7.51779e-08
0.102356 -7.52368e-08
0.102446 -7.52834e-08
0.102536 -7.53367e-08
0.102626 -7.52582e-08
0.102716 -7.52255e-08
0.102805 -7.53009e-08
0.102895 -7.5297e-08
0.102985 -7.52257e-08
0.103075 -7.52328e-08
0.103165 -7.52132e-08
0.103255 -7.52712e-08
0.103345 -7.53331e-08
0.103435 -7.53606e-08
0.103525 -7.54132e-08
0.103615 -7.55808e-08
0.103704 -7.56704e-08
0.103794 -7.57163e-08
0.103884 -7.57958e-08
0.103974 -7.59705e-08
0.104064 -7.60235e-08
0.104154 -7.611e-08
0.104244 -7.61789e-08
0.104334 -7.61633e-08
0.104424 -7.62515e-08
0.104514 -7.63811e-08
0.104604 -7.64882e-08
0.104693 -7.64151e-08
0.104783 -7.65126e-08
0.104873 -7.65481e-08
0.104963 -7.66724e-08
0.105053 -7.6678e-08
0.105143 -7.67329e-08
0.105233 -7.67296e-08
0.105323 -7.6736e-08
0.105413 -7.67401e-08
0.105503 -7.68047e-08
0.105592 -7.67297e-08
0.105682 -7.67126e-08
0.105772 -7.67859e-08
0.105862 -7.68694e-08
0.105952 -7.67974e-08
0.106042 -7.67926e-08
0.106132 -7.67158e-08
0.106222 -7.66752e-08
0.106312 -7.67194e-08
0.106402 -7.67215e-08
0.106491 -7.67856e-08
0.106581 -7.68404e-08
0.106671 -7.69179e-08
0.106761 -7.69318e-08
0.106851 -7.69248e-08
0.106941 -7.69528e-08
0.107031 -7.70597e-08
0.107121 -7.70073e-08
0.107211 -7.72399e-08
0.107301 -7.73859e-08
0.107391 -7.73713e-08
0.10748 -7.73951e-08
0.10757 -7.73997e-08
0.10766 -7.73694e-08
0.10775 -7.736e-08
0.10784 -7.74051e-08
0.10793 -7.72599e-08
0.10802 -7.71826e-08
0.10811 -7.71287e-08
0.1082 -7.71687e-08
0.10829 -7.70673e-08
0.108379 -7.71012e-08
0.108469 -7.71666e-08
0.108559 -7.7212e-08
0.108649 -7.71929e-08
0.108739 -7.72024e-08
0.108829 -7.71944e-08
0.108919 -7.72914e-08
0.109009 -7.74703e-08
0.109099 -7.76494e-08
0.109189 -7.76607e-08
0.109279 -7.76942e-08
0.109368 -7.76996e-08
0.109458 -7.7697e-08
0.109548 -7.78291e-08
0.109638 -7.78511e-08
0.109728 -7.80059e-08
0.109818 -7.80544e-08
0.109908 -7.81024e-08
0.109998 -7.80047e-08
0.110088 -7.8047e-08
0.110178 -7.77882e-08
0.110267 -7.78445e-08
0.110357 -7.78403e-08
0.110447 -7.7759e-08
0.110537 -7.7634e-08
0.110627 -7.75058e-08
0.110717 -7.73731e-08
0.110807 -7.74397e-08
0.110897 -7.7354e-08
0.110987 -7.72524e-08
0.111077 -7.72299e-08
0.111167 -7.71824e-08
0.111256 -7.72355e-08
0.111346 -7.72322e-08
0.111436 -7.72658e-08
0.111526 -7.72042e-08
0.111616 -7.73364e-08
0.111706 -7.73699e-08
0.111796 -7.71672e-08
0.111886 -7.71223e-08
0.111976 -7.71244e-08
0.112066 -7.71442e-08
0.112155 -7.71178e-08
0.112245 -7.70935e-08
0.112335 -7.71319e-08
0.112425 -7.69788e-08
0.112515 -7.7108e-08
0.112605 -7.71828e-08
0.112695 -7.6962e-08
0.112785 -7.70074e-08
0.112875 -7.70268e-08
0.112965 -7.70886e-08
0.113054 -7.72903e-08
0.113144 -7.73874e-08
0.113234 -7.74453e-08
0.113324 -7.74963e-08
0.113414 -7.73739e-08
0.113504 -7.74723e-08
0.113594 -7.73346e-08
0.113684 -7.74026e-08
0.113774 -7.74497e-08
0.113864 -7.73384e-08
0.113954 -7.73558e-08
0.114043 -7.70815e-08
0.114133 -7.68911e-08
0.114223 -7.68059e-08
0.114313 -7.65499e-08
0.114403 -7.65293e-08
0.114493 -7.65559e-08
0.114583 -7.64171e-08
0.114673 -7.63812e-08
0.114763 -7.62168e-08
0.114853 -7.63138e-08
0.114942 -7.62373e-08
0.115032 -7.62553e-08
0.115122 -7.64592e-08
0.115212 -7.64493e-08
0.115302 -7.64382e-08
0.115392 -7.67871e-08
0.115482 -7.69171e-08
0.115572 -7.71446e-08
0.115662 -7.73575e-08
0.115752 -7.74843e-08
0.115842 -7.74793e-08
0.115931 -7.75634e-08
0.116021 -7.75584e-08
0.116111 -7.75829e-08
0.116201 -7.75179e-08
0.116291 -7.75864e-08
0.116381 -7.75552e-08
0.116471 -7.74368e-08
0.116561 -7.73723e-08
0.116651 -7.70419e-08
0.116741 -7.68374e-08
0.11683 -7.68118e-08
0.11692 -7.67239e-08
0.11701 -7.65786e-08
0.1171 -7.66849e-08
0.11719 -7.65921e-08
0.11728 -7.66827e-08
0.11737 -7.66696e-08
0.11746 -7.67286e-08
0.11755 -7.68403e-08
0.11764 -7.70008e-08
0.11773 -7.70377e-08
0.117819 -7.70675e-08
0.117909 -7.69567e-08
0.117999 -7.70575e-08
0.118089 -7.71384e-08
0.118179 -7.71077e-08
0.118269 -7.70408e-08
0.118359 -7.70212e-08
0.118449 -7.69389e-08
0.118539 -7.70242e-08
0.118629 -7.69363e-08
0.118718 -7.70241e-08
0.118808 -7.71085e-08
0.118898 -7.71982e-08
0.118988 -7.71951e-08
0.119078 -7.71973e-08
0.119168 -7.7273e-08
0.119258 -7.72439e-08
0.119348 -7.72941e-08
0.119438 -7.72147e-08
0.119528 -7.73012e-08
0.119617 -7.71528e-08
0.119707 -7.70412e-08
0.119797 -7.69129e-08
0.119887 -7.6846e-08
0.119977 -7.69673e-08
0.120067 -7.72123e-08
0.120157 -7.7057e-08
0.120247 -7.71359e-08
0.120337 -7.72218e-08
0.120427 -7.72518e-08
0.120517 -7.71671e-08
0.120606 -7.7042e-08
0.120696 -7.70907e-08
0.120786 -7.7319e-08
0.120876 -7.73998e-08
0.120966 -7.75124e-08
0.121056 -7.72509e-08
0.121146 -7.71023e-08
0.121236 -7.7138e-08
0.121326 -7.69838e-08
0.121416 -7.68822e-08
0.121505 -7.66376e-08
0.121595 -7.65795e-08
0.121685 -7.66189e-08
0.121775 -7.6511e-08
0.121865 -7.6108e-08
0.121955 -7.58336e-08
0.122045 -7.55281e-08
0.122135 -7.51072e-08
0.122225 -7.52897e-08
0.122315 -7.55711e-08
0.122405 -7.5343e-08
0.122494 -7.50168e-08
0.122584 -7.49734e-08
0.122674 -7.49754e-08
0.122764 -7.47254e-08
0.122854 -7.44947e-08
0.122944 -7.46493e-08
0.123034 -7.44836e-08
0.123124 -7.47914e-08
0.123214 -7.50374e-08
0.123304 -7.48222e-08
0.123393 -7.4748e-08
0.123483 -7.48416e-08
0.123573 -7.51811e-08
0.123663 -7.5086e-08
0.123753 -7.49482e-08
0.123843 -7.4648e-08
0.123933 -7.47314e-08
0.124023 -7.51953e-08
0.124113 -7.50963e-08
0.124203 -7.48265e-08
0.124293 -7.46653e-08
0.124382 -7.46843e-08
0.124472 -7.45417e-08
0.124562 -7.46594e-08
0.124652 -7.46179e-08
0.124742 -7.48504e-08
0.124832 -7.4654e-08
0.124922 -7.4833e-08
0.125012 -7.39838e-08
0.125102 -7.3533e-08
0.125192 -7.32602e-08
0.125281 -7.32955e-08
0.125371 -7.30882e-08
0.125461 -7.31873e-08
0.125551 -7.31281e-08
0.125641 -7.31043e-08
0.125731 -7.22212e-08
0.125821 -7.20321e-08
0.125911 -7.15816e-08
0.126001 -7.14019e-08
0.126091 -7.14652e-08
0.126181 -7.17578e-08
0.12627 -7.18027e-08
0.12636 -7.17761e-08
0.12645 -7.14465e-08
0.12654 -7.11842e-08
0.12663 -7.04917e-08
0.12672 -7.03816e-08
0.12681 -7.05376e-08
0.1269 -7.05462e-08
0.12699 -7.04398e-08
0.12708 -7.03522e-08
0.127169 -7.01417e-08
0.127259 -6.98168e-08
0.127349 -6.98225e-08
0.127439 -6.96613e-08
0.127529 -6.95636e-08
0.127619 -6.93563e-08
0.127709 -6.96857e-08
0.127799 -6.97872e-08
0.127889 -6.99564e-08
0.127979 -6.95806e-08
0.128068 -6.93175e-08
0.128158 -6.90442e-08
0.128248 -6.94267e-08
0.128338 -6.85841e-08
0.128428 -6.81665e-08
0.128518 -6.76765e-08
0.128608 -6.75434e-08
0.128698 -6.77905e-08
0.128788 -6.74496e-08
0.128878 -6.67763e-08
0.128968 -6.66421e-08
0.129057 -6.66139e-08
0.129147 -6.66207e-08
0.129237 -6.64509e-08
0.129327 -6.60706e-08
0.129417 -6.68324e-08
0.129507 -6.71058e-08
0.129597 -6.73467e-08
0.129687 -6.68865e-08
0.129777 -6.72121e-08
0.129867 -6.76737e-08
0.129956 -6.7707e-08
0.130046 -6.77286e-08
0.130136 -6.76431e-08
0.130226 -6.7549e-08
0.130316 -6.74022e-08
0.130406 -6.74123e-08
0.130496 -6.70373e-08
0.130586 -6.68012e-08
0.130676 -6.64301e-08
0.130766 -6.64566e-08
0.130856 -6.55826e-08
0.130945 -6.53365e-08
0.131035 -6.52199e-08
0.131125 -6.47873e-08
0.131215 -6.422e-08
0.131305 -6.40798e-08
0.131395 -6.42535e-08
0.131485 -6.39105e-08
0.131575 -6.31739e-08
0.131665 -6.30204e-08
0.131755 -6.28249e-08
0.131844 -6.25411e-08
0.131934 -6.24187e-08
0.132024 -6.20701e-08
0.132114 -6.17732e-08
0.132204 -6.19612e-08
0.132294 -6.20605e-08
0.132384 -6.18624e-08
0.132474 -6.1394e-08
0.132564 -6.16989e-08
0.132654 -6.18744e-08
0.132744 -6.16494e-08
0.132833 -6.08696e-08
0.132923 -6.13462e-08
0.133013 -6.12634e-08
0.133103 -6.15126e-08
0.133193 -6.15449e-08
0.133283 -6.15631e-08
0.133373 -6.09896e-08
0.133463 -6.09113e-08
0.133553 -6.0905e-08
0.133643 -6.12039e-08
0.133732 -6.14452e-08
0.133822 -6.14503e-08
0.133912 -6.18622e-08
0.134002 -6.14083e-08
0.134092 -6.13879e-08
0.134182 -6.13258e-08
0.134272 -6.10363e-08
0.134362 -6.0918e-08
0.134452 -6.1233e-08
0.134542 -6.12047e-08
0.134631 -6.09941e-08
0.134721 -6.03227e-08
0.134811 -6.03308e-08
