-0.134811 5.10003e-07
-0.134721 5.13787e-07
-0.134631 5.16145e-07
-0.134542 5.17592e-07
-0.134452 5.1824e-07
-0.134362 5.19325e-07
-0.134272 5.20488e-07
-0.134182 5.22373e-07
-0.134092 5.23138e-07
-0.134002 5.23062e-07
-0.133912 5.22865e-07
-0.133822 5.23853e-07
-0.133732 5.23641e-07
-0.133642 5.22326e-07
-0.133553 5.21394e-07
-0.133463 5.20699e-07
-0.133373 5.19781e-07
-0.133283 5.19121e-07
-0.133193 5.18914e-07
-0.133103 5.1761e-07
-0.133013 5.17149e-07
-0.132923 5.16782e-07
-0.132833 5.16073e-07
-0.132743 5.14412e-07
-0.132654 5.14053e-07
-0.132564 5.13576e-07
-0.132474 5.14342e-07
-0.132384 5.14464e-07
-0.132294 5.15481e-07
-0.132204 5.23006e-07
-0.132114 4.22348e-07
-0.132024 4.30052e-07
-0.131934 4.32967e-07
-0.131844 4.30177e-07
-0.131754 4.24087e-07
-0.131665 4.1867e-07
-0.131575 4.15731e-07
-0.131485 4.13916e-07
-0.131395 4.12336e-07
-0.131305 4.119e-07
-0.131215 4.10718e-07
-0.131125 4.10519e-07
-0.131035 4.1018e-07
-0.130945 4.09558e-07
-0.130855 4.09562e-07
-0.130766 4.10158e-07
-0.130676 4.11227e-07
-0.130586 4.1352e-07
-0.130496 4.15598e-07
-0.130406 4.19038e-07
-0.130316 4.22389e-07
-0.130226 4.25493e-07
-0.130136 4.30461e-07
-0.130046 4.34677e-07
-0.129956 4.38661e-07
-0.129867 4.41221e-07
-0.129777 4.43576e-07
-0.129687 4.44764e-07
-0.129597 4.46358e-07
-0.129507 4.47967e-07
-0.129417 4.49142e-07
-0.129327 4.50365e-07
-0.129237 4.5072e-07
-0.129147 4.50478e-07
-0.129057 4.49793e-07
-0.128967 4.48243e-07
-0.128878 4.4582e-07
-0.128788 4.42436e-07
-0.128698 4.37891e-07
-0.128608 4.33996e-07
-0.128518 4.30487e-07
-0.128428 4.27391e-07
-0.128338 4.2459e-07
-0.128248 4.23816e-07
-0.128158 4.23396e-07
-0.128068 4.23037e-07
-0.127979 4.23821e-07
-0.127889 4.25555e-07
-0.127799 4.27286e-07
-0.127709 4.29566e-07
-0.127619 4.31163e-07
-0.127529 4.33031e-07
-0.127439 4.36184e-07
-0.127349 4.38909e-07
-0.127259 4.41914e-07
-0.127169 4.43322e-07
-0.127079 4.44197e-07
-0.12699 4.45762e-07
-0.1269 4.46397e-07
-0.12681 4.47439e-07
-0.12672 4.47835e-07
-0.12663 4.49645e-07
-0.12654 4.51668e-07
-0.12645 4.55537e-07
-0.12636 4.61941e-07
-0.12627 4.68964e-07
-0.12618 3.85312e-07
-0.126091 3.90335e-07
-0.126001 3.93654e-07
-0.125911 4.01307e-07
-0.125821 4.0876e-07
-0.125731 4.1515e-07
-0.125641 4.17439e-07
-0.125551 4.20793e-07
-0.125461 4.23952e-07
-0.125371 4.26632e-07
-0.125281 4.28632e-07
-0.125191 4.29116e-07
-0.125102 4.29701e-07
-0.125012 4.27675e-07
-0.124922 4.24562e-07
-0.124832 4.23859e-07
-0.124742 4.21898e-07
-0.124652 4.20135e-07
-0.124562 4.18622e-07
-0.124472 4.12133e-07
-0.124382 4.07384e-07
-0.124292 4.02499e-07
-0.124203 4.03046e-07
-0.124113 4.044e-07
-0.124023 4.03803e-07
-0.123933 4.04578e-07
-0.123843 4.07588e-07
-0.123753 4.10795e-07
-0.123663 4.1304e-07
-0.123573 4.16051e-07
-0.123483 4.20571e-07
-0.123393 4.25066e-07
-0.123304 4.26742e-07
-0.123214 4.29042e-07
-0.123124 4.33238e-07
-0.123034 4.34396e-07
-0.122944 4.3428e-07
-0.122854 4.32726e-07
-0.122764 4.32816e-07
-0.122674 4.33789e-07
-0.122584 4.33363e-07
-0.122494 4.32496e-07
-0.122404 4.30469e-07
-0.122315 4.28368e-07
-0.122225 4.23866e-07
-0.122135 4.16027e-07
-0.122045 4.09411e-07
-0.121955 4.04321e-07
-0.121865 4.01788e-07
-0.121775 3.9941e-07
-0.121685 3.96131e-07
-0.121595 3.93696e-07
-0.121505 3.92072e-07
-0.121416 3.90479e-07
-0.121326 3.90248e-07
-0.121236 3.89459e-07
-0.121146 3.85332e-07
-0.121056 3.79169e-07
-0.120966 3.68213e-07
-0.120876 3.56121e-07
-0.120786 3.49605e-07
-0.120696 3.45459e-07
-0.120606 3.41914e-07
-0.120516 3.39632e-07
-0.120427 3.37521e-07
-0.120337 3.3626e-07
-0.120247 3.35319e-07
-0.120157 3.33837e-07
-0.120067 3.31675e-07
-0.119977 3.30794e-07
-0.119887 3.29138e-07
-0.119797 3.26954e-07
-0.119707 3.23932e-07
-0.119617 3.21338e-07
-0.119528 3.19201e-07
-0.119438 3.17469e-07
-0.119348 3.16057e-07
-0.119258 3.15218e-07
-0.119168 3.12559e-07
-0.119078 3.09389e-07
-0.118988 3.0609e-07
-0.118898 3.05118e-07
-0.118808 3.04451e-07
-0.118718 3.03602e-07
-0.118628 3.0387e-07
-0.118539 3.08591e-07
-0.118449 3.16633e-07
-0.118359 3.22911e-07
-0.118269 3.26381e-07
-0.118179 3.29548e-07
-0.118089 3.35774e-07
-0.117999 3.40527e-07
-0.117909 3.46386e-07
-0.117819 3.47571e-07
-0.117729 3.47537e-07
-0.11764 3.45578e-07
-0.11755 3.41342e-07
-0.11746 3.35754e-07
-0.11737 3.32033e-07
-0.11728 3.32076e-07
-0.11719 3.33091e-07
-0.1171 3.3398e-07
-0.11701 3.33912e-07
-0.11692 3.3291e-07
-0.11683 3.32978e-07
-0.116741 3.3331e-07
-0.116651 3.33859e-07
-0.116561 3.34602e-07
-0.116471 3.36002e-07
-0.116381 3.37338e-07
-0.116291 3.38111e-07
-0.116201 3.37005e-07
-0.116111 3.35821e-07
-0.116021 3.34332e-07
-0.115931 3.32988e-07
-0.115841 3.32013e-07
-0.115752 3.33081e-07
-0.115662 3.33839e-07
-0.115572 3.33399e-07
-0.115482 3.33017e-07
-0.115392 3.32912e-07
-0.115302 3.33063e-07
-0.115212 3.33718e-07
-0.115122 3.34655e-07
-0.115032 3.35066e-07
-0.114942 3.35167e-07
-0.114853 3.34061e-07
-0.114763 3.32391e-07
-0.114673 3.29267e-07
-0.114583 3.26075e-07
-0.114493 3.23873e-07
-0.114403 3.21128e-07
-0.114313 3.19748e-07
-0.114223 3.18617e-07
-0.114133 3.18723e-07
-0.114043 3.19053e-07
-0.113953 3.19819e-07
-0.113864 3.20714e-07
-0.113774 3.22646e-07
-0.113684 3.23667e-07
-0.113594 3.25503e-07
-0.113504 3.27138e-07
-0.113414 3.29407e-07
-0.113324 3.31308e-07
-0.113234 3.31848e-07
-0.113144 3.32075e-07
-0.113054 3.31005e-07
-0.112965 3.29561e-07
-0.112875 3.27743e-07
-0.112785 3.25326e-07
-0.112695 3.24263e-07
-0.112605 3.25027e-07
-0.112515 3.25665e-07
-0.112425 3.25759e-07
-0.112335 3.25359e-07
-0.112245 3.24072e-07
-0.112155 3.22342e-07
-0.112065 3.20585e-07
-0.111976 3.17789e-07
-0.111886 3.15036e-07
-0.111796 3.12662e-07
-0.111706 3.09868e-07
-0.111616 3.07582e-07
-0.111526 3.05771e-07
-0.111436 3.05006e-07
-0.111346 3.04706e-07
-0.111256 3.04258e-07
-0.111166 3.03738e-07
-0.111077 3.03343e-07
-0.110987 3.02481e-07
-0.110897 3.01933e-07
-0.110807 3.01259e-07
-0.110717 3.00395e-07
-0.110627 2.99351e-07
-0.110537 2.98113e-07
-0.110447 2.96755e-07
-0.110357 2.95783e-07
-0.110267 2.94569e-07
-0.110178 2.93855e-07
-0.110088 2.93645e-07
-0.109998 2.93234e-07
-0.109908 2.92811e-07
-0.109818 2.9213e-07
-0.109728 2.91008e-07
-0.109638 2.89731e-07
-0.109548 2.88256e-07
-0.109458 2.87469e-07
-0.109368 2.86754e-07
-0.109278 2.85896e-07
-0.109189 2.84794e-07
-0.109099 2.83492e-07
-0.109009 2.82638e-07
-0.108919 2.82486e-07
-0.108829 2.8283e-07
-0.108739 2.83379e-07
-0.108649 2.84043e-07
-0.108559 2.84965e-07
-0.108469 2.85717e-07
-0.108379 2.86171e-07
-0.10829 2.86546e-07
-0.1082 2.86787e-07
-0.10811 2.87343e-07
-0.10802 2.88157e-07
-0.10793 2.88607e-07
-0.10784 2.88766e-07
-0.10775 2.88721e-07
-0.10766 2.88706e-07
-0.10757 2.88285e-07
-0.10748 2.87486e-07
-0.10739 2.86998e-07
-0.107301 2.86536e-07
-0.107211 2.86098e-07
-0.107121 2.85771e-07
-0.107031 2.8528e-07
-0.106941 2.84594e-07
-0.106851 2.83979e-07
-0.106761 2.83411e-07
-0.106671 2.827e-07
-0.106581 2.82237e-07
-0.106491 2.81844e-07
-0.106402 2.81207e-07
-0.106312 2.80676e-07
-0.106222 2.80276e-07
-0.106132 2.79841e-07
-0.106042 2.79346e-07
-0.105952 2.78712e-07
-0.105862 2.78045e-07
-0.105772 2.77616e-07
-0.105682 2.77306e-07
-0.105592 2.77147e-07
-0.105502 2.76898e-07
-0.105413 2.76736e-07
-0.105323 2.76724e-07
-0.105233 2.76793e-07
-0.105143 2.76843e-07
-0.105053 2.76957e-07
-0.104963 2.77239e-07
-0.104873 2.77718e-07
-0.104783 2.78175e-07
-0.104693 2.78661e-07
-0.104603 2.78995e-07
-0.104514 2.79244e-07
-0.104424 2.79438e-07
-0.104334 2.79852e-07
-0.104244 2.80188e-07
-0.104154 2.8034e-07
-0.104064 2.80465e-07
-0.103974 2.80584e-07
-0.103884 2.80608e-07
-0.103794 2.80491e-07
-0.103704 2.80624e-07
-0.103614 2.80712e-07
-0.103525 2.80827e-07
-0.103435 2.80919e-07
-0.103345 2.80992e-07
-0.103255 2.81124e-07
-0.103165 2.81057e-07
-0.103075 2.80961e-07
-0.102985 2.80852e-07
-0.102895 2.80755e-07
-0.102805 2.80738e-07
-0.102715 2.80671e-07
-0.102626 2.80334e-07
-0.102536 2.79998e-07
-0.102446 2.79718e-07
-0.102356 2.79373e-07
-0.102266 2.79122e-07
-0.102176 2.78828e-07
-0.102086 2.78648e-07
-0.101996 2.78546e-07
-0.101906 2.78524e-07
-0.101816 2.78302e-07
-0.101727 2.78008e-07
-0.101637 2.77709e-07
-0.101547 2.77299e-07
-0.101457 2.7687e-07
-0.101367 2.76377e-07
-0.101277 2.75943e-07
-0.101187 2.75366e-07
-0.101097 2.74771e-07
-0.101007 2.74314e-07
-0.100917 2.73827e-07
-0.100827 2.73472e-07
-0.100738 2.73419e-07
-0.100648 2.73674e-07
-0.100558 2.73841e-07
-0.100468 2.74173e-07
-0.100378 2.74551e-07
-0.100288 2.75121e-07
-0.100198 2.75552e-07
-0.100108 2.76004e-07
-0.100018 2.76487e-07
-0.0999284 2.76849e-07
-0.0998385 2.77049e-07
-0.0997486 2.77016e-07
-0.0996587 2.7676e-07
-0.0995688 2.76375e-07
-0.0994789 2.76078e-07
-0.099389 2.757e-07
-0.0992991 2.75186e-07
-0.0992092 2.74626e-07
-0.0991193 2.74075e-07
-0.0990294 2.73395e-07
-0.0989395 2.72713e-07
-0.0988496 2.7213e-07
-0.0987597 2.7174e-07
-0.0986698 2.71364e-07
-0.0985799 2.70916e-07
-0.09849 2.70447e-07
-0.0984001 2.70146e-07
-0.0983102 2.69741e-07
-0.0982202 2.6945e-07
-0.0981303 2.69216e-07
-0.0980404 2.69126e-07
-0.0979505 2.69232e-07
-0.0978606 2.69468e-07
-0.0977707 2.69735e-07
-0.0976808 2.69885e-07
-0.0975909 2.70239e-07
-0.097501 2.70351e-07
-0.0974111 2.70626e-07
-0.0973212 2.70895e-07
-0.0972313 2.71191e-07
-0.0971414 2.712e-07
-0.0970515 2.71157e-07
-0.0969616 2.71075e-07
-0.0968717 2.70483e-07
-0.0967818 2.69798e-07
-0.0966919 2.69244e-07
-0.096602 2.68575e-07
-0.0965121 2.67889e-07
-0.0964222 2.67466e-07
-0.0963323 2.66781e-07
-0.0962424 2.66139e-07
-0.0961525 2.65768e-07
-0.0960626 2.65459e-07
-0.0959726 2.65294e-07
-0.0958827 2.651e-07
-0.0957928 2.64868e-07
-0.0957029 2.64657e-07
-0.095613 2.64465e-07
-0.0955231 2.64224e-07
-0.0954332 2.63979e-07
-0.0953433 2.63855e-07
-0.0952534 2.63743e-07
-0.0951635 2.6353e-07
-0.0950736 2.63079e-07
-0.0949837 2.62427e-07
-0.0948938 2.61463e-07
-0.0948039 2.60672e-07
-0.094714 2.59959e-07
-0.0946241 2.59241e-07
-0.0945342 2.58577e-07
-0.0944443 2.57881e-07
-0.0943544 2.57174e-07
-0.0942645 2.5657e-07
-0.0941746 2.56115e-07
-0.0940847 2.55672e-07
-0.0939948 2.55011e-07
-0.0939049 2.54337e-07
-0.0938149 2.53752e-07
-0.093725 2.53197e-07
-0.0936351 2.52638e-07
-0.0935452 2.52049e-07
-0.0934553 2.51601e-07
-0.0933654 2.51165e-07
-0.0932755 2.50524e-07
-0.0931856 2.49729e-07
-0.0930957 2.48817e-07
-0.0930058 2.47953e-07
-0.0929159 2.47487e-07
-0.092826 2.471e-07
-0.0927361 2.46613e-07
-0.0926462 2.46177e-07
-0.0925563 2.45949e-07
-0.0924664 2.4561e-07
-0.0923765 2.45286e-07
-0.0922866 2.45087e-07
-0.0921967 2.44831e-07
-0.0921068 2.44826e-07
-0.0920169 2.44683e-07
-0.091927 2.44685e-07
-0.0918371 2.44362e-07
-0.0917472 2.44286e-07
-0.0916572 2.44146e-07
-0.0915673 2.4396e-07
-0.0914774 2.43927e-07
-0.0913875 2.44274e-07
-0.0912976 2.4462e-07
-0.0912077 2.4486e-07
-0.0911178 2.44795e-07
-0.0910279 2.44775e-07
-0.090938 2.44701e-07
-0.0908481 2.4492e-07
-0.0907582 2.45169e-07
-0.0906683 2.45492e-07
-0.0905784 2.45853e-07
-0.0904885 2.46139e-07
-0.0903986 2.45901e-07
-0.0903087 2.45448e-07
-0.0902188 2.4488e-07
-0.0901289 2.45102e-07
-0.090039 2.45455e-07
-0.0899491 2.46108e-07
-0.0898592 2.4686e-07
-0.0897693 2.47573e-07
-0.0896794 2.48423e-07
-0.0895895 2.4962e-07
-0.0894995 2.50797e-07
-0.0894096 2.5216e-07
-0.0893197 2.53886e-07
-0.0892298 2.55787e-07
-0.0891399 2.57637e-07
-0.08905 2.59174e-07
-0.0889601 2.60382e-07
-0.0888702 2.61195e-07
-0.0887803 2.62039e-07
-0.0886904 2.62832e-07
-0.0886005 2.63562e-07
-0.0885106 2.64055e-07
-0.0884207 2.64316e-07
-0.0883308 2.64422e-07
-0.0882409 2.64337e-07
-0.088151 2.6414e-07
-0.0880611 2.64169e-07
-0.0879712 2.64229e-07
-0.0878813 2.64219e-07
-0.0877914 2.64123e-07
-0.0877015 2.63885e-07
-0.0876116 2.63487e-07
-0.0875217 2.62922e-07
-0.0874318 2.62244e-07
-0.0873418 2.61574e-07
-0.0872519 2.60814e-07
-0.087162 2.60029e-07
-0.0870721 2.59432e-07
-0.0869822 2.58753e-07
-0.0868923 2.58028e-07
-0.0868024 2.57458e-07
-0.0867125 2.56909e-07
-0.0866226 2.56246e-07
-0.0865327 2.55617e-07
-0.0864428 2.54799e-07
-0.0863529 2.54188e-07
-0.086263 2.53623e-07
-0.0861731 2.53081e-07
-0.0860832 2.52624e-07
-0.0859933 2.5211e-07
-0.0859034 2.51569e-07
-0.0858135 2.51102e-07
-0.0857236 2.50744e-07
-0.0856337 2.50399e-07
-0.0855438 2.5009e-07
-0.0854539 2.49805e-07
-0.085364 2.49501e-07
-0.0852741 2.49051e-07
-0.0851841 2.48724e-07
-0.0850942 2.48444e-07
-0.0850043 2.48085e-07
-0.0849144 2.47739e-07
-0.0848245 2.47346e-07
-0.0847346 2.4701e-07
-0.0846447 2.4672e-07
-0.0845548 2.46318e-07
-0.0844649 2.45908e-07
-0.084375 2.45479e-07
-0.0842851 2.45074e-07
-0.0841952 2.44601e-07
-0.0841053 2.44099e-07
-0.0840154 2.43664e-07
-0.0839255 2.43256e-07
-0.0838356 2.42914e-07
-0.0837457 2.42481e-07
-0.0836558 2.41932e-07
-0.0835659 2.41363e-07
-0.083476 2.40773e-07
-0.0833861 2.4024e-07
-0.0832962 2.39688e-07
-0.0832063 2.39161e-07
-0.0831164 2.38564e-07
-0.0830264 2.37933e-07
-0.0829365 2.37271e-07
-0.0828466 2.36735e-07
-0.0827567 2.36275e-07
-0.0826668 2.35713e-07
-0.0825769 2.35122e-07
-0.082487 2.34628e-07
-0.0823971 2.34127e-07
-0.0823072 2.33682e-07
-0.0822173 2.33311e-07
-0.0821274 2.32913e-07
-0.0820375 2.32429e-07
-0.0819476 2.31922e-07
-0.0818577 2.31341e-07
-0.0817678 2.30715e-07
-0.0816779 2.30039e-07
-0.081588 2.29382e-07
-0.0814981 2.28693e-07
-0.0814082 2.27959e-07
-0.0813183 2.27269e-07
-0.0812284 2.26579e-07
-0.0811385 2.25947e-07
-0.0810486 2.25285e-07
-0.0809587 2.2452e-07
-0.0808687 2.23789e-07
-0.0807788 2.23007e-07
-0.0806889 2.22055e-07
-0.080599 2.21206e-07
-0.0805091 2.20514e-07
-0.0804192 2.19473e-07
-0.0803293 2.18328e-07
-0.0802394 2.1716e-07
-0.0801495 2.16331e-07
-0.0800596 2.15432e-07
-0.0799697 2.14701e-07
-0.0798798 2.13943e-07
-0.0797899 2.13112e-07
-0.0797 2.11928e-07
-0.0796101 2.10536e-07
-0.0795202 2.08659e-07
-0.0794303 2.06461e-07
-0.0793404 2.03828e-07
-0.0792505 2.00946e-07
-0.0791606 1.97976e-07
-0.0790707 1.95312e-07
-0.0789808 1.93144e-07
-0.0788909 1.91241e-07
-0.078801 1.89616e-07
-0.078711 1.87969e-07
-0.0786211 1.86437e-07
-0.0785312 1.8491e-07
-0.0784413 1.83347e-07
-0.0783514 1.81716e-07
-0.0782615 1.80217e-07
-0.0781716 1.78795e-07
-0.0780817 1.77435e-07
-0.0779918 1.76255e-07
-0.0779019 1.75143e-07
-0.077812 1.74006e-07
-0.0777221 1.72896e-07
-0.0776322 1.71789e-07
-0.0775423 1.70847e-07
-0.0774524 1.70025e-07
-0.0773625 1.69161e-07
-0.0772726 1.68308e-07
-0.0771827 1.67453e-07
-0.0770928 1.66589e-07
-0.0770029 1.65805e-07
-0.076913 1.65159e-07
-0.0768231 1.64593e-07
-0.0767332 1.64015e-07
-0.0766433 1.6348e-07
-0.0765534 1.62904e-07
-0.0764634 1.62279e-07
-0.0763735 1.617e-07
-0.0762836 1.61057e-07
-0.0761937 1.60444e-07
-0.0761038 1.599e-07
-0.0760139 1.59416e-07
-0.075924 1.58941e-07
-0.0758341 1.58562e-07
-0.0757442 1.58244e-07
-0.0756543 1.57905e-07
-0.0755644 1.5758e-07
-0.0754745 1.57244e-07
-0.0753846 1.56805e-07
-0.0752947 1.56346e-07
-0.0752048 1.55884e-07
-0.0751149 1.55403e-07
-0.075025 1.54974e-07
-0.0749351 1.54578e-07
-0.0748452 1.54228e-07
-0.0747553 1.53947e-07
-0.0746654 1.53686e-07
-0.0745755 1.53458e-07
-0.0744856 1.53256e-07
-0.0743957 1.5305e-07
-0.0743057 1.52813e-07
-0.0742158 1.52634e-07
-0.0741259 1.52429e-07
-0.074036 1.52232e-07
-0.0739461 1.51981e-07
-0.0738562 1.51797e-07
-0.0737663 1.5156e-07
-0.0736764 1.51297e-07
-0.0735865 1.51017e-07
-0.0734966 1.50745e-07
-0.0734067 1.50429e-07
-0.0733168 1.50107e-07
-0.0732269 1.49793e-07
-0.073137 1.49521e-07
-0.0730471 1.49244e-07
-0.0729572 1.48986e-07
-0.0728673 1.48733e-07
-0.0727774 1.48431e-07
-0.0726875 1.48163e-07
-0.0725976 1.47905e-07
-0.0725077 1.47644e-07
-0.0724178 1.47384e-07
-0.0723279 1.47146e-07
-0.072238 1.46933e-07
-0.072148 1.46707e-07
-0.0720581 1.46509e-07
-0.0719682 1.46327e-07
-0.0718783 1.46145e-07
-0.0717884 1.45958e-07
-0.0716985 1.45765e-07
-0.0716086 1.45613e-07
-0.0715187 1.45455e-07
-0.0714288 1.45273e-07
-0.0713389 1.45131e-07
-0.071249 1.44968e-07
-0.0711591 1.44805e-07
-0.0710692 1.44708e-07
-0.0709793 1.44623e-07
-0.0708894 1.4456e-07
-0.0707995 1.44445e-07
-0.0707096 1.44306e-07
-0.0706197 1.44121e-07
-0.0705298 1.43896e-07
-0.0704399 1.43678e-07
-0.07035 1.43474e-07
-0.0702601 1.43253e-07
-0.0701702 1.43034e-07
-0.0700803 1.42825e-07
-0.0699903 1.42618e-07
-0.0699004 1.42411e-07
-0.0698105 1.42231e-07
-0.0697206 1.4205e-07
-0.0696307 1.41866e-07
-0.0695408 1.41676e-07
-0.0694509 1.41466e-07
-0.069361 1.41255e-07
-0.0692711 1.41012e-07
-0.0691812 1.40771e-07
-0.0690913 1.40575e-07
-0.0690014 1.4035e-07
-0.0689115 1.40091e-07
-0.0688216 1.39806e-07
-0.0687317 1.39512e-07
-0.0686418 1.39287e-07
-0.0685519 1.39106e-07
-0.068462 1.38916e-07
-0.0683721 1.38734e-07
-0.0682822 1.3853e-07
-0.0681923 1.38312e-07
-0.0681024 1.38109e-07
-0.0680125 1.37908e-07
-0.0679226 1.37691e-07
-0.0678326 1.37454e-07
-0.0677427 1.37212e-07
-0.0676528 1.36951e-07
-0.0675629 1.36658e-07
-0.067473 1.36367e-07
-0.0673831 1.36094e-07
-0.0672932 1.35821e-07
-0.0672033 1.35553e-07
-0.0671134 1.35309e-07
-0.0670235 1.35088e-07
-0.0669336 1.34854e-07
-0.0668437 1.34638e-07
-0.0667538 1.34419e-07
-0.0666639 1.34233e-07
-0.066574 1.34002e-07
-0.0664841 1.33789e-07
-0.0663942 1.33539e-07
-0.0663043 1.33306e-07
-0.0662144 1.33085e-07
-0.0661245 1.32816e-07
-0.0660346 1.32539e-07
-0.0659447 1.32252e-07
-0.0658548 1.32035e-07
-0.0657649 1.31836e-07
-0.0656749 1.31605e-07
-0.065585 1.31393e-07
-0.0654951 1.3122e-07
-0.0654052 1.31093e-07
-0.0653153 1.30897e-07
-0.0652254 1.30707e-07
-0.0651355 1.30571e-07
-0.0650456 1.30421e-07
-0.0649557 1.30287e-07
-0.0648658 1.30133e-07
-0.0647759 1.2991e-07
-0.064686 1.29702e-07
-0.0645961 1.29477e-07
-0.0645062 1.29281e-07
-0.0644163 1.2903e-07
-0.0643264 1.28761e-07
-0.0642365 1.28543e-07
-0.0641466 1.28304e-07
-0.0640567 1.28112e-07
-0.0639668 1.27992e-07
-0.0638769 1.27895e-07
-0.063787 1.27762e-07
-0.0636971 1.2758e-07
-0.0636072 1.27353e-07
-0.0635172 1.27162e-07
-0.0634273 1.26984e-07
-0.0633374 1.26757e-07
-0.0632475 1.26542e-07
-0.0631576 1.26443e-07
-0.0630677 1.26307e-07
-0.0629778 1.2613e-07
-0.0628879 1.25875e-07
-0.062798 1.25448e-07
-0.0627081 1.25071e-07
-0.0626182 1.24718e-07
-0.0625283 1.24418e-07
-0.0624384 1.24145e-07
-0.0623485 1.23903e-07
-0.0622586 1.23692e-07
-0.0621687 1.2336e-07
-0.0620788 1.2306e-07
-0.0619889 1.22664e-07
-0.061899 1.22124e-07
-0.0618091 1.21457e-07
-0.0617192 1.20829e-07
-0.0616293 1.20047e-07
-0.0615394 1.19371e-07
-0.0614495 1.18642e-07
-0.0613595 1.17914e-07
-0.0612696 1.17184e-07
-0.0611797 1.16452e-07
-0.0610898 1.15732e-07
-0.0609999 1.14967e-07
-0.06091 1.14176e-07
-0.0608201 1.13363e-07
-0.0607302 1.12592e-07
-0.0606403 1.11853e-07
-0.0605504 1.11028e-07
-0.0604605 1.10282e-07
-0.0603706 1.09536e-07
-0.0602807 1.08841e-07
-0.0601908 1.0811e-07
-0.0601009 1.07467e-07
-0.060011 1.06856e-07
-0.0599211 1.06238e-07
-0.0598312 1.0568e-07
-0.0597413 1.05247e-07
-0.0596514 1.04696e-07
-0.0595615 1.04194e-07
-0.0594716 1.03684e-07
-0.0593817 1.03236e-07
-0.0592918 1.0297e-07
-0.0592018 1.02724e-07
-0.0591119 1.02473e-07
-0.059022 1.02032e-07
-0.0589321 1.01597e-07
-0.0588422 1.01129e-07
-0.0587523 1.00708e-07
-0.0586624 1.0035e-07
-0.0585725 1.00054e-07
-0.0584826 9.96618e-08
-0.0583927 9.92086e-08
-0.0583028 9.86915e-08
-0.0582129 9.81891e-08
-0.058123 9.77037e-08
-0.0580331 9.71181e-08
-0.0579432 9.65552e-08
-0.0578533 9.59824e-08
-0.0577634 9.54133e-08
-0.0576735 9.48847e-08
-0.0575836 9.44415e-08
-0.0574937 9.40326e-08
-0.0574038 9.35952e-08
-0.0573139 9.31902e-08
-0.057224 9.26764e-08
-0.0571341 9.22074e-08
-0.0570442 9.17356e-08
-0.0569542 9.12919e-08
-0.0568643 9.09304e-08
-0.0567744 9.05155e-08
-0.0566845 9.01867e-08
-0.0565946 8.99057e-08
-0.0565047 8.9642e-08
-0.0564148 8.94418e-08
-0.0563249 8.93595e-08
-0.056235 8.924e-08
-0.0561451 8.914e-08
-0.0560552 8.91452e-08
-0.0559653 8.91329e-08
-0.0558754 8.90995e-08
-0.0557855 8.90118e-08
-0.0556956 8.88347e-08
-0.0556057 8.87463e-08
-0.0555158 8.86662e-08
-0.0554259 8.87013e-08
-0.055336 8.87254e-08
-0.0552461 8.87979e-08
-0.0551562 8.89408e-08
-0.0550663 8.91676e-08
-0.0549764 8.93424e-08
-0.0548865 8.95177e-08
-0.0547965 8.9646e-08
-0.0547066 8.98012e-08
-0.0546167 8.98921e-08
-0.0545268 8.99879e-08
-0.0544369 9.00343e-08
-0.054347 9.01233e-08
-0.0542571 9.007e-08
-0.0541672 9.00693e-08
-0.0540773 9.01213e-08
-0.0539874 9.01535e-08
-0.0538975 9.00935e-08
-0.0538076 9.00797e-08
-0.0537177 9.01005e-08
-0.0536278 9.01014e-08
-0.0535379 9.01379e-08
-0.053448 9.01846e-08
-0.0533581 9.01629e-08
-0.0532682 9.0204e-08
-0.0531783 9.02656e-08
-0.0530884 9.02634e-08
-0.0529985 9.02421e-08
-0.0529086 9.01915e-08
-0.0528187 9.01117e-08
-0.0527288 9.00182e-08
-0.0526388 8.99841e-08
-0.0525489 8.9992e-08
-0.052459 9.00594e-08
-0.0523691 9.01319e-08
-0.0522792 9.03057e-08
-0.0521893 9.04925e-08
-0.0520994 9.06002e-08
-0.0520095 9.06818e-08
-0.0519196 9.07651e-08
-0.0518297 9.08393e-08
-0.0517398 9.09234e-08
-0.0516499 9.09756e-08
-0.05156 9.10837e-08
-0.0514701 9.11473e-08
-0.0513802 9.11784e-08
-0.0512903 9.11959e-08
-0.0512004 9.12511e-08
-0.0511105 9.12236e-08
-0.0510206 9.11675e-08
-0.0509307 9.10476e-08
-0.0508408 9.09374e-08
-0.0507509 9.08282e-08
-0.050661 9.07223e-08
-0.0505711 9.06505e-08
-0.0504811 9.05215e-08
-0.0503912 9.03853e-08
-0.0503013 9.02522e-08
-0.0502114 9.00788e-08
-0.0501215 8.99145e-08
-0.0500316 8.97779e-08
-0.0499417 8.95826e-08
-0.0498518 8.9355e-08
-0.0497619 8.91244e-08
-0.049672 8.89328e-08
-0.0495821 8.87094e-08
-0.0494922 8.84375e-08
-0.0494023 8.8147e-08
-0.0493124 8.78691e-08
-0.0492225 8.75762e-08
-0.0491326 8.73223e-08
-0.0490427 8.70929e-08
-0.0489528 8.68472e-08
-0.0488629 8.65753e-08
-0.048773 8.63178e-08
-0.0486831 8.60777e-08
-0.0485932 8.58912e-08
-0.0485033 8.56384e-08
-0.0484134 8.53496e-08
-0.0483234 8.50658e-08
-0.0482335 8.47751e-08
-0.0481436 8.44528e-08
-0.0480537 8.41826e-08
-0.0479638 8.38533e-08
-0.0478739 8.35325e-08
-0.047784 8.32068e-08
-0.0476941 8.2909e-08
-0.0476042 8.25936e-08
-0.0475143 8.2277e-08
-0.0474244 8.20121e-08
-0.0473345 8.17538e-08
-0.0472446 8.15068e-08
-0.0471547 8.12521e-08
-0.0470648 8.09423e-08
-0.0469749 8.06142e-08
-0.046885 8.027e-08
-0.0467951 7.99022e-08
-0.0467052 7.95174e-08
-0.0466153 7.9136e-08
-0.0465254 7.87471e-08
-0.0464355 7.8345e-08
-0.0463456 7.79532e-08
-0.0462557 7.75883e-08
-0.0461657 7.72149e-08
-0.0460758 7.6849e-08
-0.0459859 7.64947e-08
-0.045896 7.61435e-08
-0.0458061 7.57949e-08
-0.0457162 7.54127e-08
-0.0456263 7.49637e-08
-0.0455364 7.45134e-08
-0.0454465 7.40891e-08
-0.0453566 7.36209e-08
-0.0452667 7.31343e-08
-0.0451768 7.26615e-08
-0.0450869 7.21667e-08
-0.044997 7.17285e-08
-0.0449071 7.13189e-08
-0.0448172 7.08681e-08
-0.0447273 7.04202e-08
-0.0446374 6.99305e-08
-0.0445475 6.94046e-08
-0.0444576 6.88722e-08
-0.0443677 6.83527e-08
-0.0442778 6.78454e-08
-0.0441879 6.7305e-08
-0.044098 6.67391e-08
-0.044008 6.61847e-08
-0.0439181 6.56654e-08
-0.0438282 6.51063e-08
-0.0437383 6.45508e-08
-0.0436484 6.39129e-08
-0.0435585 6.3258e-08
-0.0434686 6.25218e-08
-0.0433787 6.17559e-08
-0.0432888 6.09976e-08
-0.0431989 6.01745e-08
-0.043109 5.93173e-08
-0.0430191 5.84056e-08
-0.0429292 5.74405e-08
-0.0428393 5.6578e-08
-0.0427494 5.5704e-08
-0.0426595 5.47687e-08
-0.0425696 5.37319e-08
-0.0424797 5.25708e-08
-0.0423898 5.12866e-08
-0.0422999 4.98004e-08
-0.04221 4.83058e-08
-0.0421201 4.67455e-08
-0.0420302 4.52076e-08
-0.0419403 4.35463e-08
-0.0418503 4.1936e-08
-0.0417604 4.03877e-08
-0.0416705 3.90341e-08
-0.0415806 3.77997e-08
-0.0414907 3.65155e-08
-0.0414008 3.52786e-08
-0.0413109 3.40737e-08
-0.041221 3.29619e-08
-0.0411311 3.17675e-08
-0.0410412 3.0659e-08
-0.0409513 2.95951e-08
-0.0408614 2.85339e-08
-0.0407715 2.76059e-08
-0.0406816 2.67846e-08
-0.0405917 2.60282e-08
-0.0405018 2.53327e-08
-0.0404119 2.46767e-08
-0.040322 2.41007e-08
-0.0402321 2.36287e-08
-0.0401422 2.31576e-08
-0.0400523 2.26925e-08
-0.0399624 2.22272e-08
-0.0398725 2.17518e-08
-0.0397826 2.13149e-08
-0.0396927 2.08594e-08
-0.0396027 2.0394e-08
-0.0395128 1.99352e-08
-0.0394229 1.95212e-08
-0.039333 1.91086e-08
-0.0392431 1.87725e-08
-0.0391532 1.8483e-08
-0.0390633 1.81778e-08
-0.0389734 1.78699e-08
-0.0388835 1.75517e-08
-0.0387936 1.7273e-08
-0.0387037 1.70119e-08
-0.0386138 1.67063e-08
-0.0385239 1.64074e-08
-0.038434 1.61298e-08
-0.0383441 1.58716e-08
-0.0382542 1.56317e-08
-0.0381643 1.54347e-08
-0.0380744 1.52476e-08
-0.0379845 1.50551e-08
-0.0378946 1.48607e-08
-0.0378047 1.4656e-08
-0.0377148 1.44715e-08
-0.0376249 1.43148e-08
-0.037535 1.41748e-08
-0.037445 1.4043e-08
-0.0373551 1.39145e-08
-0.0372652 1.3796e-08
-0.0371753 1.37142e-08
-0.0370854 1.36374e-08
-0.0369955 1.35424e-08
-0.0369056 1.34502e-08
-0.0368157 1.33531e-08
-0.0367258 1.32293e-08
-0.0366359 1.31191e-08
-0.036546 1.30296e-08
-0.0364561 1.29527e-08
-0.0363662 1.29028e-08
-0.0362763 1.28457e-08
-0.0361864 1.27975e-08
-0.0360965 1.27558e-08
-0.0360066 1.27363e-08
-0.0359167 1.27019e-08
-0.0358268 1.26509e-08
-0.0357369 1.26066e-08
-0.035647 1.25672e-08
-0.0355571 1.2529e-08
-0.0354672 1.24931e-08
-0.0353773 1.24717e-08
-0.0352873 1.24543e-08
-0.0351974 1.24496e-08
-0.0351075 1.24385e-08
-0.0350176 1.24203e-08
-0.0349277 1.23983e-08
-0.0348378 1.23984e-08
-0.0347479 1.24085e-08
-0.034658 1.242e-08
-0.0345681 1.24364e-08
-0.0344782 1.243e-08
-0.0343883 1.24282e-08
-0.0342984 1.2431e-08
-0.0342085 1.24413e-08
-0.0341186 1.24511e-08
-0.0340287 1.24769e-08
-0.0339388 1.24939e-08
-0.0338489 1.25096e-08
-0.033759 1.25557e-08
-0.0336691 1.25984e-08
-0.0335792 1.26421e-08
-0.0334893 1.26825e-08
-0.0333994 1.27278e-08
-0.0333095 1.27637e-08
-0.0332196 1.28323e-08
-0.0331296 1.28926e-08
-0.0330397 1.29545e-08
-0.0329498 1.30417e-08
-0.0328599 1.31596e-08
-0.03277 1.32771e-08
-0.0326801 1.33771e-08
-0.0325902 1.34909e-08
-0.0325003 1.35903e-08
-0.0324104 1.37046e-08
-0.0323205 1.38333e-08
-0.0322306 1.39577e-08
-0.0321407 1.40862e-08
-0.0320508 1.42158e-08
-0.0319609 1.43399e-08
-0.031871 1.44872e-08
-0.0317811 1.46349e-08
-0.0316912 1.47793e-08
-0.0316013 1.49265e-08
-0.0315114 1.5066e-08
-0.0314215 1.5186e-08
-0.0313316 1.53191e-08
-0.0312417 1.5444e-08
-0.0311518 1.55659e-08
-0.0310619 1.56928e-08
-0.0309719 1.58033e-08
-0.030882 1.58893e-08
-0.0307921 1.59666e-08
-0.0307022 1.60241e-08
-0.0306123 1.60959e-08
-0.0305224 1.61662e-08
-0.0304325 1.62281e-08
-0.0303426 1.62881e-08
-0.0302527 1.63564e-08
-0.0301628 1.64181e-08
-0.0300729 1.64938e-08
-0.029983 1.65644e-08
-0.0298931 1.6616e-08
-0.0298032 1.6643e-08
-0.0297133 1.66709e-08
-0.0296234 1.66945e-08
-0.0295335 1.67241e-08
-0.0294436 1.67423e-08
-0.0293537 1.67715e-08
-0.0292638 1.68094e-08
-0.0291739 1.68514e-08
-0.029084 1.68998e-08
-0.0289941 1.69469e-08
-0.0289042 1.70008e-08
-0.0288142 1.70522e-08
-0.0287243 1.71043e-08
-0.0286344 1.71528e-08
-0.0285445 1.72075e-08
-0.0284546 1.72666e-08
-0.0283647 1.73042e-08
-0.0282748 1.73382e-08
-0.0281849 1.7368e-08
-0.028095 1.7374e-08
-0.0280051 1.73685e-08
-0.0279152 1.73639e-08
-0.0278253 1.73539e-08
-0.0277354 1.73533e-08
-0.0276455 1.73516e-08
-0.0275556 1.73571e-08
-0.0274657 1.7356e-08
-0.0273758 1.73538e-08
-0.0272859 1.73303e-08
-0.027196 1.72845e-08
-0.0271061 1.72403e-08
-0.0270162 1.71743e-08
-0.0269263 1.70717e-08
-0.0268364 1.69698e-08
-0.0267465 1.6851e-08
-0.0266565 1.6733e-08
-0.0265666 1.65863e-08
-0.0264767 1.6426e-08
-0.0263868 1.62836e-08
-0.0262969 1.6133e-08
-0.026207 1.5964e-08
-0.0261171 1.57896e-08
-0.0260272 1.56226e-08
-0.0259373 1.54305e-08
-0.0258474 1.52256e-08
-0.0257575 1.50164e-08
-0.0256676 1.47809e-08
-0.0255777 1.45006e-08
-0.0254878 1.41841e-08
-0.0253979 1.38468e-08
-0.025308 1.3517e-08
-0.0252181 1.31547e-08
-0.0251282 1.27804e-08
-0.0250383 1.24284e-08
-0.0249484 1.20486e-08
-0.0248585 1.16477e-08
-0.0247686 1.12335e-08
-0.0246787 1.07984e-08
-0.0245888 1.02891e-08
-0.0244988 9.71224e-09
-0.0244089 9.11378e-09
-0.024319 8.45182e-09
-0.0242291 7.77104e-09
-0.0241392 7.03917e-09
-0.0240493 6.32225e-09
-0.0239594 5.59404e-09
-0.0238695 4.83104e-09
-0.0237796 4.01229e-09
-0.0236897 3.19657e-09
-0.0235998 2.33958e-09
-0.0235099 1.44244e-09
-0.02342 5.42523e-10
-0.0233301 -4.15824e-10
-0.0232402 -1.37586e-09
-0.0231503 -2.32343e-09
-0.0230604 -3.23844e-09
-0.0229705 -4.11405e-09
-0.0228806 -4.95674e-09
-0.0227907 -5.81673e-09
-0.0227008 -6.60471e-09
-0.0226109 -7.34927e-09
-0.022521 -8.02988e-09
-0.0224311 -8.65688e-09
-0.0223411 -9.25171e-09
-0.0222512 -9.86686e-09
-0.0221613 -1.04407e-08
-0.0220714 -1.0949e-08
-0.0219815 -1.14127e-08
-0.0218916 -1.18412e-08
-0.0218017 -1.22197e-08
-0.0217118 -1.26047e-08
-0.0216219 -1.29465e-08
-0.021532 -1.32112e-08
-0.0214421 -1.34094e-08
-0.0213522 -1.35687e-08
-0.0212623 -1.37558e-08
-0.0211724 -1.39197e-08
-0.0210825 -1.40374e-08
-0.0209926 -1.4131e-08
-0.0209027 -1.42159e-08
-0.0208128 -1.42644e-08
-0.0207229 -1.43157e-08
-0.020633 -1.43406e-08
-0.0205431 -1.43266e-08
-0.0204532 -1.4262e-08
-0.0203633 -1.41835e-08
-0.0202734 -1.40883e-08
-0.0201835 -1.39631e-08
-0.0200935 -1.38434e-08
-0.0200036 -1.36952e-08
-0.0199137 -1.35496e-08
-0.0198238 -1.34036e-08
-0.0197339 -1.3225e-08
-0.019644 -1.30216e-08
-0.0195541 -1.28074e-08
-0.0194642 -1.25743e-08
-0.0193743 -1.23574e-08
-0.0192844 -1.21485e-08
-0.0191945 -1.19324e-08
-0.0191046 -1.1722e-08
-0.0190147 -1.14887e-08
-0.0189248 -1.1254e-08
-0.0188349 -1.10134e-08
-0.018745 -1.0762e-08
-0.0186551 -1.05145e-08
-0.0185652 -1.02466e-08
-0.0184753 -9.94739e-09
-0.0183854 -9.66362e-09
-0.0182955 -9.40015e-09
-0.0182056 -9.13707e-09
-0.0181157 -8.87962e-09
-0.0180258 -8.65347e-09
-0.0179358 -8.40083e-09
-0.0178459 -8.14023e-09
-0.017756 -7.87176e-09
-0.0176661 -7.58428e-09
-0.0175762 -7.27723e-09
-0.0174863 -6.99177e-09
-0.0173964 -6.71039e-09
-0.0173065 -6.45187e-09
-0.0172166 -6.19557e-09
-0.0171267 -5.93772e-09
-0.0170368 -5.71369e-09
-0.0169469 -5.48105e-09
-0.016857 -5.23236e-09
-0.0167671 -4.97326e-09
-0.0166772 -4.71472e-09
-0.0165873 -4.44267e-09
-0.0164974 -4.16783e-09
-0.0164075 -3.92328e-09
-0.0163176 -3.69944e-09
-0.0162277 -3.50158e-09
-0.0161378 -3.28851e-09
-0.0160479 -3.08355e-09
-0.015958 -2.87556e-09
-0.0158681 -2.66043e-09
-0.0157781 -2.4532e-09
-0.0156882 -2.2399e-09
-0.0155983 -2.02115e-09
-0.0155084 -1.82842e-09
-0.0154185 -1.64486e-09
-0.0153286 -1.45835e-09
-0.0152387 -1.31803e-09
-0.0151488 -1.16655e-09
-0.0150589 -1.02281e-09
-0.014969 -8.43136e-10
-0.0148791 -6.61159e-10
-0.0147892 -4.67834e-10
-0.0146993 -2.7511e-10
-0.0146094 -1.03429e-10
-0.0145195 5.40294e-11
-0.0144296 1.81094e-10
-0.0143397 3.00599e-10
-0.0142498 4.03079e-10
-0.0141599 4.9079e-10
-0.01407 5.70975e-10
-0.0139801 6.58663e-10
-0.0138902 7.4308e-10
-0.0138003 8.36555e-10
-0.0137104 9.53025e-10
-0.0136204 1.05343e-09
-0.0135305 1.13037e-09
-0.0134406 1.18376e-09
-0.0133507 1.18806e-09
-0.0132608 1.19728e-09
-0.0131709 1.19306e-09
-0.013081 1.16777e-09
-0.0129911 1.12415e-09
-0.0129012 1.10211e-09
-0.0128113 1.08773e-09
-0.0127214 1.05337e-09
-0.0126315 1.02603e-09
-0.0125416 9.86472e-10
-0.0124517 9.45527e-10
-0.0123618 9.03984e-10
-0.0122719 8.39684e-10
-0.012182 7.57444e-10
-0.0120921 6.73006e-10
-0.0120022 5.57775e-10
-0.0119123 4.54574e-10
-0.0118224 3.50503e-10
-0.0117325 2.53168e-10
-0.0116426 1.67941e-10
-0.0115527 6.2933e-11
-0.0114627 -5.21852e-11
-0.0113728 -1.40477e-10
-0.0112829 -2.49502e-10
-0.011193 -3.48006e-10
-0.0111031 -4.25377e-10
-0.0110132 -5.09713e-10
-0.0109233 -5.92389e-10
-0.0108334 -6.68821e-10
-0.0107435 -7.14055e-10
-0.0106536 -7.48991e-10
-0.0105637 -7.62676e-10
-0.0104738 -8.00377e-10
-0.0103839 -8.3656e-10
-0.010294 -8.67735e-10
-0.0102041 -8.83226e-10
-0.0101142 -8.88654e-10
-0.0100243 -8.86612e-10
-0.00993438 -8.82779e-10
-0.00984447 -8.80089e-10
-0.00975457 -8.82892e-10
-0.00966466 -8.82175e-10
-0.00957476 -8.43783e-10
-0.00948486 -7.92168e-10
-0.00939495 -7.40582e-10
-0.00930505 -7.00421e-10
-0.00921514 -6.75622e-10
-0.00912524 -6.46727e-10
-0.00903534 -5.84551e-10
-0.00894543 -5.21056e-10
-0.00885553 -4.53062e-10
-0.00876562 -3.81238e-10
-0.00867572 -3.19205e-10
-0.00858582 -2.56542e-10
-0.00849591 -1.89186e-10
-0.00840601 -1.11546e-10
-0.0083161 -3.3503e-11
-0.0082262 2.29629e-11
-0.00813629 8.58002e-11
-0.00804639 1.50607e-10
-0.00795649 2.37595e-10
-0.00786658 3.2337e-10
-0.00777668 4.22633e-10
-0.00768677 5.23396e-10
-0.00759687 5.92236e-10
-0.00750697 6.66024e-10
-0.00741706 7.51615e-10
-0.00732716 8.42619e-10
-0.00723725 9.1745e-10
-0.00714735 9.78865e-10
-0.00705744 1.04194e-09
-0.00696754 1.1052e-09
-0.00687764 1.1834e-09
-0.00678773 1.25497e-09
-0.00669783 1.33491e-09
-0.00660792 1.41241e-09
-0.00651802 1.47171e-09
-0.00642812 1.53946e-09
-0.00633821 1.61117e-09
-0.00624831 1.67656e-09
-0.0061584 1.72517e-09
-0.0060685 1.76979e-09
-0.00597859 1.804e-09
-0.00588869 1.82842e-09
-0.00579879 1.85795e-09
-0.00570888 1.87093e-09
-0.00561898 1.88795e-09
-0.00552907 1.91346e-09
-0.00543917 1.9227e-09
-0.00534927 1.93385e-09
-0.00525936 1.93918e-09
-0.00516946 1.94391e-09
-0.00507955 1.93981e-09
-0.00498965 1.92145e-09
-0.00489975 1.88588e-09
-0.00480984 1.84549e-09
-0.00471994 1.80321e-09
-0.00463003 1.74846e-09
-0.00454013 1.71486e-09
-0.00445022 1.68157e-09
-0.00436032 1.62881e-09
-0.00427042 1.57074e-09
-0.00418051 1.50262e-09
-0.00409061 1.44212e-09
-0.0040007 1.37134e-09
-0.0039108 1.27133e-09
-0.0038209 1.1844e-09
-0.00373099 1.09681e-09
-0.00364109 9.98631e-10
-0.00355118 9.11264e-10
-0.00346128 8.25924e-10
-0.00337137 7.48517e-10
-0.00328147 6.5757e-10
-0.00319157 5.66639e-10
-0.00310166 4.54435e-10
-0.00301176 3.49405e-10
-0.00292185 2.32845e-10
-0.00283195 1.25705e-10
-0.00274205 5.07884e-11
-0.00265214 -3.09502e-11
-0.00256224 -1.12079e-10
-0.00247233 -1.90541e-10
-0.00238243 -2.76993e-10
-0.00229252 -3.50519e-10
-0.00220262 -4.27159e-10
-0.00211272 -5.14393e-10
-0.00202281 -6.15382e-10
-0.00193291 -7.00065e-10
-0.001843 -7.69734e-10
-0.0017531 -8.07464e-10
-0.0016632 -8.16902e-10
-0.00157329 -8.32757e-10
-0.00148339 -8.40373e-10
-0.00139348 -8.57025e-10
-0.00130358 -8.69365e-10
-0.00121368 -8.74107e-10
-0.00112377 -8.93519e-10
-0.00103387 -9.14692e-10
-0.000943963 -9.28897e-10
-0.000854059 -9.1162e-10
-0.000764154 -8.51815e-10
-0.00067425 -7.73922e-10
-0.000584346 -6.89339e-10
-0.000494442 -5.94589e-10
-0.000404538 -4.83005e-10
-0.000314634 -3.74562e-10
-0.00022473 -2.76842e-10
-0.000134825 -1.80781e-10
-4.49212e-05 -9.08755e-11
4.49829e-05 0
0.000134887 1.10982e-10
0.000224791 2.63656e-10
0.000314695 4.33279e-10
0.0004046 6.02549e-10
0.000494504 7.70788e-10
0.000584408 9.68419e-10
0.000674312 1.1841e-09
0.000764216 1.40107e-09
0.00085412 1.61495e-09
0.000944024 1.82952e-09
0.00103393 2.04607e-09
0.00112383 2.24458e-09
0.00121374 2.47503e-09
0.00130364 2.72732e-09
0.00139355 2.9908e-09
0.00148345 3.23609e-09
0.00157335 3.49352e-09
0.00166326 3.75607e-09
0.00175316 4.04308e-09
0.00184307 4.31488e-09
0.00193297 4.59054e-09
0.00202287 4.90178e-09
0.00211278 5.19868e-09
0.00220268 5.48028e-09
0.00229259 5.78882e-09
0.00238249 6.07346e-09
0.00247239 6.36653e-09
0.0025623 6.66048e-09
0.0026522 6.93561e-09
0.00274211 7.20746e-09
0.00283201 7.4706e-09
0.00292192 7.73171e-09
0.00301182 8.00734e-09
0.00310172 8.28867e-09
0.00319163 8.56355e-09
0.00328153 8.83626e-09
0.00337144 9.09911e-09
0.00346134 9.34449e-09
0.00355124 9.5934e-09
0.00364115 9.83215e-09
0.00373105 1.00572e-08
0.00382096 1.02664e-08
0.00391086 1.04493e-08
0.00400077 1.06332e-08
0.00409067 1.08299e-08
0.00418057 1.10141e-08
0.00427048 1.12071e-08
0.00436038 1.13896e-08
0.00445029 1.15539e-08
0.00454019 1.16896e-08
0.00463009 1.18494e-08
0.00472 1.199e-08
0.0048099 1.21334e-08
0.00489981 1.22363e-08
0.00498971 1.23336e-08
0.00507962 1.24469e-08
0.00516952 1.25416e-08
0.00525942 1.2638e-08
0.00534933 1.27393e-08
0.00543923 1.28295e-08
0.00552914 1.29254e-08
0.00561904 1.30163e-08
0.00570894 1.31145e-08
0.00579885 1.32123e-08
0.00588875 1.32888e-08
0.00597866 1.33417e-08
0.00606856 1.33875e-08
0.00615846 1.34473e-08
0.00624837 1.34935e-08
0.00633827 1.35417e-08
0.00642818 1.35951e-08
0.00651808 1.36458e-08
0.00660799 1.36966e-08
0.00669789 1.37593e-08
0.00678779 1.3839e-08
0.0068777 1.39044e-08
0.0069676 1.39416e-08
0.00705751 1.39733e-08
0.00714741 1.40214e-08
0.00723731 1.40579e-08
0.00732722 1.40777e-08
0.00741712 1.41038e-08
0.00750703 1.41301e-08
0.00759693 1.41522e-08
0.00768684 1.41821e-08
0.00777674 1.42033e-08
0.00786664 1.42364e-08
0.00795655 1.42408e-08
0.00804645 1.42319e-08
0.00813636 1.42309e-08
0.00822626 1.42313e-08
0.00831616 1.42319e-08
0.00840607 1.42217e-08
0.00849597 1.42314e-08
0.00858588 1.42392e-08
0.00867578 1.42304e-08
0.00876569 1.4207e-08
0.00885559 1.41863e-08
0.00894549 1.41606e-08
0.0090354 1.41214e-08
0.0091253 1.40745e-08
0.00921521 1.40373e-08
0.00930511 1.40022e-08
0.00939501 1.39739e-08
0.00948492 1.39473e-08
0.00957482 1.39496e-08
0.00966473 1.39534e-08
0.00975463 1.3929e-08
0.00984453 1.38945e-08
0.00993444 1.38515e-08
0.0100243 1.37973e-08
0.0101142 1.37423e-08
0.0102042 1.36752e-08
0.0102941 1.3611e-08
0.010384 1.3548e-08
0.0104739 1.34981e-08
0.0105638 1.34561e-08
0.0106537 1.34376e-08
0.0107436 1.34159e-08
0.0108335 1.33702e-08
0.0109234 1.33177e-08
0.0110133 1.32447e-08
0.0111032 1.3172e-08
0.0111931 1.31024e-08
0.011283 1.30257e-08
0.0113729 1.29529e-08
0.0114628 1.28892e-08
0.0115527 1.28502e-08
0.0116426 1.28101e-08
0.0117325 1.27703e-08
0.0118224 1.27129e-08
0.0119123 1.26544e-08
0.0120022 1.25911e-08
0.0120921 1.25282e-08
0.012182 1.24874e-08
0.0122719 1.24532e-08
0.0123619 1.24535e-08
0.0124518 1.24647e-08
0.0125417 1.24873e-08
0.0126316 1.25295e-08
0.0127215 1.25732e-08
0.0128114 1.25943e-08
0.0129013 1.26407e-08
0.0129912 1.26933e-08
0.0130811 1.27169e-08
0.013171 1.27659e-08
0.0132609 1.28285e-08
0.0133508 1.29133e-08
0.0134407 1.30094e-08
0.0135306 1.31318e-08
0.0136205 1.32614e-08
0.0137104 1.34173e-08
0.0138003 1.35748e-08
0.0138902 1.37192e-08
0.0139801 1.38689e-08
0.01407 1.40294e-08
0.0141599 1.41845e-08
0.0142498 1.43517e-08
0.0143397 1.45265e-08
0.0144296 1.47118e-08
0.0145196 1.49113e-08
0.0146095 1.50753e-08
0.0146994 1.52647e-08
0.0147893 1.54714e-08
0.0148792 1.56665e-08
0.0149691 1.58661e-08
0.015059 1.60721e-08
0.0151489 1.62778e-08
0.0152388 1.6488e-08
0.0153287 1.67092e-08
0.0154186 1.69396e-08
0.0155085 1.71562e-08
0.0155984 1.73561e-08
0.0156883 1.75513e-08
0.0157782 1.77803e-08
0.0158681 1.79903e-08
0.015958 1.81933e-08
0.0160479 1.83689e-08
0.0161378 1.85644e-08
0.0162277 1.87904e-08
0.0163176 1.90187e-08
0.0164075 1.92714e-08
0.0164974 1.95155e-08
0.0165873 1.97818e-08
0.0166773 2.00247e-08
0.0167672 2.02629e-08
0.0168571 2.05079e-08
0.016947 2.07291e-08
0.0170369 2.09436e-08
0.0171268 2.11606e-08
0.0172167 2.13735e-08
0.0173066 2.15902e-08
0.0173965 2.18275e-08
0.0174864 2.20677e-08
0.0175763 2.23102e-08
0.0176662 2.25505e-08
0.0177561 2.27974e-08
0.017846 2.30337e-08
0.0179359 2.32611e-08
0.0180258 2.34787e-08
0.0181157 2.36977e-08
0.0182056 2.39059e-08
0.0182955 2.41058e-08
0.0183854 2.43069e-08
0.0184753 2.45218e-08
0.0185652 2.4724e-08
0.0186551 2.49381e-08
0.018745 2.51482e-08
0.0188349 2.5339e-08
0.0189249 2.55159e-08
0.0190148 2.56846e-08
0.0191047 2.58475e-08
0.0191946 2.60294e-08
0.0192845 2.62012e-08
0.0193744 2.63419e-08
0.0194643 2.6502e-08
0.0195542 2.66557e-08
0.0196441 2.68074e-08
0.019734 2.6936e-08
0.0198239 2.70598e-08
0.0199138 2.71698e-08
0.0200037 2.72718e-08
0.0200936 2.73688e-08
0.0201835 2.74655e-08
0.0202734 2.75651e-08
0.0203633 2.76538e-08
0.0204532 2.77325e-08
0.0205431 2.78191e-08
0.020633 2.79082e-08
0.0207229 2.7987e-08
0.0208128 2.80512e-08
0.0209027 2.81217e-08
0.0209926 2.81924e-08
0.0210826 2.82575e-08
0.0211725 2.8317e-08
0.0212624 2.83744e-08
0.0213523 2.84296e-08
0.0214422 2.84745e-08
0.0215321 2.85096e-08
0.021622 2.85421e-08
0.0217119 2.8574e-08
0.0218018 2.86004e-08
0.0218917 2.86285e-08
0.0219816 2.8668e-08
0.0220715 2.87071e-08
0.0221614 2.87368e-08
0.0222513 2.87592e-08
0.0223412 2.87893e-08
0.0224311 2.88201e-08
0.022521 2.88302e-08
0.0226109 2.88344e-08
0.0227008 2.88258e-08
0.0227907 2.88046e-08
0.0228806 2.87745e-08
0.0229705 2.87478e-08
0.0230604 2.87259e-08
0.0231503 2.86941e-08
0.0232403 2.86506e-08
0.0233302 2.86053e-08
0.0234201 2.85753e-08
0.02351 2.85507e-08
0.0235999 2.85225e-08
0.0236898 2.84947e-08
0.0237797 2.84487e-08
0.0238696 2.83838e-08
0.0239595 2.83187e-08
0.0240494 2.82339e-08
0.0241393 2.81324e-08
0.0242292 2.80246e-08
0.0243191 2.79063e-08
0.024409 2.7797e-08
0.0244989 2.77237e-08
0.0245888 2.7641e-08
0.0246787 2.75787e-08
0.0247686 2.74989e-08
0.0248585 2.74091e-08
0.0249484 2.73001e-08
0.0250383 2.71708e-08
0.0251282 2.70445e-08
0.0252181 2.69011e-08
0.025308 2.6769e-08
0.025398 2.66298e-08
0.0254879 2.65026e-08
0.0255778 2.63531e-08
0.0256677 2.62224e-08
0.0257576 2.60883e-08
0.0258475 2.59336e-08
0.0259374 2.5767e-08
0.0260273 2.56237e-08
0.0261172 2.54866e-08
0.0262071 2.53597e-08
0.026297 2.5245e-08
0.0263869 2.51399e-08
0.0264768 2.50436e-08
0.0265667 2.49586e-08
0.0266566 2.4834e-08
0.0267465 2.4699e-08
0.0268364 2.45595e-08
0.0269263 2.44061e-08
0.0270162 2.42415e-08
0.0271061 2.4121e-08
0.027196 2.39919e-08
0.0272859 2.38795e-08
0.0273758 2.37684e-08
0.0274657 2.3665e-08
0.0275557 2.35813e-08
0.0276456 2.35137e-08
0.0277355 2.34366e-08
0.0278254 2.33612e-08
0.0279153 2.33006e-08
0.0280052 2.3231e-08
0.0280951 2.31461e-08
0.028185 2.30544e-08
0.0282749 2.29725e-08
0.0283648 2.2885e-08
0.0284547 2.2771e-08
0.0285446 2.26816e-08
0.0286345 2.25926e-08
0.0287244 2.24975e-08
0.0288143 2.24429e-08
0.0289042 2.24115e-08
0.0289941 2.23966e-08
0.029084 2.23648e-08
0.0291739 2.23408e-08
0.0292638 2.23206e-08
0.0293537 2.23128e-08
0.0294436 2.23032e-08
0.0295335 2.22725e-08
0.0296234 2.2259e-08
0.0297134 2.22526e-08
0.0298033 2.2228e-08
0.0298932 2.2212e-08
0.0299831 2.221e-08
0.030073 2.21824e-08
0.0301629 2.21792e-08
0.0302528 2.21914e-08
0.0303427 2.22174e-08
0.0304326 2.22645e-08
0.0305225 2.23188e-08
0.0306124 2.23469e-08
0.0307023 2.23976e-08
0.0307922 2.24387e-08
0.0308821 2.24859e-08
0.030972 2.25233e-08
0.0310619 2.25305e-08
0.0311518 2.25196e-08
0.0312417 2.25589e-08
0.0313316 2.26418e-08
0.0314215 2.27019e-08
0.0315114 2.27779e-08
0.0316013 2.28186e-08
0.0316912 2.283e-08
0.0317811 2.28538e-08
0.0318711 2.28947e-08
0.031961 2.29472e-08
0.0320509 2.29652e-08
0.0321408 2.29431e-08
0.0322307 2.29255e-08
0.0323206 2.29691e-08
0.0324105 2.3029e-08
0.0325004 2.30942e-08
0.0325903 2.31531e-08
0.0326802 2.31726e-08
0.0327701 2.31921e-08
0.03286 2.32061e-08
0.0329499 2.32368e-08
0.0330398 2.32728e-08
0.0331297 2.3285e-08
0.0332196 2.32809e-08
0.0333095 2.33198e-08
0.0333994 2.33549e-08
0.0334893 2.34078e-08
0.0335792 2.34927e-08
0.0336691 2.35782e-08
0.033759 2.36655e-08
0.0338489 2.37413e-08
0.0339388 2.37693e-08
0.0340288 2.38317e-08
0.0341187 2.39194e-08
0.0342086 2.39986e-08
0.0342985 2.41143e-08
0.0343884 2.42412e-08
0.0344783 2.44068e-08
0.0345682 2.45309e-08
0.0346581 2.46742e-08
0.034748 2.48562e-08
0.0348379 2.50192e-08
0.0349278 2.51623e-08
0.0350177 2.53405e-08
0.0351076 2.5542e-08
0.0351975 2.57372e-08
0.0352874 2.59444e-08
0.0353773 2.61734e-08
0.0354672 2.64127e-08
0.0355571 2.6675e-08
0.035647 2.69063e-08
0.0357369 2.71519e-08
0.0358268 2.74165e-08
0.0359167 2.76659e-08
0.0360066 2.79035e-08
0.0360965 2.81961e-08
0.0361865 2.85229e-08
0.0362764 2.8858e-08
0.0363663 2.92081e-08
0.0364562 2.95601e-08
0.0365461 2.99368e-08
0.036636 3.03089e-08
0.0367259 3.06613e-08
0.0368158 3.10048e-08
0.0369057 3.13494e-08
0.0369956 3.16366e-08
0.0370855 3.18763e-08
0.0371754 3.21522e-08
0.0372653 3.24804e-08
0.0373552 3.28352e-08
0.0374451 3.31829e-08
0.037535 3.35682e-08
0.0376249 3.3973e-08
0.0377148 3.43294e-08
0.0378047 3.46875e-08
0.0378946 3.50293e-08
0.0379845 3.53097e-08
0.0380744 3.55049e-08
0.0381643 3.56885e-08
0.0382542 3.5855e-08
0.0383441 3.60603e-08
0.0384341 3.62881e-08
0.038524 3.65316e-08
0.0386139 3.67734e-08
0.0387038 3.69561e-08
0.0387937 3.71751e-08
0.0388836 3.74197e-08
0.0389735 3.76047e-08
0.0390634 3.77388e-08
0.0391533 3.77963e-08
0.0392432 3.78171e-08
0.0393331 3.78908e-08
0.039423 3.79434e-08
0.0395129 3.80257e-08
0.0396028 3.80498e-08
0.0396927 3.80768e-08
0.0397826 3.8064e-08
0.0398725 3.80469e-08
0.0399624 3.80075e-08
0.0400523 3.79457e-08
0.0401422 3.78639e-08
0.0402321 3.77566e-08
0.040322 3.76466e-08
0.0404119 3.75095e-08
0.0405018 3.73311e-08
0.0405918 3.71294e-08
0.0406817 3.69202e-08
0.0407716 3.66753e-08
0.0408615 3.63286e-08
0.0409514 3.5953e-08
0.0410413 3.55458e-08
0.0411312 3.5128e-08
0.0412211 3.47278e-08
0.041311 3.43265e-08
0.0414009 3.39228e-08
0.0414908 3.34666e-08
0.0415807 3.30396e-08
0.0416706 3.26538e-08
0.0417605 3.22708e-08
0.0418504 3.18248e-08
0.0419403 3.13662e-08
0.0420302 3.09305e-08
0.0421201 3.05076e-08
0.04221 3.01316e-08
0.0422999 2.97429e-08
0.0423898 2.92923e-08
0.0424797 2.88924e-08
0.0425696 2.84788e-08
0.0426595 2.81773e-08
0.0427495 2.78695e-08
0.0428394 2.75733e-08
0.0429293 2.73294e-08
0.0430192 2.70756e-08
0.0431091 2.68513e-08
0.043199 2.66053e-08
0.0432889 2.63663e-08
0.0433788 2.61268e-08
0.0434687 2.59259e-08
0.0435586 2.57783e-08
0.0436485 2.56448e-08
0.0437384 2.55654e-08
0.0438283 2.55287e-08
0.0439182 2.55037e-08
0.0440081 2.54681e-08
0.044098 2.54235e-08
0.0441879 2.53535e-08
0.0442778 2.52993e-08
0.0443677 2.52675e-08
0.0444576 2.52832e-08
0.0445475 2.53159e-08
0.0446374 2.53691e-08
0.0447273 2.54168e-08
0.0448172 2.54786e-08
0.0449072 2.55688e-08
0.0449971 2.56169e-08
0.045087 2.56794e-08
0.0451769 2.56999e-08
0.0452668 2.57279e-08
0.0453567 2.57718e-08
0.0454466 2.58295e-08
0.0455365 2.58708e-08
0.0456264 2.59479e-08
0.0457163 2.6014e-08
0.0458062 2.60532e-08
0.0458961 2.6098e-08
0.045986 2.61458e-08
0.0460759 2.61954e-08
0.0461658 2.62429e-08
0.0462557 2.6298e-08
0.0463456 2.63711e-08
0.0464355 2.64447e-08
0.0465254 2.65218e-08
0.0466153 2.66094e-08
0.0467052 2.67155e-08
0.0467951 2.67928e-08
0.046885 2.68675e-08
0.0469749 2.69429e-08
0.0470649 2.7005e-08
0.0471548 2.70745e-08
0.0472447 2.71525e-08
0.0473346 2.7242e-08
0.0474245 2.73651e-08
0.0475144 2.7482e-08
0.0476043 2.76279e-08
0.0476942 2.77741e-08
0.0477841 2.79213e-08
0.047874 2.80639e-08
0.0479639 2.8196e-08
0.0480538 2.83159e-08
0.0481437 2.84031e-08
0.0482336 2.85092e-08
0.0483235 2.86041e-08
0.0484134 2.86953e-08
0.0485033 2.88044e-08
0.0485932 2.89077e-08
0.0486831 2.89804e-08
0.048773 2.90751e-08
0.0488629 2.91811e-08
0.0489528 2.92928e-08
0.0490427 2.94021e-08
0.0491326 2.95248e-08
0.0492226 2.96521e-08
0.0493125 2.97497e-08
0.0494024 2.98328e-08
0.0494923 2.99097e-08
0.0495822 2.99973e-08
0.0496721 3.00658e-08
0.049762 3.01301e-08
0.0498519 3.02244e-08
0.0499418 3.03018e-08
0.0500317 3.03705e-08
0.0501216 3.04398e-08
0.0502115 3.05393e-08
0.0503014 3.06382e-08
0.0503913 3.07448e-08
0.0504812 3.08299e-08
0.0505711 3.09204e-08
0.050661 3.10241e-08
0.0507509 3.11489e-08
0.0508408 3.127e-08
0.0509307 3.13663e-08
0.0510206 3.1442e-08
0.0511105 3.14969e-08
0.0512004 3.15333e-08
0.0512903 3.1528e-08
0.0513803 3.15557e-08
0.0514702 3.16155e-08
0.0515601 3.16486e-08
0.05165 3.16828e-08
0.0517399 3.17303e-08
0.0518298 3.17345e-08
0.0519197 3.17527e-08
0.0520096 3.17727e-08
0.0520995 3.17923e-08
0.0521894 3.18088e-08
0.0522793 3.18025e-08
0.0523692 3.18007e-08
0.0524591 3.18189e-08
0.052549 3.18737e-08
0.0526389 3.19467e-08
0.0527288 3.20365e-08
0.0528187 3.20999e-08
0.0529086 3.21624e-08
0.0529985 3.22398e-08
0.0530884 3.23189e-08
0.0531783 3.24059e-08
0.0532682 3.25058e-08
0.0533581 3.26208e-08
0.053448 3.27503e-08
0.053538 3.29192e-08
0.0536279 3.3095e-08
0.0537178 3.32789e-08
0.0538077 3.34372e-08
0.0538976 3.35925e-08
0.0539875 3.37211e-08
0.0540774 3.37713e-08
0.0541673 3.38475e-08
0.0542572 3.39595e-08
0.0543471 3.40812e-08
0.054437 3.41067e-08
0.0545269 3.41763e-08
0.0546168 3.42264e-08
0.0547067 3.42504e-08
0.0547966 3.42453e-08
0.0548865 3.42097e-08
0.0549764 3.41011e-08
0.0550663 3.39825e-08
0.0551562 3.38415e-08
0.0552461 3.36934e-08
0.055336 3.3576e-08
0.0554259 3.34118e-08
0.0555158 3.32732e-08
0.0556057 3.31945e-08
0.0556956 3.31359e-08
0.0557856 3.30616e-08
0.0558755 3.30017e-08
0.0559654 3.29822e-08
0.0560553 3.29371e-08
0.0561452 3.30265e-08
0.0562351 3.30801e-08
0.056325 3.31693e-08
0.0564149 3.32466e-08
0.0565048 3.33714e-08
0.0565947 3.35566e-08
0.0566846 3.37115e-08
0.0567745 3.39304e-08
0.0568644 3.41768e-08
0.0569543 3.44527e-08
0.0570442 3.47759e-08
0.0571341 3.50808e-08
0.057224 3.5269e-08
0.0573139 3.54734e-08
0.0574038 3.5661e-08
0.0574937 3.58788e-08
0.0575836 3.60526e-08
0.0576735 3.61805e-08
0.0577634 3.61495e-08
0.0578533 3.60518e-08
0.0579433 3.60579e-08
0.0580332 3.60179e-08
0.0581231 3.5833e-08
0.058213 3.54589e-08
0.0583029 3.49046e-08
0.0583928 3.44482e-08
0.0584827 3.39412e-08
0.0585726 3.36199e-08
0.0586625 3.33073e-08
0.0587524 3.31342e-08
0.0588423 3.30559e-08
0.0589322 3.29901e-08
0.0590221 3.30132e-08
0.059112 3.29893e-08
0.0592019 3.29328e-08
0.0592918 3.26825e-08
0.0593817 3.22268e-08
0.0594716 3.18163e-08
0.0595615 3.14806e-08
0.0596514 3.14855e-08
0.0597413 3.1338e-08
0.0598312 3.08289e-08
0.0599211 3.02808e-08
0.060011 2.91752e-08
0.060101 2.77831e-08
0.0601909 2.58669e-08
0.0602808 2.34231e-08
0.0603707 2.12492e-08
0.0604606 1.88238e-08
0.0605505 1.67695e-08
0.0606404 1.44456e-08
0.0607303 1.26237e-08
0.0608202 1.11992e-08
0.0609101 1.00645e-08
0.061 9.37335e-09
0.0610899 8.88063e-09
0.0611798 8.44324e-09
0.0612697 8.48083e-09
0.0613596 8.6548e-09
0.0614495 8.84335e-09
0.0615394 9.00586e-09
0.0616293 9.33849e-09
0.0617192 9.52755e-09
0.0618091 9.70056e-09
0.061899 9.81025e-09
0.0619889 1.00278e-08
0.0620788 1.02086e-08
0.0621687 1.03729e-08
0.0622587 1.0699e-08
0.0623486 1.1201e-08
0.0624385 1.16906e-08
0.0625284 1.21495e-08
0.0626183 1.25534e-08
0.0627082 1.30623e-08
0.0627981 1.35742e-08
0.062888 1.39697e-08
0.0629779 1.43804e-08
0.0630678 1.46791e-08
0.0631577 1.4853e-08
0.0632476 1.51165e-08
0.0633375 1.53943e-08
0.0634274 1.55722e-08
0.0635173 1.58507e-08
0.0636072 1.61342e-08
0.0636971 1.64663e-08
0.063787 1.68153e-08
0.0638769 1.72223e-08
0.0639668 1.7669e-08
0.0640567 1.81531e-08
0.0641466 1.85571e-08
0.0642365 1.89571e-08
0.0643264 1.93794e-08
0.0644164 1.97767e-08
0.0645063 2.01045e-08
0.0645962 2.04223e-08
0.0646861 2.07215e-08
0.064776 2.10406e-08
0.0648659 2.13432e-08
0.0649558 2.16765e-08
0.0650457 2.20048e-08
0.0651356 2.23492e-08
0.0652255 2.27272e-08
0.0653154 2.30677e-08
0.0654053 2.33578e-08
0.0654952 2.36891e-08
0.0655851 2.40404e-08
0.065675 2.43755e-08
0.0657649 2.46827e-08
0.0658548 2.49592e-08
0.0659447 2.52312e-08
0.0660346 2.54681e-08
0.0661245 2.58506e-08
0.0662144 2.61819e-08
0.0663043 2.65019e-08
0.0663942 2.67897e-08
0.0664841 2.70442e-08
0.0665741 2.72685e-08
0.066664 2.7475e-08
0.0667539 2.77228e-08
0.0668438 2.80117e-08
0.0669337 2.82678e-08
0.0670236 2.85062e-08
0.0671135 2.87831e-08
0.0672034 2.92037e-08
0.0672933 2.96107e-08
0.0673832 3.00121e-08
0.0674731 3.04106e-08
0.067563 3.07997e-08
0.0676529 3.12219e-08
0.0677428 3.1576e-08
0.0678327 3.19372e-08
0.0679226 3.23479e-08
0.0680125 3.25559e-08
0.0681024 3.27112e-08
0.0681923 3.28404e-08
0.0682822 3.29015e-08
0.0683721 3.29388e-08
0.068462 3.29866e-08
0.0685519 3.30059e-08
0.0686418 3.30327e-08
0.0687318 3.30017e-08
0.0688217 3.2919e-08
0.0689116 3.27322e-08
0.0690015 3.2394e-08
0.0690914 3.20554e-08
0.0691813 3.16997e-08
0.0692712 3.13064e-08
0.0693611 3.0835e-08
0.069451 3.02741e-08
0.0695409 2.96127e-08
0.0696308 2.90153e-08
0.0697207 2.8416e-08
0.0698106 2.77114e-08
0.0699005 2.71482e-08
0.0699904 2.66616e-08
0.0700803 2.64085e-08
0.0701702 2.63129e-08
0.0702601 2.628e-08
0.07035 2.62495e-08
0.0704399 2.62801e-08
0.0705298 2.63097e-08
0.0706197 2.62889e-08
0.0707096 2.62155e-08
0.0707995 2.6134e-08
0.0708895 2.59392e-08
0.0709794 2.57907e-08
0.0710693 2.56818e-08
0.0711592 2.56162e-08
0.0712491 2.55496e-08
0.071339 2.55013e-08
0.0714289 2.54736e-08
0.0715188 2.53883e-08
0.0716087 2.52912e-08
0.0716986 2.52273e-08
0.0717885 2.50632e-08
0.0718784 2.49783e-08
0.0719683 2.49243e-08
0.0720582 2.48779e-08
0.0721481 2.48689e-08
0.072238 2.47602e-08
0.0723279 2.47493e-08
0.0724178 2.46621e-08
0.0725077 2.45817e-08
0.0725976 2.45158e-08
0.0726875 2.45406e-08
0.0727774 2.45485e-08
0.0728673 2.46555e-08
0.0729572 2.48673e-08
0.0730472 2.50803e-08
0.0731371 2.52686e-08
0.073227 2.5444e-08
0.0733169 2.56237e-08
0.0734068 2.58144e-08
0.0734967 2.59155e-08
0.0735866 2.60613e-08
0.0736765 2.62659e-08
0.0737664 2.65033e-08
0.0738563 2.67768e-08
0.0739462 2.70753e-08
0.0740361 2.73488e-08
0.074126 2.76431e-08
0.0742159 2.79173e-08
0.0743058 2.81823e-08
0.0743957 2.83903e-08
0.0744856 2.8601e-08
0.0745755 2.88436e-08
0.0746654 2.9091e-08
0.0747553 2.93094e-08
0.0748452 2.95546e-08
0.0749351 2.98613e-08
0.075025 3.01694e-08
0.0751149 3.04448e-08
0.0752048 3.07485e-08
0.0752948 3.09968e-08
0.0753847 3.12668e-08
0.0754746 3.14999e-08
0.0755645 3.18149e-08
0.0756544 3.21738e-08
0.0757443 3.2509e-08
0.0758342 3.27414e-08
0.0759241 3.29381e-08
0.076014 3.31397e-08
0.0761039 3.33508e-08
0.0761938 3.35454e-08
0.0762837 3.37418e-08
0.0763736 3.39576e-08
0.0764635 3.41921e-08
0.0765534 3.44171e-08
0.0766433 3.46398e-08
0.0767332 3.48347e-08
0.0768231 3.50787e-08
0.076913 3.53138e-08
0.0770029 3.55168e-08
0.0770928 3.56815e-08
0.0771827 3.58752e-08
0.0772726 3.60331e-08
0.0773625 3.62346e-08
0.0774525 3.64163e-08
0.0775424 3.65973e-08
0.0776323 3.68015e-08
0.0777222 3.69681e-08
0.0778121 3.71721e-08
0.077902 3.73926e-08
0.0779919 3.76295e-08
0.0780818 3.78761e-08
0.0781717 3.8095e-08
0.0782616 3.83265e-08
0.0783515 3.86154e-08
0.0784414 3.8952e-08
0.0785313 3.93296e-08
0.0786212 3.96383e-08
0.0787111 3.98793e-08
0.078801 4.01256e-08
0.0788909 4.0386e-08
0.0789808 4.06941e-08
0.0790707 4.10253e-08
0.0791606 4.13426e-08
0.0792505 4.16412e-08
0.0793404 4.19215e-08
0.0794303 4.21438e-08
0.0795202 4.23491e-08
0.0796102 4.25018e-08
0.0797001 4.26304e-08
0.07979 4.27311e-08
0.0798799 4.28012e-08
0.0799698 4.28527e-08
0.0800597 4.29207e-08
0.0801496 4.28933e-08
0.0802395 4.28525e-08
0.0803294 4.2775e-08
0.0804193 4.25889e-08
0.0805092 4.23384e-08
0.0805991 4.20703e-08
0.080689 4.18598e-08
0.0807789 4.16944e-08
0.0808688 4.15116e-08
0.0809587 4.13667e-08
0.0810486 4.12573e-08
0.0811385 4.11634e-08
0.0812284 4.11076e-08
0.0813183 4.11392e-08
0.0814082 4.13055e-08
0.0814981 4.15414e-08
0.081588 4.17628e-08
0.0816779 4.18949e-08
0.0817679 4.21227e-08
0.0818578 4.24026e-08
0.0819477 4.26576e-08
0.0820376 4.28449e-08
0.0821275 4.29122e-08
0.0822174 4.29106e-08
0.0823073 4.28389e-08
0.0823972 4.27692e-08
0.0824871 4.2747e-08
0.082577 4.27836e-08
0.0826669 4.29126e-08
0.0827568 4.30048e-08
0.0828467 4.32501e-08
0.0829366 4.34732e-08
0.0830265 4.36864e-08
0.0831164 4.38863e-08
0.0832063 4.41219e-08
0.0832962 4.43981e-08
0.0833861 4.47896e-08
0.083476 4.50078e-08
0.0835659 4.51735e-08
0.0836558 4.52262e-08
0.0837457 4.53488e-08
0.0838356 4.54696e-08
0.0839256 4.55362e-08
0.0840155 4.5643e-08
0.0841054 4.57745e-08
0.0841953 4.59856e-08
0.0842852 4.6264e-08
0.0843751 4.66111e-08
0.084465 4.68842e-08
0.0845549 4.69485e-08
0.0846448 4.70979e-08
0.0847347 4.72037e-08
0.0848246 4.73795e-08
0.0849145 4.74638e-08
0.0850044 4.74551e-08
0.0850943 4.73372e-08
0.0851842 4.70568e-08
0.0852741 4.68008e-08
0.085364 4.66125e-08
0.0854539 4.65349e-08
0.0855438 4.64781e-08
0.0856337 4.64936e-08
0.0857236 4.65398e-08
0.0858135 4.64012e-08
0.0859034 4.59651e-08
0.0859933 4.51125e-08
0.0860833 4.44258e-08
0.0861732 4.39948e-08
0.0862631 4.33758e-08
0.086353 4.23377e-08
0.0864429 4.11347e-08
0.0865328 3.91357e-08
0.0866227 3.73487e-08
0.0867126 3.54854e-08
0.0868025 3.36399e-08
0.0868924 3.20084e-08
0.0869823 3.09714e-08
0.0870722 3.00173e-08
0.0871621 2.89077e-08
0.087252 2.78388e-08
0.0873419 2.70254e-08
0.0874318 2.62458e-08
0.0875217 2.55699e-08
0.0876116 2.49622e-08
0.0877015 2.47111e-08
0.0877914 2.43023e-08
0.0878813 2.41956e-08
0.0879712 2.39828e-08
0.0880611 2.36628e-08
0.088151 2.3428e-08
0.088241 2.35071e-08
0.0883309 2.34229e-08
0.0884208 2.34217e-08
0.0885107 2.33378e-08
0.0886006 2.32388e-08
0.0886905 2.30596e-08
0.0887804 2.28571e-08
0.0888703 2.2678e-08
0.0889602 2.24373e-08
0.0890501 2.22445e-08
0.08914 2.24321e-08
0.0892299 2.24453e-08
0.0893198 2.24592e-08
0.0894097 2.24484e-08
0.0894996 2.24938e-08
0.0895895 2.26986e-08
0.0896794 2.30769e-08
0.0897693 2.33992e-08
0.0898592 2.38491e-08
0.0899491 2.42738e-08
0.090039 2.46622e-08
0.0901289 2.49981e-08
0.0902188 2.52881e-08
0.0903087 2.54259e-08
0.0903987 2.55575e-08
0.0904886 2.56586e-08
0.0905785 2.58417e-08
0.0906684 2.60985e-08
0.0907583 2.6402e-08
0.0908482 2.65508e-08
0.0909381 2.67526e-08
0.091028 2.70739e-08
0.0911179 2.75492e-08
0.0912078 2.79979e-08
0.0912977 2.83474e-08
0.0913876 2.85545e-08
0.0914775 2.86676e-08
0.0915674 2.87963e-08
0.0916573 2.87482e-08
0.0917472 2.86249e-08
0.0918371 2.85546e-08
0.091927 2.86959e-08
0.0920169 2.87695e-08
0.0921068 2.88004e-08
0.0921967 2.88526e-08
0.0922866 2.85136e-08
0.0923765 2.82605e-08
0.0924664 2.81743e-08
0.0925564 2.81605e-08
0.0926463 2.82405e-08
0.0927362 2.83773e-08
0.0928261 2.83318e-08
0.092916 2.82859e-08
0.0930059 2.80406e-08
0.0930958 2.78234e-08
0.0931857 2.74679e-08
0.0932756 2.71636e-08
0.0933655 2.71403e-08
0.0934554 2.72496e-08
0.0935453 2.72492e-08
0.0936352 2.72722e-08
0.0937251 2.72975e-08
0.093815 2.74369e-08
0.0939049 2.7567e-08
0.0939948 2.7921e-08
0.0940847 2.83546e-08
0.0941746 2.88791e-08
0.0942645 2.93339e-08
0.0943544 2.99863e-08
0.0944443 3.05938e-08
0.0945342 3.1257e-08
0.0946241 3.20424e-08
0.094714 3.28489e-08
0.094804 3.35759e-08
0.0948939 3.4188e-08
0.0949838 3.45919e-08
0.0950737 3.48856e-08
0.0951636 3.49688e-08
0.0952535 3.48014e-08
0.0953434 3.46386e-08
0.0954333 3.46919e-08
0.0955232 3.45592e-08
0.0956131 3.38675e-08
0.095703 3.27477e-08
0.0957929 3.13804e-08
0.0958828 2.97387e-08
0.0959727 2.87038e-08
0.0960626 2.69624e-08
0.0961525 2.50325e-08
0.0962424 2.3177e-08
0.0963323 2.16437e-08
0.0964222 1.92578e-08
0.0965121 1.72706e-08
0.096602 1.46638e-08
0.0966919 1.25394e-08
0.0967818 1.06441e-08
0.0968717 8.92642e-09
0.0969617 7.4037e-09
0.0970516 5.7005e-09
0.0971415 5.14216e-09
0.0972314 4.77031e-09
0.0973213 4.63796e-09
0.0974112 4.63362e-09
0.0975011 5.29499e-09
0.097591 6.10728e-09
0.0976809 7.35736e-09
0.0977708 8.478e-09
0.0978607 9.70585e-09
0.0979506 1.0478e-08
0.0980405 1.11287e-08
0.0981304 1.18435e-08
0.0982203 1.18657e-08
0.0983102 1.21375e-08
0.0984001 1.23714e-08
0.09849 1.26683e-08
0.0985799 1.31366e-08
0.0986698 1.33048e-08
0.0987597 1.34143e-08
0.0988496 1.37203e-08
0.0989395 1.41532e-08
0.0990294 1.4227e-08
0.0991194 1.44285e-08
0.0992093 1.41673e-08
0.0992992 1.3873e-08
0.0993891 1.37405e-08
0.099479 1.3867e-08
0.0995689 1.37207e-08
0.0996588 1.35093e-08
0.0997487 1.33423e-08
0.0998386 1.31682e-08
0.0999285 1.27578e-08
0.100018 1.25936e-08
0.100108 1.29561e-08
0.100198 1.38182e-08
0.100288 1.45825e-08
0.100378 1.52644e-08
0.100468 1.57283e-08
0.100558 1.6282e-08
0.100648 1.70207e-08
0.100738 1.74516e-08
0.100828 1.789e-08
0.100917 1.86242e-08
0.101007 1.96235e-08
0.101097 2.07214e-08
0.101187 2.15883e-08
0.101277 2.22385e-08
0.101367 2.31691e-08
0.101457 2.40275e-08
0.101547 2.48471e-08
0.101637 2.5461e-08
0.101727 2.59594e-08
0.101816 2.65968e-08
0.101906 2.70466e-08
0.101996 2.73374e-08
0.102086 2.78205e-08
0.102176 2.78336e-08
0.102266 2.76572e-08
0.102356 2.72705e-08
0.102446 2.70736e-08
0.102536 2.68162e-08
0.102626 2.6295e-08
0.102716 2.55107e-08
0.102805 2.47672e-08
0.102895 2.41107e-08
0.102985 2.38854e-08
0.103075 2.35797e-08
0.103165 2.31327e-08
0.103255 2.30999e-08
0.103345 2.2589e-08
0.103435 2.23984e-08
0.103525 2.19917e-08
0.103615 2.15913e-08
0.103704 2.13657e-08
0.103794 2.13546e-08
0.103884 2.16797e-08
0.103974 2.18564e-08
0.104064 2.18987e-08
0.104154 2.19124e-08
0.104244 2.19318e-08
0.104334 2.21375e-08
0.104424 2.27109e-08
0.104514 2.31172e-08
0.104604 2.35191e-08
0.104693 2.42253e-08
0.104783 2.51226e-08
0.104873 2.64058e-08
0.104963 2.73792e-08
0.105053 2.77833e-08
0.105143 2.81902e-08
0.105233 2.87089e-08
0.105323 2.90984e-08
0.105413 2.95452e-08
0.105503 2.98227e-08
0.105592 2.99604e-08
0.105682 3.02094e-08
0.105772 3.01044e-08
0.105862 2.9352e-08
0.105952 2.82137e-08
0.106042 2.72279e-08
0.106132 2.63572e-08
0.106222 2.55845e-08
0.106312 2.44867e-08
0.106402 2.32866e-08
0.106491 2.23134e-08
0.106581 2.14359e-08
0.106671 2.00962e-08
0.106761 1.90626e-08
0.106851 1.86952e-08
0.106941 1.92262e-08
0.107031 1.9543e-08
0.107121 2.00807e-08
0.107211 2.0763e-08
0.107301 2.164e-08
0.107391 2.26388e-08
0.10748 2.38685e-08
0.10757 2.49341e-08
0.10766 2.52895e-08
0.10775 2.552e-08
0.10784 2.58127e-08
0.10793 2.59142e-08
0.10802 2.64585e-08
0.10811 2.70181e-08
0.1082 2.7908e-08
0.10829 2.82564e-08
0.108379 2.88907e-08
0.108469 2.95525e-08
0.108559 3.01719e-08
0.108649 3.04555e-08
0.108739 3.07787e-08
0.108829 3.09717e-08
0.108919 3.07834e-08
0.109009 3.03427e-08
0.109099 2.95045e-08
0.109189 2.88291e-08
0.109279 2.84309e-08
0.109368 2.82092e-08
0.109458 2.78799e-08
0.109548 2.76558e-08
0.109638 2.77213e-08
0.109728 2.85638e-08
0.109818 2.94672e-08
0.109908 3.0381e-08
0.109998 3.15839e-08
0.110088 3.3436e-08
0.110178 3.45119e-08
0.110267 3.56723e-08
0.110357 3.63519e-08
0.110447 3.594e-08
0.110537 3.46348e-08
0.110627 3.35625e-08
0.110717 3.23108e-08
0.110807 3.21042e-08
0.110897 3.21113e-08
0.110987 3.17306e-08
0.111077 3.14563e-08
0.111167 3.00062e-08
0.111256 2.85224e-08
0.111346 2.68339e-08
0.111436 2.61932e-08
0.111526 2.68009e-08
0.111616 2.74965e-08
0.111706 2.6987e-08
0.111796 2.58362e-08
0.111886 2.45517e-08
0.111976 2.34568e-08
0.112066 2.30826e-08
0.112155 2.25232e-08
0.112245 2.23636e-08
0.112335 2.22381e-08
0.112425 2.20915e-08
0.112515 2.15501e-08
0.112605 2.07222e-08
0.112695 2.06158e-08
0.112785 2.02606e-08
0.112875 1.99166e-08
0.112965 2.07701e-08
0.113054 2.02523e-08
0.113144 1.60266e-08
0.113234 1.03773e-08
0.113324 6.94991e-09
0.113414 7.6084e-09
0.113504 1.0433e-08
0.113594 1.17531e-08
0.113684 1.26126e-08
0.113774 1.25181e-08
0.113864 1.21224e-08
0.113954 1.25311e-08
0.114043 1.32272e-08
0.114133 1.38063e-08
0.114223 1.46789e-08
0.114313 1.52402e-08
0.114403 1.58172e-08
0.114493 1.66726e-08
0.114583 1.7539e-08
0.114673 1.83205e-08
0.114763 1.9422e-08
0.114853 2.03909e-08
0.114942 2.11968e-08
0.115032 2.21534e-08
0.115122 2.30413e-08
0.115212 2.36852e-08
0.115302 2.40204e-08
0.115392 2.46854e-08
0.115482 2.57412e-08
0.115572 2.64883e-08
0.115662 2.65215e-08
0.115752 2.63893e-08
0.115842 2.62382e-08
0.115931 2.61783e-08
0.116021 2.51842e-08
0.116111 2.47964e-08
0.116201 2.4765e-08
0.116291 2.45124e-08
0.116381 2.38661e-08
0.116471 2.35587e-08
0.116561 2.24102e-08
0.116651 2.14043e-08
0.116741 2.13815e-08
0.11683 2.08763e-08
0.11692 2.05185e-08
0.11701 2.05435e-08
0.1171 2.07988e-08
0.11719 2.03197e-08
0.11728 2.02427e-08
0.11737 2.0377e-08
0.11746 2.08555e-08
0.11755 2.16512e-08
0.11764 2.24094e-08
0.11773 2.28051e-08
0.117819 2.33073e-08
0.117909 2.3993e-08
0.117999 2.47079e-08
0.118089 2.56151e-08
0.118179 2.65724e-08
0.118269 2.7579e-08
0.118359 2.81597e-08
0.118449 2.86606e-08
0.118539 2.88196e-08
0.118629 2.88764e-08
0.118718 2.94911e-08
0.118808 3.0127e-08
0.118898 3.07964e-08
0.118988 3.14998e-08
0.119078 3.24408e-08
0.119168 3.32288e-08
0.119258 3.35922e-08
0.119348 3.43169e-08
0.119438 3.49553e-08
0.119528 3.57138e-08
0.119617 3.62977e-08
0.119707 3.65965e-08
0.119797 3.66698e-08
0.119887 3.65919e-08
0.119977 3.61407e-08
0.120067 3.53062e-08
0.120157 3.47066e-08
0.120247 3.36535e-08
0.120337 3.24823e-08
0.120427 3.11058e-08
0.120517 2.96331e-08
0.120606 2.83138e-08
0.120696 2.74383e-08
0.120786 2.68482e-08
0.120876 2.63139e-08
0.120966 2.57487e-08
0.121056 2.57225e-08
0.121146 2.57266e-08
0.121236 2.63455e-08
0.121326 2.70366e-08
0.121416 2.83455e-08
0.121505 2.98265e-08
0.121595 3.15371e-08
0.121685 3.32879e-08
0.121775 3.47105e-08
0.121865 3.64941e-08
0.121955 3.81092e-08
0.122045 3.958e-08
0.122135 4.07282e-08
0.122225 4.18787e-08
0.122315 4.29529e-08
0.122405 4.39388e-08
0.122494 4.45876e-08
0.122584 4.51504e-08
0.122674 4.55784e-08
0.122764 4.55657e-08
0.122854 4.53902e-08
0.122944 4.54076e-08
0.123034 4.49994e-08
0.123124 4.40153e-08
0.123214 4.27148e-08
0.123304 4.16819e-08
0.123393 3.96751e-08
0.123483 3.72016e-08
0.123573 3.4867e-08
0.123663 3.24866e-08
0.123753 3.1481e-08
0.123843 3.05907e-08
0.123933 3.2453e-08
0.124023 3.90157e-08
0.124113 4.42282e-08
0.124203 5.28452e-08
0.124293 5.66672e-08
0.124382 5.41001e-08
0.124472 5.36948e-08
0.124562 5.2928e-08
0.124652 5.19949e-08
0.124742 5.08207e-08
0.124832 4.96227e-08
0.124922 4.85892e-08
0.125012 4.66394e-08
0.125102 4.4591e-08
0.125192 4.20297e-08
0.125281 3.92776e-08
0.125371 3.73347e-08
0.125461 3.56296e-08
0.125551 3.42334e-08
0.125641 3.25874e-08
0.125731 3.04524e-08
0.125821 2.9223e-08
0.125911 2.79895e-08
0.126001 2.69274e-08
0.126091 2.8707e-08
0.126181 3.01284e-08
0.12627 3.24668e-08
0.12636 3.80239e-08
0.12645 6.96346e-08
0.12654 7.70682e-08
0.12663 7.7292e-08
0.12672 7.66912e-08
0.12681 7.63378e-08
0.1269 7.63821e-08
0.12699 7.71898e-08
0.12708 7.81775e-08
0.127169 7.93589e-08
0.127259 8.00715e-08
0.127349 8.06353e-08
0.127439 8.09817e-08
0.127529 8.2089e-08
0.127619 8.33398e-08
0.127709 8.56498e-08
0.127799 8.83455e-08
0.127889 9.21581e-08
0.127979 9.70555e-08
0.128068 1.00661e-07
0.128158 1.05614e-07
0.128248 1.11681e-07
0.128338 1.16731e-07
0.128428 1.20567e-07
0.128518 1.23697e-07
0.128608 1.26196e-07
0.128698 1.2716e-07
0.128788 1.27885e-07
0.128878 1.27794e-07
0.128968 1.28494e-07
0.129057 1.28837e-07
0.129147 1.28935e-07
0.129237 1.28963e-07
0.129327 1.28505e-07
0.129417 1.29254e-07
0.129507 1.2736e-07
0.129597 2.29061e-07
0.129687 3.20376e-07
0.129777 4.23921e-07
0.129867 4.18858e-07
0.129956 4.15332e-07
0.130046 4.15508e-07
0.130136 4.18682e-07
0.130226 4.22713e-07
0.130316 4.26756e-07
0.130406 4.32921e-07
0.130496 4.40249e-07
0.130586 4.43416e-07
0.130676 4.5207e-07
0.130766 4.56722e-07
0.130856 4.57774e-07
0.130945 4.57401e-07
0.131035 4.5795e-07
0.131125 4.59677e-07
0.131215 4.60297e-07
0.131305 4.62401e-07
0.131395 4.6424e-07
0.131485 4.66161e-07
0.131575 4.68824e-07
0.131665 4.70091e-07
0.131755 4.70421e-07
0.131844 4.70761e-07
0.131934 4.72451e-07
0.132024 4.74652e-07
0.132114 4.77665e-07
0.132204 4.78019e-07
0.132294 4.77006e-07
0.132384 4.75907e-07
0.132474 4.75734e-07
0.132564 4.76114e-07
0.132654 4.77304e-07
0.132744 4.78648e-07
0.132833 4.79797e-07
0.132923 4.8045e-07
0.133013 4.79748e-07
0.133103 4.75231e-07
0.133193 4.72008e-07
0.133283 4.66925e-07
0.133373 4.63183e-07
0.133463 4.65346e-07
0.133553 4.69656e-07
0.133643 4.72718e-07
0.133732 4.70207e-07
0.133822 5.74496e-07
0.133912 5.75438e-07
0.134002 5.78414e-07
0.134092 5.89284e-07
0.134182 5.97362e-07
0.134272 6.02404e-07
0.134362 6.13455e-07
0.134452 6.17323e-07
0.134542 6.20134e-07
0.134631 6.24666e-07
0.134721 6.25522e-07
0.134811 6.24299e-07
