-0.134811 1.2447e-07
-0.134721 1.25252e-07
-0.134631 1.26307e-07
-0.134542 1.28118e-07
-0.134452 1.29571e-07
-0.134362 1.31374e-07
-0.134272 1.32962e-07
-0.134182 1.35013e-07
-0.134092 1.36849e-07
-0.134002 1.38058e-07
-0.133912 1.39132e-07
-0.133822 1.40031e-07
-0.133732 1.4035e-07
-0.133642 1.40287e-07
-0.133553 1.40082e-07
-0.133463 1.39876e-07
-0.133373 1.39906e-07
-0.133283 1.39927e-07
-0.133193 1.39438e-07
-0.133103 1.38246e-07
-0.133013 1.36808e-07
-0.132923 1.35568e-07
-0.132833 1.3428e-07
-0.132743 1.33462e-07
-0.132654 1.32987e-07
-0.132564 1.32884e-07
-0.132474 1.32432e-07
-0.132384 1.32274e-07
-0.132294 1.32542e-07
-0.132204 1.32527e-07
-0.132114 1.33011e-07
-0.132024 1.33861e-07
-0.131934 1.34134e-07
-0.131844 1.33627e-07
-0.131754 1.3299e-07
-0.131665 1.32138e-07
-0.131575 1.31304e-07
-0.131485 1.30382e-07
-0.131395 1.29739e-07
-0.131305 1.28626e-07
-0.131215 1.27508e-07
-0.131125 1.26215e-07
-0.131035 1.24491e-07
-0.130945 1.22466e-07
-0.130855 1.22296e-07
-0.130766 1.23115e-07
-0.130676 1.24372e-07
-0.130586 1.26063e-07
-0.130496 1.27954e-07
-0.130406 1.29646e-07
-0.130316 1.30735e-07
-0.130226 1.3148e-07
-0.130136 1.31892e-07
-0.130046 1.3248e-07
-0.129956 1.32994e-07
-0.129867 1.32656e-07
-0.129777 1.31617e-07
-0.129687 1.31292e-07
-0.129597 1.31192e-07
-0.129507 1.31306e-07
-0.129417 1.30044e-07
-0.129327 1.29323e-07
-0.129237 1.29002e-07
-0.129147 1.3001e-07
-0.129057 1.30612e-07
-0.128967 1.31274e-07
-0.128878 1.31874e-07
-0.128788 1.34474e-07
-0.128698 1.34612e-07
-0.128608 1.33537e-07
-0.128518 1.31983e-07
-0.128428 1.30997e-07
-0.128338 1.31067e-07
-0.128248 1.30747e-07
-0.128158 1.30415e-07
-0.128068 1.29596e-07
-0.127979 1.28614e-07
-0.127889 1.2806e-07
-0.127799 1.27426e-07
-0.127709 1.26334e-07
-0.127619 1.25407e-07
-0.127529 1.25378e-07
-0.127439 1.26274e-07
-0.127349 1.267e-07
-0.127259 1.26561e-07
-0.127169 1.26139e-07
-0.127079 1.25777e-07
-0.12699 1.26297e-07
-0.1269 1.26787e-07
-0.12681 1.26497e-07
-0.12672 1.26195e-07
-0.12663 1.26745e-07
-0.12654 1.26719e-07
-0.12645 1.25776e-07
-0.12636 1.2466e-07
-0.12627 1.23677e-07
-0.12618 1.23356e-07
-0.126091 1.23413e-07
-0.126001 1.23255e-07
-0.125911 1.23671e-07
-0.125821 1.24035e-07
-0.125731 1.25381e-07
-0.125641 1.26769e-07
-0.125551 1.28191e-07
-0.125461 1.30263e-07
-0.125371 1.33712e-07
-0.125281 1.359e-07
-0.125191 1.38474e-07
-0.125102 1.38753e-07
-0.125012 1.37585e-07
-0.124922 1.36954e-07
-0.124832 1.35095e-07
-0.124742 1.33093e-07
-0.124652 1.30177e-07
-0.124562 1.27493e-07
-0.124472 1.24594e-07
-0.124382 1.21765e-07
-0.124292 1.19649e-07
-0.124203 1.18183e-07
-0.124113 1.16556e-07
-0.124023 1.15122e-07
-0.123933 1.14128e-07
-0.123843 1.13246e-07
-0.123753 1.12792e-07
-0.123663 1.12152e-07
-0.123573 1.11501e-07
-0.123483 1.10641e-07
-0.123393 1.10155e-07
-0.123304 1.09424e-07
-0.123214 1.09015e-07
-0.123124 1.08365e-07
-0.123034 1.07995e-07
-0.122944 1.07116e-07
-0.122854 1.05695e-07
-0.122764 1.04079e-07
-0.122674 1.02283e-07
-0.122584 1.01519e-07
-0.122494 1.0187e-07
-0.122404 1.02113e-07
-0.122315 1.01858e-07
-0.122225 1.0183e-07
-0.122135 1.01152e-07
-0.122045 1.01995e-07
-0.121955 1.02744e-07
-0.121865 1.05244e-07
-0.121775 1.07413e-07
-0.121685 1.09867e-07
-0.121595 1.11447e-07
-0.121505 1.11696e-07
-0.121416 1.11124e-07
-0.121326 1.11197e-07
-0.121236 1.11993e-07
-0.121146 1.12825e-07
-0.121056 1.14563e-07
-0.120966 1.16255e-07
-0.120876 1.19089e-07
-0.120786 1.22784e-07
-0.120696 1.29121e-07
-0.120606 1.33683e-07
-0.120516 1.36999e-07
-0.120427 1.37151e-07
-0.120337 1.38518e-07
-0.120247 1.37811e-07
-0.120157 1.35866e-07
-0.120067 1.33175e-07
-0.119977 1.31345e-07
-0.119887 1.30208e-07
-0.119797 1.27892e-07
-0.119707 1.2469e-07
-0.119617 1.21283e-07
-0.119528 1.19065e-07
-0.119438 1.17042e-07
-0.119348 1.16281e-07
-0.119258 1.16105e-07
-0.119168 1.16414e-07
-0.119078 1.16114e-07
-0.118988 1.14827e-07
-0.118898 1.14373e-07
-0.118808 1.14185e-07
-0.118718 1.14264e-07
-0.118628 1.1447e-07
-0.118539 1.15202e-07
-0.118449 1.15713e-07
-0.118359 1.16557e-07
-0.118269 1.16465e-07
-0.118179 1.16045e-07
-0.118089 1.15571e-07
-0.117999 1.15627e-07
-0.117909 1.1556e-07
-0.117819 1.14986e-07
-0.117729 1.14616e-07
-0.11764 1.14167e-07
-0.11755 1.13254e-07
-0.11746 1.12795e-07
-0.11737 1.12831e-07
-0.11728 1.12815e-07
-0.11719 1.12888e-07
-0.1171 1.13015e-07
-0.11701 1.13011e-07
-0.11692 1.1284e-07
-0.11683 1.13034e-07
-0.116741 1.13427e-07
-0.116651 1.13685e-07
-0.116561 1.14183e-07
-0.116471 1.1484e-07
-0.116381 1.14507e-07
-0.116291 1.13676e-07
-0.116201 1.12373e-07
-0.116111 1.10684e-07
-0.116021 1.08911e-07
-0.115931 1.07232e-07
-0.115841 1.05442e-07
-0.115752 1.04604e-07
-0.115662 1.03386e-07
-0.115572 1.02113e-07
-0.115482 1.01653e-07
-0.115392 1.01271e-07
-0.115302 1.01084e-07
-0.115212 1.00909e-07
-0.115122 1.00896e-07
-0.115032 1.01564e-07
-0.114942 1.01834e-07
-0.114853 1.02029e-07
-0.114763 1.01528e-07
-0.114673 1.00569e-07
-0.114583 9.94536e-08
-0.114493 9.81336e-08
-0.114403 9.59773e-08
-0.114313 9.37103e-08
-0.114223 9.17467e-08
-0.114133 9.00971e-08
-0.114043 8.7771e-08
-0.113953 8.55969e-08
-0.113864 8.32899e-08
-0.113774 8.11417e-08
-0.113684 7.96935e-08
-0.113594 7.89243e-08
-0.113504 7.47354e-08
-0.113414 6.98231e-08
-0.113324 5.68552e-08
-0.113234 2.15317e-08
-0.113144 1.53985e-08
-0.113054 1.14778e-08
-0.112965 8.16673e-09
-0.112875 5.93409e-09
-0.112785 5.07116e-09
-0.112695 4.79886e-09
-0.112605 5.39118e-09
-0.112515 4.95393e-09
-0.112425 4.03181e-09
-0.112335 3.60211e-09
-0.112245 2.60043e-09
-0.112155 1.91279e-09
-0.112065 1.38501e-09
-0.111976 6.63952e-10
-0.111886 2.8438e-10
-0.111796 8.54083e-11
-0.111706 -6.50154e-10
-0.111616 -1.9393e-09
-0.111526 -3.31135e-09
-0.111436 -4.44166e-09
-0.111346 -6.04981e-09
-0.111256 -7.27179e-09
-0.111166 -8.10872e-09
-0.111077 -8.70587e-09
-0.110987 -8.57048e-09
-0.110897 -8.72206e-09
-0.110807 -9.0169e-09
-0.110717 -9.74603e-09
-0.110627 -1.04445e-08
-0.110537 -1.13823e-08
-0.110447 -1.2139e-08
-0.110357 -1.27058e-08
-0.110267 -1.32219e-08
-0.110178 -1.40028e-08
-0.110088 -1.47486e-08
-0.109998 -1.61181e-08
-0.109908 -1.75015e-08
-0.109818 -1.8925e-08
-0.109728 -1.97294e-08
-0.109638 -1.97011e-08
-0.109548 -1.81926e-08
-0.109458 -1.52216e-08
-0.109368 -1.24174e-08
-0.109278 -8.95333e-09
-0.109189 -5.41735e-09
-0.109099 -2.54513e-09
-0.109009 -6.58283e-10
-0.108919 9.49793e-10
-0.108829 2.53374e-09
-0.108739 3.79898e-09
-0.108649 3.99273e-09
-0.108559 3.99296e-09
-0.108469 3.48751e-09
-0.108379 2.68244e-09
-0.10829 1.52115e-09
-0.1082 3.24626e-10
-0.10811 -1.48387e-09
-0.10802 -2.72929e-09
-0.10793 -3.8112e-09
-0.10784 -4.80582e-09
-0.10775 -5.80595e-09
-0.10766 -6.4723e-09
-0.10757 -6.65661e-09
-0.10748 -6.9217e-09
-0.10739 -6.49386e-09
-0.107301 -5.50093e-09
-0.107211 -4.80212e-09
-0.107121 -4.33844e-09
-0.107031 -3.73478e-09
-0.106941 -3.50331e-09
-0.106851 -3.19273e-09
-0.106761 -2.87271e-09
-0.106671 -2.91937e-09
-0.106581 -3.45712e-09
-0.106491 -4.30619e-09
-0.106402 -5.52792e-09
-0.106312 -6.75007e-09
-0.106222 -8.47377e-09
-0.106132 -9.42468e-09
-0.106042 -1.01571e-08
-0.105952 -1.08455e-08
-0.105862 -1.1028e-08
-0.105772 -1.10446e-08
-0.105682 -1.02005e-08
-0.105592 -7.72298e-09
-0.105502 -5.10889e-09
-0.105413 -2.07996e-09
-0.105323 3.57289e-10
-0.105233 2.00381e-09
-0.105143 3.62822e-09
-0.105053 4.19356e-09
-0.104963 5.10495e-09
-0.104873 5.51023e-09
-0.104783 5.49051e-09
-0.104693 5.48551e-09
-0.104603 5.0882e-09
-0.104514 3.391e-09
-0.104424 1.50329e-09
-0.104334 -2.65466e-10
-0.104244 -1.33872e-09
-0.104154 -2.11393e-09
-0.104064 -2.49993e-09
-0.103974 -2.56391e-09
-0.103884 -2.88585e-09
-0.103794 -3.00477e-09
-0.103704 -2.78839e-09
-0.103614 -2.69676e-09
-0.103525 -2.59932e-09
-0.103435 -2.08005e-09
-0.103345 -1.79409e-09
-0.103255 -1.44278e-09
-0.103165 -1.1026e-09
-0.103075 -6.09655e-10
-0.102985 -4.31526e-10
-0.102895 -4.89651e-10
-0.102805 -5.37319e-10
-0.102715 -9.76124e-10
-0.102626 -1.663e-09
-0.102536 -2.27917e-09
-0.102446 -2.71686e-09
-0.102356 -2.58269e-09
-0.102266 -2.04406e-09
-0.102176 -1.70025e-09
-0.102086 -1.82154e-09
-0.101996 -2.03317e-09
-0.101906 -2.01224e-09
-0.101816 -1.54314e-09
-0.101727 -1.18169e-09
-0.101637 -8.59379e-10
-0.101547 -3.54054e-10
-0.101457 2.86597e-10
-0.101367 1.10767e-09
-0.101277 1.49612e-09
-0.101187 1.90959e-09
-0.101097 2.38325e-09
-0.101007 3.43502e-09
-0.100917 3.84434e-09
-0.100827 3.8101e-09
-0.100738 3.42228e-09
-0.100648 3.17051e-09
-0.100558 2.83239e-09
-0.100468 2.65076e-09
-0.100378 2.38426e-09
-0.100288 2.00706e-09
-0.100198 1.82778e-09
-0.100108 1.84842e-09
-0.100018 1.74049e-09
-0.0999284 1.5944e-09
-0.0998385 2.15009e-09
-0.0997486 2.98873e-09
-0.0996587 4.05163e-09
-0.0995688 5.07444e-09
-0.0994789 5.94804e-09
-0.099389 6.61308e-09
-0.0992991 7.6258e-09
-0.0992092 8.80546e-09
-0.0991193 1.00656e-08
-0.0990294 1.14189e-08
-0.0989395 1.29063e-08
-0.0988496 1.41077e-08
-0.0987597 1.41174e-08
-0.0986698 1.35145e-08
-0.0985799 1.27425e-08
-0.09849 1.20864e-08
-0.0984001 1.17167e-08
-0.0983102 1.15664e-08
-0.0982202 1.12319e-08
-0.0981303 1.10392e-08
-0.0980404 1.07946e-08
-0.0979505 1.0699e-08
-0.0978606 1.09084e-08
-0.0977707 1.09654e-08
-0.0976808 1.13783e-08
-0.0975909 1.20404e-08
-0.097501 1.29573e-08
-0.0974111 1.3884e-08
-0.0973212 1.48233e-08
-0.0972313 1.56903e-08
-0.0971414 1.67094e-08
-0.0970515 1.74421e-08
-0.0969616 1.80398e-08
-0.0968717 1.82076e-08
-0.0967818 1.82922e-08
-0.0966919 1.84755e-08
-0.096602 1.85072e-08
-0.0965121 1.83501e-08
-0.0964222 1.81837e-08
-0.0963323 1.7787e-08
-0.0962424 1.7426e-08
-0.0961525 1.69698e-08
-0.0960626 1.65165e-08
-0.0959726 1.613e-08
-0.0958827 1.58797e-08
-0.0957928 1.60066e-08
-0.0957029 1.61194e-08
-0.095613 1.62266e-08
-0.0955231 1.61822e-08
-0.0954332 1.61208e-08
-0.0953433 1.60106e-08
-0.0952534 1.61051e-08
-0.0951635 1.62177e-08
-0.0950736 1.63621e-08
-0.0949837 1.66399e-08
-0.0948938 1.69406e-08
-0.0948039 1.70237e-08
-0.094714 1.68772e-08
-0.0946241 1.67925e-08
-0.0945342 1.67137e-08
-0.0944443 1.6709e-08
-0.0943544 1.67599e-08
-0.0942645 1.68064e-08
-0.0941746 1.67833e-08
-0.0940847 1.6927e-08
-0.0939948 1.71741e-08
-0.0939049 1.72291e-08
-0.0938149 1.74254e-08
-0.093725 1.77131e-08
-0.0936351 1.82615e-08
-0.0935452 1.86607e-08
-0.0934553 1.90888e-08
-0.0933654 1.93548e-08
-0.0932755 1.95708e-08
-0.0931856 1.98633e-08
-0.0930957 2.01367e-08
-0.0930058 1.99632e-08
-0.0929159 1.97746e-08
-0.092826 1.96513e-08
-0.0927361 1.95212e-08
-0.0926462 1.93569e-08
-0.0925563 1.91291e-08
-0.0924664 1.89852e-08
-0.0923765 1.89776e-08
-0.0922866 1.9101e-08
-0.0921967 1.92765e-08
-0.0921068 1.93984e-08
-0.0920169 1.94719e-08
-0.091927 1.98321e-08
-0.0918371 2.00529e-08
-0.0917472 2.03677e-08
-0.0916572 2.06089e-08
-0.0915673 2.06731e-08
-0.0914774 2.08029e-08
-0.0913875 2.08629e-08
-0.0912976 2.07714e-08
-0.0912077 2.07241e-08
-0.0911178 2.06606e-08
-0.0910279 2.07813e-08
-0.090938 2.09411e-08
-0.0908481 2.08688e-08
-0.0907582 2.07824e-08
-0.0906683 2.0728e-08
-0.0905784 2.08035e-08
-0.0904885 2.09149e-08
-0.0903986 2.09762e-08
-0.0903087 2.10567e-08
-0.0902188 2.12425e-08
-0.0901289 2.14068e-08
-0.090039 2.14125e-08
-0.0899491 2.13477e-08
-0.0898592 2.12874e-08
-0.0897693 2.1379e-08
-0.0896794 2.14751e-08
-0.0895895 2.1371e-08
-0.0894995 2.12891e-08
-0.0894096 2.12357e-08
-0.0893197 2.1155e-08
-0.0892298 2.09597e-08
-0.0891399 2.09247e-08
-0.08905 2.08519e-08
-0.0889601 2.09057e-08
-0.0888702 2.0979e-08
-0.0887803 2.11566e-08
-0.0886904 2.12229e-08
-0.0886005 2.12283e-08
-0.0885106 2.13289e-08
-0.0884207 2.14234e-08
-0.0883308 2.13811e-08
-0.0882409 2.14414e-08
-0.088151 2.14241e-08
-0.0880611 2.13499e-08
-0.0879712 2.14345e-08
-0.0878813 2.13547e-08
-0.0877914 2.12525e-08
-0.0877015 2.11872e-08
-0.0876116 2.13148e-08
-0.0875217 2.15266e-08
-0.0874318 2.17055e-08
-0.0873418 2.19042e-08
-0.0872519 2.2316e-08
-0.087162 2.28197e-08
-0.0870721 2.33649e-08
-0.0869822 2.37469e-08
-0.0868923 2.42332e-08
-0.0868024 2.49504e-08
-0.0867125 2.56387e-08
-0.0866226 2.62946e-08
-0.0865327 2.67836e-08
-0.0864428 2.73849e-08
-0.0863529 2.79846e-08
-0.086263 2.85953e-08
-0.0861731 2.89689e-08
-0.0860832 2.93545e-08
-0.0859933 2.97912e-08
-0.0859034 3.02271e-08
-0.0858135 3.07027e-08
-0.0857236 3.12432e-08
-0.0856337 3.16953e-08
-0.0855438 3.21177e-08
-0.0854539 3.25178e-08
-0.085364 3.29355e-08
-0.0852741 3.3259e-08
-0.0851841 3.36266e-08
-0.0850942 3.39694e-08
-0.0850043 3.41971e-08
-0.0849144 3.4392e-08
-0.0848245 3.44891e-08
-0.0847346 3.43961e-08
-0.0846447 3.41748e-08
-0.0845548 3.3979e-08
-0.0844649 3.38206e-08
-0.084375 3.37249e-08
-0.0842851 3.34618e-08
-0.0841952 3.31657e-08
-0.0841053 3.28186e-08
-0.0840154 3.24142e-08
-0.0839255 3.20536e-08
-0.0838356 3.17179e-08
-0.0837457 3.13982e-08
-0.0836558 3.11141e-08
-0.0835659 3.08606e-08
-0.083476 3.05586e-08
-0.0833861 3.01975e-08
-0.0832962 2.98192e-08
-0.0832063 2.94897e-08
-0.0831164 2.91719e-08
-0.0830264 2.88385e-08
-0.0829365 2.84846e-08
-0.0828466 2.8084e-08
-0.0827567 2.77882e-08
-0.0826668 2.74911e-08
-0.0825769 2.72781e-08
-0.082487 2.70006e-08
-0.0823971 2.68181e-08
-0.0823072 2.6687e-08
-0.0822173 2.6576e-08
-0.0821274 2.65282e-08
-0.0820375 2.63773e-08
-0.0819476 2.6184e-08
-0.0818577 2.59708e-08
-0.0817678 2.5694e-08
-0.0816779 2.54563e-08
-0.081588 2.51791e-08
-0.0814981 2.49256e-08
-0.0814082 2.47758e-08
-0.0813183 2.4621e-08
-0.0812284 2.45974e-08
-0.0811385 2.46552e-08
-0.0810486 2.48884e-08
-0.0809587 2.52313e-08
-0.0808687 2.56169e-08
-0.0807788 2.61247e-08
-0.0806889 2.66257e-08
-0.080599 2.71885e-08
-0.0805091 2.78338e-08
-0.0804192 2.83667e-08
-0.0803293 2.89387e-08
-0.0802394 2.94015e-08
-0.0801495 2.98644e-08
-0.0800596 3.02319e-08
-0.0799697 3.05339e-08
-0.0798798 3.08776e-08
-0.0797899 3.11359e-08
-0.0797 3.13106e-08
-0.0796101 3.13812e-08
-0.0795202 3.13816e-08
-0.0794303 3.13349e-08
-0.0793404 3.12272e-08
-0.0792505 3.10984e-08
-0.0791606 3.1029e-08
-0.0790707 3.097e-08
-0.0789808 3.08566e-08
-0.0788909 3.06993e-08
-0.078801 3.05448e-08
-0.078711 3.04021e-08
-0.0786211 3.03221e-08
-0.0785312 3.02378e-08
-0.0784413 3.01519e-08
-0.0783514 3.00772e-08
-0.0782615 2.99258e-08
-0.0781716 2.97288e-08
-0.0780817 2.95845e-08
-0.0779918 2.93552e-08
-0.0779019 2.91115e-08
-0.077812 2.88366e-08
-0.0777221 2.859e-08
-0.0776322 2.83857e-08
-0.0775423 2.82538e-08
-0.0774524 2.82534e-08
-0.0773625 2.83421e-08
-0.0772726 2.83698e-08
-0.0771827 2.84497e-08
-0.0770928 2.84503e-08
-0.0770029 2.84524e-08
-0.076913 2.85043e-08
-0.0768231 2.86734e-08
-0.0767332 2.88572e-08
-0.0766433 2.89798e-08
-0.0765534 2.90224e-08
-0.0764634 2.90169e-08
-0.0763735 2.89798e-08
-0.0762836 2.89909e-08
-0.0761937 2.89661e-08
-0.0761038 2.89475e-08
-0.0760139 2.89182e-08
-0.075924 2.88893e-08
-0.0758341 2.88571e-08
-0.0757442 2.87294e-08
-0.0756543 2.86171e-08
-0.0755644 2.8549e-08
-0.0754745 2.85643e-08
-0.0753846 2.86279e-08
-0.0752947 2.86082e-08
-0.0752048 2.84906e-08
-0.0751149 2.84448e-08
-0.075025 2.84447e-08
-0.0749351 2.84231e-08
-0.0748452 2.83992e-08
-0.0747553 2.83987e-08
-0.0746654 2.83328e-08
-0.0745755 2.80962e-08
-0.0744856 2.79404e-08
-0.0743957 2.78002e-08
-0.0743057 2.76122e-08
-0.0742158 2.73367e-08
-0.0741259 2.70637e-08
-0.074036 2.67302e-08
-0.0739461 2.64185e-08
-0.0738562 2.61604e-08
-0.0737663 2.59757e-08
-0.0736764 2.58024e-08
-0.0735865 2.56514e-08
-0.0734966 2.55017e-08
-0.0734067 2.52594e-08
-0.0733168 2.50051e-08
-0.0732269 2.47735e-08
-0.073137 2.45707e-08
-0.0730471 2.43688e-08
-0.0729572 2.41088e-08
-0.0728673 2.38958e-08
-0.0727774 2.36313e-08
-0.0726875 2.33853e-08
-0.0725976 2.31331e-08
-0.0725077 2.29486e-08
-0.0724178 2.28374e-08
-0.0723279 2.27069e-08
-0.072238 2.25778e-08
-0.072148 2.25039e-08
-0.0720581 2.24919e-08
-0.0719682 2.25092e-08
-0.0718783 2.25691e-08
-0.0717884 2.26673e-08
-0.0716985 2.26998e-08
-0.0716086 2.26076e-08
-0.0715187 2.25454e-08
-0.0714288 2.25099e-08
-0.0713389 2.25784e-08
-0.071249 2.26653e-08
-0.0711591 2.27326e-08
-0.0710692 2.28323e-08
-0.0709793 2.29296e-08
-0.0708894 2.30342e-08
-0.0707995 2.30694e-08
-0.0707096 2.30775e-08
-0.0706197 2.31941e-08
-0.0705298 2.33743e-08
-0.0704399 2.35586e-08
-0.07035 2.37282e-08
-0.0702601 2.39067e-08
-0.0701702 2.41674e-08
-0.0700803 2.44215e-08
-0.0699903 2.46007e-08
-0.0699004 2.48045e-08
-0.0698105 2.49478e-08
-0.0697206 2.5057e-08
-0.0696307 2.51546e-08
-0.0695408 2.53066e-08
-0.0694509 2.55031e-08
-0.069361 2.57446e-08
-0.0692711 2.59557e-08
-0.0691812 2.61097e-08
-0.0690913 2.62415e-08
-0.0690014 2.64009e-08
-0.0689115 2.66586e-08
-0.0688216 2.69825e-08
-0.0687317 2.74475e-08
-0.0686418 2.78769e-08
-0.0685519 2.82948e-08
-0.068462 2.86032e-08
-0.0683721 2.88619e-08
-0.0682822 2.90169e-08
-0.0681923 2.91782e-08
-0.0681024 2.93324e-08
-0.0680125 2.94489e-08
-0.0679226 2.9602e-08
-0.0678326 2.9642e-08
-0.0677427 2.95381e-08
-0.0676528 2.93495e-08
-0.0675629 2.91491e-08
-0.067473 2.89382e-08
-0.0673831 2.86932e-08
-0.0672932 2.84597e-08
-0.0672033 2.82428e-08
-0.0671134 2.80097e-08
-0.0670235 2.78206e-08
-0.0669336 2.76337e-08
-0.0668437 2.74642e-08
-0.0667538 2.72682e-08
-0.0666639 2.70501e-08
-0.066574 2.67997e-08
-0.0664841 2.65396e-08
-0.0663942 2.62438e-08
-0.0663043 2.59388e-08
-0.0662144 2.56751e-08
-0.0661245 2.54159e-08
-0.0660346 2.51408e-08
-0.0659447 2.48678e-08
-0.0658548 2.45144e-08
-0.0657649 2.41738e-08
-0.0656749 2.38396e-08
-0.065585 2.35698e-08
-0.0654951 2.33623e-08
-0.0654052 2.3148e-08
-0.0653153 2.29499e-08
-0.0652254 2.27528e-08
-0.0651355 2.2522e-08
-0.0650456 2.22825e-08
-0.0649557 2.20512e-08
-0.0648658 2.18126e-08
-0.0647759 2.15886e-08
-0.064686 2.13619e-08
-0.0645961 2.11696e-08
-0.0645062 2.10022e-08
-0.0644163 2.08518e-08
-0.0643264 2.07402e-08
-0.0642365 2.0673e-08
-0.0641466 2.06257e-08
-0.0640567 2.05685e-08
-0.0639668 2.0544e-08
-0.0638769 2.05172e-08
-0.063787 2.05383e-08
-0.0636971 2.0597e-08
-0.0636072 2.06302e-08
-0.0635172 2.07155e-08
-0.0634273 2.07371e-08
-0.0633374 2.07587e-08
-0.0632475 2.07439e-08
-0.0631576 2.07061e-08
-0.0630677 2.0713e-08
-0.0629778 2.08023e-08
-0.0628879 2.08848e-08
-0.062798 2.09888e-08
-0.0627081 2.09988e-08
-0.0626182 2.09636e-08
-0.0625283 2.0939e-08
-0.0624384 2.09503e-08
-0.0623485 2.09051e-08
-0.0622586 2.08924e-08
-0.0621687 2.08839e-08
-0.0620788 2.0922e-08
-0.0619889 2.08754e-08
-0.061899 2.07752e-08
-0.0618091 2.06871e-08
-0.0617192 2.0582e-08
-0.0616293 2.04428e-08
-0.0615394 2.03243e-08
-0.0614495 2.02145e-08
-0.0613595 2.01219e-08
-0.0612696 2.00402e-08
-0.0611797 1.99533e-08
-0.0610898 1.98902e-08
-0.0609999 1.97663e-08
-0.06091 1.95896e-08
-0.0608201 1.94391e-08
-0.0607302 1.93052e-08
-0.0606403 1.91713e-08
-0.0605504 1.9039e-08
-0.0604605 1.88987e-08
-0.0603706 1.87038e-08
-0.0602807 1.85158e-08
-0.0601908 1.83144e-08
-0.0601009 1.8137e-08
-0.060011 1.79696e-08
-0.0599211 1.77693e-08
-0.0598312 1.7652e-08
-0.0597413 1.7585e-08
-0.0596514 1.74661e-08
-0.0595615 1.7364e-08
-0.0594716 1.7303e-08
-0.0593817 1.72068e-08
-0.0592918 1.71312e-08
-0.0592018 1.7026e-08
-0.0591119 1.69489e-08
-0.059022 1.68943e-08
-0.0589321 1.68512e-08
-0.0588422 1.68214e-08
-0.0587523 1.6774e-08
-0.0586624 1.66872e-08
-0.0585725 1.65722e-08
-0.0584826 1.64581e-08
-0.0583927 1.63771e-08
-0.0583028 1.63007e-08
-0.0582129 1.62472e-08
-0.058123 1.62104e-08
-0.0580331 1.61545e-08
-0.0579432 1.60813e-08
-0.0578533 1.59877e-08
-0.0577634 1.59333e-08
-0.0576735 1.58518e-08
-0.0575836 1.57583e-08
-0.0574937 1.57113e-08
-0.0574038 1.56466e-08
-0.0573139 1.55528e-08
-0.057224 1.54066e-08
-0.0571341 1.52811e-08
-0.0570442 1.51708e-08
-0.0569542 1.5005e-08
-0.0568643 1.4864e-08
-0.0567744 1.47091e-08
-0.0566845 1.45502e-08
-0.0565946 1.44175e-08
-0.0565047 1.42883e-08
-0.0564148 1.41492e-08
-0.0563249 1.39987e-08
-0.056235 1.38201e-08
-0.0561451 1.36317e-08
-0.0560552 1.34528e-08
-0.0559653 1.32775e-08
-0.0558754 1.31089e-08
-0.0557855 1.29587e-08
-0.0556956 1.2822e-08
-0.0556057 1.26913e-08
-0.0555158 1.2579e-08
-0.0554259 1.24713e-08
-0.055336 1.236e-08
-0.0552461 1.22368e-08
-0.0551562 1.21485e-08
-0.0550663 1.2099e-08
-0.0549764 1.2022e-08
-0.0548865 1.19756e-08
-0.0547965 1.19201e-08
-0.0547066 1.18876e-08
-0.0546167 1.18417e-08
-0.0545268 1.1765e-08
-0.0544369 1.16738e-08
-0.054347 1.16121e-08
-0.0542571 1.15053e-08
-0.0541672 1.14111e-08
-0.0540773 1.129e-08
-0.0539874 1.11528e-08
-0.0538975 1.10203e-08
-0.0538076 1.08677e-08
-0.0537177 1.07366e-08
-0.0536278 1.06133e-08
-0.0535379 1.04938e-08
-0.053448 1.03692e-08
-0.0533581 1.02358e-08
-0.0532682 1.01382e-08
-0.0531783 1.00582e-08
-0.0530884 9.97282e-09
-0.0529985 9.85303e-09
-0.0529086 9.7478e-09
-0.0528187 9.62376e-09
-0.0527288 9.46336e-09
-0.0526388 9.25677e-09
-0.0525489 9.02803e-09
-0.052459 8.82685e-09
-0.0523691 8.65247e-09
-0.0522792 8.47289e-09
-0.0521893 8.32698e-09
-0.0520994 8.20829e-09
-0.0520095 8.0862e-09
-0.0519196 7.97714e-09
-0.0518297 7.87244e-09
-0.0517398 7.77932e-09
-0.0516499 7.69567e-09
-0.05156 7.58991e-09
-0.0514701 7.50993e-09
-0.0513802 7.43032e-09
-0.0512903 7.36924e-09
-0.0512004 7.32904e-09
-0.0511105 7.3033e-09
-0.0510206 7.25195e-09
-0.0509307 7.18147e-09
-0.0508408 7.05825e-09
-0.0507509 6.92197e-09
-0.050661 6.77752e-09
-0.0505711 6.66035e-09
-0.0504811 6.54009e-09
-0.0503912 6.41014e-09
-0.0503013 6.25451e-09
-0.0502114 6.11178e-09
-0.0501215 5.9969e-09
-0.0500316 5.90872e-09
-0.0499417 5.83094e-09
-0.0498518 5.75989e-09
-0.0497619 5.66065e-09
-0.049672 5.57733e-09
-0.0495821 5.4596e-09
-0.0494922 5.35501e-09
-0.0494023 5.19815e-09
-0.0493124 5.0127e-09
-0.0492225 4.81224e-09
-0.0491326 4.59526e-09
-0.0490427 4.39017e-09
-0.0489528 4.22372e-09
-0.0488629 4.06536e-09
-0.048773 3.91283e-09
-0.0486831 3.80003e-09
-0.0485932 3.71943e-09
-0.0485033 3.6212e-09
-0.0484134 3.52406e-09
-0.0483234 3.39521e-09
-0.0482335 3.27563e-09
-0.0481436 3.13743e-09
-0.0480537 2.99844e-09
-0.0479638 2.86275e-09
-0.0478739 2.76506e-09
-0.047784 2.65564e-09
-0.0476941 2.57776e-09
-0.0476042 2.51496e-09
-0.0475143 2.48369e-09
-0.0474244 2.49597e-09
-0.0473345 2.53807e-09
-0.0472446 2.53462e-09
-0.0471547 2.50931e-09
-0.0470648 2.50418e-09
-0.0469749 2.51154e-09
-0.046885 2.56411e-09
-0.0467951 2.62392e-09
-0.0467052 2.66547e-09
-0.0466153 2.66646e-09
-0.0465254 2.6727e-09
-0.0464355 2.73979e-09
-0.0463456 2.85773e-09
-0.0462557 2.92872e-09
-0.0461657 2.9704e-09
-0.0460758 3.0306e-09
-0.0459859 3.10877e-09
-0.045896 3.1917e-09
-0.0458061 3.20627e-09
-0.0457162 3.20763e-09
-0.0456263 3.19826e-09
-0.0455364 3.15387e-09
-0.0454465 3.12047e-09
-0.0453566 3.07081e-09
-0.0452667 3.05437e-09
-0.0451768 3.04215e-09
-0.0450869 3.03215e-09
-0.044997 2.99087e-09
-0.0449071 2.94999e-09
-0.0448172 2.88751e-09
-0.0447273 2.80302e-09
-0.0446374 2.66677e-09
-0.0445475 2.5551e-09
-0.0444576 2.47227e-09
-0.0443677 2.41628e-09
-0.0442778 2.36379e-09
-0.0441879 2.36167e-09
-0.044098 2.32444e-09
-0.044008 2.24543e-09
-0.0439181 2.15572e-09
-0.0438282 2.08237e-09
-0.0437383 2.05687e-09
-0.0436484 2.01778e-09
-0.0435585 1.89587e-09
-0.0434686 1.82625e-09
-0.0433787 1.78769e-09
-0.0432888 1.76966e-09
-0.0431989 1.74424e-09
-0.043109 1.72145e-09
-0.0430191 1.68075e-09
-0.0429292 1.65055e-09
-0.0428393 1.62742e-09
-0.0427494 1.61567e-09
-0.0426595 1.61921e-09
-0.0425696 1.62175e-09
-0.0424797 1.60309e-09
-0.0423898 1.57634e-09
-0.0422999 1.57351e-09
-0.04221 1.5491e-09
-0.0421201 1.48605e-09
-0.0420302 1.44806e-09
-0.0419403 1.42608e-09
-0.0418503 1.42275e-09
-0.0417604 1.40245e-09
-0.0416705 1.37917e-09
-0.0415806 1.34787e-09
-0.0414907 1.33548e-09
-0.0414008 1.30493e-09
-0.0413109 1.24421e-09
-0.041221 1.19724e-09
-0.0411311 1.13797e-09
-0.0410412 1.05461e-09
-0.0409513 9.78784e-10
-0.0408614 9.07766e-10
-0.0407715 8.37442e-10
-0.0406816 7.28125e-10
-0.0405917 5.93768e-10
-0.0405018 4.65227e-10
-0.0404119 3.54867e-10
-0.040322 2.48175e-10
-0.0402321 1.26995e-10
-0.0401422 2.82812e-11
-0.0400523 -1.13251e-10
-0.0399624 -2.59724e-10
-0.0398725 -4.15032e-10
-0.0397826 -5.95298e-10
-0.0396927 -7.82117e-10
-0.0396027 -9.9315e-10
-0.0395128 -1.21951e-09
-0.0394229 -1.44756e-09
-0.039333 -1.66529e-09
-0.0392431 -1.88715e-09
-0.0391532 -2.11244e-09
-0.0390633 -2.33611e-09
-0.0389734 -2.57276e-09
-0.0388835 -2.80149e-09
-0.0387936 -3.05439e-09
-0.0387037 -3.32239e-09
-0.0386138 -3.57553e-09
-0.0385239 -3.81966e-09
-0.038434 -4.05347e-09
-0.0383441 -4.30145e-09
-0.0382542 -4.55973e-09
-0.0381643 -4.8123e-09
-0.0380744 -5.08675e-09
-0.0379845 -5.34796e-09
-0.0378946 -5.58272e-09
-0.0378047 -5.78131e-09
-0.0377148 -5.97972e-09
-0.0376249 -6.17824e-09
-0.037535 -6.38189e-09
-0.037445 -6.56192e-09
-0.0373551 -6.72717e-09
-0.0372652 -6.90571e-09
-0.0371753 -7.07194e-09
-0.0370854 -7.24982e-09
-0.0369955 -7.41429e-09
-0.0369056 -7.58278e-09
-0.0368157 -7.72191e-09
-0.0367258 -7.8184e-09
-0.0366359 -7.87717e-09
-0.036546 -7.92209e-09
-0.0364561 -7.98111e-09
-0.0363662 -8.0157e-09
-0.0362763 -8.04253e-09
-0.0361864 -8.04711e-09
-0.0360965 -8.06181e-09
-0.0360066 -8.06652e-09
-0.0359167 -8.04843e-09
-0.0358268 -8.04049e-09
-0.0357369 -8.03284e-09
-0.035647 -8.04164e-09
-0.0355571 -8.01155e-09
-0.0354672 -7.97974e-09
-0.0353773 -7.9288e-09
-0.0352873 -7.85294e-09
-0.0351974 -7.76391e-09
-0.0351075 -7.66459e-09
-0.0350176 -7.58471e-09
-0.0349277 -7.49663e-09
-0.0348378 -7.40906e-09
-0.0347479 -7.30371e-09
-0.034658 -7.21018e-09
-0.0345681 -7.16644e-09
-0.0344782 -7.12463e-09
-0.0343883 -7.07849e-09
-0.0342984 -7.00418e-09
-0.0342085 -6.91863e-09
-0.0341186 -6.83894e-09
-0.0340287 -6.78583e-09
-0.0339388 -6.73719e-09
-0.0338489 -6.69622e-09
-0.033759 -6.6939e-09
-0.0336691 -6.68354e-09
-0.0335792 -6.69116e-09
-0.0334893 -6.72738e-09
-0.0333994 -6.78608e-09
-0.0333095 -6.82651e-09
-0.0332196 -6.86188e-09
-0.0331296 -6.87542e-09
-0.0330397 -6.91443e-09
-0.0329498 -6.96068e-09
-0.0328599 -7.00723e-09
-0.03277 -7.08067e-09
-0.0326801 -7.17406e-09
-0.0325902 -7.26917e-09
-0.0325003 -7.36618e-09
-0.0324104 -7.48286e-09
-0.0323205 -7.61991e-09
-0.0322306 -7.76014e-09
-0.0321407 -7.90635e-09
-0.0320508 -8.04356e-09
-0.0319609 -8.18131e-09
-0.031871 -8.31696e-09
-0.0317811 -8.46038e-09
-0.0316912 -8.59621e-09
-0.0316013 -8.7209e-09
-0.0315114 -8.83651e-09
-0.0314215 -8.95835e-09
-0.0313316 -9.09167e-09
-0.0312417 -9.22261e-09
-0.0311518 -9.37015e-09
-0.0310619 -9.52866e-09
-0.0309719 -9.64064e-09
-0.030882 -9.71665e-09
-0.0307921 -9.7903e-09
-0.0307022 -9.86126e-09
-0.0306123 -9.90512e-09
-0.0305224 -9.92359e-09
-0.0304325 -9.95881e-09
-0.0303426 -9.99303e-09
-0.0302527 -1.00131e-08
-0.0301628 -1.00297e-08
-0.0300729 -1.0054e-08
-0.029983 -1.00427e-08
-0.0298931 -9.97661e-09
-0.0298032 -9.89958e-09
-0.0297133 -9.82998e-09
-0.0296234 -9.77252e-09
-0.0295335 -9.68321e-09
-0.0294436 -9.58796e-09
-0.0293537 -9.53098e-09
-0.0292638 -9.45725e-09
-0.0291739 -9.37128e-09
-0.029084 -9.30075e-09
-0.0289941 -9.23498e-09
-0.0289042 -9.1412e-09
-0.0288142 -9.07905e-09
-0.0287243 -9.04344e-09
-0.0286344 -9.02055e-09
-0.0285445 -9.00271e-09
-0.0284546 -8.95756e-09
-0.0283647 -8.93575e-09
-0.0282748 -8.9215e-09
-0.0281849 -8.91504e-09
-0.028095 -8.90043e-09
-0.0280051 -8.91888e-09
-0.0279152 -8.9375e-09
-0.0278253 -8.96109e-09
-0.0277354 -9.03238e-09
-0.0276455 -9.10886e-09
-0.0275556 -9.21518e-09
-0.0274657 -9.30071e-09
-0.0273758 -9.37709e-09
-0.0272859 -9.44116e-09
-0.027196 -9.51315e-09
-0.0271061 -9.60152e-09
-0.0270162 -9.68482e-09
-0.0269263 -9.77541e-09
-0.0268364 -9.84548e-09
-0.0267465 -9.94199e-09
-0.0266565 -1.00381e-08
-0.0265666 -1.01372e-08
-0.0264767 -1.02223e-08
-0.0263868 -1.02983e-08
-0.0262969 -1.03618e-08
-0.026207 -1.03988e-08
-0.0261171 -1.0438e-08
-0.0260272 -1.04886e-08
-0.0259373 -1.05158e-08
-0.0258474 -1.05227e-08
-0.0257575 -1.05305e-08
-0.0256676 -1.05572e-08
-0.0255777 -1.0567e-08
-0.0254878 -1.05658e-08
-0.0253979 -1.05552e-08
-0.025308 -1.05507e-08
-0.0252181 -1.05301e-08
-0.0251282 -1.04953e-08
-0.0250383 -1.04704e-08
-0.0249484 -1.04393e-08
-0.0248585 -1.03787e-08
-0.0247686 -1.03241e-08
-0.0246787 -1.02709e-08
-0.0245888 -1.02192e-08
-0.0244988 -1.01355e-08
-0.0244089 -1.00599e-08
-0.024319 -1.00064e-08
-0.0242291 -9.93552e-09
-0.0241392 -9.87653e-09
-0.0240493 -9.84487e-09
-0.0239594 -9.81381e-09
-0.0238695 -9.77869e-09
-0.0237796 -9.74586e-09
-0.0236897 -9.71321e-09
-0.0235998 -9.68304e-09
-0.0235099 -9.64604e-09
-0.02342 -9.57212e-09
-0.0233301 -9.51419e-09
-0.0232402 -9.44799e-09
-0.0231503 -9.34989e-09
-0.0230604 -9.29437e-09
-0.0229705 -9.22989e-09
-0.0228806 -9.16331e-09
-0.0227907 -9.10955e-09
-0.0227008 -9.05502e-09
-0.0226109 -8.97043e-09
-0.022521 -8.89856e-09
-0.0224311 -8.83371e-09
-0.0223411 -8.76323e-09
-0.0222512 -8.70489e-09
-0.0221613 -8.62902e-09
-0.0220714 -8.54235e-09
-0.0219815 -8.44591e-09
-0.0218916 -8.32161e-09
-0.0218017 -8.22647e-09
-0.0217118 -8.1441e-09
-0.0216219 -8.06496e-09
-0.021532 -7.97657e-09
-0.0214421 -7.89097e-09
-0.0213522 -7.8232e-09
-0.0212623 -7.7456e-09
-0.0211724 -7.68907e-09
-0.0210825 -7.64466e-09
-0.0209926 -7.59717e-09
-0.0209027 -7.51898e-09
-0.0208128 -7.45041e-09
-0.0207229 -7.39436e-09
-0.020633 -7.34765e-09
-0.0205431 -7.33291e-09
-0.0204532 -7.31387e-09
-0.0203633 -7.30789e-09
-0.0202734 -7.30931e-09
-0.0201835 -7.32e-09
-0.0200935 -7.33632e-09
-0.0200036 -7.36036e-09
-0.0199137 -7.39513e-09
-0.0198238 -7.43498e-09
-0.0197339 -7.49586e-09
-0.019644 -7.53106e-09
-0.0195541 -7.5801e-09
-0.0194642 -7.62477e-09
-0.0193743 -7.66015e-09
-0.0192844 -7.70135e-09
-0.0191945 -7.76079e-09
-0.0191046 -7.84004e-09
-0.0190147 -7.89341e-09
-0.0189248 -7.93927e-09
-0.0188349 -7.98881e-09
-0.018745 -8.0684e-09
-0.0186551 -8.1572e-09
-0.0185652 -8.24275e-09
-0.0184753 -8.33219e-09
-0.0183854 -8.39159e-09
-0.0182955 -8.43614e-09
-0.0182056 -8.47734e-09
-0.0181157 -8.54002e-09
-0.0180258 -8.59923e-09
-0.0179358 -8.63413e-09
-0.0178459 -8.6598e-09
-0.017756 -8.68788e-09
-0.0176661 -8.74377e-09
-0.0175762 -8.80452e-09
-0.0174863 -8.87798e-09
-0.0173964 -8.94057e-09
-0.0173065 -8.98522e-09
-0.0172166 -9.02081e-09
-0.0171267 -9.0523e-09
-0.0170368 -9.09787e-09
-0.0169469 -9.12397e-09
-0.016857 -9.14243e-09
-0.0167671 -9.16818e-09
-0.0166772 -9.19443e-09
-0.0165873 -9.22998e-09
-0.0164974 -9.28189e-09
-0.0164075 -9.33593e-09
-0.0163176 -9.38688e-09
-0.0162277 -9.44642e-09
-0.0161378 -9.5133e-09
-0.0160479 -9.5652e-09
-0.015958 -9.62238e-09
-0.0158681 -9.6582e-09
-0.0157781 -9.6847e-09
-0.0156882 -9.70871e-09
-0.0155983 -9.71563e-09
-0.0155084 -9.72334e-09
-0.0154185 -9.75543e-09
-0.0153286 -9.81092e-09
-0.0152387 -9.86585e-09
-0.0151488 -9.94902e-09
-0.0150589 -1.00349e-08
-0.014969 -1.01125e-08
-0.0148791 -1.01774e-08
-0.0147892 -1.02083e-08
-0.0146993 -1.02255e-08
-0.0146094 -1.02255e-08
-0.0145195 -1.02068e-08
-0.0144296 -1.0202e-08
-0.0143397 -1.02182e-08
-0.0142498 -1.02361e-08
-0.0141599 -1.02546e-08
-0.01407 -1.02749e-08
-0.0139801 -1.02911e-08
-0.0138902 -1.02796e-08
-0.0138003 -1.02721e-08
-0.0137104 -1.0246e-08
-0.0136204 -1.02104e-08
-0.0135305 -1.01671e-08
-0.0134406 -1.0098e-08
-0.0133507 -1.00353e-08
-0.0132608 -9.96322e-09
-0.0131709 -9.87921e-09
-0.013081 -9.78992e-09
-0.0129911 -9.69699e-09
-0.0129012 -9.61104e-09
-0.0128113 -9.52995e-09
-0.0127214 -9.46952e-09
-0.0126315 -9.39253e-09
-0.0125416 -9.31177e-09
-0.0124517 -9.22015e-09
-0.0123618 -9.1155e-09
-0.0122719 -9.00608e-09
-0.012182 -8.87193e-09
-0.0120921 -8.73748e-09
-0.0120022 -8.61058e-09
-0.0119123 -8.49519e-09
-0.0118224 -8.4037e-09
-0.0117325 -8.32596e-09
-0.0116426 -8.26015e-09
-0.0115527 -8.16959e-09
-0.0114627 -8.07437e-09
-0.0113728 -7.97802e-09
-0.0112829 -7.87314e-09
-0.011193 -7.76307e-09
-0.0111031 -7.64245e-09
-0.0110132 -7.52178e-09
-0.0109233 -7.41507e-09
-0.0108334 -7.32385e-09
-0.0107435 -7.2431e-09
-0.0106536 -7.1753e-09
-0.0105637 -7.10762e-09
-0.0104738 -7.01588e-09
-0.0103839 -6.93589e-09
-0.010294 -6.85911e-09
-0.0102041 -6.77809e-09
-0.0101142 -6.69591e-09
-0.0100243 -6.59235e-09
-0.00993438 -6.4849e-09
-0.00984447 -6.3939e-09
-0.00975457 -6.31468e-09
-0.00966466 -6.24272e-09
-0.00957476 -6.17906e-09
-0.00948486 -6.1058e-09
-0.00939495 -6.02585e-09
-0.00930505 -5.96748e-09
-0.00921514 -5.91046e-09
-0.00912524 -5.85841e-09
-0.00903534 -5.77986e-09
-0.00894543 -5.68519e-09
-0.00885553 -5.59432e-09
-0.00876562 -5.51064e-09
-0.00867572 -5.4341e-09
-0.00858582 -5.34727e-09
-0.00849591 -5.26757e-09
-0.00840601 -5.18285e-09
-0.0083161 -5.1044e-09
-0.0082262 -5.03775e-09
-0.00813629 -4.96597e-09
-0.00804639 -4.8902e-09
-0.00795649 -4.79237e-09
-0.00786658 -4.69043e-09
-0.00777668 -4.58869e-09
-0.00768677 -4.48344e-09
-0.00759687 -4.37858e-09
-0.00750697 -4.25046e-09
-0.00741706 -4.13046e-09
-0.00732716 -4.01034e-09
-0.00723725 -3.90064e-09
-0.00714735 -3.79576e-09
-0.00705744 -3.68455e-09
-0.00696754 -3.57243e-09
-0.00687764 -3.45397e-09
-0.00678773 -3.32973e-09
-0.00669783 -3.19172e-09
-0.00660792 -3.03833e-09
-0.00651802 -2.88376e-09
-0.00642812 -2.72323e-09
-0.00633821 -2.56552e-09
-0.00624831 -2.41205e-09
-0.0061584 -2.27284e-09
-0.0060685 -2.12412e-09
-0.00597859 -1.97452e-09
-0.00588869 -1.83885e-09
-0.00579879 -1.71518e-09
-0.00570888 -1.59514e-09
-0.00561898 -1.44568e-09
-0.00552907 -1.28274e-09
-0.00543917 -1.13951e-09
-0.00534927 -9.95802e-10
-0.00525936 -8.61865e-10
-0.00516946 -7.5173e-10
-0.00507955 -6.33265e-10
-0.00498965 -5.164e-10
-0.00489975 -4.13696e-10
-0.00480984 -3.06113e-10
-0.00471994 -2.24477e-10
-0.00463003 -1.47811e-10
-0.00454013 -4.36695e-11
-0.00445022 7.59004e-11
-0.00436032 1.72509e-10
-0.00427042 2.61082e-10
-0.00418051 3.2997e-10
-0.00409061 3.83571e-10
-0.0040007 4.48229e-10
-0.0039108 5.12231e-10
-0.0038209 5.59265e-10
-0.00373099 6.09205e-10
-0.00364109 6.52389e-10
-0.00355118 6.93986e-10
-0.00346128 7.51393e-10
-0.00337137 8.01573e-10
-0.00328147 8.45541e-10
-0.00319157 8.78009e-10
-0.00310166 9.05371e-10
-0.00301176 9.27678e-10
-0.00292185 9.68041e-10
-0.00283195 9.90665e-10
-0.00274205 9.88082e-10
-0.00265214 9.83201e-10
-0.00256224 9.90566e-10
-0.00247233 9.97405e-10
-0.00238243 1.01792e-09
-0.00229252 1.04271e-09
-0.00220262 1.03942e-09
-0.00211272 1.03176e-09
-0.00202281 1.02479e-09
-0.00193291 1.02343e-09
-0.001843 1.03864e-09
-0.0017531 1.01652e-09
-0.0016632 9.61297e-10
-0.00157329 9.05842e-10
-0.00148339 8.55367e-10
-0.00139348 8.13885e-10
-0.00130358 7.90413e-10
-0.00121368 7.61993e-10
-0.00112377 7.11825e-10
-0.00103387 6.70599e-10
-0.000943963 6.42979e-10
-0.000854059 6.17749e-10
-0.000764154 5.84729e-10
-0.00067425 5.17923e-10
-0.000584346 4.38194e-10
-0.000494442 3.49484e-10
-0.000404538 2.66446e-10
-0.000314634 1.99193e-10
-0.00022473 1.43878e-10
-0.000134825 7.97135e-11
-4.49212e-05 1.93002e-11
4.49829e-05 0
0.000134887 1.59758e-11
0.000224791 2.70016e-11
0.000314695 3.75306e-11
0.0004046 1.8617e-11
0.000494504 -1.32937e-11
0.000584408 -4.63669e-11
0.000674312 -7.32737e-11
0.000764216 -8.75608e-11
0.00085412 -1.05222e-10
0.000944024 -1.17229e-10
0.00103393 -1.02537e-10
0.00112383 -2.25901e-11
0.00121374 1.02726e-10
0.00130364 2.18081e-10
0.00139355 3.39124e-10
0.00148345 4.41224e-10
0.00157335 5.34807e-10
0.00166326 6.43611e-10
0.00175316 7.40259e-10
0.00184307 8.5879e-10
0.00193297 9.70375e-10
0.00202287 1.07169e-09
0.00211278 1.2008e-09
0.00220268 1.38736e-09
0.00229259 1.60439e-09
0.00238249 1.81999e-09
0.00247239 2.04924e-09
0.0025623 2.24879e-09
0.0026522 2.45987e-09
0.00274211 2.6825e-09
0.00283201 2.87783e-09
0.00292192 3.07782e-09
0.00301182 3.25787e-09
0.00310172 3.4236e-09
0.00319163 3.60409e-09
0.00328153 3.81401e-09
0.00337144 4.03663e-09
0.00346134 4.26131e-09
0.00355124 4.50336e-09
0.00364115 4.71724e-09
0.00373105 4.96124e-09
0.00382096 5.20625e-09
0.00391086 5.42104e-09
0.00400077 5.62779e-09
0.00409067 5.7974e-09
0.00418057 5.9625e-09
0.00427048 6.14241e-09
0.00436038 6.3382e-09
0.00445029 6.53931e-09
0.00454019 6.75211e-09
0.00463009 6.95163e-09
0.00472 7.13685e-09
0.0048099 7.35264e-09
0.00489981 7.5669e-09
0.00498971 7.75826e-09
0.00507962 7.93066e-09
0.00516952 8.0931e-09
0.00525942 8.26647e-09
0.00534933 8.4471e-09
0.00543923 8.63682e-09
0.00552914 8.82672e-09
0.00561904 9.00909e-09
0.00570894 9.17662e-09
0.00579885 9.34625e-09
0.00588875 9.54065e-09
0.00597866 9.72887e-09
0.00606856 9.90902e-09
0.00615846 1.00835e-08
0.00624837 1.02704e-08
0.00633827 1.04665e-08
0.00642818 1.06515e-08
0.00651808 1.08402e-08
0.00660799 1.1039e-08
0.00669789 1.12128e-08
0.00678779 1.13838e-08
0.0068777 1.15775e-08
0.0069676 1.17676e-08
0.00705751 1.19468e-08
0.00714741 1.21221e-08
0.00723731 1.23099e-08
0.00732722 1.25073e-08
0.00741712 1.26994e-08
0.00750703 1.28687e-08
0.00759693 1.30384e-08
0.00768684 1.32088e-08
0.00777674 1.33691e-08
0.00786664 1.35532e-08
0.00795655 1.37427e-08
0.00804645 1.38998e-08
0.00813636 1.4069e-08
0.00822626 1.42389e-08
0.00831616 1.43971e-08
0.00840607 1.45525e-08
0.00849597 1.46948e-08
0.00858588 1.48165e-08
0.00867578 1.49354e-08
0.00876569 1.50604e-08
0.00885559 1.51903e-08
0.00894549 1.53377e-08
0.0090354 1.54526e-08
0.0091253 1.55413e-08
0.00921521 1.56484e-08
0.00930511 1.5749e-08
0.00939501 1.58352e-08
0.00948492 1.59076e-08
0.00957482 1.5979e-08
0.00966473 1.60365e-08
0.00975463 1.60873e-08
0.00984453 1.61584e-08
0.00993444 1.62364e-08
0.0100243 1.6307e-08
0.0101142 1.63504e-08
0.0102042 1.63892e-08
0.0102941 1.64526e-08
0.010384 1.65081e-08
0.0104739 1.65452e-08
0.0105638 1.65763e-08
0.0106537 1.66074e-08
0.0107436 1.66224e-08
0.0108335 1.66495e-08
0.0109234 1.66846e-08
0.0110133 1.67104e-08
0.0111032 1.6738e-08
0.0111931 1.67617e-08
0.011283 1.67882e-08
0.0113729 1.68252e-08
0.0114628 1.68575e-08
0.0115527 1.68847e-08
0.0116426 1.69077e-08
0.0117325 1.69205e-08
0.0118224 1.69277e-08
0.0119123 1.69493e-08
0.0120022 1.69651e-08
0.0120921 1.69764e-08
0.012182 1.70001e-08
0.0122719 1.70173e-08
0.0123619 1.70405e-08
0.0124518 1.70524e-08
0.0125417 1.70615e-08
0.0126316 1.70679e-08
0.0127215 1.70705e-08
0.0128114 1.70685e-08
0.0129013 1.70785e-08
0.0129912 1.70903e-08
0.0130811 1.70816e-08
0.013171 1.70846e-08
0.0132609 1.70771e-08
0.0133508 1.70748e-08
0.0134407 1.70576e-08
0.0135306 1.70383e-08
0.0136205 1.70186e-08
0.0137104 1.69872e-08
0.0138003 1.6959e-08
0.0138902 1.69337e-08
0.0139801 1.6914e-08
0.01407 1.68901e-08
0.0141599 1.68645e-08
0.0142498 1.6841e-08
0.0143397 1.68098e-08
0.0144296 1.67778e-08
0.0145196 1.67379e-08
0.0146095 1.67172e-08
0.0146994 1.66927e-08
0.0147893 1.66669e-08
0.0148792 1.66488e-08
0.0149691 1.66393e-08
0.015059 1.66324e-08
0.0151489 1.6639e-08
0.0152388 1.66577e-08
0.0153287 1.66797e-08
0.0154186 1.67048e-08
0.0155085 1.67204e-08
0.0155984 1.67527e-08
0.0156883 1.68071e-08
0.0157782 1.68687e-08
0.0158681 1.6951e-08
0.015958 1.70392e-08
0.0160479 1.714e-08
0.0161378 1.72542e-08
0.0162277 1.73968e-08
0.0163176 1.75497e-08
0.0164075 1.77185e-08
0.0164974 1.78854e-08
0.0165873 1.80522e-08
0.0166773 1.82467e-08
0.0167672 1.8445e-08
0.0168571 1.86547e-08
0.016947 1.88727e-08
0.0170369 1.90815e-08
0.0171268 1.93078e-08
0.0172167 1.95482e-08
0.0173066 1.98092e-08
0.0173965 2.0069e-08
0.0174864 2.03383e-08
0.0175763 2.05991e-08
0.0176662 2.087e-08
0.0177561 2.1144e-08
0.017846 2.14051e-08
0.0179359 2.16586e-08
0.0180258 2.18927e-08
0.0181157 2.21152e-08
0.0182056 2.2344e-08
0.0182955 2.25705e-08
0.0183854 2.28017e-08
0.0184753 2.30121e-08
0.0185652 2.32283e-08
0.0186551 2.34218e-08
0.018745 2.36063e-08
0.0188349 2.37666e-08
0.0189249 2.39186e-08
0.0190148 2.40572e-08
0.0191047 2.41774e-08
0.0191946 2.42797e-08
0.0192845 2.43699e-08
0.0193744 2.44648e-08
0.0194643 2.45453e-08
0.0195542 2.46014e-08
0.0196441 2.46664e-08
0.019734 2.47006e-08
0.0198239 2.47246e-08
0.0199138 2.4723e-08
0.0200037 2.47277e-08
0.0200936 2.47221e-08
0.0201835 2.47014e-08
0.0202734 2.46585e-08
0.0203633 2.46025e-08
0.0204532 2.45422e-08
0.0205431 2.44633e-08
0.020633 2.43765e-08
0.0207229 2.4295e-08
0.0208128 2.41954e-08
0.0209027 2.41128e-08
0.0209926 2.40301e-08
0.0210826 2.39571e-08
0.0211725 2.38695e-08
0.0212624 2.37683e-08
0.0213523 2.36474e-08
0.0214422 2.35253e-08
0.0215321 2.33918e-08
0.021622 2.32712e-08
0.0217119 2.31608e-08
0.0218018 2.30506e-08
0.0218917 2.29454e-08
0.0219816 2.28526e-08
0.0220715 2.27819e-08
0.0221614 2.27116e-08
0.0222513 2.26214e-08
0.0223412 2.25279e-08
0.0224311 2.24392e-08
0.022521 2.23531e-08
0.0226109 2.2265e-08
0.0227008 2.21961e-08
0.0227907 2.21238e-08
0.0228806 2.20463e-08
0.0229705 2.19738e-08
0.0230604 2.193e-08
0.0231503 2.1901e-08
0.0232403 2.18624e-08
0.0233302 2.18112e-08
0.0234201 2.17624e-08
0.02351 2.17372e-08
0.0235999 2.17295e-08
0.0236898 2.17266e-08
0.0237797 2.17137e-08
0.0238696 2.16926e-08
0.0239595 2.16729e-08
0.0240494 2.16649e-08
0.0241393 2.16864e-08
0.0242292 2.17049e-08
0.0243191 2.17208e-08
0.024409 2.17225e-08
0.0244989 2.1717e-08
0.0245888 2.17246e-08
0.0246787 2.17647e-08
0.0247686 2.18046e-08
0.0248585 2.18293e-08
0.0249484 2.18553e-08
0.0250383 2.18921e-08
0.0251282 2.19463e-08
0.0252181 2.2014e-08
0.025308 2.20646e-08
0.025398 2.21071e-08
0.0254879 2.21549e-08
0.0255778 2.21779e-08
0.0256677 2.21925e-08
0.0257576 2.22156e-08
0.0258475 2.22238e-08
0.0259374 2.22373e-08
0.0260273 2.22574e-08
0.0261172 2.2295e-08
0.0262071 2.23492e-08
0.026297 2.23894e-08
0.0263869 2.23918e-08
0.0264768 2.23951e-08
0.0265667 2.24171e-08
0.0266566 2.24093e-08
0.0267465 2.2385e-08
0.0268364 2.23435e-08
0.0269263 2.22976e-08
0.0270162 2.22501e-08
0.0271061 2.22069e-08
0.027196 2.21685e-08
0.0272859 2.21286e-08
0.0273758 2.20622e-08
0.0274657 2.19495e-08
0.0275557 2.18708e-08
0.0276456 2.17895e-08
0.0277355 2.16952e-08
0.0278254 2.15771e-08
0.0279153 2.14555e-08
0.0280052 2.13307e-08
0.0280951 2.11862e-08
0.028185 2.10359e-08
0.0282749 2.08826e-08
0.0283648 2.07346e-08
0.0284547 2.05629e-08
0.0285446 2.04072e-08
0.0286345 2.02806e-08
0.0287244 2.01297e-08
0.0288143 1.99993e-08
0.0289042 1.98616e-08
0.0289941 1.97387e-08
0.029084 1.96108e-08
0.0291739 1.94844e-08
0.0292638 1.93225e-08
0.0293537 1.91439e-08
0.0294436 1.89616e-08
0.0295335 1.87847e-08
0.0296234 1.86292e-08
0.0297134 1.84644e-08
0.0298033 1.82955e-08
0.0298932 1.81646e-08
0.0299831 1.8031e-08
0.030073 1.7918e-08
0.0301629 1.78254e-08
0.0302528 1.77273e-08
0.0303427 1.7575e-08
0.0304326 1.73967e-08
0.0305225 1.72124e-08
0.0306124 1.7012e-08
0.0307023 1.68137e-08
0.0307922 1.66116e-08
0.0308821 1.64119e-08
0.030972 1.62281e-08
0.0310619 1.60487e-08
0.0311518 1.5915e-08
0.0312417 1.57824e-08
0.0313316 1.56359e-08
0.0314215 1.54547e-08
0.0315114 1.52611e-08
0.0316013 1.50478e-08
0.0316912 1.48202e-08
0.0317811 1.45991e-08
0.0318711 1.43595e-08
0.031961 1.41455e-08
0.0320509 1.39587e-08
0.0321408 1.38354e-08
0.0322307 1.3758e-08
0.0323206 1.36903e-08
0.0324105 1.36236e-08
0.0325004 1.35672e-08
0.0325903 1.35219e-08
0.0326802 1.34559e-08
0.0327701 1.34057e-08
0.03286 1.33371e-08
0.0329499 1.32628e-08
0.0330398 1.31963e-08
0.0331297 1.3162e-08
0.0332196 1.3194e-08
0.0333095 1.32578e-08
0.0333994 1.33304e-08
0.0334893 1.34059e-08
0.0335792 1.35107e-08
0.0336691 1.36197e-08
0.033759 1.37329e-08
0.0338489 1.38491e-08
0.0339388 1.3959e-08
0.0340288 1.4053e-08
0.0341187 1.41306e-08
0.0342086 1.42308e-08
0.0342985 1.43701e-08
0.0343884 1.45211e-08
0.0344783 1.46534e-08
0.0345682 1.47873e-08
0.0346581 1.49178e-08
0.034748 1.50603e-08
0.0348379 1.51984e-08
0.0349278 1.53257e-08
0.0350177 1.54386e-08
0.0351076 1.55266e-08
0.0351975 1.56104e-08
0.0352874 1.56855e-08
0.0353773 1.57681e-08
0.0354672 1.58525e-08
0.0355571 1.59235e-08
0.035647 1.59763e-08
0.0357369 1.60116e-08
0.0358268 1.60709e-08
0.0359167 1.61162e-08
0.0360066 1.61578e-08
0.0360965 1.61855e-08
0.0361865 1.61772e-08
0.0362764 1.6174e-08
0.0363663 1.61522e-08
0.0364562 1.61245e-08
0.0365461 1.60706e-08
0.036636 1.60021e-08
0.0367259 1.59128e-08
0.0368158 1.58225e-08
0.0369057 1.57555e-08
0.0369956 1.5683e-08
0.0370855 1.56127e-08
0.0371754 1.55193e-08
0.0372653 1.54021e-08
0.0373552 1.52854e-08
0.0374451 1.51612e-08
0.037535 1.50162e-08
0.0376249 1.48628e-08
0.0377148 1.46903e-08
0.0378047 1.45143e-08
0.0378946 1.43759e-08
0.0379845 1.42711e-08
0.0380744 1.41679e-08
0.0381643 1.40646e-08
0.0382542 1.39597e-08
0.0383441 1.3843e-08
0.0384341 1.37259e-08
0.038524 1.35908e-08
0.0386139 1.34453e-08
0.0387038 1.33077e-08
0.0387937 1.31522e-08
0.0388836 1.2996e-08
0.0389735 1.28844e-08
0.0390634 1.28079e-08
0.0391533 1.2723e-08
0.0392432 1.26425e-08
0.0393331 1.25759e-08
0.039423 1.25053e-08
0.0395129 1.2418e-08
0.0396028 1.23238e-08
0.0396927 1.22223e-08
0.0397826 1.21286e-08
0.0398725 1.20465e-08
0.0399624 1.19438e-08
0.0400523 1.18799e-08
0.0401422 1.18426e-08
0.0402321 1.18134e-08
0.040322 1.17841e-08
0.0404119 1.17605e-08
0.0405018 1.17211e-08
0.0405918 1.16703e-08
0.0406817 1.16105e-08
0.0407716 1.1556e-08
0.0408615 1.14968e-08
0.0409514 1.14385e-08
0.0410413 1.13647e-08
0.0411312 1.13192e-08
0.0412211 1.13034e-08
0.041311 1.13011e-08
0.0414009 1.13025e-08
0.0414908 1.12828e-08
0.0415807 1.1255e-08
0.0416706 1.12142e-08
0.0417605 1.11772e-08
0.0418504 1.11375e-08
0.0419403 1.10667e-08
0.0420302 1.09887e-08
0.0421201 1.08935e-08
0.04221 1.0807e-08
0.0422999 1.07537e-08
0.0423898 1.07276e-08
0.0424797 1.06851e-08
0.0425696 1.06134e-08
0.0426595 1.05075e-08
0.0427495 1.04186e-08
0.0428394 1.03358e-08
0.0429293 1.02149e-08
0.0430192 1.00913e-08
0.0431091 9.94941e-09
0.043199 9.81147e-09
0.0432889 9.66457e-09
0.0433788 9.52208e-09
0.0434687 9.39376e-09
0.0435586 9.26228e-09
0.0436485 9.09612e-09
0.0437384 8.90015e-09
0.0438283 8.71102e-09
0.0439182 8.50213e-09
0.0440081 8.26567e-09
0.044098 8.00822e-09
0.0441879 7.72943e-09
0.0442778 7.44031e-09
0.0443677 7.13165e-09
0.0444576 6.80696e-09
0.0445475 6.49298e-09
0.0446374 6.17323e-09
0.0447273 5.88855e-09
0.0448172 5.6014e-09
0.0449072 5.28423e-09
0.0449971 4.99344e-09
0.045087 4.65965e-09
0.0451769 4.27344e-09
0.0452668 3.89559e-09
0.0453567 3.46722e-09
0.0454466 3.02853e-09
0.0455365 2.59173e-09
0.0456264 2.139e-09
0.0457163 1.67411e-09
0.0458062 1.25542e-09
0.0458961 8.23218e-10
0.045986 3.94449e-10
0.0460759 -2.68811e-11
0.0461658 -3.90219e-10
0.0462557 -7.26125e-10
0.0463456 -1.04685e-09
0.0464355 -1.39246e-09
0.0465254 -1.71173e-09
0.0466153 -2.07039e-09
0.0467052 -2.45721e-09
0.0467951 -2.85125e-09
0.046885 -3.18575e-09
0.0469749 -3.51864e-09
0.0470649 -3.82618e-09
0.0471548 -4.08923e-09
0.0472447 -4.31686e-09
0.0473346 -4.53299e-09
0.0474245 -4.76751e-09
0.0475144 -4.98603e-09
0.0476043 -5.21135e-09
0.0476942 -5.41779e-09
0.0477841 -5.60346e-09
0.047874 -5.76893e-09
0.0479639 -5.8993e-09
0.0480538 -6.01793e-09
0.0481437 -6.10175e-09
0.0482336 -6.19905e-09
0.0483235 -6.31582e-09
0.0484134 -6.44969e-09
0.0485033 -6.54617e-09
0.0485932 -6.62181e-09
0.0486831 -6.67433e-09
0.048773 -6.71249e-09
0.0488629 -6.76008e-09
0.0489528 -6.8161e-09
0.0490427 -6.85174e-09
0.0491326 -6.87661e-09
0.0492226 -6.90285e-09
0.0493125 -6.94536e-09
0.0494024 -6.99907e-09
0.0494923 -7.01511e-09
0.0495822 -7.00775e-09
0.0496721 -6.98192e-09
0.049762 -6.98678e-09
0.0498519 -6.99979e-09
0.0499418 -7.01342e-09
0.0500317 -7.00123e-09
0.0501216 -6.95504e-09
0.0502115 -6.89785e-09
0.0503014 -6.81703e-09
0.0503913 -6.73339e-09
0.0504812 -6.66199e-09
0.0505711 -6.59391e-09
0.050661 -6.52886e-09
0.0507509 -6.501e-09
0.0508408 -6.4878e-09
0.0509307 -6.42599e-09
0.0510206 -6.35787e-09
0.0511105 -6.28461e-09
0.0512004 -6.18172e-09
0.0512903 -6.04092e-09
0.0513803 -5.89905e-09
0.0514702 -5.75954e-09
0.0515601 -5.66964e-09
0.05165 -5.56916e-09
0.0517399 -5.48712e-09
0.0518298 -5.39775e-09
0.0519197 -5.29845e-09
0.0520096 -5.17776e-09
0.0520995 -5.05248e-09
0.0521894 -4.92646e-09
0.0522793 -4.78784e-09
0.0523692 -4.67563e-09
0.0524591 -4.60277e-09
0.052549 -4.54727e-09
0.0526389 -4.47565e-09
0.0527288 -4.36737e-09
0.0528187 -4.28218e-09
0.0529086 -4.1974e-09
0.0529985 -4.16148e-09
0.0530884 -4.15874e-09
0.0531783 -4.15508e-09
0.0532682 -4.17374e-09
0.0533581 -4.24791e-09
0.053448 -4.34545e-09
0.053538 -4.4752e-09
0.0536279 -4.62019e-09
0.0537178 -4.80143e-09
0.0538077 -4.98372e-09
0.0538976 -5.16545e-09
0.0539875 -5.36197e-09
0.0540774 -5.61373e-09
0.0541673 -5.92044e-09
0.0542572 -6.27054e-09
0.0543471 -6.73071e-09
0.054437 -7.19812e-09
0.0545269 -7.60383e-09
0.0546168 -7.98768e-09
0.0547067 -8.43695e-09
0.0547966 -8.87e-09
0.0548865 -9.30276e-09
0.0549764 -9.72115e-09
0.0550663 -1.01129e-08
0.0551562 -1.0509e-08
0.0552461 -1.08672e-08
0.055336 -1.12185e-08
0.0554259 -1.1602e-08
0.0555158 -1.19828e-08
0.0556057 -1.2423e-08
0.0556956 -1.28992e-08
0.0557856 -1.33973e-08
0.0558755 -1.38734e-08
0.0559654 -1.43319e-08
0.0560553 -1.47635e-08
0.0561452 -1.51501e-08
0.0562351 -1.54777e-08
0.056325 -1.58554e-08
0.0564149 -1.61994e-08
0.0565048 -1.64466e-08
0.0565947 -1.67047e-08
0.0566846 -1.69474e-08
0.0567745 -1.72071e-08
0.0568644 -1.74693e-08
0.0569543 -1.77884e-08
0.0570442 -1.80023e-08
0.0571341 -1.81767e-08
0.057224 -1.82876e-08
0.0573139 -1.84854e-08
0.0574038 -1.87625e-08
0.0574937 -1.89403e-08
0.0575836 -1.9112e-08
0.0576735 -1.92515e-08
0.0577634 -1.92682e-08
0.0578533 -1.92818e-08
0.0579433 -1.93611e-08
0.0580332 -1.94631e-08
0.0581231 -1.95323e-08
0.058213 -1.95809e-08
0.0583029 -1.96407e-08
0.0583928 -1.96851e-08
0.0584827 -1.96623e-08
0.0585726 -1.9643e-08
0.0586625 -1.96488e-08
0.0587524 -1.96553e-08
0.0588423 -1.96888e-08
0.0589322 -1.97436e-08
0.0590221 -1.98284e-08
0.059112 -1.99418e-08
0.0592019 -2.01297e-08
0.0592918 -2.03502e-08
0.0593817 -2.05781e-08
0.0594716 -2.07604e-08
0.0595615 -2.09597e-08
0.0596514 -2.12033e-08
0.0597413 -2.14369e-08
0.0598312 -2.17243e-08
0.0599211 -2.20691e-08
0.060011 -2.23845e-08
0.060101 -2.26497e-08
0.0601909 -2.29054e-08
0.0602808 -2.32294e-08
0.0603707 -2.35939e-08
0.0604606 -2.39339e-08
0.0605505 -2.43284e-08
0.0606404 -2.47443e-08
0.0607303 -2.51277e-08
0.0608202 -2.54906e-08
0.0609101 -2.57931e-08
0.061 -2.60888e-08
0.0610899 -2.63354e-08
0.0611798 -2.65026e-08
0.0612697 -2.66713e-08
0.0613596 -2.67466e-08
0.0614495 -2.67562e-08
0.0615394 -2.67484e-08
0.0616293 -2.67665e-08
0.0617192 -2.67093e-08
0.0618091 -2.66776e-08
0.061899 -2.66434e-08
0.0619889 -2.65469e-08
0.0620788 -2.64153e-08
0.0621687 -2.62777e-08
0.0622587 -2.61315e-08
0.0623486 -2.59914e-08
0.0624385 -2.58075e-08
0.0625284 -2.55762e-08
0.0626183 -2.53803e-08
0.0627082 -2.52247e-08
0.0627981 -2.50499e-08
0.062888 -2.49099e-08
0.0629779 -2.47482e-08
0.0630678 -2.45435e-08
0.0631577 -2.42882e-08
0.0632476 -2.40876e-08
0.0633375 -2.38713e-08
0.0634274 -2.3625e-08
0.0635173 -2.34717e-08
0.0636072 -2.33365e-08
0.0636971 -2.32626e-08
0.063787 -2.32117e-08
0.0638769 -2.3155e-08
0.0639668 -2.31423e-08
0.0640567 -2.31512e-08
0.0641466 -2.32167e-08
0.0642365 -2.34185e-08
0.0643264 -2.37412e-08
0.0644164 -2.40908e-08
0.0645063 -2.43958e-08
0.0645962 -2.47175e-08
0.0646861 -2.5047e-08
0.064776 -2.53615e-08
0.0648659 -2.56769e-08
0.0649558 -2.59465e-08
0.0650457 -2.62367e-08
0.0651356 -2.6499e-08
0.0652255 -2.67999e-08
0.0653154 -2.71661e-08
0.0654053 -2.74495e-08
0.0654952 -2.77201e-08
0.0655851 -2.79311e-08
0.065675 -2.81203e-08
0.0657649 -2.82684e-08
0.0658548 -2.83646e-08
0.0659447 -2.85196e-08
0.0660346 -2.86128e-08
0.0661245 -2.85982e-08
0.0662144 -2.85814e-08
0.0663043 -2.85178e-08
0.0663942 -2.83376e-08
0.0664841 -2.81091e-08
0.0665741 -2.78948e-08
0.066664 -2.77491e-08
0.0667539 -2.7627e-08
0.0668438 -2.74692e-08
0.0669337 -2.72395e-08
0.0670236 -2.7013e-08
0.0671135 -2.67422e-08
0.0672034 -2.64099e-08
0.0672933 -2.6093e-08
0.0673832 -2.57425e-08
0.0674731 -2.54149e-08
0.067563 -2.51107e-08
0.0676529 -2.48417e-08
0.0677428 -2.45921e-08
0.0678327 -2.43327e-08
0.0679226 -2.41039e-08
0.0680125 -2.38215e-08
0.0681024 -2.35535e-08
0.0681923 -2.33197e-08
0.0682822 -2.30917e-08
0.0683721 -2.28269e-08
0.068462 -2.25507e-08
0.0685519 -2.23366e-08
0.0686418 -2.21118e-08
0.0687318 -2.19071e-08
0.0688217 -2.17042e-08
0.0689116 -2.15819e-08
0.0690015 -2.15558e-08
0.0690914 -2.15083e-08
0.0691813 -2.15361e-08
0.0692712 -2.16377e-08
0.0693611 -2.18362e-08
0.069451 -2.2042e-08
0.0695409 -2.22935e-08
0.0696308 -2.25445e-08
0.0697207 -2.284e-08
0.0698106 -2.31329e-08
0.0699005 -2.34841e-08
0.0699904 -2.40787e-08
0.0700803 -2.48671e-08
0.0701702 -2.57185e-08
0.0702601 -2.66142e-08
0.07035 -2.75291e-08
0.0704399 -2.84048e-08
0.0705298 -2.94374e-08
0.0706197 -3.04976e-08
0.0707096 -3.1453e-08
0.0707995 -3.23958e-08
0.0708895 -3.32941e-08
0.0709794 -3.40392e-08
0.0710693 -3.45824e-08
0.0711592 -3.50917e-08
0.0712491 -3.55717e-08
0.071339 -3.60575e-08
0.0714289 -3.65126e-08
0.0715188 -3.68763e-08
0.0716087 -3.72137e-08
0.0716986 -3.74684e-08
0.0717885 -3.77329e-08
0.0718784 -3.7904e-08
0.0719683 -3.80391e-08
0.0720582 -3.81581e-08
0.0721481 -3.81562e-08
0.072238 -3.80589e-08
0.0723279 -3.79048e-08
0.0724178 -3.77658e-08
0.0725077 -3.76689e-08
0.0725976 -3.75346e-08
0.0726875 -3.74198e-08
0.0727774 -3.73061e-08
0.0728673 -3.71976e-08
0.0729572 -3.70023e-08
0.0730472 -3.68293e-08
0.0731371 -3.66742e-08
0.073227 -3.65575e-08
0.0733169 -3.64209e-08
0.0734068 -3.62694e-08
0.0734967 -3.60758e-08
0.0735866 -3.58652e-08
0.0736765 -3.55815e-08
0.0737664 -3.53257e-08
0.0738563 -3.50885e-08
0.0739462 -3.48955e-08
0.0740361 -3.46956e-08
0.074126 -3.44838e-08
0.0742159 -3.42716e-08
0.0743058 -3.40843e-08
0.0743957 -3.3986e-08
0.0744856 -3.39062e-08
0.0745755 -3.37745e-08
0.0746654 -3.36576e-08
0.0747553 -3.35505e-08
0.0748452 -3.34028e-08
0.0749351 -3.32591e-08
0.075025 -3.32353e-08
0.0751149 -3.3196e-08
0.0752048 -3.31788e-08
0.0752948 -3.31314e-08
0.0753847 -3.31489e-08
0.0754746 -3.313e-08
0.0755645 -3.31786e-08
0.0756544 -3.32016e-08
0.0757443 -3.33639e-08
0.0758342 -3.36529e-08
0.0759241 -3.39412e-08
0.076014 -3.42549e-08
0.0761039 -3.45872e-08
0.0761938 -3.50114e-08
0.0762837 -3.54047e-08
0.0763736 -3.57963e-08
0.0764635 -3.60855e-08
0.0765534 -3.63752e-08
0.0766433 -3.67006e-08
0.0767332 -3.6973e-08
0.0768231 -3.71856e-08
0.076913 -3.7507e-08
0.0770029 -3.7779e-08
0.0770928 -3.80144e-08
0.0771827 -3.81556e-08
0.0772726 -3.8339e-08
0.0773625 -3.84289e-08
0.0774525 -3.8488e-08
0.0775424 -3.85243e-08
0.0776323 -3.85075e-08
0.0777222 -3.85462e-08
0.0778121 -3.86183e-08
0.077902 -3.85696e-08
0.0779919 -3.8643e-08
0.0780818 -3.85934e-08
0.0781717 -3.8555e-08
0.0782616 -3.86873e-08
0.0783515 -3.88476e-08
0.0784414 -3.90154e-08
0.0785313 -3.92324e-08
0.0786212 -3.94149e-08
0.0787111 -3.97001e-08
0.078801 -4.01158e-08
0.0788909 -4.05418e-08
0.0789808 -4.081e-08
0.0790707 -4.10085e-08
0.0791606 -4.1329e-08
0.0792505 -4.17647e-08
0.0793404 -4.21786e-08
0.0794303 -4.25587e-08
0.0795202 -4.30029e-08
0.0796102 -4.35718e-08
0.0797001 -4.41153e-08
0.07979 -4.45597e-08
0.0798799 -4.49171e-08
0.0799698 -4.53515e-08
0.0800597 -4.57268e-08
0.0801496 -4.59502e-08
0.0802395 -4.63183e-08
0.0803294 -4.66084e-08
0.0804193 -4.67838e-08
0.0805092 -4.69905e-08
0.0805991 -4.70914e-08
0.080689 -4.71252e-08
0.0807789 -4.72164e-08
0.0808688 -4.7286e-08
0.0809587 -4.72831e-08
0.0810486 -4.71905e-08
0.0811385 -4.71384e-08
0.0812284 -4.721e-08
0.0813183 -4.72693e-08
0.0814082 -4.73294e-08
0.0814981 -4.73183e-08
0.081588 -4.71915e-08
0.0816779 -4.70881e-08
0.0817679 -4.70488e-08
0.0818578 -4.70523e-08
0.0819477 -4.69005e-08
0.0820376 -4.67785e-08
0.0821275 -4.66645e-08
0.0822174 -4.67055e-08
0.0823073 -4.67105e-08
0.0823972 -4.66815e-08
0.0824871 -4.66363e-08
0.082577 -4.67469e-08
0.0826669 -4.68943e-08
0.0827568 -4.70288e-08
0.0828467 -4.70826e-08
0.0829366 -4.71647e-08
0.0830265 -4.74042e-08
0.0831164 -4.75214e-08
0.0832063 -4.76559e-08
0.0832962 -4.76292e-08
0.0833861 -4.75554e-08
0.083476 -4.75238e-08
0.0835659 -4.74809e-08
0.0836558 -4.74436e-08
0.0837457 -4.74083e-08
0.0838356 -4.73609e-08
0.0839256 -4.7257e-08
0.0840155 -4.70022e-08
0.0841054 -4.66382e-08
0.0841953 -4.63141e-08
0.0842852 -4.58656e-08
0.0843751 -4.54184e-08
0.084465 -4.50398e-08
0.0845549 -4.48281e-08
0.0846448 -4.46124e-08
0.0847347 -4.45644e-08
0.0848246 -4.45074e-08
0.0849145 -4.44817e-08
0.0850044 -4.44693e-08
0.0850943 -4.43961e-08
0.0851842 -4.42228e-08
0.0852741 -4.39706e-08
0.085364 -4.37768e-08
0.0854539 -4.36121e-08
0.0855438 -4.32312e-08
0.0856337 -4.27026e-08
0.0857236 -4.20743e-08
0.0858135 -4.15111e-08
0.0859034 -4.09634e-08
0.0859933 -4.05097e-08
0.0860833 -4.02379e-08
0.0861732 -4.0124e-08
0.0862631 -4.01919e-08
0.086353 -4.03393e-08
0.0864429 -4.07828e-08
0.0865328 -4.13938e-08
0.0866227 -4.20366e-08
0.0867126 -4.29565e-08
0.0868025 -4.39808e-08
0.0868924 -4.5362e-08
0.0869823 -4.69037e-08
0.0870722 -4.84098e-08
0.0871621 -5.02006e-08
0.087252 -5.17124e-08
0.0873419 -5.31227e-08
0.0874318 -5.43258e-08
0.0875217 -5.49462e-08
0.0876116 -5.54488e-08
0.0877015 -5.56264e-08
0.0877914 -5.54447e-08
0.0878813 -5.50999e-08
0.0879712 -5.44715e-08
0.0880611 -5.38534e-08
0.088151 -5.33348e-08
0.088241 -5.26086e-08
0.0883309 -5.21683e-08
0.0884208 -5.20946e-08
0.0885107 -5.19221e-08
0.0886006 -5.1937e-08
0.0886905 -5.20076e-08
0.0887804 -5.22896e-08
0.0888703 -5.27451e-08
0.0889602 -5.3059e-08
0.0890501 -5.33276e-08
0.08914 -5.33423e-08
0.0892299 -5.31899e-08
0.0893198 -5.30768e-08
0.0894097 -5.26562e-08
0.0894996 -5.20692e-08
0.0895895 -5.1791e-08
0.0896794 -5.13771e-08
0.0897693 -5.10914e-08
0.0898592 -5.06398e-08
0.0899491 -5.00218e-08
0.090039 -4.97508e-08
0.0901289 -4.97026e-08
0.0902188 -4.97578e-08
0.0903087 -5.01005e-08
0.0903987 -5.03859e-08
0.0904886 -5.08286e-08
0.0905785 -5.15898e-08
0.0906684 -5.22918e-08
0.0907583 -5.30229e-08
0.0908482 -5.37912e-08
0.0909381 -5.47746e-08
0.091028 -5.60846e-08
0.0911179 -5.73037e-08
0.0912078 -5.85818e-08
0.0912977 -5.94712e-08
0.0913876 -6.03137e-08
0.0914775 -6.09994e-08
0.0915674 -6.14025e-08
0.0916573 -6.15269e-08
0.0917472 -6.17909e-08
0.0918371 -6.18274e-08
0.091927 -6.22065e-08
0.0920169 -6.24841e-08
0.0921068 -6.25735e-08
0.0921967 -6.24101e-08
0.0922866 -6.22902e-08
0.0923765 -6.19438e-08
0.0924664 -6.16166e-08
0.0925564 -6.14123e-08
0.0926463 -6.10545e-08
0.0927362 -6.084e-08
0.0928261 -6.05872e-08
0.092916 -6.03208e-08
0.0930059 -5.97316e-08
0.0930958 -5.91691e-08
0.0931857 -5.86899e-08
0.0932756 -5.82805e-08
0.0933655 -5.77579e-08
0.0934554 -5.75025e-08
0.0935453 -5.73592e-08
0.0936352 -5.71998e-08
0.0937251 -5.68971e-08
0.093815 -5.65716e-08
0.0939049 -5.63539e-08
0.0939948 -5.60371e-08
0.0940847 -5.55491e-08
0.0941746 -5.50701e-08
0.0942645 -5.4855e-08
0.0943544 -5.48002e-08
0.0944443 -5.48121e-08
0.0945342 -5.4507e-08
0.0946241 -5.39864e-08
0.094714 -5.35614e-08
0.094804 -5.30377e-08
0.0948939 -5.25235e-08
0.0949838 -5.22967e-08
0.0950737 -5.20952e-08
0.0951636 -5.2464e-08
0.0952535 -5.32637e-08
0.0953434 -5.37035e-08
0.0954333 -5.38858e-08
0.0955232 -5.43123e-08
0.0956131 -5.52334e-08
0.095703 -5.63432e-08
0.0957929 -5.7733e-08
0.0958828 -5.90788e-08
0.0959727 -6.02406e-08
0.0960626 -6.11296e-08
0.0961525 -6.20006e-08
0.0962424 -6.23367e-08
0.0963323 -6.23138e-08
0.0964222 -6.23441e-08
0.0965121 -6.2481e-08
0.096602 -6.23967e-08
0.0966919 -6.19624e-08
0.0967818 -6.15675e-08
0.0968717 -6.09183e-08
0.0969617 -6.04947e-08
0.0970516 -5.99643e-08
0.0971415 -5.92573e-08
0.0972314 -5.87365e-08
0.0973213 -5.84999e-08
0.0974112 -5.87173e-08
0.0975011 -5.90656e-08
0.097591 -5.92777e-08
0.0976809 -5.96647e-08
0.0977708 -6.00209e-08
0.0978607 -6.03371e-08
0.0979506 -6.04452e-08
0.0980405 -6.0276e-08
0.0981304 -6.07055e-08
0.0982203 -6.17674e-08
0.0983102 -6.28047e-08
0.0984001 -6.36566e-08
0.09849 -6.39703e-08
0.0985799 -6.42262e-08
0.0986698 -6.46486e-08
0.0987597 -6.5292e-08
0.0988496 -6.59958e-08
0.0989395 -6.7063e-08
0.0990294 -6.85294e-08
0.0991194 -6.96596e-08
0.0992093 -7.02092e-08
0.0992992 -7.02825e-08
0.0993891 -7.02712e-08
0.099479 -7.03085e-08
0.0995689 -7.07212e-08
0.0996588 -7.11267e-08
0.0997487 -7.14444e-08
0.0998386 -7.14203e-08
0.0999285 -7.13806e-08
0.100018 -7.10834e-08
0.100108 -7.08199e-08
0.100198 -7.05217e-08
0.100288 -7.02689e-08
0.100378 -7.00671e-08
0.100468 -6.98258e-08
0.100558 -6.95992e-08
0.100648 -6.92978e-08
0.100738 -6.90296e-08
0.100828 -6.86972e-08
0.100917 -6.82371e-08
0.101007 -6.73763e-08
0.101097 -6.62278e-08
0.101187 -6.51247e-08
0.101277 -6.39757e-08
0.101367 -6.29744e-08
0.101457 -6.21382e-08
0.101547 -6.15778e-08
0.101637 -6.10055e-08
0.101727 -6.03607e-08
0.101816 -5.97102e-08
0.101906 -5.91298e-08
0.101996 -5.87336e-08
0.102086 -5.85731e-08
0.102176 -5.85316e-08
0.102266 -5.85324e-08
0.102356 -5.85247e-08
0.102446 -5.83004e-08
0.102536 -5.79925e-08
0.102626 -5.75519e-08
0.102716 -5.70198e-08
0.102805 -5.66392e-08
0.102895 -5.606e-08
0.102985 -5.54822e-08
0.103075 -5.48892e-08
0.103165 -5.46156e-08
0.103255 -5.46969e-08
0.103345 -5.48482e-08
0.103435 -5.50971e-08
0.103525 -5.55665e-08
0.103615 -5.58757e-08
0.103704 -5.60921e-08
0.103794 -5.65335e-08
0.103884 -5.69237e-08
0.103974 -5.79443e-08
0.104064 -5.87953e-08
0.104154 -5.96916e-08
0.104244 -6.01188e-08
0.104334 -6.02052e-08
0.104424 -6.01818e-08
0.104514 -5.99985e-08
0.104604 -5.95835e-08
0.104693 -5.92784e-08
0.104783 -5.90029e-08
0.104873 -5.84209e-08
0.104963 -5.76538e-08
0.105053 -5.66015e-08
0.105143 -5.5767e-08
0.105233 -5.50074e-08
0.105323 -5.44691e-08
0.105413 -5.40176e-08
0.105503 -5.38256e-08
0.105592 -5.361e-08
0.105682 -5.35828e-08
0.105772 -5.38197e-08
0.105862 -5.41991e-08
0.105952 -5.46389e-08
0.106042 -5.49012e-08
0.106132 -5.48492e-08
0.106222 -5.48058e-08
0.106312 -5.4807e-08
0.106402 -5.47836e-08
0.106491 -5.47249e-08
0.106581 -5.49199e-08
0.106671 -5.54743e-08
0.106761 -5.5259e-08
0.106851 -5.46231e-08
0.106941 -5.3936e-08
0.107031 -5.35517e-08
0.107121 -5.34253e-08
0.107211 -5.36809e-08
0.107301 -5.38163e-08
0.107391 -5.37971e-08
0.10748 -5.35198e-08
0.10757 -5.31805e-08
0.10766 -5.27109e-08
0.10775 -5.26363e-08
0.10784 -5.27483e-08
0.10793 -5.24041e-08
0.10802 -5.21238e-08
0.10811 -5.19208e-08
0.1082 -5.13886e-08
0.10829 -5.09224e-08
0.108379 -5.02907e-08
0.108469 -4.95447e-08
0.108559 -4.89195e-08
0.108649 -4.82611e-08
0.108739 -4.76837e-08
0.108829 -4.68504e-08
0.108919 -4.68775e-08
0.109009 -4.68665e-08
0.109099 -4.65946e-08
0.109189 -4.6163e-08
0.109279 -4.59239e-08
0.109368 -4.57983e-08
0.109458 -4.60419e-08
0.109548 -4.67757e-08
0.109638 -4.78244e-08
0.109728 -4.826e-08
0.109818 -4.77417e-08
0.109908 -4.74323e-08
0.109998 -4.68407e-08
0.110088 -4.75367e-08
0.110178 -4.81628e-08
0.110267 -4.97494e-08
0.110357 -5.07368e-08
0.110447 -5.13045e-08
0.110537 -5.17277e-08
0.110627 -5.14814e-08
0.110717 -5.1803e-08
0.110807 -5.32224e-08
0.110897 -5.45685e-08
0.110987 -5.59452e-08
0.111077 -5.68364e-08
0.111167 -5.7087e-08
0.111256 -5.75659e-08
0.111346 -5.77815e-08
0.111436 -5.78479e-08
0.111526 -5.75345e-08
0.111616 -5.7379e-08
0.111706 -5.758e-08
0.111796 -5.70237e-08
0.111886 -5.65173e-08
0.111976 -5.61092e-08
0.112066 -5.51291e-08
0.112155 -5.45443e-08
0.112245 -5.41439e-08
0.112335 -5.34249e-08
0.112425 -5.27093e-08
0.112515 -5.27095e-08
0.112605 -5.37899e-08
0.112695 -5.42987e-08
0.112785 -5.50591e-08
0.112875 -5.584e-08
0.112965 -5.60479e-08
0.113054 -5.63367e-08
0.113144 -5.6828e-08
0.113234 -5.73761e-08
0.113324 -5.74529e-08
0.113414 -5.72096e-08
0.113504 -5.74565e-08
0.113594 -5.64673e-08
0.113684 -5.52869e-08
0.113774 -5.45694e-08
0.113864 -5.40901e-08
0.113954 -5.37941e-08
0.114043 -5.35467e-08
0.114133 -5.34919e-08
0.114223 -5.32368e-08
0.114313 -5.25299e-08
0.114403 -5.21099e-08
0.114493 -5.17419e-08
0.114583 -5.14267e-08
0.114673 -5.11419e-08
0.114763 -5.07259e-08
0.114853 -5.03878e-08
0.114942 -4.96709e-08
0.115032 -4.89642e-08
0.115122 -4.79756e-08
0.115212 -4.69788e-08
0.115302 -4.63571e-08
0.115392 -4.61707e-08
0.115482 -4.56543e-08
0.115572 -4.494e-08
0.115662 -4.40661e-08
0.115752 -4.29635e-08
0.115842 -4.15028e-08
0.115931 -4.00626e-08
0.116021 -3.81377e-08
0.116111 -3.62891e-08
0.116201 -3.37665e-08
0.116291 -3.12536e-08
0.116381 -2.84912e-08
0.116471 -2.54962e-08
0.116561 -2.24764e-08
0.116651 -1.97758e-08
0.116741 -1.74154e-08
0.11683 -1.48789e-08
0.11692 -1.17767e-08
0.11701 -8.23129e-09
0.1171 -4.15687e-09
0.11719 5.2063e-10
0.11728 8.1687e-09
0.11737 1.61776e-08
0.11746 2.17636e-08
0.11755 2.58496e-08
0.11764 2.71925e-08
0.11773 2.82705e-08
0.117819 2.93386e-08
0.117909 3.18141e-08
0.117999 3.37978e-08
0.118089 3.55813e-08
0.118179 3.74735e-08
0.118269 3.90127e-08
0.118359 4.12476e-08
0.118449 4.29814e-08
0.118539 4.48696e-08
0.118629 4.66551e-08
0.118718 4.78572e-08
0.118808 4.93333e-08
0.118898 5.06184e-08
0.118988 5.2163e-08
0.119078 5.38698e-08
0.119168 5.55653e-08
0.119258 5.66299e-08
0.119348 5.80195e-08
0.119438 5.95749e-08
0.119528 6.14104e-08
0.119617 6.34432e-08
0.119707 6.55686e-08
0.119797 6.74301e-08
0.119887 6.89766e-08
0.119977 7.05675e-08
0.120067 7.14857e-08
0.120157 7.28506e-08
0.120247 7.37172e-08
0.120337 7.47716e-08
0.120427 7.51161e-08
0.120517 7.53897e-08
0.120606 7.56774e-08
0.120696 7.54512e-08
0.120786 7.46783e-08
0.120876 7.42147e-08
0.120966 7.36419e-08
0.121056 7.31476e-08
0.121146 7.30643e-08
0.121236 7.31885e-08
0.121326 7.40864e-08
0.121416 7.46417e-08
0.121505 7.5773e-08
0.121595 7.67384e-08
0.121685 7.72104e-08
0.121775 7.75797e-08
0.121865 7.79395e-08
0.121955 7.79021e-08
0.122045 7.78029e-08
0.122135 7.84034e-08
0.122225 7.89023e-08
0.122315 7.92525e-08
0.122405 7.9518e-08
0.122494 8.06995e-08
0.122584 8.11265e-08
0.122674 8.16678e-08
0.122764 8.26423e-08
0.122854 8.43262e-08
0.122944 8.66195e-08
0.123034 8.83076e-08
0.123124 8.94084e-08
0.123214 8.95125e-08
0.123304 8.86643e-08
0.123393 8.66859e-08
0.123483 8.54168e-08
0.123573 8.39375e-08
0.123663 8.34818e-08
0.123753 8.22357e-08
0.123843 8.12855e-08
0.123933 7.99414e-08
0.124023 7.9339e-08
0.124113 7.86683e-08
0.124203 7.86053e-08
0.124293 7.90217e-08
0.124382 7.93173e-08
0.124472 7.97817e-08
0.124562 7.94171e-08
0.124652 7.89035e-08
0.124742 7.91423e-08
0.124832 7.99597e-08
0.124922 8.06891e-08
0.125012 8.09242e-08
0.125102 8.01791e-08
0.125192 8.0466e-08
0.125281 8.04252e-08
0.125371 8.00994e-08
0.125461 8.01626e-08
0.125551 8.13688e-08
0.125641 8.37095e-08
0.125731 8.53491e-08
0.125821 8.61109e-08
0.125911 8.72196e-08
0.126001 8.8591e-08
0.126091 9.02698e-08
0.126181 9.22636e-08
0.12627 9.45758e-08
0.12636 9.58702e-08
0.12645 9.67216e-08
0.12654 9.69656e-08
0.12663 9.71094e-08
0.12672 9.69517e-08
0.12681 9.71281e-08
0.1269 9.65105e-08
0.12699 9.64377e-08
0.12708 9.63401e-08
0.127169 9.62433e-08
0.127259 9.48273e-08
0.127349 9.29343e-08
0.127439 9.23541e-08
0.127529 9.15938e-08
0.127619 9.13518e-08
0.127709 9.19977e-08
0.127799 9.24913e-08
0.127889 9.31241e-08
0.127979 9.46125e-08
0.128068 9.57191e-08
0.128158 9.61712e-08
0.128248 9.66164e-08
0.128338 9.74603e-08
0.128428 9.82743e-08
0.128518 9.84457e-08
0.128608 9.89551e-08
0.128698 9.91379e-08
0.128788 9.89045e-08
0.128878 9.86285e-08
0.128968 9.77482e-08
0.129057 9.62704e-08
0.129147 9.55652e-08
0.129237 9.50927e-08
0.129327 9.44144e-08
0.129417 9.3274e-08
0.129507 9.26975e-08
0.129597 9.29232e-08
0.129687 9.19042e-08
0.129777 9.32037e-08
0.129867 9.74445e-08
0.129956 1.06519e-07
0.130046 1.14674e-07
0.130136 1.18458e-07
0.130226 1.18633e-07
0.130316 1.16833e-07
0.130406 1.15334e-07
0.130496 1.13169e-07
0.130586 1.11063e-07
0.130676 1.08475e-07
0.130766 1.06867e-07
0.130856 1.05062e-07
0.130945 1.04575e-07
0.131035 1.03675e-07
0.131125 1.0308e-07
0.131215 1.0178e-07
0.131305 1.03258e-07
0.131395 1.0706e-07
0.131485 1.11896e-07
0.131575 1.17887e-07
0.131665 1.21893e-07
0.131755 1.25684e-07
0.131844 1.27523e-07
0.131934 1.28546e-07
0.132024 1.28182e-07
0.132114 1.26316e-07
0.132204 1.24361e-07
0.132294 1.23183e-07
0.132384 1.20661e-07
0.132474 1.17614e-07
0.132564 1.12778e-07
0.132654 1.08133e-07
0.132744 1.03162e-07
0.132833 9.8617e-08
0.132923 9.58313e-08
0.133013 9.44863e-08
0.133103 9.4893e-08
0.133193 9.52869e-08
0.133283 9.62689e-08
0.133373 9.71732e-08
0.133463 9.86154e-08
0.133553 1.00472e-07
0.133643 1.04726e-07
0.133732 1.08815e-07
0.133822 1.15402e-07
0.133912 1.20439e-07
0.134002 1.23593e-07
0.134092 1.25934e-07
0.134182 1.27525e-07
0.134272 1.28161e-07
0.134362 1.28579e-07
0.134452 1.28497e-07
0.134542 1.27546e-07
0.134631 1.26766e-07
0.134721 1.25666e-07
0.134811 1.24936e-07
