-0.134811 5.3483e-07
-0.134721 5.36629e-07
-0.134631 5.37152e-07
-0.134542 5.37337e-07
-0.134452 5.39391e-07
-0.134362 5.43091e-07
-0.134272 4.38702e-07
-0.134182 3.40432e-07
-0.134092 2.63983e-07
-0.134002 2.68778e-07
-0.133912 2.71072e-07
-0.133822 2.74418e-07
-0.133732 2.77638e-07
-0.133642 2.79392e-07
-0.133553 2.81516e-07
-0.133463 2.83488e-07
-0.133373 2.85625e-07
-0.133283 2.85789e-07
-0.133193 2.85202e-07
-0.133103 2.85294e-07
-0.133013 2.86232e-07
-0.132923 2.86146e-07
-0.132833 2.86861e-07
-0.132743 2.8757e-07
-0.132654 2.88743e-07
-0.132564 2.9059e-07
-0.132474 2.91926e-07
-0.132384 2.9416e-07
-0.132294 2.99645e-07
-0.132204 3.04542e-07
-0.132114 3.06968e-07
-0.132024 3.04914e-07
-0.131934 3.03172e-07
-0.131844 3.01735e-07
-0.131754 2.9988e-07
-0.131665 2.98979e-07
-0.131575 2.98253e-07
-0.131485 2.97618e-07
-0.131395 2.96588e-07
-0.131305 2.9442e-07
-0.131215 2.91473e-07
-0.131125 2.87933e-07
-0.131035 2.84046e-07
-0.130945 2.80668e-07
-0.130855 2.76696e-07
-0.130766 2.72171e-07
-0.130676 2.67727e-07
-0.130586 2.62838e-07
-0.130496 2.60857e-07
-0.130406 2.60324e-07
-0.130316 2.58981e-07
-0.130226 2.55492e-07
-0.130136 2.52069e-07
-0.130046 2.48358e-07
-0.129956 2.44592e-07
-0.129867 2.44475e-07
-0.129777 2.44521e-07
-0.129687 2.46275e-07
-0.129597 2.49149e-07
-0.129507 1.47145e-07
-0.129417 4.87973e-08
-0.129327 -5.22383e-08
-0.129237 -5.38726e-08
-0.129147 -5.39865e-08
-0.129057 -5.33796e-08
-0.128967 -5.39211e-08
-0.128878 -5.40597e-08
-0.128788 -5.30353e-08
-0.128698 -5.30224e-08
-0.128608 -5.29175e-08
-0.128518 -5.2985e-08
-0.128428 -5.30725e-08
-0.128338 -5.51363e-08
-0.128248 -5.67157e-08
-0.128158 -5.68629e-08
-0.128068 -5.75944e-08
-0.127979 -5.6084e-08
-0.127889 -5.40408e-08
-0.127799 -5.67693e-08
-0.127709 -5.86673e-08
-0.127619 -5.70378e-08
-0.127529 -5.57132e-08
-0.127439 -5.36413e-08
-0.127349 -5.26244e-08
-0.127259 -5.02105e-08
-0.127169 -4.7932e-08
-0.127079 -4.55714e-08
-0.12699 -4.40139e-08
-0.1269 -4.3525e-08
-0.12681 -4.17242e-08
-0.12672 -3.94858e-08
-0.12663 -3.65568e-08
-0.12654 -3.4075e-08
-0.12645 -3.22971e-08
-0.12636 -3.05436e-08
-0.12627 -3.07831e-08
-0.12618 -3.2045e-08
-0.126091 -3.41201e-08
-0.126001 -3.72945e-08
-0.125911 -3.94752e-08
-0.125821 -4.10165e-08
-0.125731 -4.30309e-08
-0.125641 -4.57085e-08
-0.125551 -4.78743e-08
-0.125461 -4.93333e-08
-0.125371 -4.94347e-08
-0.125281 -4.949e-08
-0.125191 -4.93923e-08
-0.125102 -4.90456e-08
-0.125012 -4.89169e-08
-0.124922 -4.87264e-08
-0.124832 -4.86311e-08
-0.124742 -4.90975e-08
-0.124652 -4.96884e-08
-0.124562 -4.99524e-08
-0.124472 -5.01173e-08
-0.124382 -5.02243e-08
-0.124292 -5.10446e-08
-0.124203 -5.16817e-08
-0.124113 -5.25493e-08
-0.124023 -5.39016e-08
-0.123933 -5.51782e-08
-0.123843 -5.67439e-08
-0.123753 -5.86509e-08
-0.123663 -5.97244e-08
-0.123573 -6.07977e-08
-0.123483 -5.96126e-08
-0.123393 -5.78198e-08
-0.123304 -5.64158e-08
-0.123214 -5.46518e-08
-0.123124 -5.4438e-08
-0.123034 -5.34553e-08
-0.122944 -5.19896e-08
-0.122854 -5.06775e-08
-0.122764 -4.99623e-08
-0.122674 -4.94723e-08
-0.122584 -4.91733e-08
-0.122494 -4.86546e-08
-0.122404 -4.86183e-08
-0.122315 -4.83294e-08
-0.122225 -4.82639e-08
-0.122135 -4.82095e-08
-0.122045 -4.8015e-08
-0.121955 -4.89157e-08
-0.121865 -5.08279e-08
-0.121775 -5.29759e-08
-0.121685 -5.4623e-08
-0.121595 -5.64131e-08
-0.121505 -5.84625e-08
-0.121416 -6.01203e-08
-0.121326 -6.09113e-08
-0.121236 -6.1941e-08
-0.121146 -6.26306e-08
-0.121056 -6.38474e-08
-0.120966 -6.45891e-08
-0.120876 -6.48425e-08
-0.120786 -6.49235e-08
-0.120696 -6.45616e-08
-0.120606 -6.42736e-08
-0.120516 -6.4578e-08
-0.120427 -6.49901e-08
-0.120337 -6.59136e-08
-0.120247 -6.65767e-08
-0.120157 -6.5814e-08
-0.120067 -6.46736e-08
-0.119977 -6.13227e-08
-0.119887 -5.89229e-08
-0.119797 -5.74995e-08
-0.119707 -5.76609e-08
-0.119617 -5.80033e-08
-0.119528 -5.77359e-08
-0.119438 -5.68882e-08
-0.119348 -5.65005e-08
-0.119258 -5.59122e-08
-0.119168 -5.58573e-08
-0.119078 -5.62276e-08
-0.118988 -5.60981e-08
-0.118898 -5.61446e-08
-0.118808 -5.5818e-08
-0.118718 -5.49078e-08
-0.118628 -5.3514e-08
-0.118539 -5.2453e-08
-0.118449 -5.18131e-08
-0.118359 -5.14947e-08
-0.118269 -5.11367e-08
-0.118179 -5.11965e-08
-0.118089 -5.09372e-08
-0.117999 -5.10629e-08
-0.117909 -5.13746e-08
-0.117819 -5.14489e-08
-0.117729 -5.22173e-08
-0.11764 -5.35333e-08
-0.11755 -5.46972e-08
-0.11746 -5.53257e-08
-0.11737 -5.6013e-08
-0.11728 -5.66717e-08
-0.11719 -5.72741e-08
-0.1171 -5.77495e-08
-0.11701 -5.81805e-08
-0.11692 -5.85779e-08
-0.11683 -5.91694e-08
-0.116741 -5.98399e-08
-0.116651 -6.03546e-08
-0.116561 -6.06181e-08
-0.116471 -6.13766e-08
-0.116381 -6.19418e-08
-0.116291 -6.19543e-08
-0.116201 -6.11333e-08
-0.116111 -5.98485e-08
-0.116021 -5.83593e-08
-0.115931 -5.69208e-08
-0.115841 -5.50756e-08
-0.115752 -5.30574e-08
-0.115662 -5.11842e-08
-0.115572 -5.01309e-08
-0.115482 -4.90119e-08
-0.115392 -4.81348e-08
-0.115302 -4.77686e-08
-0.115212 -4.78966e-08
-0.115122 -4.89163e-08
-0.115032 -5.0195e-08
-0.114942 -5.13203e-08
-0.114853 -5.25327e-08
-0.114763 -5.35155e-08
-0.114673 -5.44384e-08
-0.114583 -5.54045e-08
-0.114493 -5.67015e-08
-0.114403 -5.84551e-08
-0.114313 -5.97387e-08
-0.114223 -6.06235e-08
-0.114133 -6.13887e-08
-0.114043 -6.22114e-08
-0.113953 -6.27142e-08
-0.113864 -6.32987e-08
-0.113774 -6.37189e-08
-0.113684 -6.44369e-08
-0.113594 -6.4917e-08
-0.113504 -6.50366e-08
-0.113414 -6.44789e-08
-0.113324 -6.37268e-08
-0.113234 -6.32102e-08
-0.113144 -6.2695e-08
-0.113054 -6.19082e-08
-0.112965 -6.08642e-08
-0.112875 -6.01773e-08
-0.112785 -5.97993e-08
-0.112695 -5.95961e-08
-0.112605 -5.91917e-08
-0.112515 -5.92523e-08
-0.112425 -5.96557e-08
-0.112335 -6.05662e-08
-0.112245 -6.15979e-08
-0.112155 -6.25641e-08
-0.112065 -6.3438e-08
-0.111976 -6.4285e-08
-0.111886 -6.50171e-08
-0.111796 -6.5386e-08
-0.111706 -6.5507e-08
-0.111616 -6.54487e-08
-0.111526 -6.52365e-08
-0.111436 -6.46288e-08
-0.111346 -6.39073e-08
-0.111256 -6.31498e-08
-0.111166 -6.28183e-08
-0.111077 -6.24481e-08
-0.110987 -6.2101e-08
-0.110897 -6.16778e-08
-0.110807 -6.15612e-08
-0.110717 -6.14721e-08
-0.110627 -6.18233e-08
-0.110537 -6.24222e-08
-0.110447 -6.31986e-08
-0.110357 -6.40695e-08
-0.110267 -6.49451e-08
-0.110178 -6.55353e-08
-0.110088 -6.60191e-08
-0.109998 -6.64336e-08
-0.109908 -6.72918e-08
-0.109818 -6.83344e-08
-0.109728 -6.94639e-08
-0.109638 -7.06222e-08
-0.109548 -7.16301e-08
-0.109458 -7.2474e-08
-0.109368 -7.29902e-08
-0.109278 -7.35083e-08
-0.109189 -7.42296e-08
-0.109099 -7.50728e-08
-0.109009 -7.59464e-08
-0.108919 -7.64615e-08
-0.108829 -7.66978e-08
-0.108739 -7.63744e-08
-0.108649 -7.56121e-08
-0.108559 -7.44021e-08
-0.108469 -7.29914e-08
-0.108379 -7.18865e-08
-0.10829 -7.12155e-08
-0.1082 -7.06245e-08
-0.10811 -6.95863e-08
-0.10802 -6.83727e-08
-0.10793 -6.7273e-08
-0.10784 -6.674e-08
-0.10775 -6.6526e-08
-0.10766 -6.68217e-08
-0.10757 -6.73185e-08
-0.10748 -6.81858e-08
-0.10739 -6.89138e-08
-0.107301 -6.96517e-08
-0.107211 -7.02125e-08
-0.107121 -7.08346e-08
-0.107031 -7.19133e-08
-0.106941 -7.27834e-08
-0.106851 -7.37231e-08
-0.106761 -7.46698e-08
-0.106671 -7.57329e-08
-0.106581 -7.65006e-08
-0.106491 -7.71515e-08
-0.106402 -7.76411e-08
-0.106312 -7.82238e-08
-0.106222 -7.84768e-08
-0.106132 -7.88761e-08
-0.106042 -7.88886e-08
-0.105952 -7.88959e-08
-0.105862 -7.90658e-08
-0.105772 -7.8897e-08
-0.105682 -7.82008e-08
-0.105592 -7.7544e-08
-0.105502 -7.71017e-08
-0.105413 -7.68893e-08
-0.105323 -7.67307e-08
-0.105233 -7.66648e-08
-0.105143 -7.65558e-08
-0.105053 -7.65198e-08
-0.104963 -7.67748e-08
-0.104873 -7.68686e-08
-0.104783 -7.69813e-08
-0.104693 -7.73293e-08
-0.104603 -7.80897e-08
-0.104514 -7.87065e-08
-0.104424 -7.94441e-08
-0.104334 -8.01748e-08
-0.104244 -8.07972e-08
-0.104154 -8.11031e-08
-0.104064 -8.13061e-08
-0.103974 -8.15362e-08
-0.103884 -8.16874e-08
-0.103794 -8.21832e-08
-0.103704 -8.26167e-08
-0.103614 -8.27214e-08
-0.103525 -8.25859e-08
-0.103435 -8.22276e-08
-0.103345 -8.16794e-08
-0.103255 -8.11701e-08
-0.103165 -8.10011e-08
-0.103075 -8.13312e-08
-0.102985 -8.16606e-08
-0.102895 -8.17474e-08
-0.102805 -8.18104e-08
-0.102715 -8.18176e-08
-0.102626 -8.19436e-08
-0.102536 -8.22987e-08
-0.102446 -8.28168e-08
-0.102356 -8.35057e-08
-0.102266 -8.40216e-08
-0.102176 -8.45606e-08
-0.102086 -8.50041e-08
-0.101996 -8.53299e-08
-0.101906 -8.56715e-08
-0.101816 -8.62868e-08
-0.101727 -8.68094e-08
-0.101637 -8.73179e-08
-0.101547 -8.80263e-08
-0.101457 -8.88213e-08
-0.101367 -8.9449e-08
-0.101277 -9.00839e-08
-0.101187 -9.0343e-08
-0.101097 -9.04458e-08
-0.101007 -9.03068e-08
-0.100917 -9.00388e-08
-0.100827 -8.99522e-08
-0.100738 -8.93983e-08
-0.100648 -8.88345e-08
-0.100558 -8.82226e-08
-0.100468 -8.71663e-08
-0.100378 -8.63104e-08
-0.100288 -8.57518e-08
-0.100198 -8.53129e-08
-0.100108 -8.50545e-08
-0.100018 -8.48613e-08
-0.0999284 -8.50836e-08
-0.0998385 -8.53706e-08
-0.0997486 -8.57161e-08
-0.0996587 -8.62025e-08
-0.0995688 -8.65388e-08
-0.0994789 -8.71791e-08
-0.099389 -8.79932e-08
-0.0992991 -8.85241e-08
-0.0992092 -8.89207e-08
-0.0991193 -8.94018e-08
-0.0990294 -9.00004e-08
-0.0989395 -9.04925e-08
-0.0988496 -9.08065e-08
-0.0987597 -9.11148e-08
-0.0986698 -9.15456e-08
-0.0985799 -9.20598e-08
-0.09849 -9.26895e-08
-0.0984001 -9.32127e-08
-0.0983102 -9.38201e-08
-0.0982202 -9.43513e-08
-0.0981303 -9.45879e-08
-0.0980404 -9.49747e-08
-0.0979505 -9.51427e-08
-0.0978606 -9.5143e-08
-0.0977707 -9.52078e-08
-0.0976808 -9.49156e-08
-0.0975909 -9.42201e-08
-0.097501 -9.37371e-08
-0.0974111 -9.31026e-08
-0.0973212 -9.23241e-08
-0.0972313 -9.14741e-08
-0.0971414 -9.10007e-08
-0.0970515 -9.07435e-08
-0.0969616 -9.05493e-08
-0.0968717 -9.05306e-08
-0.0967818 -9.04271e-08
-0.0966919 -9.03581e-08
-0.096602 -9.04725e-08
-0.0965121 -9.05734e-08
-0.0964222 -9.04193e-08
-0.0963323 -9.05474e-08
-0.0962424 -9.10216e-08
-0.0961525 -9.16411e-08
-0.0960626 -9.21809e-08
-0.0959726 -9.25147e-08
-0.0958827 -9.26e-08
-0.0957928 -9.26013e-08
-0.0957029 -9.23606e-08
-0.095613 -9.21332e-08
-0.0955231 -9.22541e-08
-0.0954332 -9.27113e-08
-0.0953433 -9.3398e-08
-0.0952534 -9.33693e-08
-0.0951635 -9.30428e-08
-0.0950736 -9.24721e-08
-0.0949837 -9.22173e-08
-0.0948938 -9.17118e-08
-0.0948039 -9.11138e-08
-0.094714 -9.0575e-08
-0.0946241 -9.02161e-08
-0.0945342 -8.96743e-08
-0.0944443 -8.91585e-08
-0.0943544 -8.85992e-08
-0.0942645 -8.82037e-08
-0.0941746 -8.81696e-08
-0.0940847 -8.83423e-08
-0.0939948 -8.83538e-08
-0.0939049 -8.82393e-08
-0.0938149 -8.82685e-08
-0.093725 -8.85826e-08
-0.0936351 -8.90354e-08
-0.0935452 -8.96294e-08
-0.0934553 -9.05659e-08
-0.0933654 -9.14353e-08
-0.0932755 -9.21093e-08
-0.0931856 -9.29183e-08
-0.0930957 -9.38713e-08
-0.0930058 -9.46429e-08
-0.0929159 -9.54954e-08
-0.092826 -9.61251e-08
-0.0927361 -9.68195e-08
-0.0926462 -9.72338e-08
-0.0925563 -9.74154e-08
-0.0924664 -9.71719e-08
-0.0923765 -9.6624e-08
-0.0922866 -9.59038e-08
-0.0921967 -9.53855e-08
-0.0921068 -9.46243e-08
-0.0920169 -9.35719e-08
-0.091927 -9.23654e-08
-0.0918371 -9.1113e-08
-0.0917472 -9.03145e-08
-0.0916572 -8.96129e-08
-0.0915673 -8.90504e-08
-0.0914774 -8.88113e-08
-0.0913875 -8.88564e-08
-0.0912976 -8.90636e-08
-0.0912077 -8.9044e-08
-0.0911178 -8.89089e-08
-0.0910279 -8.89253e-08
-0.090938 -8.91092e-08
-0.0908481 -8.97623e-08
-0.0907582 -9.04372e-08
-0.0906683 -9.09775e-08
-0.0905784 -9.14939e-08
-0.0904885 -9.19947e-08
-0.0903986 -9.21253e-08
-0.0903087 -9.26796e-08
-0.0902188 -9.32773e-08
-0.0901289 -9.39083e-08
-0.090039 -9.43967e-08
-0.0899491 -9.46377e-08
-0.0898592 -9.43075e-08
-0.0897693 -9.34963e-08
-0.0896794 -9.20566e-08
-0.0895895 -9.00292e-08
-0.0894995 -8.72683e-08
-0.0894096 -8.45303e-08
-0.0893197 -8.22867e-08
-0.0892298 -7.97424e-08
-0.0891399 -7.81745e-08
-0.08905 -7.69598e-08
-0.0889601 -7.60941e-08
-0.0888702 -7.58149e-08
-0.0887803 -7.60025e-08
-0.0886904 -7.64831e-08
-0.0886005 -7.7212e-08
-0.0885106 -7.81732e-08
-0.0884207 -7.92997e-08
-0.0883308 -8.03011e-08
-0.0882409 -8.11475e-08
-0.088151 -8.17657e-08
-0.0880611 -8.2233e-08
-0.0879712 -8.25618e-08
-0.0878813 -8.29047e-08
-0.0877914 -8.33152e-08
-0.0877015 -8.37809e-08
-0.0876116 -8.42626e-08
-0.0875217 -8.45549e-08
-0.0874318 -8.48548e-08
-0.0873418 -8.49085e-08
-0.0872519 -8.491e-08
-0.087162 -8.48687e-08
-0.0870721 -8.47851e-08
-0.0869822 -8.46768e-08
-0.0868923 -8.4784e-08
-0.0868024 -8.49344e-08
-0.0867125 -8.47042e-08
-0.0866226 -8.4301e-08
-0.0865327 -8.39696e-08
-0.0864428 -8.3731e-08
-0.0863529 -8.32333e-08
-0.086263 -8.27916e-08
-0.0861731 -8.21655e-08
-0.0860832 -8.16916e-08
-0.0859933 -8.11467e-08
-0.0859034 -8.0693e-08
-0.0858135 -8.01109e-08
-0.0857236 -7.95698e-08
-0.0856337 -7.95284e-08
-0.0855438 -7.9678e-08
-0.0854539 -7.97392e-08
-0.085364 -7.99365e-08
-0.0852741 -8.02859e-08
-0.0851841 -8.05126e-08
-0.0850942 -8.06088e-08
-0.0850043 -8.08058e-08
-0.0849144 -8.09191e-08
-0.0848245 -8.09706e-08
-0.0847346 -8.11174e-08
-0.0846447 -8.12409e-08
-0.0845548 -8.1255e-08
-0.0844649 -8.12015e-08
-0.084375 -8.09986e-08
-0.0842851 -8.06832e-08
-0.0841952 -8.04415e-08
-0.0841053 -8.05507e-08
-0.0840154 -8.09412e-08
-0.0839255 -8.13314e-08
-0.0838356 -8.17384e-08
-0.0837457 -8.22095e-08
-0.0836558 -8.2565e-08
-0.0835659 -8.27745e-08
-0.083476 -8.26891e-08
-0.0833861 -8.26079e-08
-0.0832962 -8.25046e-08
-0.0832063 -8.2259e-08
-0.0831164 -8.20625e-08
-0.0830264 -8.2039e-08
-0.0829365 -8.18917e-08
-0.0828466 -8.18008e-08
-0.0827567 -8.18031e-08
-0.0826668 -8.16372e-08
-0.0825769 -8.15708e-08
-0.082487 -8.18216e-08
-0.0823971 -8.19973e-08
-0.0823072 -8.20129e-08
-0.0822173 -8.21823e-08
-0.0821274 -8.24197e-08
-0.0820375 -8.25101e-08
-0.0819476 -8.23348e-08
-0.0818577 -8.21838e-08
-0.0817678 -8.19217e-08
-0.0816779 -8.14718e-08
-0.081588 -8.10327e-08
-0.0814981 -8.04608e-08
-0.0814082 -7.98029e-08
-0.0813183 -7.94363e-08
-0.0812284 -7.9099e-08
-0.0811385 -7.85902e-08
-0.0810486 -7.81319e-08
-0.0809587 -7.76998e-08
-0.0808687 -7.73588e-08
-0.0807788 -7.70062e-08
-0.0806889 -7.67387e-08
-0.080599 -7.66414e-08
-0.0805091 -7.66621e-08
-0.0804192 -7.64966e-08
-0.0803293 -7.62956e-08
-0.0802394 -7.59726e-08
-0.0801495 -7.58308e-08
-0.0800596 -7.57373e-08
-0.0799697 -7.54902e-08
-0.0798798 -7.5131e-08
-0.0797899 -7.45923e-08
-0.0797 -7.39479e-08
-0.0796101 -7.31941e-08
-0.0795202 -7.23875e-08
-0.0794303 -7.15206e-08
-0.0793404 -7.07773e-08
-0.0792505 -7.00418e-08
-0.0791606 -6.92312e-08
-0.0790707 -6.84368e-08
-0.0789808 -6.78109e-08
-0.0788909 -6.71086e-08
-0.078801 -6.63777e-08
-0.078711 -6.57768e-08
-0.0786211 -6.51798e-08
-0.0785312 -6.45293e-08
-0.0784413 -6.38542e-08
-0.0783514 -6.31862e-08
-0.0782615 -6.26342e-08
-0.0781716 -6.21314e-08
-0.0780817 -6.18003e-08
-0.0779918 -6.13828e-08
-0.0779019 -6.09485e-08
-0.077812 -6.0767e-08
-0.0777221 -6.08013e-08
-0.0776322 -6.08608e-08
-0.0775423 -6.10914e-08
-0.0774524 -6.13901e-08
-0.0773625 -6.18084e-08
-0.0772726 -6.23315e-08
-0.0771827 -6.28543e-08
-0.0770928 -6.3225e-08
-0.0770029 -6.36518e-08
-0.076913 -6.40743e-08
-0.0768231 -6.44257e-08
-0.0767332 -6.46533e-08
-0.0766433 -6.47806e-08
-0.0765534 -6.48659e-08
-0.0764634 -6.49856e-08
-0.0763735 -6.50891e-08
-0.0762836 -6.51981e-08
-0.0761937 -6.52694e-08
-0.0761038 -6.53498e-08
-0.0760139 -6.54221e-08
-0.075924 -6.5414e-08
-0.0758341 -6.54475e-08
-0.0757442 -6.54416e-08
-0.0756543 -6.53555e-08
-0.0755644 -6.52263e-08
-0.0754745 -6.51128e-08
-0.0753846 -6.49564e-08
-0.0752947 -6.47852e-08
-0.0752048 -6.45592e-08
-0.0751149 -6.42687e-08
-0.075025 -6.40167e-08
-0.0749351 -6.37515e-08
-0.0748452 -6.34809e-08
-0.0747553 -6.32615e-08
-0.0746654 -6.31125e-08
-0.0745755 -6.30258e-08
-0.0744856 -6.3032e-08
-0.0743957 -6.30658e-08
-0.0743057 -6.31254e-08
-0.0742158 -6.32457e-08
-0.0741259 -6.33886e-08
-0.074036 -6.35436e-08
-0.0739461 -6.36036e-08
-0.0738562 -6.3661e-08
-0.0737663 -6.37165e-08
-0.0736764 -6.37487e-08
-0.0735865 -6.38203e-08
-0.0734966 -6.38547e-08
-0.0734067 -6.39004e-08
-0.0733168 -6.39437e-08
-0.0732269 -6.39474e-08
-0.073137 -6.39404e-08
-0.0730471 -6.39172e-08
-0.0729572 -6.39275e-08
-0.0728673 -6.39719e-08
-0.0727774 -6.40283e-08
-0.0726875 -6.40691e-08
-0.0725976 -6.40347e-08
-0.0725077 -6.39558e-08
-0.0724178 -6.38171e-08
-0.0723279 -6.35979e-08
-0.072238 -6.3352e-08
-0.072148 -6.29499e-08
-0.0720581 -6.24491e-08
-0.0719682 -6.18858e-08
-0.0718783 -6.13783e-08
-0.0717884 -6.0917e-08
-0.0716985 -6.03137e-08
-0.0716086 -5.97791e-08
-0.0715187 -5.93113e-08
-0.0714288 -5.89638e-08
-0.0713389 -5.86861e-08
-0.071249 -5.84418e-08
-0.0711591 -5.8318e-08
-0.0710692 -5.83308e-08
-0.0709793 -5.84624e-08
-0.0708894 -5.87068e-08
-0.0707995 -5.88794e-08
-0.0707096 -5.89952e-08
-0.0706197 -5.90964e-08
-0.0705298 -5.92445e-08
-0.0704399 -5.93711e-08
-0.07035 -5.94828e-08
-0.0702601 -5.9529e-08
-0.0701702 -5.95627e-08
-0.0700803 -5.95806e-08
-0.0699903 -5.9684e-08
-0.0699004 -5.98677e-08
-0.0698105 -5.99462e-08
-0.0697206 -6.00324e-08
-0.0696307 -6.0247e-08
-0.0695408 -6.04632e-08
-0.0694509 -6.04975e-08
-0.069361 -6.05573e-08
-0.0692711 -6.05497e-08
-0.0691812 -6.04932e-08
-0.0690913 -6.03695e-08
-0.0690014 -6.0168e-08
-0.0689115 -5.97748e-08
-0.0688216 -5.91898e-08
-0.0687317 -5.86159e-08
-0.0686418 -5.81024e-08
-0.0685519 -5.74712e-08
-0.068462 -5.6867e-08
-0.0683721 -5.60813e-08
-0.0682822 -5.53797e-08
-0.0681923 -5.48298e-08
-0.0681024 -5.41965e-08
-0.0680125 -5.32925e-08
-0.0679226 -5.20296e-08
-0.0678326 -5.0293e-08
-0.0677427 -4.84307e-08
-0.0676528 -4.61106e-08
-0.0675629 -4.3672e-08
-0.067473 -4.13625e-08
-0.0673831 -3.90235e-08
-0.0672932 -3.68618e-08
-0.0672033 -3.42876e-08
-0.0671134 -3.16591e-08
-0.0670235 -2.9405e-08
-0.0669336 -2.73795e-08
-0.0668437 -2.57118e-08
-0.0667538 -2.43492e-08
-0.0666639 -2.30584e-08
-0.066574 -2.20524e-08
-0.0664841 -2.10466e-08
-0.0663942 -2.00972e-08
-0.0663043 -1.909e-08
-0.0662144 -1.82065e-08
-0.0661245 -1.75892e-08
-0.0660346 -1.6964e-08
-0.0659447 -1.646e-08
-0.0658548 -1.59919e-08
-0.0657649 -1.54631e-08
-0.0656749 -1.50229e-08
-0.065585 -1.47669e-08
-0.0654951 -1.46097e-08
-0.0654052 -1.43471e-08
-0.0653153 -1.42579e-08
-0.0652254 -1.43289e-08
-0.0651355 -1.44296e-08
-0.0650456 -1.45453e-08
-0.0649557 -1.46811e-08
-0.0648658 -1.48761e-08
-0.0647759 -1.5082e-08
-0.064686 -1.5321e-08
-0.0645961 -1.55308e-08
-0.0645062 -1.57014e-08
-0.0644163 -1.59241e-08
-0.0643264 -1.61777e-08
-0.0642365 -1.64176e-08
-0.0641466 -1.661e-08
-0.0640567 -1.68179e-08
-0.0639668 -1.69976e-08
-0.0638769 -1.71546e-08
-0.063787 -1.73273e-08
-0.0636971 -1.75178e-08
-0.0636072 -1.7727e-08
-0.0635172 -1.79165e-08
-0.0634273 -1.81017e-08
-0.0633374 -1.83407e-08
-0.0632475 -1.85752e-08
-0.0631576 -1.8709e-08
-0.0630677 -1.88151e-08
-0.0629778 -1.8922e-08
-0.0628879 -1.90306e-08
-0.062798 -1.91661e-08
-0.0627081 -1.93125e-08
-0.0626182 -1.94648e-08
-0.0625283 -1.9609e-08
-0.0624384 -1.98066e-08
-0.0623485 -1.99923e-08
-0.0622586 -2.01636e-08
-0.0621687 -2.03219e-08
-0.0620788 -2.048e-08
-0.0619889 -2.0649e-08
-0.061899 -2.08437e-08
-0.0618091 -2.10387e-08
-0.0617192 -2.12056e-08
-0.0616293 -2.13392e-08
-0.0615394 -2.14312e-08
-0.0614495 -2.15059e-08
-0.0613595 -2.15909e-08
-0.0612696 -2.17e-08
-0.0611797 -2.17788e-08
-0.0610898 -2.18579e-08
-0.0609999 -2.19634e-08
-0.06091 -2.21104e-08
-0.0608201 -2.22675e-08
-0.0607302 -2.24383e-08
-0.0606403 -2.26138e-08
-0.0605504 -2.27975e-08
-0.0604605 -2.29543e-08
-0.0603706 -2.30546e-08
-0.0602807 -2.31215e-08
-0.0601908 -2.3201e-08
-0.0601009 -2.32879e-08
-0.060011 -2.33806e-08
-0.0599211 -2.34596e-08
-0.0598312 -2.35696e-08
-0.0597413 -2.36682e-08
-0.0596514 -2.37649e-08
-0.0595615 -2.38681e-08
-0.0594716 -2.39949e-08
-0.0593817 -2.41393e-08
-0.0592918 -2.4265e-08
-0.0592018 -2.43723e-08
-0.0591119 -2.45291e-08
-0.059022 -2.46521e-08
-0.0589321 -2.47525e-08
-0.0588422 -2.4811e-08
-0.0587523 -2.48506e-08
-0.0586624 -2.48601e-08
-0.0585725 -2.48709e-08
-0.0584826 -2.48885e-08
-0.0583927 -2.48912e-08
-0.0583028 -2.48804e-08
-0.0582129 -2.48742e-08
-0.058123 -2.48712e-08
-0.0580331 -2.48869e-08
-0.0579432 -2.48959e-08
-0.0578533 -2.49244e-08
-0.0577634 -2.49065e-08
-0.0576735 -2.48502e-08
-0.0575836 -2.47411e-08
-0.0574937 -2.45944e-08
-0.0574038 -2.43955e-08
-0.0573139 -2.41452e-08
-0.057224 -2.38756e-08
-0.0571341 -2.35769e-08
-0.0570442 -2.32419e-08
-0.0569542 -2.28879e-08
-0.0568643 -2.25299e-08
-0.0567744 -2.22007e-08
-0.0566845 -2.18986e-08
-0.0565946 -2.15808e-08
-0.0565047 -2.12925e-08
-0.0564148 -2.09842e-08
-0.0563249 -2.06574e-08
-0.056235 -2.03419e-08
-0.0561451 -2.00086e-08
-0.0560552 -1.96869e-08
-0.0559653 -1.93552e-08
-0.0558754 -1.90216e-08
-0.0557855 -1.87311e-08
-0.0556956 -1.84266e-08
-0.0556057 -1.81169e-08
-0.0555158 -1.78014e-08
-0.0554259 -1.75217e-08
-0.055336 -1.72579e-08
-0.0552461 -1.70232e-08
-0.0551562 -1.67623e-08
-0.0550663 -1.6492e-08
-0.0549764 -1.623e-08
-0.0548865 -1.60026e-08
-0.0547965 -1.57929e-08
-0.0547066 -1.55915e-08
-0.0546167 -1.52853e-08
-0.0545268 -1.49242e-08
-0.0544369 -1.45459e-08
-0.054347 -1.41315e-08
-0.0542571 -1.37548e-08
-0.0541672 -1.3375e-08
-0.0540773 -1.29691e-08
-0.0539874 -1.26149e-08
-0.0538975 -1.22343e-08
-0.0538076 -1.18506e-08
-0.0537177 -1.1455e-08
-0.0536278 -1.10465e-08
-0.0535379 -1.0629e-08
-0.053448 -1.02276e-08
-0.0533581 -9.84492e-09
-0.0532682 -9.43938e-09
-0.0531783 -9.05477e-09
-0.0530884 -8.72804e-09
-0.0529985 -8.457e-09
-0.0529086 -8.19929e-09
-0.0528187 -7.94061e-09
-0.0527288 -7.68381e-09
-0.0526388 -7.44928e-09
-0.0525489 -7.27738e-09
-0.052459 -7.15782e-09
-0.0523691 -7.02378e-09
-0.0522792 -6.93108e-09
-0.0521893 -6.82964e-09
-0.0520994 -6.71519e-09
-0.0520095 -6.68833e-09
-0.0519196 -6.70731e-09
-0.0518297 -6.69455e-09
-0.0517398 -6.6925e-09
-0.0516499 -6.6905e-09
-0.05156 -6.69953e-09
-0.0514701 -6.6628e-09
-0.0513802 -6.67327e-09
-0.0512903 -6.69311e-09
-0.0512004 -6.74249e-09
-0.0511105 -6.81632e-09
-0.0510206 -6.88715e-09
-0.0509307 -6.96723e-09
-0.0508408 -7.02692e-09
-0.0507509 -7.07304e-09
-0.050661 -7.16573e-09
-0.0505711 -7.27802e-09
-0.0504811 -7.3668e-09
-0.0503912 -7.44477e-09
-0.0503013 -7.56461e-09
-0.0502114 -7.71578e-09
-0.0501215 -7.83931e-09
-0.0500316 -7.98728e-09
-0.0499417 -8.10778e-09
-0.0498518 -8.19454e-09
-0.0497619 -8.28699e-09
-0.049672 -8.41512e-09
-0.0495821 -8.58286e-09
-0.0494922 -8.73638e-09
-0.0494023 -8.87511e-09
-0.0493124 -8.99406e-09
-0.0492225 -9.14515e-09
-0.0491326 -9.28901e-09
-0.0490427 -9.43941e-09
-0.0489528 -9.60417e-09
-0.0488629 -9.77838e-09
-0.048773 -9.99657e-09
-0.0486831 -1.02053e-08
-0.0485932 -1.04057e-08
-0.0485033 -1.05773e-08
-0.0484134 -1.07411e-08
-0.0483234 -1.0935e-08
-0.0482335 -1.11283e-08
-0.0481436 -1.13426e-08
-0.0480537 -1.15586e-08
-0.0479638 -1.17603e-08
-0.0478739 -1.1969e-08
-0.047784 -1.22404e-08
-0.0476941 -1.2536e-08
-0.0476042 -1.28111e-08
-0.0475143 -1.30584e-08
-0.0474244 -1.32759e-08
-0.0473345 -1.34427e-08
-0.0472446 -1.36362e-08
-0.0471547 -1.38175e-08
-0.0470648 -1.39975e-08
-0.0469749 -1.41886e-08
-0.046885 -1.4339e-08
-0.0467951 -1.45461e-08
-0.0467052 -1.4832e-08
-0.0466153 -1.51244e-08
-0.0465254 -1.54044e-08
-0.0464355 -1.56597e-08
-0.0463456 -1.58644e-08
-0.0462557 -1.59997e-08
-0.0461657 -1.61312e-08
-0.0460758 -1.62737e-08
-0.0459859 -1.64052e-08
-0.045896 -1.65447e-08
-0.0458061 -1.66667e-08
-0.0457162 -1.67726e-08
-0.0456263 -1.68835e-08
-0.0455364 -1.70211e-08
-0.0454465 -1.71929e-08
-0.0453566 -1.73993e-08
-0.0452667 -1.75689e-08
-0.0451768 -1.77468e-08
-0.0450869 -1.79307e-08
-0.044997 -1.81696e-08
-0.0449071 -1.83841e-08
-0.0448172 -1.85973e-08
-0.0447273 -1.87744e-08
-0.0446374 -1.88995e-08
-0.0445475 -1.89863e-08
-0.0444576 -1.90348e-08
-0.0443677 -1.91096e-08
-0.0442778 -1.92082e-08
-0.0441879 -1.93119e-08
-0.044098 -1.94386e-08
-0.044008 -1.9552e-08
-0.0439181 -1.96826e-08
-0.0438282 -1.97875e-08
-0.0437383 -1.99056e-08
-0.0436484 -1.99915e-08
-0.0435585 -2.00526e-08
-0.0434686 -2.00812e-08
-0.0433787 -2.00851e-08
-0.0432888 -2.00619e-08
-0.0431989 -2.00181e-08
-0.043109 -2.00025e-08
-0.0430191 -1.99866e-08
-0.0429292 -1.99422e-08
-0.0428393 -1.98741e-08
-0.0427494 -1.97927e-08
-0.0426595 -1.97499e-08
-0.0425696 -1.97004e-08
-0.0424797 -1.96508e-08
-0.0423898 -1.96004e-08
-0.0422999 -1.95444e-08
-0.04221 -1.94672e-08
-0.0421201 -1.93759e-08
-0.0420302 -1.92644e-08
-0.0419403 -1.91642e-08
-0.0418503 -1.90605e-08
-0.0417604 -1.89808e-08
-0.0416705 -1.89009e-08
-0.0415806 -1.88371e-08
-0.0414907 -1.88026e-08
-0.0414008 -1.87875e-08
-0.0413109 -1.876e-08
-0.041221 -1.87087e-08
-0.0411311 -1.86374e-08
-0.0410412 -1.85233e-08
-0.0409513 -1.83843e-08
-0.0408614 -1.82587e-08
-0.0407715 -1.81263e-08
-0.0406816 -1.80361e-08
-0.0405917 -1.79306e-08
-0.0405018 -1.78028e-08
-0.0404119 -1.7676e-08
-0.040322 -1.75645e-08
-0.0402321 -1.74611e-08
-0.0401422 -1.7379e-08
-0.0400523 -1.729e-08
-0.0399624 -1.71669e-08
-0.0398725 -1.7054e-08
-0.0397826 -1.69639e-08
-0.0396927 -1.68903e-08
-0.0396027 -1.68344e-08
-0.0395128 -1.67428e-08
-0.0394229 -1.66245e-08
-0.039333 -1.64945e-08
-0.0392431 -1.6347e-08
-0.0391532 -1.62036e-08
-0.0390633 -1.60773e-08
-0.0389734 -1.59871e-08
-0.0388835 -1.59303e-08
-0.0387936 -1.58995e-08
-0.0387037 -1.58825e-08
-0.0386138 -1.5861e-08
-0.0385239 -1.58263e-08
-0.038434 -1.57583e-08
-0.0383441 -1.57027e-08
-0.0382542 -1.56314e-08
-0.0381643 -1.55348e-08
-0.0380744 -1.54193e-08
-0.0379845 -1.5317e-08
-0.0378946 -1.52444e-08
-0.0378047 -1.52009e-08
-0.0377148 -1.51483e-08
-0.0376249 -1.50625e-08
-0.037535 -1.49674e-08
-0.037445 -1.48891e-08
-0.0373551 -1.4826e-08
-0.0372652 -1.47742e-08
-0.0371753 -1.47371e-08
-0.0370854 -1.47011e-08
-0.0369955 -1.46714e-08
-0.0369056 -1.46548e-08
-0.0368157 -1.46618e-08
-0.0367258 -1.46884e-08
-0.0366359 -1.47105e-08
-0.036546 -1.47304e-08
-0.0364561 -1.47674e-08
-0.0363662 -1.4827e-08
-0.0362763 -1.48858e-08
-0.0361864 -1.49625e-08
-0.0360965 -1.50621e-08
-0.0360066 -1.51429e-08
-0.0359167 -1.52224e-08
-0.0358268 -1.52987e-08
-0.0357369 -1.53846e-08
-0.035647 -1.54622e-08
-0.0355571 -1.55297e-08
-0.0354672 -1.56058e-08
-0.0353773 -1.5698e-08
-0.0352873 -1.57964e-08
-0.0351974 -1.5888e-08
-0.0351075 -1.59977e-08
-0.0350176 -1.61159e-08
-0.0349277 -1.62251e-08
-0.0348378 -1.63406e-08
-0.0347479 -1.64268e-08
-0.034658 -1.6503e-08
-0.0345681 -1.65779e-08
-0.0344782 -1.66518e-08
-0.0343883 -1.6737e-08
-0.0342984 -1.68283e-08
-0.0342085 -1.69044e-08
-0.0341186 -1.69849e-08
-0.0340287 -1.70669e-08
-0.0339388 -1.71725e-08
-0.0338489 -1.7296e-08
-0.033759 -1.74201e-08
-0.0336691 -1.75306e-08
-0.0335792 -1.76546e-08
-0.0334893 -1.7794e-08
-0.0333994 -1.79239e-08
-0.0333095 -1.80533e-08
-0.0332196 -1.81387e-08
-0.0331296 -1.81701e-08
-0.0330397 -1.82239e-08
-0.0329498 -1.82607e-08
-0.0328599 -1.8302e-08
-0.03277 -1.83435e-08
-0.0326801 -1.83879e-08
-0.0325902 -1.8438e-08
-0.0325003 -1.85059e-08
-0.0324104 -1.85641e-08
-0.0323205 -1.8571e-08
-0.0322306 -1.85576e-08
-0.0321407 -1.8493e-08
-0.0320508 -1.84139e-08
-0.0319609 -1.83282e-08
-0.031871 -1.82232e-08
-0.0317811 -1.8137e-08
-0.0316912 -1.80595e-08
-0.0316013 -1.7984e-08
-0.0315114 -1.79024e-08
-0.0314215 -1.78145e-08
-0.0313316 -1.76988e-08
-0.0312417 -1.757e-08
-0.0311518 -1.74268e-08
-0.0310619 -1.72891e-08
-0.0309719 -1.71602e-08
-0.030882 -1.70466e-08
-0.0307921 -1.69591e-08
-0.0307022 -1.68818e-08
-0.0306123 -1.68364e-08
-0.0305224 -1.68167e-08
-0.0304325 -1.67867e-08
-0.0303426 -1.67209e-08
-0.0302527 -1.66607e-08
-0.0301628 -1.66046e-08
-0.0300729 -1.65348e-08
-0.029983 -1.64984e-08
-0.0298931 -1.64833e-08
-0.0298032 -1.64891e-08
-0.0297133 -1.64734e-08
-0.0296234 -1.64541e-08
-0.0295335 -1.64613e-08
-0.0294436 -1.64865e-08
-0.0293537 -1.65087e-08
-0.0292638 -1.64954e-08
-0.0291739 -1.64752e-08
-0.029084 -1.64738e-08
-0.0289941 -1.65012e-08
-0.0289042 -1.65684e-08
-0.0288142 -1.66609e-08
-0.0287243 -1.67736e-08
-0.0286344 -1.6887e-08
-0.0285445 -1.70114e-08
-0.0284546 -1.7129e-08
-0.0283647 -1.72613e-08
-0.0282748 -1.74065e-08
-0.0281849 -1.7536e-08
-0.028095 -1.76897e-08
-0.0280051 -1.78569e-08
-0.0279152 -1.80286e-08
-0.0278253 -1.82233e-08
-0.0277354 -1.84635e-08
-0.0276455 -1.87096e-08
-0.0275556 -1.89613e-08
-0.0274657 -1.92149e-08
-0.0273758 -1.94306e-08
-0.0272859 -1.96403e-08
-0.027196 -1.98568e-08
-0.0271061 -2.00854e-08
-0.0270162 -2.03361e-08
-0.0269263 -2.0573e-08
-0.0268364 -2.0789e-08
-0.0267465 -2.10402e-08
-0.0266565 -2.13124e-08
-0.0265666 -2.15792e-08
-0.0264767 -2.1864e-08
-0.0263868 -2.20977e-08
-0.0262969 -2.22937e-08
-0.026207 -2.24725e-08
-0.0261171 -2.26414e-08
-0.0260272 -2.28145e-08
-0.0259373 -2.30007e-08
-0.0258474 -2.3171e-08
-0.0257575 -2.33264e-08
-0.0256676 -2.35059e-08
-0.0255777 -2.36751e-08
-0.0254878 -2.38717e-08
-0.0253979 -2.40629e-08
-0.025308 -2.42047e-08
-0.0252181 -2.43396e-08
-0.0251282 -2.44608e-08
-0.0250383 -2.45617e-08
-0.0249484 -2.46628e-08
-0.0248585 -2.47801e-08
-0.0247686 -2.48869e-08
-0.0246787 -2.49753e-08
-0.0245888 -2.50505e-08
-0.0244988 -2.51132e-08
-0.0244089 -2.51942e-08
-0.024319 -2.52668e-08
-0.0242291 -2.53283e-08
-0.0241392 -2.5389e-08
-0.0240493 -2.54467e-08
-0.0239594 -2.54959e-08
-0.0238695 -2.55339e-08
-0.0237796 -2.55719e-08
-0.0236897 -2.55824e-08
-0.0235998 -2.55709e-08
-0.0235099 -2.55179e-08
-0.02342 -2.54482e-08
-0.0233301 -2.53911e-08
-0.0232402 -2.53199e-08
-0.0231503 -2.52553e-08
-0.0230604 -2.52039e-08
-0.0229705 -2.51571e-08
-0.0228806 -2.51044e-08
-0.0227907 -2.5042e-08
-0.0227008 -2.49667e-08
-0.0226109 -2.48698e-08
-0.022521 -2.47372e-08
-0.0224311 -2.45769e-08
-0.0223411 -2.43996e-08
-0.0222512 -2.42274e-08
-0.0221613 -2.40598e-08
-0.0220714 -2.39046e-08
-0.0219815 -2.37821e-08
-0.0218916 -2.36402e-08
-0.0218017 -2.35087e-08
-0.0217118 -2.33717e-08
-0.0216219 -2.32499e-08
-0.021532 -2.31261e-08
-0.0214421 -2.29922e-08
-0.0213522 -2.28561e-08
-0.0212623 -2.27102e-08
-0.0211724 -2.25874e-08
-0.0210825 -2.24704e-08
-0.0209926 -2.23527e-08
-0.0209027 -2.22494e-08
-0.0208128 -2.21371e-08
-0.0207229 -2.20297e-08
-0.020633 -2.19153e-08
-0.0205431 -2.1827e-08
-0.0204532 -2.17615e-08
-0.0203633 -2.16942e-08
-0.0202734 -2.16217e-08
-0.0201835 -2.15505e-08
-0.0200935 -2.14861e-08
-0.0200036 -2.14176e-08
-0.0199137 -2.13251e-08
-0.0198238 -2.123e-08
-0.0197339 -2.11158e-08
-0.019644 -2.0997e-08
-0.0195541 -2.08782e-08
-0.0194642 -2.07811e-08
-0.0193743 -2.06889e-08
-0.0192844 -2.05741e-08
-0.0191945 -2.04552e-08
-0.0191046 -2.03282e-08
-0.0190147 -2.01889e-08
-0.0189248 -2.00256e-08
-0.0188349 -1.98327e-08
-0.018745 -1.96245e-08
-0.0186551 -1.94014e-08
-0.0185652 -1.91891e-08
-0.0184753 -1.89851e-08
-0.0183854 -1.87826e-08
-0.0182955 -1.85813e-08
-0.0182056 -1.83624e-08
-0.0181157 -1.81399e-08
-0.0180258 -1.79105e-08
-0.0179358 -1.76824e-08
-0.0178459 -1.74353e-08
-0.017756 -1.7171e-08
-0.0176661 -1.6909e-08
-0.0175762 -1.66538e-08
-0.0174863 -1.64205e-08
-0.0173964 -1.61796e-08
-0.0173065 -1.59332e-08
-0.0172166 -1.56952e-08
-0.0171267 -1.54459e-08
-0.0170368 -1.51817e-08
-0.0169469 -1.49215e-08
-0.016857 -1.46613e-08
-0.0167671 -1.43845e-08
-0.0166772 -1.41107e-08
-0.0165873 -1.38387e-08
-0.0164974 -1.35653e-08
-0.0164075 -1.33167e-08
-0.0163176 -1.30558e-08
-0.0162277 -1.27976e-08
-0.0161378 -1.25431e-08
-0.0160479 -1.22747e-08
-0.015958 -1.20199e-08
-0.0158681 -1.17384e-08
-0.0157781 -1.14738e-08
-0.0156882 -1.12296e-08
-0.0155983 -1.09889e-08
-0.0155084 -1.07553e-08
-0.0154185 -1.05409e-08
-0.0153286 -1.03593e-08
-0.0152387 -1.01961e-08
-0.0151488 -1.00636e-08
-0.0150589 -9.9333e-09
-0.014969 -9.81167e-09
-0.0148791 -9.70999e-09
-0.0147892 -9.5967e-09
-0.0146993 -9.54853e-09
-0.0146094 -9.53195e-09
-0.0145195 -9.51393e-09
-0.0144296 -9.49564e-09
-0.0143397 -9.49894e-09
-0.0142498 -9.53362e-09
-0.0141599 -9.60161e-09
-0.01407 -9.68807e-09
-0.0139801 -9.7723e-09
-0.0138902 -9.86903e-09
-0.0138003 -9.96554e-09
-0.0137104 -1.00686e-08
-0.0136204 -1.02038e-08
-0.0135305 -1.03556e-08
-0.0134406 -1.05105e-08
-0.0133507 -1.06587e-08
-0.0132608 -1.08011e-08
-0.0131709 -1.09597e-08
-0.013081 -1.11347e-08
-0.0129911 -1.1301e-08
-0.0129012 -1.14787e-08
-0.0128113 -1.16646e-08
-0.0127214 -1.18412e-08
-0.0126315 -1.20249e-08
-0.0125416 -1.22204e-08
-0.0124517 -1.24253e-08
-0.0123618 -1.2636e-08
-0.0122719 -1.28365e-08
-0.012182 -1.30222e-08
-0.0120921 -1.32229e-08
-0.0120022 -1.34128e-08
-0.0119123 -1.35931e-08
-0.0118224 -1.37914e-08
-0.0117325 -1.39883e-08
-0.0116426 -1.4174e-08
-0.0115527 -1.43703e-08
-0.0114627 -1.45765e-08
-0.0113728 -1.47851e-08
-0.0112829 -1.49878e-08
-0.011193 -1.51826e-08
-0.0111031 -1.53761e-08
-0.0110132 -1.55739e-08
-0.0109233 -1.5758e-08
-0.0108334 -1.5939e-08
-0.0107435 -1.6123e-08
-0.0106536 -1.62943e-08
-0.0105637 -1.646e-08
-0.0104738 -1.66306e-08
-0.0103839 -1.68127e-08
-0.010294 -1.69883e-08
-0.0102041 -1.71549e-08
-0.0101142 -1.73137e-08
-0.0100243 -1.74773e-08
-0.00993438 -1.76448e-08
-0.00984447 -1.78094e-08
-0.00975457 -1.79755e-08
-0.00966466 -1.81266e-08
-0.00957476 -1.82751e-08
-0.00948486 -1.8407e-08
-0.00939495 -1.8535e-08
-0.00930505 -1.8681e-08
-0.00921514 -1.88221e-08
-0.00912524 -1.89559e-08
-0.00903534 -1.90784e-08
-0.00894543 -1.92147e-08
-0.00885553 -1.93545e-08
-0.00876562 -1.94978e-08
-0.00867572 -1.96494e-08
-0.00858582 -1.97872e-08
-0.00849591 -1.99149e-08
-0.00840601 -2.00174e-08
-0.0083161 -2.01217e-08
-0.0082262 -2.0248e-08
-0.00813629 -2.03805e-08
-0.00804639 -2.05072e-08
-0.00795649 -2.06184e-08
-0.00786658 -2.07427e-08
-0.00777668 -2.0855e-08
-0.00768677 -2.09657e-08
-0.00759687 -2.10746e-08
-0.00750697 -2.11701e-08
-0.00741706 -2.12433e-08
-0.00732716 -2.13054e-08
-0.00723725 -2.13718e-08
-0.00714735 -2.14525e-08
-0.00705744 -2.15411e-08
-0.00696754 -2.16268e-08
-0.00687764 -2.1702e-08
-0.00678773 -2.1784e-08
-0.00669783 -2.18494e-08
-0.00660792 -2.18949e-08
-0.00651802 -2.19412e-08
-0.00642812 -2.1966e-08
-0.00633821 -2.1974e-08
-0.00624831 -2.19814e-08
-0.0061584 -2.19719e-08
-0.0060685 -2.19635e-08
-0.00597859 -2.19564e-08
-0.00588869 -2.19354e-08
-0.00579879 -2.19166e-08
-0.00570888 -2.1898e-08
-0.00561898 -2.1861e-08
-0.00552907 -2.18019e-08
-0.00543917 -2.17457e-08
-0.00534927 -2.16684e-08
-0.00525936 -2.15929e-08
-0.00516946 -2.14993e-08
-0.00507955 -2.13758e-08
-0.00498965 -2.12372e-08
-0.00489975 -2.10817e-08
-0.00480984 -2.09144e-08
-0.00471994 -2.07343e-08
-0.00463003 -2.05349e-08
-0.00454013 -2.0307e-08
-0.00445022 -2.00679e-08
-0.00436032 -1.98109e-08
-0.00427042 -1.95203e-08
-0.00418051 -1.92218e-08
-0.00409061 -1.88838e-08
-0.0040007 -1.85224e-08
-0.0039108 -1.81559e-08
-0.0038209 -1.77713e-08
-0.00373099 -1.73377e-08
-0.00364109 -1.68684e-08
-0.00355118 -1.6349e-08
-0.00346128 -1.57927e-08
-0.00337137 -1.51876e-08
-0.00328147 -1.45667e-08
-0.00319157 -1.39189e-08
-0.00310166 -1.32592e-08
-0.00301176 -1.258e-08
-0.00292185 -1.18861e-08
-0.00283195 -1.12255e-08
-0.00274205 -1.05508e-08
-0.00265214 -9.85519e-09
-0.00256224 -9.15095e-09
-0.00247233 -8.41855e-09
-0.00238243 -7.72571e-09
-0.00229252 -7.04975e-09
-0.00220262 -6.43728e-09
-0.00211272 -5.90151e-09
-0.00202281 -5.39048e-09
-0.00193291 -4.85904e-09
-0.001843 -4.35409e-09
-0.0017531 -3.90475e-09
-0.0016632 -3.43382e-09
-0.00157329 -2.99658e-09
-0.00148339 -2.56421e-09
-0.00139348 -2.16951e-09
-0.00130358 -1.84499e-09
-0.00121368 -1.55488e-09
-0.00112377 -1.35543e-09
-0.00103387 -1.20678e-09
-0.000943963 -1.04094e-09
-0.000854059 -8.75162e-10
-0.000764154 -7.39391e-10
-0.00067425 -6.18633e-10
-0.000584346 -4.71116e-10
-0.000494442 -3.27431e-10
-0.000404538 -2.01255e-10
-0.000314634 -1.11948e-10
-0.00022473 -4.22078e-11
-0.000134825 6.49316e-12
-4.49212e-05 1.40946e-11
4.49829e-05 0
0.000134887 -1.94792e-11
0.000224791 -5.62188e-11
0.000314695 -1.06372e-10
0.0004046 -1.52785e-10
0.000494504 -1.7318e-10
0.000584408 -1.95786e-10
0.000674312 -2.52073e-10
0.000764216 -3.02365e-10
0.00085412 -3.55657e-10
0.000944024 -4.2676e-10
0.00103393 -5.25524e-10
0.00112383 -6.41271e-10
0.00121374 -7.52144e-10
0.00130364 -8.70935e-10
0.00139355 -9.80586e-10
0.00148345 -1.09165e-09
0.00157335 -1.19328e-09
0.00166326 -1.3098e-09
0.00175316 -1.44763e-09
0.00184307 -1.5749e-09
0.00193297 -1.71243e-09
0.00202287 -1.86085e-09
0.00211278 -2.03513e-09
0.00220268 -2.19445e-09
0.00229259 -2.33731e-09
0.00238249 -2.48161e-09
0.00247239 -2.6066e-09
0.0025623 -2.73117e-09
0.0026522 -2.85272e-09
0.00274211 -2.98302e-09
0.00283201 -3.12973e-09
0.00292192 -3.27264e-09
0.00301182 -3.4231e-09
0.00310172 -3.58823e-09
0.00319163 -3.76334e-09
0.00328153 -3.90667e-09
0.00337144 -4.04075e-09
0.00346134 -4.16079e-09
0.00355124 -4.27014e-09
0.00364115 -4.37434e-09
0.00373105 -4.4718e-09
0.00382096 -4.57092e-09
0.00391086 -4.6858e-09
0.00400077 -4.80664e-09
0.00409067 -4.92907e-09
0.00418057 -5.06971e-09
0.00427048 -5.20104e-09
0.00436038 -5.30866e-09
0.00445029 -5.41781e-09
0.00454019 -5.52146e-09
0.00463009 -5.61345e-09
0.00472 -5.70428e-09
0.0048099 -5.78828e-09
0.00489981 -5.86625e-09
0.00498971 -5.95177e-09
0.00507962 -6.03337e-09
0.00516952 -6.12414e-09
0.00525942 -6.22021e-09
0.00534933 -6.29997e-09
0.00543923 -6.37257e-09
0.00552914 -6.4531e-09
0.00561904 -6.52963e-09
0.00570894 -6.60543e-09
0.00579885 -6.68402e-09
0.00588875 -6.75712e-09
0.00597866 -6.82317e-09
0.00606856 -6.88878e-09
0.00615846 -6.94843e-09
0.00624837 -7.01271e-09
0.00633827 -7.07556e-09
0.00642818 -7.13071e-09
0.00651808 -7.1817e-09
0.00660799 -7.2434e-09
0.00669789 -7.30082e-09
0.00678779 -7.35555e-09
0.0068777 -7.41552e-09
0.0069676 -7.48276e-09
0.00705751 -7.54275e-09
0.00714741 -7.59753e-09
0.00723731 -7.6604e-09
0.00732722 -7.72859e-09
0.00741712 -7.79281e-09
0.00750703 -7.848e-09
0.00759693 -7.89442e-09
0.00768684 -7.94405e-09
0.00777674 -7.98648e-09
0.00786664 -8.02296e-09
0.00795655 -8.0711e-09
0.00804645 -8.13353e-09
0.00813636 -8.19429e-09
0.00822626 -8.25885e-09
0.00831616 -8.32862e-09
0.00840607 -8.40378e-09
0.00849597 -8.46453e-09
0.00858588 -8.50014e-09
0.00867578 -8.54033e-09
0.00876569 -8.574e-09
0.00885559 -8.58765e-09
0.00894549 -8.61144e-09
0.0090354 -8.63258e-09
0.0091253 -8.66996e-09
0.00921521 -8.7003e-09
0.00930511 -8.73423e-09
0.00939501 -8.77143e-09
0.00948492 -8.82166e-09
0.00957482 -8.84588e-09
0.00966473 -8.85411e-09
0.00975463 -8.87553e-09
0.00984453 -8.87888e-09
0.00993444 -8.8816e-09
0.0100243 -8.89379e-09
0.0101142 -8.88719e-09
0.0102042 -8.88153e-09
0.0102941 -8.8813e-09
0.010384 -8.8731e-09
0.0104739 -8.87367e-09
0.0105638 -8.89476e-09
0.0106537 -8.8977e-09
0.0107436 -8.9173e-09
0.0108335 -8.95712e-09
0.0109234 -8.97918e-09
0.0110133 -9.00402e-09
0.0111032 -9.02243e-09
0.0111931 -9.01302e-09
0.011283 -8.99859e-09
0.0113729 -8.98264e-09
0.0114628 -8.97005e-09
0.0115527 -8.97e-09
0.0116426 -8.98648e-09
0.0117325 -9.00324e-09
0.0118224 -9.03521e-09
0.0119123 -9.07694e-09
0.0120022 -9.12257e-09
0.0120921 -9.15974e-09
0.012182 -9.18469e-09
0.0122719 -9.19816e-09
0.0123619 -9.20994e-09
0.0124518 -9.21656e-09
0.0125417 -9.22677e-09
0.0126316 -9.24469e-09
0.0127215 -9.26661e-09
0.0128114 -9.29273e-09
0.0129013 -9.32315e-09
0.0129912 -9.36952e-09
0.0130811 -9.41663e-09
0.013171 -9.45648e-09
0.0132609 -9.49548e-09
0.0133508 -9.54028e-09
0.0134407 -9.58785e-09
0.0135306 -9.62749e-09
0.0136205 -9.66745e-09
0.0137104 -9.70719e-09
0.0138003 -9.73633e-09
0.0138902 -9.76581e-09
0.0139801 -9.80753e-09
0.01407 -9.86016e-09
0.0141599 -9.89759e-09
0.0142498 -9.92902e-09
0.0143397 -9.95394e-09
0.0144296 -9.99671e-09
0.0145196 -1.00425e-08
0.0146095 -1.00779e-08
0.0146994 -1.01153e-08
0.0147893 -1.01545e-08
0.0148792 -1.01776e-08
0.0149691 -1.02045e-08
0.015059 -1.02438e-08
0.0151489 -1.02754e-08
0.0152388 -1.0289e-08
0.0153287 -1.02806e-08
0.0154186 -1.0264e-08
0.0155085 -1.02687e-08
0.0155984 -1.02603e-08
0.0156883 -1.02425e-08
0.0157782 -1.02453e-08
0.0158681 -1.02601e-08
0.015958 -1.02678e-08
0.0160479 -1.02873e-08
0.0161378 -1.03109e-08
0.0162277 -1.03171e-08
0.0163176 -1.0298e-08
0.0164075 -1.02496e-08
0.0164974 -1.01992e-08
0.0165873 -1.01411e-08
0.0166773 -1.00549e-08
0.0167672 -9.97736e-09
0.0168571 -9.94539e-09
0.016947 -9.92923e-09
0.0170369 -9.91366e-09
0.0171268 -9.90449e-09
0.0172167 -9.90177e-09
0.0173066 -9.88541e-09
0.0173965 -9.84547e-09
0.0174864 -9.79332e-09
0.0175763 -9.74832e-09
0.0176662 -9.68807e-09
0.0177561 -9.59168e-09
0.017846 -9.52846e-09
0.0179359 -9.51389e-09
0.0180258 -9.51322e-09
0.0181157 -9.52482e-09
0.0182056 -9.55084e-09
0.0182955 -9.59798e-09
0.0183854 -9.63918e-09
0.0184753 -9.6732e-09
0.0185652 -9.72034e-09
0.0186551 -9.79361e-09
0.018745 -9.86926e-09
0.0188349 -9.93782e-09
0.0189249 -1.00589e-08
0.0190148 -1.02142e-08
0.0191047 -1.04048e-08
0.0191946 -1.06061e-08
0.0192845 -1.08558e-08
0.0193744 -1.1176e-08
0.0194643 -1.14679e-08
0.0195542 -1.17895e-08
0.0196441 -1.21531e-08
0.019734 -1.25746e-08
0.0198239 -1.30316e-08
0.0199138 -1.35326e-08
0.0200037 -1.41321e-08
0.0200936 -1.48164e-08
0.0201835 -1.55821e-08
0.0202734 -1.64143e-08
0.0203633 -1.7349e-08
0.0204532 -1.83368e-08
0.0205431 -1.9351e-08
0.020633 -2.04505e-08
0.0207229 -2.16181e-08
0.0208128 -2.27667e-08
0.0209027 -2.39947e-08
0.0209926 -2.52932e-08
0.0210826 -2.66208e-08
0.0211725 -2.80097e-08
0.0212624 -2.93454e-08
0.0213523 -3.0607e-08
0.0214422 -3.17413e-08
0.0215321 -3.27696e-08
0.021622 -3.37214e-08
0.0217119 -3.46383e-08
0.0218018 -3.54863e-08
0.0218917 -3.62758e-08
0.0219816 -3.70759e-08
0.0220715 -3.77368e-08
0.0221614 -3.8314e-08
0.0222513 -3.88425e-08
0.0223412 -3.92908e-08
0.0224311 -3.96678e-08
0.022521 -3.9982e-08
0.0226109 -4.02102e-08
0.0227008 -4.04166e-08
0.0227907 -4.06093e-08
0.0228806 -4.07875e-08
0.0229705 -4.09718e-08
0.0230604 -4.11353e-08
0.0231503 -4.12168e-08
0.0232403 -4.12385e-08
0.0233302 -4.12297e-08
0.0234201 -4.12102e-08
0.02351 -4.1178e-08
0.0235999 -4.11301e-08
0.0236898 -4.10586e-08
0.0237797 -4.0978e-08
0.0238696 -4.08875e-08
0.0239595 -4.07837e-08
0.0240494 -4.06916e-08
0.0241393 -4.05684e-08
0.0242292 -4.04042e-08
0.0243191 -4.02014e-08
0.024409 -3.99683e-08
0.0244989 -3.97387e-08
0.0245888 -3.95002e-08
0.0246787 -3.92773e-08
0.0247686 -3.90572e-08
0.0248585 -3.8837e-08
0.0249484 -3.86157e-08
0.0250383 -3.83944e-08
0.0251282 -3.81784e-08
0.0252181 -3.7925e-08
0.025308 -3.76685e-08
0.025398 -3.73822e-08
0.0254879 -3.70784e-08
0.0255778 -3.67633e-08
0.0256677 -3.6444e-08
0.0257576 -3.61343e-08
0.0258475 -3.58371e-08
0.0259374 -3.55515e-08
0.0260273 -3.52748e-08
0.0261172 -3.50123e-08
0.0262071 -3.47306e-08
0.026297 -3.44462e-08
0.0263869 -3.41628e-08
0.0264768 -3.38693e-08
0.0265667 -3.35793e-08
0.0266566 -3.32818e-08
0.0267465 -3.29932e-08
0.0268364 -3.27003e-08
0.0269263 -3.24242e-08
0.0270162 -3.21491e-08
0.0271061 -3.18958e-08
0.027196 -3.16487e-08
0.0272859 -3.13876e-08
0.0273758 -3.11402e-08
0.0274657 -3.08875e-08
0.0275557 -3.06501e-08
0.0276456 -3.04188e-08
0.0277355 -3.02061e-08
0.0278254 -3.00084e-08
0.0279153 -2.98181e-08
0.0280052 -2.96259e-08
0.0280951 -2.94291e-08
0.028185 -2.92639e-08
0.0282749 -2.9097e-08
0.0283648 -2.89195e-08
0.0284547 -2.87332e-08
0.0285446 -2.85524e-08
0.0286345 -2.83782e-08
0.0287244 -2.82145e-08
0.0288143 -2.80696e-08
0.0289042 -2.79514e-08
0.0289941 -2.78417e-08
0.029084 -2.77083e-08
0.0291739 -2.75684e-08
0.0292638 -2.74486e-08
0.0293537 -2.73317e-08
0.0294436 -2.72019e-08
0.0295335 -2.70618e-08
0.0296234 -2.69256e-08
0.0297134 -2.6777e-08
0.0298033 -2.66447e-08
0.0298932 -2.65371e-08
0.0299831 -2.64644e-08
0.030073 -2.63872e-08
0.0301629 -2.6278e-08
0.0302528 -2.61575e-08
0.0303427 -2.60406e-08
0.0304326 -2.59355e-08
0.0305225 -2.58328e-08
0.0306124 -2.57262e-08
0.0307023 -2.5616e-08
0.0307922 -2.5504e-08
0.0308821 -2.54145e-08
0.030972 -2.53435e-08
0.0310619 -2.53154e-08
0.0311518 -2.52661e-08
0.0312417 -2.51927e-08
0.0313316 -2.51053e-08
0.0314215 -2.50326e-08
0.0315114 -2.49821e-08
0.0316013 -2.49376e-08
0.0316912 -2.4893e-08
0.0317811 -2.48422e-08
0.0318711 -2.48009e-08
0.031961 -2.47627e-08
0.0320509 -2.47238e-08
0.0321408 -2.4703e-08
0.0322307 -2.46545e-08
0.0323206 -2.45984e-08
0.0324105 -2.45405e-08
0.0325004 -2.45203e-08
0.0325903 -2.45032e-08
0.0326802 -2.45008e-08
0.0327701 -2.45293e-08
0.03286 -2.45527e-08
0.0329499 -2.45605e-08
0.0330398 -2.45517e-08
0.0331297 -2.44922e-08
0.0332196 -2.44373e-08
0.0333095 -2.43876e-08
0.0333994 -2.43638e-08
0.0334893 -2.43276e-08
0.0335792 -2.43406e-08
0.0336691 -2.43456e-08
0.033759 -2.44059e-08
0.0338489 -2.44861e-08
0.0339388 -2.45697e-08
0.0340288 -2.46396e-08
0.0341187 -2.46829e-08
0.0342086 -2.46953e-08
0.0342985 -2.47712e-08
0.0343884 -2.49004e-08
0.0344783 -2.50045e-08
0.0345682 -2.51065e-08
0.0346581 -2.52438e-08
0.034748 -2.5383e-08
0.0348379 -2.55412e-08
0.0349278 -2.56864e-08
0.0350177 -2.58149e-08
0.0351076 -2.59202e-08
0.0351975 -2.59699e-08
0.0352874 -2.60387e-08
0.0353773 -2.61623e-08
0.0354672 -2.62198e-08
0.0355571 -2.62351e-08
0.035647 -2.62072e-08
0.0357369 -2.61556e-08
0.0358268 -2.60904e-08
0.0359167 -2.60216e-08
0.0360066 -2.59459e-08
0.0360965 -2.58433e-08
0.0361865 -2.57148e-08
0.0362764 -2.5551e-08
0.0363663 -2.54292e-08
0.0364562 -2.52989e-08
0.0365461 -2.51537e-08
0.036636 -2.50062e-08
0.0367259 -2.4779e-08
0.0368158 -2.45431e-08
0.0369057 -2.43216e-08
0.0369956 -2.41097e-08
0.0370855 -2.39222e-08
0.0371754 -2.37345e-08
0.0372653 -2.35729e-08
0.0373552 -2.34169e-08
0.0374451 -2.32844e-08
0.037535 -2.31651e-08
0.0376249 -2.30566e-08
0.0377148 -2.29445e-08
0.0378047 -2.2772e-08
0.0378946 -2.26121e-08
0.0379845 -2.24459e-08
0.0380744 -2.22908e-08
0.0381643 -2.214e-08
0.0382542 -2.20216e-08
0.0383441 -2.19538e-08
0.0384341 -2.18982e-08
0.038524 -2.18546e-08
0.0386139 -2.18043e-08
0.0387038 -2.17663e-08
0.0387937 -2.17323e-08
0.0388836 -2.16679e-08
0.0389735 -2.15892e-08
0.0390634 -2.14852e-08
0.0391533 -2.13851e-08
0.0392432 -2.12866e-08
0.0393331 -2.12139e-08
0.039423 -2.11763e-08
0.0395129 -2.11102e-08
0.0396028 -2.10107e-08
0.0396927 -2.09011e-08
0.0397826 -2.08122e-08
0.0398725 -2.07395e-08
0.0399624 -2.06468e-08
0.0400523 -2.05633e-08
0.0401422 -2.04715e-08
0.0402321 -2.03859e-08
0.040322 -2.02919e-08
0.0404119 -2.02135e-08
0.0405018 -2.01383e-08
0.0405918 -2.00174e-08
0.0406817 -1.98734e-08
0.0407716 -1.97194e-08
0.0408615 -1.9597e-08
0.0409514 -1.94701e-08
0.0410413 -1.93572e-08
0.0411312 -1.92944e-08
0.0412211 -1.92446e-08
0.041311 -1.92111e-08
0.0414009 -1.9158e-08
0.0414908 -1.91425e-08
0.0415807 -1.91377e-08
0.0416706 -1.91352e-08
0.0417605 -1.91214e-08
0.0418504 -1.90638e-08
0.0419403 -1.90431e-08
0.0420302 -1.90541e-08
0.0421201 -1.91559e-08
0.04221 -1.92898e-08
0.0422999 -1.9459e-08
0.0423898 -1.96723e-08
0.0424797 -1.98221e-08
0.0425696 -1.99936e-08
0.0426595 -2.01495e-08
0.0427495 -2.03278e-08
0.0428394 -2.04332e-08
0.0429293 -2.05011e-08
0.0430192 -2.06265e-08
0.0431091 -2.07954e-08
0.043199 -2.10146e-08
0.0432889 -2.12054e-08
0.0433788 -2.13169e-08
0.0434687 -2.13502e-08
0.0435586 -2.12653e-08
0.0436485 -2.11313e-08
0.0437384 -2.09788e-08
0.0438283 -2.0807e-08
0.0439182 -2.05957e-08
0.0440081 -2.03848e-08
0.044098 -2.01413e-08
0.0441879 -1.9914e-08
0.0442778 -1.97031e-08
0.0443677 -1.94688e-08
0.0444576 -1.91699e-08
0.0445475 -1.88509e-08
0.0446374 -1.85049e-08
0.0447273 -1.81548e-08
0.0448172 -1.78337e-08
0.0449072 -1.75248e-08
0.0449971 -1.72224e-08
0.045087 -1.68995e-08
0.0451769 -1.6564e-08
0.0452668 -1.61988e-08
0.0453567 -1.58105e-08
0.0454466 -1.54241e-08
0.0455365 -1.50342e-08
0.0456264 -1.46722e-08
0.0457163 -1.43213e-08
0.0458062 -1.39677e-08
0.0458961 -1.36402e-08
0.045986 -1.33472e-08
0.0460759 -1.30594e-08
0.0461658 -1.27799e-08
0.0462557 -1.24701e-08
0.0463456 -1.21016e-08
0.0464355 -1.17235e-08
0.0465254 -1.1335e-08
0.0466153 -1.09525e-08
0.0467052 -1.06094e-08
0.0467951 -1.02394e-08
0.046885 -9.84494e-09
0.0469749 -9.46403e-09
0.0470649 -9.11354e-09
0.0471548 -8.77155e-09
0.0472447 -8.43891e-09
0.0473346 -8.07446e-09
0.0474245 -7.70053e-09
0.0475144 -7.32751e-09
0.0476043 -6.95726e-09
0.0476942 -6.62192e-09
0.0477841 -6.29867e-09
0.047874 -5.9434e-09
0.0479639 -5.57602e-09
0.0480538 -5.20693e-09
0.0481437 -4.86327e-09
0.0482336 -4.52701e-09
0.0483235 -4.20204e-09
0.0484134 -3.85154e-09
0.0485033 -3.53083e-09
0.0485932 -3.22247e-09
0.0486831 -2.95334e-09
0.048773 -2.70822e-09
0.0488629 -2.47957e-09
0.0489528 -2.27264e-09
0.0490427 -2.07433e-09
0.0491326 -1.85856e-09
0.0492226 -1.64086e-09
0.0493125 -1.45772e-09
0.0494024 -1.28443e-09
0.0494923 -1.10539e-09
0.0495822 -9.37891e-10
0.0496721 -7.53396e-10
0.049762 -5.96887e-10
0.0498519 -4.50687e-10
0.0499418 -3.4085e-10
0.0500317 -2.51068e-10
0.0501216 -1.78581e-10
0.0502115 -9.15668e-11
0.0503014 1.42806e-11
0.0503913 1.06838e-10
0.0504812 1.80578e-10
0.0505711 2.45124e-10
0.050661 3.24614e-10
0.0507509 4.13326e-10
0.0508408 4.70461e-10
0.0509307 5.37277e-10
0.0510206 5.76924e-10
0.0511105 5.91195e-10
0.0512004 5.94128e-10
0.0512903 6.15197e-10
0.0513803 6.65747e-10
0.0514702 7.17948e-10
0.0515601 7.48199e-10
0.05165 7.79563e-10
0.0517399 8.05808e-10
0.0518298 8.35087e-10
0.0519197 8.55213e-10
0.0520096 8.82195e-10
0.0520995 8.92797e-10
0.0521894 8.71415e-10
0.0522793 8.729e-10
0.0523692 8.89633e-10
0.0524591 9.11383e-10
0.052549 9.25144e-10
0.0526389 9.40831e-10
0.0527288 9.73288e-10
0.0528187 9.98038e-10
0.0529086 1.05698e-09
0.0529985 1.08084e-09
0.0530884 1.13345e-09
0.0531783 1.21767e-09
0.0532682 1.30644e-09
0.0533581 1.39516e-09
0.053448 1.47058e-09
0.053538 1.52015e-09
0.0536279 1.54747e-09
0.0537178 1.55816e-09
0.0538077 1.56689e-09
0.0538976 1.57962e-09
0.0539875 1.60247e-09
0.0540774 1.60847e-09
0.0541673 1.66945e-09
0.0542572 1.76212e-09
0.0543471 1.86303e-09
0.054437 1.92443e-09
0.0545269 1.97193e-09
0.0546168 2.01802e-09
0.0547067 2.0652e-09
0.0547966 2.08428e-09
0.0548865 2.10019e-09
0.0549764 2.11774e-09
0.0550663 2.14403e-09
0.0551562 2.17004e-09
0.0552461 2.21691e-09
0.055336 2.25197e-09
0.0554259 2.27017e-09
0.0555158 2.28012e-09
0.0556057 2.28925e-09
0.0556956 2.32629e-09
0.0557856 2.40596e-09
0.0558755 2.46851e-09
0.0559654 2.5311e-09
0.0560553 2.58228e-09
0.0561452 2.64757e-09
0.0562351 2.68243e-09
0.056325 2.70454e-09
0.0564149 2.68891e-09
0.0565048 2.63663e-09
0.0565947 2.58548e-09
0.0566846 2.51316e-09
0.0567745 2.46258e-09
0.0568644 2.40642e-09
0.0569543 2.34686e-09
0.0570442 2.29401e-09
0.0571341 2.23491e-09
0.057224 2.16441e-09
0.0573139 2.04572e-09
0.0574038 1.91824e-09
0.0574937 1.7684e-09
0.0575836 1.62163e-09
0.0576735 1.49999e-09
0.0577634 1.38667e-09
0.0578533 1.2794e-09
0.0579433 1.23311e-09
0.0580332 1.19374e-09
0.0581231 1.21487e-09
0.058213 1.22547e-09
0.0583029 1.24176e-09
0.0583928 1.27913e-09
0.0584827 1.35238e-09
0.0585726 1.46783e-09
0.0586625 1.61301e-09
0.0587524 1.75925e-09
0.0588423 1.88434e-09
0.0589322 1.97924e-09
0.0590221 2.14372e-09
0.059112 2.31329e-09
0.0592019 2.57087e-09
0.0592918 2.90129e-09
0.0593817 3.25865e-09
0.0594716 3.68767e-09
0.0595615 4.18414e-09
0.0596514 4.72441e-09
0.0597413 5.2556e-09
0.0598312 5.68889e-09
0.0599211 6.11362e-09
0.060011 6.45683e-09
0.060101 6.75795e-09
0.0601909 7.01756e-09
0.0602808 7.34551e-09
0.0603707 7.76031e-09
0.0604606 8.32237e-09
0.0605505 8.92738e-09
0.0606404 9.61072e-09
0.0607303 1.03139e-08
0.0608202 1.09472e-08
0.0609101 1.15453e-08
0.061 1.22359e-08
0.0610899 1.28123e-08
0.0611798 1.32647e-08
0.0612697 1.35602e-08
0.0613596 1.37933e-08
0.0614495 1.40878e-08
0.0615394 1.45088e-08
0.0616293 1.4932e-08
0.0617192 1.52835e-08
0.0618091 1.54967e-08
0.061899 1.56296e-08
0.0619889 1.59167e-08
0.0620788 1.64728e-08
0.0621687 1.69238e-08
0.0622587 1.72053e-08
0.0623486 1.73756e-08
0.0624385 1.75607e-08
0.0625284 1.75668e-08
0.0626183 1.76347e-08
0.0627082 1.75792e-08
0.0627981 1.74307e-08
0.062888 1.73404e-08
0.0629779 1.72676e-08
0.0630678 1.72899e-08
0.0631577 1.73677e-08
0.0632476 1.74372e-08
0.0633375 1.7434e-08
0.0634274 1.74382e-08
0.0635173 1.73295e-08
0.0636072 1.71685e-08
0.0636971 1.69072e-08
0.063787 1.65227e-08
0.0638769 1.61531e-08
0.0639668 1.5732e-08
0.0640567 1.5107e-08
0.0641466 1.42274e-08
0.0642365 1.32768e-08
0.0643264 1.25182e-08
0.0644164 1.18747e-08
0.0645063 1.12541e-08
0.0645962 1.0572e-08
0.0646861 9.84846e-09
0.064776 9.3049e-09
0.0648659 8.88569e-09
0.0649558 8.26981e-09
0.0650457 7.75156e-09
0.0651356 7.15746e-09
0.0652255 6.59176e-09
0.0653154 5.90273e-09
0.0654053 5.04668e-09
0.0654952 4.21876e-09
0.0655851 3.60074e-09
0.065675 3.23963e-09
0.0657649 2.89771e-09
0.0658548 2.53977e-09
0.0659447 2.24168e-09
0.0660346 1.6628e-09
0.0661245 1.05671e-09
0.0662144 6.5611e-10
0.0663043 2.57258e-10
0.0663942 -1.56347e-10
0.0664841 -5.20215e-10
0.0665741 -1.17168e-09
0.066664 -1.80202e-09
0.0667539 -2.6289e-09
0.0668438 -3.36984e-09
0.0669337 -4.37121e-09
0.0670236 -5.28251e-09
0.0671135 -6.07862e-09
0.0672034 -6.75429e-09
0.0672933 -7.36739e-09
0.0673832 -7.82928e-09
0.0674731 -8.17992e-09
0.067563 -8.61409e-09
0.0676529 -9.06851e-09
0.0677428 -9.85024e-09
0.0678327 -1.08787e-08
0.0679226 -1.16193e-08
0.0680125 -1.2396e-08
0.0681024 -1.31035e-08
0.0681923 -1.38347e-08
0.0682822 -1.46927e-08
0.0683721 -1.54786e-08
0.068462 -1.61703e-08
0.0685519 -1.67791e-08
0.0686418 -1.72129e-08
0.0687318 -1.75543e-08
0.0688217 -1.77223e-08
0.0689116 -1.79111e-08
0.0690015 -1.80786e-08
0.0690914 -1.81344e-08
0.0691813 -1.82961e-08
0.0692712 -1.83621e-08
0.0693611 -1.83157e-08
0.069451 -1.83021e-08
0.0695409 -1.83953e-08
0.0696308 -1.84919e-08
0.0697207 -1.85965e-08
0.0698106 -1.8774e-08
0.0699005 -1.89359e-08
0.0699904 -1.90391e-08
0.0700803 -1.91188e-08
0.0701702 -1.9207e-08
0.0702601 -1.93434e-08
0.07035 -1.93335e-08
0.0704399 -1.93608e-08
0.0705298 -1.94648e-08
0.0706197 -1.96693e-08
0.0707096 -1.98068e-08
0.0707995 -1.99972e-08
0.0708895 -2.02772e-08
0.0709794 -2.06965e-08
0.0710693 -2.11669e-08
0.0711592 -2.17013e-08
0.0712491 -2.22035e-08
0.071339 -2.27076e-08
0.0714289 -2.32544e-08
0.0715188 -2.37749e-08
0.0716087 -2.42082e-08
0.0716986 -2.45547e-08
0.0717885 -2.49198e-08
0.0718784 -2.52358e-08
0.0719683 -2.5558e-08
0.0720582 -2.59145e-08
0.0721481 -2.6128e-08
0.072238 -2.62524e-08
0.0723279 -2.63633e-08
0.0724178 -2.64562e-08
0.0725077 -2.66087e-08
0.0725976 -2.68039e-08
0.0726875 -2.70021e-08
0.0727774 -2.71848e-08
0.0728673 -2.73144e-08
0.0729572 -2.74222e-08
0.0730472 -2.74792e-08
0.0731371 -2.75017e-08
0.073227 -2.75627e-08
0.0733169 -2.77101e-08
0.0734068 -2.79227e-08
0.0734967 -2.81263e-08
0.0735866 -2.8236e-08
0.0736765 -2.83459e-08
0.0737664 -2.84635e-08
0.0738563 -2.86425e-08
0.0739462 -2.88578e-08
0.0740361 -2.90399e-08
0.074126 -2.9211e-08
0.0742159 -2.94556e-08
0.0743058 -2.97621e-08
0.0743957 -2.99935e-08
0.0744856 -3.02198e-08
0.0745755 -3.0329e-08
0.0746654 -3.0401e-08
0.0747553 -3.04369e-08
0.0748452 -3.05094e-08
0.0749351 -3.05486e-08
0.075025 -3.05673e-08
0.0751149 -3.06051e-08
0.0752048 -3.06753e-08
0.0752948 -3.07987e-08
0.0753847 -3.08951e-08
0.0754746 -3.08965e-08
0.0755645 -3.09247e-08
0.0756544 -3.10043e-08
0.0757443 -3.10733e-08
0.0758342 -3.11444e-08
0.0759241 -3.11861e-08
0.076014 -3.12219e-08
0.0761039 -3.11734e-08
0.0761938 -3.10742e-08
0.0762837 -3.092e-08
0.0763736 -3.07013e-08
0.0764635 -3.04638e-08
0.0765534 -3.02296e-08
0.0766433 -2.99857e-08
0.0767332 -2.97775e-08
0.0768231 -2.96064e-08
0.076913 -2.94385e-08
0.0770029 -2.92682e-08
0.0770928 -2.91135e-08
0.0771827 -2.89157e-08
0.0772726 -2.86837e-08
0.0773625 -2.84024e-08
0.0774525 -2.80668e-08
0.0775424 -2.77323e-08
0.0776323 -2.7447e-08
0.0777222 -2.70936e-08
0.0778121 -2.67882e-08
0.077902 -2.65035e-08
0.0779919 -2.62671e-08
0.0780818 -2.60365e-08
0.0781717 -2.58402e-08
0.0782616 -2.56338e-08
0.0783515 -2.54861e-08
0.0784414 -2.53897e-08
0.0785313 -2.53718e-08
0.0786212 -2.53244e-08
0.0787111 -2.5273e-08
0.078801 -2.52363e-08
0.0788909 -2.50709e-08
0.0789808 -2.47649e-08
0.0790707 -2.44845e-08
0.0791606 -2.4178e-08
0.0792505 -2.38809e-08
0.0793404 -2.36339e-08
0.0794303 -2.34692e-08
0.0795202 -2.33146e-08
0.0796102 -2.30951e-08
0.0797001 -2.27979e-08
0.07979 -2.25273e-08
0.0798799 -2.22579e-08
0.0799698 -2.19422e-08
0.0800597 -2.16377e-08
0.0801496 -2.12398e-08
0.0802395 -2.06988e-08
0.0803294 -2.00749e-08
0.0804193 -1.94324e-08
0.0805092 -1.88333e-08
0.0805991 -1.82074e-08
0.080689 -1.76648e-08
0.0807789 -1.71071e-08
0.0808688 -1.65668e-08
0.0809587 -1.60716e-08
0.0810486 -1.57385e-08
0.0811385 -1.54921e-08
0.0812284 -1.51962e-08
0.0813183 -1.48305e-08
0.0814082 -1.43725e-08
0.0814981 -1.37129e-08
0.081588 -1.3037e-08
0.0816779 -1.23447e-08
0.0817679 -1.15777e-08
0.0818578 -1.08056e-08
0.0819477 -9.95786e-09
0.0820376 -9.10098e-09
0.0821275 -8.46055e-09
0.0822174 -7.85741e-09
0.0823073 -7.33058e-09
0.0823972 -6.99104e-09
0.0824871 -6.69684e-09
0.082577 -6.25574e-09
0.0826669 -5.81281e-09
0.0827568 -5.27301e-09
0.0828467 -4.69752e-09
0.0829366 -4.25748e-09
0.0830265 -3.78898e-09
0.0831164 -2.75384e-09
0.0832063 -1.66779e-09
0.0832962 -5.44736e-10
0.0833861 1.71097e-10
0.083476 7.34516e-10
0.0835659 1.41469e-09
0.0836558 2.09024e-09
0.0837457 2.60005e-09
0.0838356 3.14065e-09
0.0839256 3.94622e-09
0.0840155 4.26156e-09
0.0841054 4.70764e-09
0.0841953 6.22766e-09
0.0842852 7.8815e-09
0.0843751 9.46021e-09
0.084465 1.07722e-08
0.0845549 1.23631e-08
0.0846448 1.38945e-08
0.0847347 1.5589e-08
0.0848246 1.70633e-08
0.0849145 1.8412e-08
0.0850044 1.96483e-08
0.0850943 2.06889e-08
0.0851842 2.16571e-08
0.0852741 2.26377e-08
0.085364 2.35785e-08
0.0854539 2.46766e-08
0.0855438 2.59416e-08
0.0856337 2.72353e-08
0.0857236 2.80253e-08
0.0858135 2.88881e-08
0.0859034 2.96122e-08
0.0859933 3.03678e-08
0.0860833 3.11193e-08
0.0861732 3.19275e-08
0.0862631 3.23243e-08
0.086353 3.25051e-08
0.0864429 3.25923e-08
0.0865328 3.27765e-08
0.0866227 3.2937e-08
0.0867126 3.2958e-08
0.0868025 3.26715e-08
0.0868924 3.2229e-08
0.0869823 3.19076e-08
0.0870722 3.1494e-08
0.0871621 3.0949e-08
0.087252 3.03075e-08
0.0873419 2.96406e-08
0.0874318 2.9317e-08
0.0875217 2.93025e-08
0.0876116 2.90865e-08
0.0877015 2.88502e-08
0.0877914 2.87751e-08
0.0878813 2.88e-08
0.0879712 2.87136e-08
0.0880611 2.88048e-08
0.088151 2.90264e-08
0.088241 2.9181e-08
0.0883309 2.94991e-08
0.0884208 2.98541e-08
0.0885107 3.01758e-08
0.0886006 3.04505e-08
0.0886905 3.06523e-08
0.0887804 3.08673e-08
0.0888703 3.11048e-08
0.0889602 3.14865e-08
0.0890501 3.19255e-08
0.08914 3.23268e-08
0.0892299 3.28798e-08
0.0893198 3.34139e-08
0.0894097 3.39841e-08
0.0894996 3.44969e-08
0.0895895 3.49222e-08
0.0896794 3.54649e-08
0.0897693 3.59632e-08
0.0898592 3.64607e-08
0.0899491 3.68522e-08
0.090039 3.72561e-08
0.0901289 3.76163e-08
0.0902188 3.78921e-08
0.0903087 3.8104e-08
0.0903987 3.83103e-08
0.0904886 3.84014e-08
0.0905785 3.85588e-08
0.0906684 3.8707e-08
0.0907583 3.88374e-08
0.0908482 3.88233e-08
0.0909381 3.87957e-08
0.091028 3.87734e-08
0.0911179 3.87368e-08
0.0912078 3.87502e-08
0.0912977 3.87397e-08
0.0913876 3.85922e-08
0.0914775 3.82909e-08
0.0915674 3.79165e-08
0.0916573 3.77089e-08
0.0917472 3.74475e-08
0.0918371 3.71131e-08
0.091927 3.68504e-08
0.0920169 3.68802e-08
0.0921068 3.71907e-08
0.0921967 3.7529e-08
0.0922866 3.80429e-08
0.0923765 3.86819e-08
0.0924664 3.94972e-08
0.0925564 4.04189e-08
0.0926463 4.13709e-08
0.0927362 4.21703e-08
0.0928261 4.29248e-08
0.092916 4.36721e-08
0.0930059 4.44183e-08
0.0930958 4.4932e-08
0.0931857 4.5467e-08
0.0932756 4.607e-08
0.0933655 4.65666e-08
0.0934554 4.71344e-08
0.0935453 4.77739e-08
0.0936352 4.84662e-08
0.0937251 4.91351e-08
0.093815 4.97502e-08
0.0939049 5.05234e-08
0.0939948 5.11622e-08
0.0940847 5.17754e-08
0.0941746 5.22855e-08
0.0942645 5.26251e-08
0.0943544 5.27179e-08
0.0944443 5.27088e-08
0.0945342 5.26485e-08
0.0946241 5.24795e-08
0.094714 5.20314e-08
0.094804 5.15876e-08
0.0948939 5.10168e-08
0.0949838 5.02945e-08
0.0950737 4.98333e-08
0.0951636 4.96596e-08
0.0952535 4.95503e-08
0.0953434 4.95556e-08
0.0954333 4.94678e-08
0.0955232 4.93361e-08
0.0956131 4.91642e-08
0.095703 4.90344e-08
0.0957929 4.90934e-08
0.0958828 4.92836e-08
0.0959727 4.95234e-08
0.0960626 4.98246e-08
0.0961525 5.01147e-08
0.0962424 5.02472e-08
0.0963323 5.04512e-08
0.0964222 5.04823e-08
0.0965121 5.05373e-08
0.096602 5.08908e-08
0.0966919 5.16065e-08
0.0967818 5.24447e-08
0.0968717 5.31813e-08
0.0969617 5.37299e-08
0.0970516 5.52354e-08
0.0971415 5.70429e-08
0.0972314 5.84477e-08
0.0973213 5.95949e-08
0.0974112 6.03006e-08
0.0975011 6.08867e-08
0.097591 6.11799e-08
0.0976809 5.86668e-08
0.0977708 4.69002e-08
0.0978607 2.88399e-08
0.0979506 2.14893e-08
0.0980405 1.81804e-08
0.0981304 1.62229e-08
0.0982203 1.5274e-08
0.0983102 1.50511e-08
0.0984001 1.51709e-08
0.09849 1.55625e-08
0.0985799 1.64229e-08
0.0986698 1.76471e-08
0.0987597 1.94086e-08
0.0988496 2.1846e-08
0.0989395 2.37535e-08
0.0990294 2.50501e-08
0.0991194 2.63346e-08
0.0992093 2.76933e-08
0.0992992 2.85166e-08
0.0993891 2.91518e-08
0.099479 2.976e-08
0.0995689 3.03035e-08
0.0996588 3.08652e-08
0.0997487 3.1465e-08
0.0998386 3.18747e-08
0.0999285 3.2444e-08
0.100018 3.31053e-08
0.100108 3.33213e-08
0.100198 3.34247e-08
0.100288 3.34194e-08
0.100378 3.37508e-08
0.100468 3.41017e-08
0.100558 3.40794e-08
0.100648 3.37586e-08
0.100738 3.35394e-08
0.100828 3.32368e-08
0.100917 3.2882e-08
0.101007 3.22479e-08
0.101097 3.2095e-08
0.101187 3.18207e-08
0.101277 3.148e-08
0.101367 3.15303e-08
0.101457 3.1512e-08
0.101547 3.15734e-08
0.101637 3.18402e-08
0.101727 3.21362e-08
0.101816 3.23819e-08
0.101906 3.27945e-08
0.101996 3.35242e-08
0.102086 3.42325e-08
0.102176 3.48091e-08
0.102266 3.55049e-08
0.102356 3.618e-08
0.102446 3.65531e-08
0.102536 3.70061e-08
0.102626 3.76147e-08
0.102716 3.81305e-08
0.102805 3.85248e-08
0.102895 3.88999e-08
0.102985 3.90727e-08
0.103075 3.89163e-08
0.103165 3.88331e-08
0.103255 3.88589e-08
0.103345 3.89351e-08
0.103435 3.91568e-08
0.103525 3.96178e-08
0.103615 3.99136e-08
0.103704 4.01107e-08
0.103794 4.01776e-08
0.103884 3.99984e-08
0.103974 3.95528e-08
0.104064 3.88795e-08
0.104154 3.82292e-08
0.104244 3.78232e-08
0.104334 3.73796e-08
0.104424 3.65871e-08
0.104514 3.59135e-08
0.104604 3.57368e-08
0.104693 3.55149e-08
0.104783 3.52854e-08
0.104873 3.526e-08
0.104963 3.53991e-08
0.105053 3.58333e-08
0.105143 3.66078e-08
0.105233 3.72541e-08
0.105323 3.77698e-08
0.105413 3.91072e-08
0.105503 4.0809e-08
0.105592 4.15093e-08
0.105682 4.18026e-08
0.105772 4.1835e-08
0.105862 4.21636e-08
0.105952 4.24767e-08
0.106042 4.24539e-08
0.106132 4.2211e-08
0.106222 4.15916e-08
0.106312 4.07034e-08
0.106402 3.98477e-08
0.106491 3.84021e-08
0.106581 3.72938e-08
0.106671 3.65952e-08
0.106761 3.58162e-08
0.106851 3.50808e-08
0.106941 3.39931e-08
0.107031 3.32429e-08
0.107121 3.30219e-08
0.107211 3.31698e-08
0.107301 3.37567e-08
0.107391 3.47475e-08
0.10748 3.55005e-08
0.10757 3.64002e-08
0.10766 3.70444e-08
0.10775 3.7777e-08
0.10784 3.87394e-08
0.10793 4.00327e-08
0.10802 4.13847e-08
0.10811 4.28157e-08
0.1082 4.3988e-08
0.10829 4.53167e-08
0.108379 4.61018e-08
0.108469 4.59694e-08
0.108559 4.57063e-08
0.108649 4.579e-08
0.108739 4.55567e-08
0.108829 4.47989e-08
0.108919 4.26504e-08
0.109009 3.93974e-08
0.109099 3.55597e-08
0.109189 3.1817e-08
0.109279 2.8359e-08
0.109368 2.60177e-08
0.109458 2.5241e-08
0.109548 2.51681e-08
0.109638 2.48659e-08
0.109728 2.4565e-08
0.109818 2.45609e-08
0.109908 2.51456e-08
0.109998 2.61076e-08
0.110088 2.73676e-08
0.110178 2.88875e-08
0.110267 3.02236e-08
0.110357 3.18523e-08
0.110447 3.35031e-08
0.110537 3.51544e-08
0.110627 3.66814e-08
0.110717 3.84762e-08
0.110807 3.9807e-08
0.110897 4.12298e-08
0.110987 4.22628e-08
0.111077 4.29636e-08
0.111167 4.34894e-08
0.111256 4.39245e-08
0.111346 4.41533e-08
0.111436 4.41371e-08
0.111526 4.43777e-08
0.111616 4.45948e-08
0.111706 4.48282e-08
0.111796 4.50292e-08
0.111886 4.49082e-08
0.111976 4.4229e-08
0.112066 4.31747e-08
0.112155 4.29437e-08
0.112245 4.27188e-08
0.112335 4.2439e-08
0.112425 4.30695e-08
0.112515 4.28039e-08
0.112605 4.23715e-08
0.112695 4.17096e-08
0.112785 4.12499e-08
0.112875 4.08016e-08
0.112965 4.02878e-08
0.113054 4.01101e-08
0.113144 4.0485e-08
0.113234 4.06209e-08
0.113324 4.11503e-08
0.113414 4.16329e-08
0.113504 4.21393e-08
0.113594 4.28194e-08
0.113684 4.34965e-08
0.113774 4.41538e-08
0.113864 4.50365e-08
0.113954 4.62256e-08
0.114043 4.758e-08
0.114133 4.83427e-08
0.114223 4.84624e-08
0.114313 4.87456e-08
0.114403 4.86963e-08
0.114493 4.83762e-08
0.114583 4.80523e-08
0.114673 4.7685e-08
0.114763 4.73704e-08
0.114853 4.69039e-08
0.114942 4.61967e-08
0.115032 4.54229e-08
0.115122 4.50498e-08
0.115212 4.58022e-08
0.115302 4.67548e-08
0.115392 4.69274e-08
0.115482 4.7366e-08
0.115572 4.80133e-08
0.115662 4.81217e-08
0.115752 4.7768e-08
0.115842 4.76052e-08
0.115931 4.73875e-08
0.116021 4.73457e-08
0.116111 4.71878e-08
0.116201 4.69633e-08
0.116291 4.65315e-08
0.116381 4.62741e-08
0.116471 4.60428e-08
0.116561 4.54381e-08
0.116651 4.48204e-08
0.116741 4.52286e-08
0.11683 4.62739e-08
0.11692 4.73645e-08
0.11701 4.8289e-08
0.1171 4.94362e-08
0.11719 5.07133e-08
0.11728 5.08712e-08
0.11737 5.11414e-08
0.11746 5.19198e-08
0.11755 5.24237e-08
0.11764 5.30947e-08
0.11773 5.34808e-08
0.117819 5.3274e-08
0.117909 5.28865e-08
0.117999 5.28478e-08
0.118089 5.24823e-08
0.118179 5.19472e-08
0.118269 5.1741e-08
0.118359 5.19162e-08
0.118449 5.16231e-08
0.118539 5.09514e-08
0.118629 5.05429e-08
0.118718 4.98935e-08
0.118808 4.97608e-08
0.118898 4.97412e-08
0.118988 4.94475e-08
0.119078 4.92699e-08
0.119168 4.97463e-08
0.119258 5.03757e-08
0.119348 5.05889e-08
0.119438 5.07917e-08
0.119528 5.11299e-08
0.119617 5.14675e-08
0.119707 5.17602e-08
0.119797 5.22404e-08
0.119887 5.26286e-08
0.119977 5.37204e-08
0.120067 5.48433e-08
0.120157 5.54331e-08
0.120247 5.56974e-08
0.120337 5.58951e-08
0.120427 5.64006e-08
0.120517 5.70274e-08
0.120606 5.77628e-08
0.120696 5.86182e-08
0.120786 5.91425e-08
0.120876 5.97312e-08
0.120966 5.94472e-08
0.121056 5.89414e-08
0.121146 5.86837e-08
0.121236 5.80426e-08
0.121326 5.76377e-08
0.121416 5.76067e-08
0.121505 5.74727e-08
0.121595 5.7286e-08
0.121685 5.7107e-08
0.121775 5.7184e-08
0.121865 5.65871e-08
0.121955 5.65324e-08
0.122045 5.75265e-08
0.122135 5.82127e-08
0.122225 5.87343e-08
0.122315 5.95883e-08
0.122405 6.03326e-08
0.122494 6.13063e-08
0.122584 6.22581e-08
0.122674 6.40026e-08
0.122764 6.60955e-08
0.122854 6.80389e-08
0.122944 7.06792e-08
0.123034 7.32804e-08
0.123124 7.73727e-08
0.123214 8.24501e-08
0.123304 8.72808e-08
0.123393 9.10055e-08
0.123483 9.35552e-08
0.123573 9.3798e-08
0.123663 9.39836e-08
0.123753 1.0169e-07
0.123843 1.26704e-07
0.123933 1.39252e-07
0.124023 1.43282e-07
0.124113 1.47794e-07
0.124203 1.52388e-07
0.124293 1.56122e-07
0.124382 1.58277e-07
0.124472 1.60173e-07
0.124562 1.61039e-07
0.124652 1.61575e-07
0.124742 1.62393e-07
0.124832 1.63867e-07
0.124922 1.64663e-07
0.125012 1.65845e-07
0.125102 1.66958e-07
0.125192 1.67696e-07
0.125281 1.68204e-07
0.125371 1.68699e-07
0.125461 1.68921e-07
0.125551 1.68925e-07
0.125641 1.68977e-07
0.125731 1.69084e-07
0.125821 1.6978e-07
0.125911 1.71017e-07
0.126001 1.73817e-07
0.126091 1.76203e-07
0.126181 1.7792e-07
0.12627 1.80983e-07
0.12636 1.81664e-07
0.12645 1.80598e-07
0.12654 1.78969e-07
0.12663 1.78911e-07
0.12672 1.79374e-07
0.12681 1.79354e-07
0.1269 1.78251e-07
0.12699 1.76958e-07
0.12708 1.75509e-07
0.127169 1.7542e-07
0.127259 1.75873e-07
0.127349 1.7634e-07
0.127439 1.77021e-07
0.127529 1.78071e-07
0.127619 1.78395e-07
0.127709 1.77209e-07
0.127799 1.74779e-07
0.127889 1.72399e-07
0.127979 1.7006e-07
0.128068 1.67676e-07
0.128158 1.63795e-07
0.128248 2.6744e-07
0.128338 2.6146e-07
0.128428 2.59213e-07
0.128518 2.59032e-07
0.128608 2.59262e-07
0.128698 2.60914e-07
0.128788 2.6376e-07
0.128878 2.67095e-07
0.128968 2.70238e-07
0.129057 2.7289e-07
0.129147 2.73762e-07
0.129237 2.75257e-07
0.129327 2.7752e-07
0.129417 2.79574e-07
0.129507 2.81865e-07
0.129597 2.84209e-07
0.129687 2.86552e-07
0.129777 2.88041e-07
0.129867 2.8859e-07
0.129956 2.89873e-07
0.130046 2.92094e-07
0.130136 2.94967e-07
0.130226 2.97514e-07
0.130316 2.99417e-07
0.130406 3.01593e-07
0.130496 3.04011e-07
0.130586 3.0621e-07
0.130676 3.083e-07
0.130766 3.0995e-07
0.130856 3.10872e-07
0.130945 3.10022e-07
0.131035 3.08876e-07
0.131125 3.08389e-07
0.131215 3.08214e-07
0.131305 3.08008e-07
0.131395 3.07121e-07
0.131485 3.05985e-07
0.131575 3.04036e-07
0.131665 3.01731e-07
0.131755 3.00639e-07
0.131844 2.99463e-07
0.131934 2.9848e-07
0.132024 2.9818e-07
0.132114 2.97521e-07
0.132204 2.95344e-07
0.132294 2.92547e-07
0.132384 2.90254e-07
0.132474 2.87076e-07
0.132564 2.8389e-07
0.132654 2.78905e-07
0.132744 2.73084e-07
0.132833 2.68666e-07
0.132923 2.65901e-07
0.133013 2.67638e-07
0.133103 2.69785e-07
0.133193 2.70789e-07
0.133283 2.75022e-07
0.133373 2.83739e-07
0.133463 2.92057e-07
0.133553 2.94815e-07
0.133643 2.94181e-07
0.133732 2.93926e-07
0.133822 2.94412e-07
0.133912 2.95222e-07
0.134002 2.95852e-07
0.134092 2.96015e-07
0.134182 2.96216e-07
0.134272 2.97779e-07
0.134362 2.98094e-07
0.134452 2.98502e-07
0.134542 2.99501e-07
0.134631 3.01133e-07
0.134721 3.03146e-07
0.134811 3.05538e-07
