-0.134811 -5.76257e-09
-0.134721 -5.63293e-09
-0.134631 -5.07607e-09
-0.134542 -4.20766e-09
-0.134452 -3.38473e-09
-0.134362 -2.30214e-09
-0.134272 -1.51232e-09
-0.134182 2.30424e-10
-0.134092 1.16402e-09
-0.134002 2.45666e-09
-0.133912 4.54195e-09
-0.133822 5.91468e-09
-0.133732 7.56836e-09
-0.133642 9.46415e-09
-0.133553 1.19915e-08
-0.133463 1.15881e-08
-0.133373 1.2555e-08
-0.133283 1.2477e-08
-0.133193 1.10402e-08
-0.133103 1.10276e-08
-0.133013 1.11107e-08
-0.132923 1.19294e-08
-0.132833 1.2314e-08
-0.132743 1.33847e-08
-0.132654 1.44022e-08
-0.132564 1.4782e-08
-0.132474 1.53248e-08
-0.132384 1.61598e-08
-0.132294 1.72881e-08
-0.132204 1.7159e-08
-0.132114 1.76082e-08
-0.132024 1.83032e-08
-0.131934 1.87481e-08
-0.131844 1.73787e-08
-0.131754 1.63071e-08
-0.131665 1.59064e-08
-0.131575 1.40703e-08
-0.131485 1.13955e-08
-0.131395 8.25254e-09
-0.131305 5.61823e-09
-0.131215 3.12797e-09
-0.131125 1.60464e-09
-0.131035 7.60941e-10
-0.130945 8.19271e-10
-0.130855 1.67605e-09
-0.130766 2.71716e-09
-0.130676 3.26913e-09
-0.130586 4.82756e-09
-0.130496 5.58374e-09
-0.130406 7.04917e-09
-0.130316 8.65443e-09
-0.130226 9.16039e-09
-0.130136 1.01862e-08
-0.130046 1.10154e-08
-0.129956 1.22148e-08
-0.129867 1.18843e-08
-0.129777 1.2005e-08
-0.129687 1.11615e-08
-0.129597 1.26323e-08
-0.129507 1.34134e-08
-0.129417 1.37353e-08
-0.129327 1.20888e-08
-0.129237 1.19876e-08
-0.129147 1.35507e-08
-0.129057 1.36875e-08
-0.128967 1.41392e-08
-0.128878 1.56117e-08
-0.128788 1.75456e-08
-0.128698 1.84992e-08
-0.128608 1.92695e-08
-0.128518 2.01762e-08
-0.128428 2.09187e-08
-0.128338 2.16449e-08
-0.128248 2.27188e-08
-0.128158 2.3119e-08
-0.128068 2.3601e-08
-0.127979 2.25428e-08
-0.127889 2.26586e-08
-0.127799 2.16038e-08
-0.127709 2.04256e-08
-0.127619 1.86677e-08
-0.127529 1.74853e-08
-0.127439 1.69785e-08
-0.127349 1.57009e-08
-0.127259 1.48132e-08
-0.127169 1.44493e-08
-0.127079 1.37753e-08
-0.12699 1.3291e-08
-0.1269 1.26655e-08
-0.12681 1.28563e-08
-0.12672 1.24797e-08
-0.12663 1.23544e-08
-0.12654 1.28297e-08
-0.12645 1.39797e-08
-0.12636 1.48513e-08
-0.12627 1.48694e-08
-0.12618 1.49354e-08
-0.126091 1.48297e-08
-0.126001 1.48815e-08
-0.125911 1.54566e-08
-0.125821 1.55705e-08
-0.125731 1.57153e-08
-0.125641 1.6499e-08
-0.125551 1.74362e-08
-0.125461 1.80668e-08
-0.125371 1.93817e-08
-0.125281 2.1487e-08
-0.125191 2.37361e-08
-0.125102 2.51621e-08
-0.125012 2.5923e-08
-0.124922 2.67073e-08
-0.124832 2.62786e-08
-0.124742 2.70276e-08
-0.124652 2.71832e-08
-0.124562 2.73761e-08
-0.124472 2.69788e-08
-0.124382 2.67734e-08
-0.124292 2.71914e-08
-0.124203 2.58353e-08
-0.124113 2.44911e-08
-0.124023 2.36033e-08
-0.123933 2.30236e-08
-0.123843 2.24744e-08
-0.123753 2.15937e-08
-0.123663 2.10097e-08
-0.123573 2.05178e-08
-0.123483 2.0092e-08
-0.123393 1.98939e-08
-0.123304 2.02907e-08
-0.123214 2.12888e-08
-0.123124 2.16457e-08
-0.123034 2.22621e-08
-0.122944 2.29893e-08
-0.122854 2.31679e-08
-0.122764 2.38736e-08
-0.122674 2.46105e-08
-0.122584 2.52993e-08
-0.122494 2.59421e-08
-0.122404 2.66646e-08
-0.122315 2.70083e-08
-0.122225 2.8248e-08
-0.122135 2.92765e-08
-0.122045 2.99955e-08
-0.121955 3.02861e-08
-0.121865 3.04361e-08
-0.121775 3.03741e-08
-0.121685 2.94994e-08
-0.121595 2.82717e-08
-0.121505 2.71855e-08
-0.121416 2.57915e-08
-0.121326 2.47624e-08
-0.121236 2.41803e-08
-0.121146 2.34056e-08
-0.121056 2.25243e-08
-0.120966 2.19996e-08
-0.120876 2.20642e-08
-0.120786 2.21184e-08
-0.120696 2.30046e-08
-0.120606 2.45713e-08
-0.120516 2.64504e-08
-0.120427 2.74542e-08
-0.120337 2.9548e-08
-0.120247 3.05674e-08
-0.120157 3.1953e-08
-0.120067 3.39814e-08
-0.119977 3.47716e-08
-0.119887 3.45643e-08
-0.119797 3.42431e-08
-0.119707 3.36329e-08
-0.119617 3.32698e-08
-0.119528 3.30725e-08
-0.119438 3.27528e-08
-0.119348 3.31156e-08
-0.119258 3.36725e-08
-0.119168 3.41121e-08
-0.119078 3.50776e-08
-0.118988 3.58214e-08
-0.118898 3.63668e-08
-0.118808 3.74522e-08
-0.118718 3.84472e-08
-0.118628 3.9672e-08
-0.118539 4.06666e-08
-0.118449 4.1279e-08
-0.118359 4.18879e-08
-0.118269 4.18649e-08
-0.118179 4.18195e-08
-0.118089 4.17232e-08
-0.117999 4.19277e-08
-0.117909 4.19996e-08
-0.117819 4.16694e-08
-0.117729 4.15939e-08
-0.11764 4.10095e-08
-0.11755 4.08456e-08
-0.11746 4.12403e-08
-0.11737 4.12455e-08
-0.11728 4.02471e-08
-0.11719 3.98442e-08
-0.1171 3.94198e-08
-0.11701 3.93931e-08
-0.11692 3.93505e-08
-0.11683 3.93436e-08
-0.116741 3.89663e-08
-0.116651 3.90565e-08
-0.116561 3.92391e-08
-0.116471 3.95447e-08
-0.116381 3.98784e-08
-0.116291 4.04639e-08
-0.116201 4.17292e-08
-0.116111 4.28848e-08
-0.116021 4.36739e-08
-0.115931 4.46313e-08
-0.115841 4.57228e-08
-0.115752 4.66607e-08
-0.115662 4.77808e-08
-0.115572 4.86516e-08
-0.115482 4.92282e-08
-0.115392 4.99427e-08
-0.115302 5.08215e-08
-0.115212 5.06537e-08
-0.115122 5.04769e-08
-0.115032 5.04213e-08
-0.114942 5.03987e-08
-0.114853 5.03801e-08
-0.114763 5.03208e-08
-0.114673 5.00218e-08
-0.114583 4.99887e-08
-0.114493 4.97411e-08
-0.114403 4.99379e-08
-0.114313 5.04246e-08
-0.114223 5.04201e-08
-0.114133 5.06212e-08
-0.114043 5.07179e-08
-0.113953 5.06614e-08
-0.113864 5.08625e-08
-0.113774 5.07496e-08
-0.113684 5.10323e-08
-0.113594 5.12277e-08
-0.113504 5.14451e-08
-0.113414 5.1797e-08
-0.113324 5.1836e-08
-0.113234 5.20006e-08
-0.113144 5.2096e-08
-0.113054 5.19943e-08
-0.112965 5.19584e-08
-0.112875 5.1946e-08
-0.112785 5.18193e-08
-0.112695 5.1666e-08
-0.112605 5.14741e-08
-0.112515 5.12294e-08
-0.112425 5.09106e-08
-0.112335 5.06446e-08
-0.112245 5.06478e-08
-0.112155 5.06588e-08
-0.112065 5.05328e-08
-0.111976 5.04831e-08
-0.111886 5.04251e-08
-0.111796 5.02945e-08
-0.111706 5.00931e-08
-0.111616 4.99668e-08
-0.111526 5.00654e-08
-0.111436 5.00257e-08
-0.111346 5.00299e-08
-0.111256 4.97488e-08
-0.111166 4.96685e-08
-0.111077 4.94756e-08
-0.110987 4.93602e-08
-0.110897 4.9182e-08
-0.110807 4.89267e-08
-0.110717 4.86267e-08
-0.110627 4.80428e-08
-0.110537 4.75318e-08
-0.110447 4.69748e-08
-0.110357 4.65543e-08
-0.110267 4.61692e-08
-0.110178 4.57612e-08
-0.110088 4.51938e-08
-0.109998 4.47361e-08
-0.109908 4.43043e-08
-0.109818 4.40834e-08
-0.109728 4.39693e-08
-0.109638 4.3925e-08
-0.109548 4.38892e-08
-0.109458 4.40132e-08
-0.109368 4.41696e-08
-0.109278 4.43271e-08
-0.109189 4.44245e-08
-0.109099 4.4385e-08
-0.109009 4.43087e-08
-0.108919 4.43755e-08
-0.108829 4.42948e-08
-0.108739 4.40579e-08
-0.108649 4.38615e-08
-0.108559 4.36444e-08
-0.108469 4.34564e-08
-0.108379 4.31969e-08
-0.10829 4.2939e-08
-0.1082 4.25464e-08
-0.10811 4.23336e-08
-0.10802 4.2008e-08
-0.10793 4.17162e-08
-0.10784 4.15568e-08
-0.10775 4.14116e-08
-0.10766 4.13262e-08
-0.10757 4.12238e-08
-0.10748 4.12317e-08
-0.10739 4.10538e-08
-0.107301 4.09067e-08
-0.107211 4.081e-08
-0.107121 4.07278e-08
-0.107031 4.06225e-08
-0.106941 4.04993e-08
-0.106851 4.04214e-08
-0.106761 4.02691e-08
-0.106671 4.01588e-08
-0.106581 4.00593e-08
-0.106491 3.99262e-08
-0.106402 3.9943e-08
-0.106312 3.98193e-08
-0.106222 3.96756e-08
-0.106132 3.95126e-08
-0.106042 3.94055e-08
-0.105952 3.93974e-08
-0.105862 3.94034e-08
-0.105772 3.93489e-08
-0.105682 3.9349e-08
-0.105592 3.93964e-08
-0.105502 3.93807e-08
-0.105413 3.95198e-08
-0.105323 3.97197e-08
-0.105233 3.98456e-08
-0.105143 3.9866e-08
-0.105053 3.99254e-08
-0.104963 3.99291e-08
-0.104873 4.01014e-08
-0.104783 4.02721e-08
-0.104693 4.02865e-08
-0.104603 4.02926e-08
-0.104514 4.0289e-08
-0.104424 4.0238e-08
-0.104334 4.00664e-08
-0.104244 3.98479e-08
-0.104154 3.96687e-08
-0.104064 3.95285e-08
-0.103974 3.94472e-08
-0.103884 3.94037e-08
-0.103794 3.92809e-08
-0.103704 3.91055e-08
-0.103614 3.90351e-08
-0.103525 3.88821e-08
-0.103435 3.87414e-08
-0.103345 3.85841e-08
-0.103255 3.833e-08
-0.103165 3.81926e-08
-0.103075 3.80536e-08
-0.102985 3.79635e-08
-0.102895 3.77983e-08
-0.102805 3.76516e-08
-0.102715 3.75711e-08
-0.102626 3.73853e-08
-0.102536 3.71267e-08
-0.102446 3.69025e-08
-0.102356 3.67696e-08
-0.102266 3.67015e-08
-0.102176 3.66151e-08
-0.102086 3.66892e-08
-0.101996 3.66055e-08
-0.101906 3.65889e-08
-0.101816 3.66115e-08
-0.101727 3.65214e-08
-0.101637 3.64818e-08
-0.101547 3.64743e-08
-0.101457 3.65989e-08
-0.101367 3.66228e-08
-0.101277 3.6485e-08
-0.101187 3.63359e-08
-0.101097 3.62667e-08
-0.101007 3.62856e-08
-0.100917 3.63926e-08
-0.100827 3.62801e-08
-0.100738 3.61803e-08
-0.100648 3.60256e-08
-0.100558 3.58567e-08
-0.100468 3.5815e-08
-0.100378 3.56659e-08
-0.100288 3.55775e-08
-0.100198 3.54345e-08
-0.100108 3.53034e-08
-0.100018 3.50496e-08
-0.0999284 3.47463e-08
-0.0998385 3.45366e-08
-0.0997486 3.44395e-08
-0.0996587 3.43045e-08
-0.0995688 3.40684e-08
-0.0994789 3.39318e-08
-0.099389 3.3658e-08
-0.0992991 3.33682e-08
-0.0992092 3.30765e-08
-0.0991193 3.28966e-08
-0.0990294 3.27913e-08
-0.0989395 3.26052e-08
-0.0988496 3.24701e-08
-0.0987597 3.22356e-08
-0.0986698 3.194e-08
-0.0985799 3.17705e-08
-0.09849 3.16524e-08
-0.0984001 3.15574e-08
-0.0983102 3.14652e-08
-0.0982202 3.143e-08
-0.0981303 3.14257e-08
-0.0980404 3.15184e-08
-0.0979505 3.14687e-08
-0.0978606 3.14346e-08
-0.0977707 3.1386e-08
-0.0976808 3.13055e-08
-0.0975909 3.13009e-08
-0.097501 3.13107e-08
-0.0974111 3.13482e-08
-0.0973212 3.1361e-08
-0.0972313 3.14827e-08
-0.0971414 3.1562e-08
-0.0970515 3.14964e-08
-0.0969616 3.14178e-08
-0.0968717 3.12728e-08
-0.0967818 3.11468e-08
-0.0966919 3.11468e-08
-0.096602 3.11222e-08
-0.0965121 3.11275e-08
-0.0964222 3.11498e-08
-0.0963323 3.09528e-08
-0.0962424 3.07477e-08
-0.0961525 3.04498e-08
-0.0960626 3.03209e-08
-0.0959726 3.01363e-08
-0.0958827 3.00043e-08
-0.0957928 2.98849e-08
-0.0957029 2.96884e-08
-0.095613 2.94596e-08
-0.0955231 2.92061e-08
-0.0954332 2.88841e-08
-0.0953433 2.85904e-08
-0.0952534 2.82725e-08
-0.0951635 2.80855e-08
-0.0950736 2.77927e-08
-0.0949837 2.75035e-08
-0.0948938 2.71829e-08
-0.0948039 2.68296e-08
-0.094714 2.65611e-08
-0.0946241 2.62456e-08
-0.0945342 2.60235e-08
-0.0944443 2.56655e-08
-0.0943544 2.52968e-08
-0.0942645 2.49934e-08
-0.0941746 2.47706e-08
-0.0940847 2.44851e-08
-0.0939948 2.43695e-08
-0.0939049 2.42309e-08
-0.0938149 2.40794e-08
-0.093725 2.3928e-08
-0.0936351 2.38677e-08
-0.0935452 2.37438e-08
-0.0934553 2.36483e-08
-0.0933654 2.35907e-08
-0.0932755 2.33941e-08
-0.0931856 2.33052e-08
-0.0930957 2.31401e-08
-0.0930058 2.29301e-08
-0.0929159 2.25679e-08
-0.092826 2.22628e-08
-0.0927361 2.20065e-08
-0.0926462 2.17594e-08
-0.0925563 2.14692e-08
-0.0924664 2.11707e-08
-0.0923765 2.08778e-08
-0.0922866 2.06216e-08
-0.0921967 2.03308e-08
-0.0921068 2.01019e-08
-0.0920169 1.98316e-08
-0.091927 1.95695e-08
-0.0918371 1.93249e-08
-0.0917472 1.92473e-08
-0.0916572 1.91838e-08
-0.0915673 1.91097e-08
-0.0914774 1.89847e-08
-0.0913875 1.8864e-08
-0.0912976 1.8722e-08
-0.0912077 1.85877e-08
-0.0911178 1.84308e-08
-0.0910279 1.82538e-08
-0.090938 1.82027e-08
-0.0908481 1.81503e-08
-0.0907582 1.80697e-08
-0.0906683 1.7947e-08
-0.0905784 1.77722e-08
-0.0904885 1.75707e-08
-0.0903986 1.74269e-08
-0.0903087 1.71625e-08
-0.0902188 1.69546e-08
-0.0901289 1.6873e-08
-0.090039 1.6725e-08
-0.0899491 1.65614e-08
-0.0898592 1.63733e-08
-0.0897693 1.62023e-08
-0.0896794 1.61337e-08
-0.0895895 1.59682e-08
-0.0894995 1.58696e-08
-0.0894096 1.58346e-08
-0.0893197 1.58194e-08
-0.0892298 1.58164e-08
-0.0891399 1.58052e-08
-0.08905 1.57468e-08
-0.0889601 1.5688e-08
-0.0888702 1.56365e-08
-0.0887803 1.54976e-08
-0.0886904 1.5431e-08
-0.0886005 1.52199e-08
-0.0885106 1.50667e-08
-0.0884207 1.49483e-08
-0.0883308 1.47379e-08
-0.0882409 1.45326e-08
-0.088151 1.42985e-08
-0.0880611 1.40927e-08
-0.0879712 1.39033e-08
-0.0878813 1.38013e-08
-0.0877914 1.36144e-08
-0.0877015 1.35325e-08
-0.0876116 1.34289e-08
-0.0875217 1.34052e-08
-0.0874318 1.33751e-08
-0.0873418 1.33468e-08
-0.0872519 1.33024e-08
-0.087162 1.33558e-08
-0.0870721 1.33786e-08
-0.0869822 1.33502e-08
-0.0868923 1.33373e-08
-0.0868024 1.33715e-08
-0.0867125 1.34019e-08
-0.0866226 1.34669e-08
-0.0865327 1.3519e-08
-0.0864428 1.3578e-08
-0.0863529 1.35836e-08
-0.086263 1.36435e-08
-0.0861731 1.36281e-08
-0.0860832 1.35944e-08
-0.0859933 1.36608e-08
-0.0859034 1.37661e-08
-0.0858135 1.38263e-08
-0.0857236 1.38939e-08
-0.0856337 1.3901e-08
-0.0855438 1.38215e-08
-0.0854539 1.38391e-08
-0.085364 1.38676e-08
-0.0852741 1.38509e-08
-0.0851841 1.38524e-08
-0.0850942 1.3886e-08
-0.0850043 1.39181e-08
-0.0849144 1.38901e-08
-0.0848245 1.3888e-08
-0.0847346 1.38243e-08
-0.0846447 1.38035e-08
-0.0845548 1.37658e-08
-0.0844649 1.37747e-08
-0.084375 1.37089e-08
-0.0842851 1.36372e-08
-0.0841952 1.35366e-08
-0.0841053 1.34449e-08
-0.0840154 1.3315e-08
-0.0839255 1.3239e-08
-0.0838356 1.32167e-08
-0.0837457 1.31946e-08
-0.0836558 1.31854e-08
-0.0835659 1.31978e-08
-0.083476 1.31777e-08
-0.0833861 1.31503e-08
-0.0832962 1.30985e-08
-0.0832063 1.30705e-08
-0.0831164 1.30102e-08
-0.0830264 1.30275e-08
-0.0829365 1.30341e-08
-0.0828466 1.3044e-08
-0.0827567 1.30087e-08
-0.0826668 1.29778e-08
-0.0825769 1.29719e-08
-0.082487 1.29874e-08
-0.0823971 1.29846e-08
-0.0823072 1.29455e-08
-0.0822173 1.28399e-08
-0.0821274 1.27962e-08
-0.0820375 1.27957e-08
-0.0819476 1.27448e-08
-0.0818577 1.27007e-08
-0.0817678 1.26418e-08
-0.0816779 1.25222e-08
-0.081588 1.24757e-08
-0.0814981 1.23109e-08
-0.0814082 1.21965e-08
-0.0813183 1.20583e-08
-0.0812284 1.20156e-08
-0.0811385 1.18942e-08
-0.0810486 1.18292e-08
-0.0809587 1.17331e-08
-0.0808687 1.16425e-08
-0.0807788 1.14762e-08
-0.0806889 1.13409e-08
-0.080599 1.11697e-08
-0.0805091 1.10351e-08
-0.0804192 1.08881e-08
-0.0803293 1.07385e-08
-0.0802394 1.0604e-08
-0.0801495 1.05125e-08
-0.0800596 1.04278e-08
-0.0799697 1.03089e-08
-0.0798798 1.01773e-08
-0.0797899 1.01391e-08
-0.0797 1.00772e-08
-0.0796101 1.00549e-08
-0.0795202 1.00183e-08
-0.0794303 9.93895e-09
-0.0793404 9.85817e-09
-0.0792505 9.76095e-09
-0.0791606 9.59353e-09
-0.0790707 9.44714e-09
-0.0789808 9.31711e-09
-0.0788909 9.16975e-09
-0.078801 9.01553e-09
-0.078711 8.82969e-09
-0.0786211 8.6839e-09
-0.0785312 8.60255e-09
-0.0784413 8.5147e-09
-0.0783514 8.48872e-09
-0.0782615 8.47625e-09
-0.0781716 8.52228e-09
-0.0780817 8.5374e-09
-0.0779918 8.58099e-09
-0.0779019 8.66565e-09
-0.077812 8.78708e-09
-0.0777221 8.81794e-09
-0.0776322 8.8966e-09
-0.0775423 8.89237e-09
-0.0774524 8.94444e-09
-0.0773625 9.03918e-09
-0.0772726 9.13174e-09
-0.0771827 9.21516e-09
-0.0770928 9.26977e-09
-0.0770029 9.33648e-09
-0.076913 9.39992e-09
-0.0768231 9.46512e-09
-0.0767332 9.59383e-09
-0.0766433 9.70786e-09
-0.0765534 9.86866e-09
-0.0764634 9.93408e-09
-0.0763735 1.00779e-08
-0.0762836 1.01801e-08
-0.0761937 1.02739e-08
-0.0761038 1.03603e-08
-0.0760139 1.04873e-08
-0.075924 1.06526e-08
-0.0758341 1.07411e-08
-0.0757442 1.08132e-08
-0.0756543 1.08958e-08
-0.0755644 1.09466e-08
-0.0754745 1.10116e-08
-0.0753846 1.10812e-08
-0.0752947 1.11119e-08
-0.0752048 1.11357e-08
-0.0751149 1.11706e-08
-0.075025 1.11757e-08
-0.0749351 1.11913e-08
-0.0748452 1.12651e-08
-0.0747553 1.12991e-08
-0.0746654 1.13728e-08
-0.0745755 1.14103e-08
-0.0744856 1.14931e-08
-0.0743957 1.16093e-08
-0.0743057 1.17497e-08
-0.0742158 1.18436e-08
-0.0741259 1.19693e-08
-0.074036 1.20675e-08
-0.0739461 1.22432e-08
-0.0738562 1.22991e-08
-0.0737663 1.24098e-08
-0.0736764 1.25347e-08
-0.0735865 1.26405e-08
-0.0734966 1.27613e-08
-0.0734067 1.29281e-08
-0.0733168 1.3137e-08
-0.0732269 1.33899e-08
-0.073137 1.36551e-08
-0.0730471 1.39895e-08
-0.0729572 1.43458e-08
-0.0728673 1.46414e-08
-0.0727774 1.48162e-08
-0.0726875 1.50447e-08
-0.0725976 1.52923e-08
-0.0725077 1.55128e-08
-0.0724178 1.57262e-08
-0.0723279 1.59044e-08
-0.072238 1.60126e-08
-0.072148 1.61792e-08
-0.0720581 1.63092e-08
-0.0719682 1.63971e-08
-0.0718783 1.64216e-08
-0.0717884 1.64951e-08
-0.0716985 1.65471e-08
-0.0716086 1.66205e-08
-0.0715187 1.66472e-08
-0.0714288 1.66868e-08
-0.0713389 1.67531e-08
-0.071249 1.67537e-08
-0.0711591 1.67243e-08
-0.0710692 1.67348e-08
-0.0709793 1.67279e-08
-0.0708894 1.67583e-08
-0.0707995 1.67705e-08
-0.0707096 1.68011e-08
-0.0706197 1.68223e-08
-0.0705298 1.68316e-08
-0.0704399 1.68318e-08
-0.07035 1.68271e-08
-0.0702601 1.68212e-08
-0.0701702 1.68541e-08
-0.0700803 1.68363e-08
-0.0699903 1.68167e-08
-0.0699004 1.68436e-08
-0.0698105 1.6808e-08
-0.0697206 1.67923e-08
-0.0696307 1.67934e-08
-0.0695408 1.67965e-08
-0.0694509 1.67832e-08
-0.069361 1.67883e-08
-0.0692711 1.68129e-08
-0.0691812 1.68368e-08
-0.0690913 1.68941e-08
-0.0690014 1.69166e-08
-0.0689115 1.69506e-08
-0.0688216 1.70019e-08
-0.0687317 1.70535e-08
-0.0686418 1.70953e-08
-0.0685519 1.71097e-08
-0.068462 1.71837e-08
-0.0683721 1.72628e-08
-0.0682822 1.7348e-08
-0.0681923 1.74339e-08
-0.0681024 1.75085e-08
-0.0680125 1.75784e-08
-0.0679226 1.76876e-08
-0.0678326 1.77375e-08
-0.0677427 1.78218e-08
-0.0676528 1.78987e-08
-0.0675629 1.79432e-08
-0.067473 1.79556e-08
-0.0673831 1.79842e-08
-0.0672932 1.80472e-08
-0.0672033 1.80989e-08
-0.0671134 1.81351e-08
-0.0670235 1.81519e-08
-0.0669336 1.81551e-08
-0.0668437 1.82136e-08
-0.0667538 1.824e-08
-0.0666639 1.82821e-08
-0.066574 1.82919e-08
-0.0664841 1.83408e-08
-0.0663942 1.83513e-08
-0.0663043 1.8361e-08
-0.0662144 1.83386e-08
-0.0661245 1.83012e-08
-0.0660346 1.82751e-08
-0.0659447 1.82272e-08
-0.0658548 1.81715e-08
-0.0657649 1.81441e-08
-0.0656749 1.80952e-08
-0.065585 1.80311e-08
-0.0654951 1.79579e-08
-0.0654052 1.7894e-08
-0.0653153 1.78362e-08
-0.0652254 1.77587e-08
-0.0651355 1.76897e-08
-0.0650456 1.76286e-08
-0.0649557 1.75596e-08
-0.0648658 1.75038e-08
-0.0647759 1.74293e-08
-0.064686 1.7369e-08
-0.0645961 1.73012e-08
-0.0645062 1.72604e-08
-0.0644163 1.72139e-08
-0.0643264 1.71594e-08
-0.0642365 1.71298e-08
-0.0641466 1.71102e-08
-0.0640567 1.70839e-08
-0.0639668 1.70606e-08
-0.0638769 1.70267e-08
-0.063787 1.69911e-08
-0.0636971 1.69769e-08
-0.0636072 1.69711e-08
-0.0635172 1.69644e-08
-0.0634273 1.69683e-08
-0.0633374 1.70125e-08
-0.0632475 1.70588e-08
-0.0631576 1.71068e-08
-0.0630677 1.71858e-08
-0.0629778 1.72637e-08
-0.0628879 1.73512e-08
-0.062798 1.74221e-08
-0.0627081 1.75099e-08
-0.0626182 1.75972e-08
-0.0625283 1.7694e-08
-0.0624384 1.78126e-08
-0.0623485 1.79255e-08
-0.0622586 1.80567e-08
-0.0621687 1.81682e-08
-0.0620788 1.82717e-08
-0.0619889 1.83771e-08
-0.061899 1.84882e-08
-0.0618091 1.86052e-08
-0.0617192 1.87389e-08
-0.0616293 1.88334e-08
-0.0615394 1.89124e-08
-0.0614495 1.89974e-08
-0.0613595 1.90731e-08
-0.0612696 1.9129e-08
-0.0611797 1.91796e-08
-0.0610898 1.92325e-08
-0.0609999 1.92628e-08
-0.06091 1.92815e-08
-0.0608201 1.92898e-08
-0.0607302 1.92915e-08
-0.0606403 1.92759e-08
-0.0605504 1.92353e-08
-0.0604605 1.92086e-08
-0.0603706 1.9182e-08
-0.0602807 1.91514e-08
-0.0601908 1.90827e-08
-0.0601009 1.90356e-08
-0.060011 1.90073e-08
-0.0599211 1.89681e-08
-0.0598312 1.88979e-08
-0.0597413 1.88668e-08
-0.0596514 1.87901e-08
-0.0595615 1.86976e-08
-0.0594716 1.86181e-08
-0.0593817 1.85543e-08
-0.0592918 1.84913e-08
-0.0592018 1.84186e-08
-0.0591119 1.8344e-08
-0.059022 1.82844e-08
-0.0589321 1.82235e-08
-0.0588422 1.81701e-08
-0.0587523 1.81137e-08
-0.0586624 1.80455e-08
-0.0585725 1.79899e-08
-0.0584826 1.79366e-08
-0.0583927 1.79073e-08
-0.0583028 1.78628e-08
-0.0582129 1.78141e-08
-0.058123 1.77812e-08
-0.0580331 1.77569e-08
-0.0579432 1.77292e-08
-0.0578533 1.77169e-08
-0.0577634 1.7718e-08
-0.0576735 1.77261e-08
-0.0575836 1.77108e-08
-0.0574937 1.77078e-08
-0.0574038 1.76924e-08
-0.0573139 1.76798e-08
-0.057224 1.76698e-08
-0.0571341 1.76741e-08
-0.0570442 1.76477e-08
-0.0569542 1.76159e-08
-0.0568643 1.75753e-08
-0.0567744 1.75564e-08
-0.0566845 1.75514e-08
-0.0565946 1.75423e-08
-0.0565047 1.75139e-08
-0.0564148 1.75039e-08
-0.0563249 1.7497e-08
-0.056235 1.74694e-08
-0.0561451 1.74436e-08
-0.0560552 1.74216e-08
-0.0559653 1.73872e-08
-0.0558754 1.73541e-08
-0.0557855 1.7316e-08
-0.0556956 1.72846e-08
-0.0556057 1.72532e-08
-0.0555158 1.72067e-08
-0.0554259 1.71531e-08
-0.055336 1.71152e-08
-0.0552461 1.70547e-08
-0.0551562 1.69982e-08
-0.0550663 1.69496e-08
-0.0549764 1.69026e-08
-0.0548865 1.68705e-08
-0.0547965 1.68027e-08
-0.0547066 1.67514e-08
-0.0546167 1.66642e-08
-0.0545268 1.6569e-08
-0.0544369 1.64786e-08
-0.054347 1.6406e-08
-0.0542571 1.63091e-08
-0.0541672 1.62141e-08
-0.0540773 1.6118e-08
-0.0539874 1.60243e-08
-0.0538975 1.59079e-08
-0.0538076 1.57765e-08
-0.0537177 1.56578e-08
-0.0536278 1.55313e-08
-0.0535379 1.54249e-08
-0.053448 1.53089e-08
-0.0533581 1.51985e-08
-0.0532682 1.50848e-08
-0.0531783 1.49885e-08
-0.0530884 1.49026e-08
-0.0529985 1.48089e-08
-0.0529086 1.47402e-08
-0.0528187 1.46572e-08
-0.0527288 1.46008e-08
-0.0526388 1.45415e-08
-0.0525489 1.44882e-08
-0.052459 1.44384e-08
-0.0523691 1.439e-08
-0.0522792 1.43176e-08
-0.0521893 1.42686e-08
-0.0520994 1.42464e-08
-0.0520095 1.42187e-08
-0.0519196 1.41831e-08
-0.0518297 1.4158e-08
-0.0517398 1.41563e-08
-0.0516499 1.41303e-08
-0.05156 1.4103e-08
-0.0514701 1.40817e-08
-0.0513802 1.40653e-08
-0.0512903 1.40673e-08
-0.0512004 1.40844e-08
-0.0511105 1.40951e-08
-0.0510206 1.41032e-08
-0.0509307 1.41104e-08
-0.0508408 1.41076e-08
-0.0507509 1.40983e-08
-0.050661 1.40759e-08
-0.0505711 1.40605e-08
-0.0504811 1.40646e-08
-0.0503912 1.40804e-08
-0.0503013 1.4099e-08
-0.0502114 1.41391e-08
-0.0501215 1.41834e-08
-0.0500316 1.42127e-08
-0.0499417 1.4249e-08
-0.0498518 1.42609e-08
-0.0497619 1.42797e-08
-0.049672 1.4274e-08
-0.0495821 1.42718e-08
-0.0494922 1.42736e-08
-0.0494023 1.42738e-08
-0.0493124 1.42618e-08
-0.0492225 1.42385e-08
-0.0491326 1.41849e-08
-0.0490427 1.41443e-08
-0.0489528 1.41248e-08
-0.0488629 1.41043e-08
-0.048773 1.40883e-08
-0.0486831 1.40641e-08
-0.0485932 1.40329e-08
-0.0485033 1.39942e-08
-0.0484134 1.39575e-08
-0.0483234 1.39293e-08
-0.0482335 1.39067e-08
-0.0481436 1.38962e-08
-0.0480537 1.39076e-08
-0.0479638 1.39017e-08
-0.0478739 1.38871e-08
-0.047784 1.39008e-08
-0.0476941 1.39226e-08
-0.0476042 1.3936e-08
-0.0475143 1.39365e-08
-0.0474244 1.39418e-08
-0.0473345 1.39359e-08
-0.0472446 1.39326e-08
-0.0471547 1.39358e-08
-0.0470648 1.396e-08
-0.0469749 1.40032e-08
-0.046885 1.40145e-08
-0.0467951 1.40389e-08
-0.0467052 1.40604e-08
-0.0466153 1.40865e-08
-0.0465254 1.41126e-08
-0.0464355 1.41199e-08
-0.0463456 1.41375e-08
-0.0462557 1.41305e-08
-0.0461657 1.41338e-08
-0.0460758 1.41294e-08
-0.0459859 1.40828e-08
-0.045896 1.40594e-08
-0.0458061 1.40399e-08
-0.0457162 1.40162e-08
-0.0456263 1.39843e-08
-0.0455364 1.39494e-08
-0.0454465 1.39229e-08
-0.0453566 1.38728e-08
-0.0452667 1.38262e-08
-0.0451768 1.37786e-08
-0.0450869 1.37255e-08
-0.044997 1.36583e-08
-0.0449071 1.35978e-08
-0.0448172 1.35328e-08
-0.0447273 1.34859e-08
-0.0446374 1.3436e-08
-0.0445475 1.33752e-08
-0.0444576 1.33243e-08
-0.0443677 1.32674e-08
-0.0442778 1.32174e-08
-0.0441879 1.31652e-08
-0.044098 1.31024e-08
-0.044008 1.30442e-08
-0.0439181 1.29828e-08
-0.0438282 1.29426e-08
-0.0437383 1.28869e-08
-0.0436484 1.28497e-08
-0.0435585 1.27977e-08
-0.0434686 1.27573e-08
-0.0433787 1.27124e-08
-0.0432888 1.26654e-08
-0.0431989 1.26324e-08
-0.043109 1.26017e-08
-0.0430191 1.25662e-08
-0.0429292 1.25219e-08
-0.0428393 1.24554e-08
-0.0427494 1.24066e-08
-0.0426595 1.23712e-08
-0.0425696 1.23167e-08
-0.0424797 1.22686e-08
-0.0423898 1.22223e-08
-0.0422999 1.22006e-08
-0.04221 1.2175e-08
-0.0421201 1.21432e-08
-0.0420302 1.21108e-08
-0.0419403 1.20618e-08
-0.0418503 1.20218e-08
-0.0417604 1.19841e-08
-0.0416705 1.19554e-08
-0.0415806 1.19311e-08
-0.0414907 1.1901e-08
-0.0414008 1.18642e-08
-0.0413109 1.18286e-08
-0.041221 1.17982e-08
-0.0411311 1.17795e-08
-0.0410412 1.17655e-08
-0.0409513 1.17538e-08
-0.0408614 1.17486e-08
-0.0407715 1.1753e-08
-0.0406816 1.17706e-08
-0.0405917 1.1794e-08
-0.0405018 1.18213e-08
-0.0404119 1.18443e-08
-0.040322 1.18664e-08
-0.0402321 1.18817e-08
-0.0401422 1.19125e-08
-0.0400523 1.19524e-08
-0.0399624 1.20073e-08
-0.0398725 1.20706e-08
-0.0397826 1.21396e-08
-0.0396927 1.21948e-08
-0.0396027 1.22611e-08
-0.0395128 1.23484e-08
-0.0394229 1.24168e-08
-0.039333 1.24957e-08
-0.0392431 1.25591e-08
-0.0391532 1.26489e-08
-0.0390633 1.27417e-08
-0.0389734 1.28291e-08
-0.0388835 1.2923e-08
-0.0387936 1.3003e-08
-0.0387037 1.30825e-08
-0.0386138 1.31788e-08
-0.0385239 1.32694e-08
-0.038434 1.33508e-08
-0.0383441 1.34265e-08
-0.0382542 1.35032e-08
-0.0381643 1.35791e-08
-0.0380744 1.36564e-08
-0.0379845 1.37385e-08
-0.0378946 1.3812e-08
-0.0378047 1.3891e-08
-0.0377148 1.39611e-08
-0.0376249 1.40414e-08
-0.037535 1.41299e-08
-0.037445 1.42189e-08
-0.0373551 1.43093e-08
-0.0372652 1.43917e-08
-0.0371753 1.44695e-08
-0.0370854 1.45448e-08
-0.0369955 1.46129e-08
-0.0369056 1.46847e-08
-0.0368157 1.47507e-08
-0.0367258 1.4823e-08
-0.0366359 1.49001e-08
-0.036546 1.49714e-08
-0.0364561 1.50358e-08
-0.0363662 1.51264e-08
-0.0362763 1.51986e-08
-0.0361864 1.52716e-08
-0.0360965 1.53343e-08
-0.0360066 1.54078e-08
-0.0359167 1.54749e-08
-0.0358268 1.55412e-08
-0.0357369 1.56082e-08
-0.035647 1.56871e-08
-0.0355571 1.57624e-08
-0.0354672 1.58382e-08
-0.0353773 1.59064e-08
-0.0352873 1.59573e-08
-0.0351974 1.60122e-08
-0.0351075 1.60889e-08
-0.0350176 1.61503e-08
-0.0349277 1.61909e-08
-0.0348378 1.62503e-08
-0.0347479 1.63048e-08
-0.034658 1.63643e-08
-0.0345681 1.64231e-08
-0.0344782 1.64788e-08
-0.0343883 1.65266e-08
-0.0342984 1.65759e-08
-0.0342085 1.66239e-08
-0.0341186 1.66869e-08
-0.0340287 1.67603e-08
-0.0339388 1.68201e-08
-0.0338489 1.68857e-08
-0.033759 1.6947e-08
-0.0336691 1.70113e-08
-0.0335792 1.70643e-08
-0.0334893 1.71006e-08
-0.0333994 1.7145e-08
-0.0333095 1.71759e-08
-0.0332196 1.72247e-08
-0.0331296 1.72703e-08
-0.0330397 1.73266e-08
-0.0329498 1.73689e-08
-0.0328599 1.74195e-08
-0.03277 1.74655e-08
-0.0326801 1.75095e-08
-0.0325902 1.75661e-08
-0.0325003 1.75956e-08
-0.0324104 1.76206e-08
-0.0323205 1.76574e-08
-0.0322306 1.76807e-08
-0.0321407 1.77028e-08
-0.0320508 1.77375e-08
-0.0319609 1.77692e-08
-0.031871 1.77926e-08
-0.0317811 1.78067e-08
-0.0316912 1.78318e-08
-0.0316013 1.78704e-08
-0.0315114 1.79042e-08
-0.0314215 1.79294e-08
-0.0313316 1.79588e-08
-0.0312417 1.79682e-08
-0.0311518 1.79767e-08
-0.0310619 1.79981e-08
-0.0309719 1.80258e-08
-0.030882 1.80503e-08
-0.0307921 1.80788e-08
-0.0307022 1.81191e-08
-0.0306123 1.81591e-08
-0.0305224 1.82036e-08
-0.0304325 1.82497e-08
-0.0303426 1.82869e-08
-0.0302527 1.83281e-08
-0.0301628 1.83664e-08
-0.0300729 1.83964e-08
-0.029983 1.84247e-08
-0.0298931 1.84486e-08
-0.0298032 1.84726e-08
-0.0297133 1.85009e-08
-0.0296234 1.8538e-08
-0.0295335 1.85763e-08
-0.0294436 1.86284e-08
-0.0293537 1.8676e-08
-0.0292638 1.87186e-08
-0.0291739 1.87635e-08
-0.029084 1.88069e-08
-0.0289941 1.8836e-08
-0.0289042 1.88658e-08
-0.0288142 1.88938e-08
-0.0287243 1.89245e-08
-0.0286344 1.89561e-08
-0.0285445 1.90047e-08
-0.0284546 1.90604e-08
-0.0283647 1.91133e-08
-0.0282748 1.91598e-08
-0.0281849 1.92099e-08
-0.028095 1.92416e-08
-0.0280051 1.92828e-08
-0.0279152 1.93168e-08
-0.0278253 1.93498e-08
-0.0277354 1.93807e-08
-0.0276455 1.94157e-08
-0.0275556 1.94608e-08
-0.0274657 1.95036e-08
-0.0273758 1.95567e-08
-0.0272859 1.96027e-08
-0.027196 1.96472e-08
-0.0271061 1.9695e-08
-0.0270162 1.97511e-08
-0.0269263 1.97945e-08
-0.0268364 1.98363e-08
-0.0267465 1.98652e-08
-0.0266565 1.98937e-08
-0.0265666 1.9921e-08
-0.0264767 1.99341e-08
-0.0263868 1.99682e-08
-0.0262969 2.0005e-08
-0.026207 2.00435e-08
-0.0261171 2.00767e-08
-0.0260272 2.01099e-08
-0.0259373 2.0146e-08
-0.0258474 2.0194e-08
-0.0257575 2.02351e-08
-0.0256676 2.02622e-08
-0.0255777 2.02948e-08
-0.0254878 2.03303e-08
-0.0253979 2.03678e-08
-0.025308 2.04065e-08
-0.0252181 2.044e-08
-0.0251282 2.04682e-08
-0.0250383 2.04865e-08
-0.0249484 2.05181e-08
-0.0248585 2.05454e-08
-0.0247686 2.05794e-08
-0.0246787 2.05998e-08
-0.0245888 2.06109e-08
-0.0244988 2.06245e-08
-0.0244089 2.06429e-08
-0.024319 2.06622e-08
-0.0242291 2.06767e-08
-0.0241392 2.06791e-08
-0.0240493 2.068e-08
-0.0239594 2.06787e-08
-0.0238695 2.06833e-08
-0.0237796 2.06833e-08
-0.0236897 2.0685e-08
-0.0235998 2.0673e-08
-0.0235099 2.06538e-08
-0.02342 2.06407e-08
-0.0233301 2.06195e-08
-0.0232402 2.06002e-08
-0.0231503 2.05656e-08
-0.0230604 2.05351e-08
-0.0229705 2.0504e-08
-0.0228806 2.04748e-08
-0.0227907 2.04489e-08
-0.0227008 2.04401e-08
-0.0226109 2.04252e-08
-0.022521 2.04084e-08
-0.0224311 2.03833e-08
-0.0223411 2.03747e-08
-0.0222512 2.03565e-08
-0.0221613 2.03269e-08
-0.0220714 2.02913e-08
-0.0219815 2.02666e-08
-0.0218916 2.02289e-08
-0.0218017 2.02151e-08
-0.0217118 2.01993e-08
-0.0216219 2.01847e-08
-0.021532 2.01709e-08
-0.0214421 2.01513e-08
-0.0213522 2.01387e-08
-0.0212623 2.01181e-08
-0.0211724 2.00995e-08
-0.0210825 2.00769e-08
-0.0209926 2.00504e-08
-0.0209027 2.00284e-08
-0.0208128 1.99953e-08
-0.0207229 1.99548e-08
-0.020633 1.99181e-08
-0.0205431 1.98812e-08
-0.0204532 1.98383e-08
-0.0203633 1.97968e-08
-0.0202734 1.97546e-08
-0.0201835 1.97163e-08
-0.0200935 1.96651e-08
-0.0200036 1.96053e-08
-0.0199137 1.95436e-08
-0.0198238 1.9481e-08
-0.0197339 1.94152e-08
-0.019644 1.93507e-08
-0.0195541 1.92786e-08
-0.0194642 1.92047e-08
-0.0193743 1.9136e-08
-0.0192844 1.90699e-08
-0.0191945 1.89882e-08
-0.0191046 1.89076e-08
-0.0190147 1.88252e-08
-0.0189248 1.87333e-08
-0.0188349 1.86428e-08
-0.018745 1.85524e-08
-0.0186551 1.846e-08
-0.0185652 1.83745e-08
-0.0184753 1.82874e-08
-0.0183854 1.82096e-08
-0.0182955 1.8138e-08
-0.0182056 1.80656e-08
-0.0181157 1.79941e-08
-0.0180258 1.79239e-08
-0.0179358 1.78501e-08
-0.0178459 1.7771e-08
-0.017756 1.76953e-08
-0.0176661 1.76204e-08
-0.0175762 1.75496e-08
-0.0174863 1.74795e-08
-0.0173964 1.74049e-08
-0.0173065 1.73407e-08
-0.0172166 1.72689e-08
-0.0171267 1.72056e-08
-0.0170368 1.71474e-08
-0.0169469 1.7087e-08
-0.016857 1.70274e-08
-0.0167671 1.69683e-08
-0.0166772 1.69095e-08
-0.0165873 1.68482e-08
-0.0164974 1.6797e-08
-0.0164075 1.67348e-08
-0.0163176 1.66747e-08
-0.0162277 1.66096e-08
-0.0161378 1.65448e-08
-0.0160479 1.6485e-08
-0.015958 1.64205e-08
-0.0158681 1.63605e-08
-0.0157781 1.62986e-08
-0.0156882 1.62446e-08
-0.0155983 1.61879e-08
-0.0155084 1.61251e-08
-0.0154185 1.60623e-08
-0.0153286 1.60026e-08
-0.0152387 1.59361e-08
-0.0151488 1.58717e-08
-0.0150589 1.5807e-08
-0.014969 1.57431e-08
-0.0148791 1.56743e-08
-0.0147892 1.56021e-08
-0.0146993 1.55286e-08
-0.0146094 1.54618e-08
-0.0145195 1.53988e-08
-0.0144296 1.53371e-08
-0.0143397 1.52677e-08
-0.0142498 1.51967e-08
-0.0141599 1.51241e-08
-0.01407 1.50564e-08
-0.0139801 1.49867e-08
-0.0138902 1.48959e-08
-0.0138003 1.48131e-08
-0.0137104 1.47302e-08
-0.0136204 1.46412e-08
-0.0135305 1.45586e-08
-0.0134406 1.44857e-08
-0.0133507 1.4402e-08
-0.0132608 1.43263e-08
-0.0131709 1.42552e-08
-0.013081 1.41886e-08
-0.0129911 1.41166e-08
-0.0129012 1.4044e-08
-0.0128113 1.39699e-08
-0.0127214 1.38854e-08
-0.0126315 1.38043e-08
-0.0125416 1.37204e-08
-0.0124517 1.3641e-08
-0.0123618 1.35757e-08
-0.0122719 1.35125e-08
-0.012182 1.34386e-08
-0.0120921 1.33788e-08
-0.0120022 1.33122e-08
-0.0119123 1.32423e-08
-0.0118224 1.31618e-08
-0.0117325 1.30869e-08
-0.0116426 1.30087e-08
-0.0115527 1.29428e-08
-0.0114627 1.28672e-08
-0.0113728 1.27971e-08
-0.0112829 1.27191e-08
-0.011193 1.26452e-08
-0.0111031 1.25809e-08
-0.0110132 1.25055e-08
-0.0109233 1.24301e-08
-0.0108334 1.23457e-08
-0.0107435 1.22789e-08
-0.0106536 1.22067e-08
-0.0105637 1.21251e-08
-0.0104738 1.20484e-08
-0.0103839 1.19567e-08
-0.010294 1.18686e-08
-0.0102041 1.17872e-08
-0.0101142 1.17013e-08
-0.0100243 1.16127e-08
-0.00993438 1.15073e-08
-0.00984447 1.14037e-08
-0.00975457 1.12878e-08
-0.00966466 1.11728e-08
-0.00957476 1.10767e-08
-0.00948486 1.09675e-08
-0.00939495 1.08536e-08
-0.00930505 1.07352e-08
-0.00921514 1.06122e-08
-0.00912524 1.04862e-08
-0.00903534 1.03733e-08
-0.00894543 1.02496e-08
-0.00885553 1.01168e-08
-0.00876562 9.97932e-09
-0.00867572 9.83951e-09
-0.00858582 9.7096e-09
-0.00849591 9.57822e-09
-0.00840601 9.44038e-09
-0.0083161 9.30241e-09
-0.0082262 9.16158e-09
-0.00813629 9.02977e-09
-0.00804639 8.89458e-09
-0.00795649 8.75308e-09
-0.00786658 8.61124e-09
-0.00777668 8.46004e-09
-0.00768677 8.31192e-09
-0.00759687 8.15209e-09
-0.00750697 8.00548e-09
-0.00741706 7.86036e-09
-0.00732716 7.7122e-09
-0.00723725 7.566e-09
-0.00714735 7.42193e-09
-0.00705744 7.27282e-09
-0.00696754 7.12308e-09
-0.00687764 6.9733e-09
-0.00678773 6.82871e-09
-0.00669783 6.68005e-09
-0.00660792 6.53664e-09
-0.00651802 6.39892e-09
-0.00642812 6.26068e-09
-0.00633821 6.12136e-09
-0.00624831 5.97997e-09
-0.0061584 5.84374e-09
-0.0060685 5.71148e-09
-0.00597859 5.58843e-09
-0.00588869 5.45305e-09
-0.00579879 5.31803e-09
-0.00570888 5.19087e-09
-0.00561898 5.06205e-09
-0.00552907 4.9332e-09
-0.00543917 4.80784e-09
-0.00534927 4.69543e-09
-0.00525936 4.57847e-09
-0.00516946 4.46726e-09
-0.00507955 4.3587e-09
-0.00498965 4.24306e-09
-0.00489975 4.13715e-09
-0.00480984 4.03193e-09
-0.00471994 3.92085e-09
-0.00463003 3.82096e-09
-0.00454013 3.71869e-09
-0.00445022 3.6333e-09
-0.00436032 3.54842e-09
-0.00427042 3.46296e-09
-0.00418051 3.38439e-09
-0.00409061 3.31249e-09
-0.0040007 3.2304e-09
-0.0039108 3.15347e-09
-0.0038209 3.07679e-09
-0.00373099 2.99202e-09
-0.00364109 2.90588e-09
-0.00355118 2.83284e-09
-0.00346128 2.75853e-09
-0.00337137 2.68553e-09
-0.00328147 2.61292e-09
-0.00319157 2.54319e-09
-0.00310166 2.49027e-09
-0.00301176 2.4318e-09
-0.00292185 2.36317e-09
-0.00283195 2.29012e-09
-0.00274205 2.22328e-09
-0.00265214 2.14839e-09
-0.00256224 2.08237e-09
-0.00247233 2.02605e-09
-0.00238243 1.96738e-09
-0.00229252 1.91361e-09
-0.00220262 1.84129e-09
-0.00211272 1.77861e-09
-0.00202281 1.7219e-09
-0.00193291 1.65796e-09
-0.001843 1.59684e-09
-0.0017531 1.5298e-09
-0.0016632 1.45857e-09
-0.00157329 1.38935e-09
-0.00148339 1.32626e-09
-0.00139348 1.26757e-09
-0.00130358 1.20099e-09
-0.00121368 1.12674e-09
-0.00112377 1.04907e-09
-0.00103387 9.80129e-10
-0.000943963 9.08385e-10
-0.000854059 8.40155e-10
-0.000764154 7.52858e-10
-0.00067425 6.65534e-10
-0.000584346 5.85865e-10
-0.000494442 5.05022e-10
-0.000404538 4.26742e-10
-0.000314634 3.46566e-10
-0.00022473 2.66988e-10
-0.000134825 1.74237e-10
-4.49212e-05 8.459e-11
4.49829e-05 0
0.000134887 -7.73066e-11
0.000224791 -1.58271e-10
0.000314695 -2.45028e-10
0.0004046 -3.34201e-10
0.000494504 -4.28521e-10
0.000584408 -5.18293e-10
0.000674312 -6.0648e-10
0.000764216 -7.08776e-10
0.00085412 -8.16411e-10
0.000944024 -9.1421e-10
0.00103393 -1.01424e-09
0.00112383 -1.10746e-09
0.00121374 -1.19234e-09
0.00130364 -1.29043e-09
0.00139355 -1.39154e-09
0.00148345 -1.48707e-09
0.00157335 -1.58789e-09
0.00166326 -1.6755e-09
0.00175316 -1.77458e-09
0.00184307 -1.87827e-09
0.00193297 -1.97762e-09
0.00202287 -2.08464e-09
0.00211278 -2.19058e-09
0.00220268 -2.2967e-09
0.00229259 -2.40271e-09
0.00238249 -2.50171e-09
0.00247239 -2.60301e-09
0.0025623 -2.70578e-09
0.0026522 -2.80488e-09
0.00274211 -2.90217e-09
0.00283201 -3.0128e-09
0.00292192 -3.13318e-09
0.00301182 -3.2461e-09
0.00310172 -3.35738e-09
0.00319163 -3.46351e-09
0.00328153 -3.57786e-09
0.00337144 -3.68323e-09
0.00346134 -3.79205e-09
0.00355124 -3.89066e-09
0.00364115 -3.98018e-09
0.00373105 -4.0753e-09
0.00382096 -4.16949e-09
0.00391086 -4.26614e-09
0.00400077 -4.35538e-09
0.00409067 -4.45669e-09
0.00418057 -4.54913e-09
0.00427048 -4.64089e-09
0.00436038 -4.73949e-09
0.00445029 -4.82168e-09
0.00454019 -4.89469e-09
0.00463009 -4.97966e-09
0.00472 -5.04831e-09
0.0048099 -5.13143e-09
0.00489981 -5.19687e-09
0.00498971 -5.27245e-09
0.00507962 -5.35777e-09
0.00516952 -5.43124e-09
0.00525942 -5.50172e-09
0.00534933 -5.57901e-09
0.00543923 -5.66293e-09
0.00552914 -5.74749e-09
0.00561904 -5.82673e-09
0.00570894 -5.89825e-09
0.00579885 -5.959e-09
0.00588875 -6.02209e-09
0.00597866 -6.07952e-09
0.00606856 -6.12525e-09
0.00615846 -6.18568e-09
0.00624837 -6.24927e-09
0.00633827 -6.31594e-09
0.00642818 -6.39007e-09
0.00651808 -6.4711e-09
0.00660799 -6.53466e-09
0.00669789 -6.59694e-09
0.00678779 -6.66781e-09
0.0068777 -6.71821e-09
0.0069676 -6.77639e-09
0.00705751 -6.82505e-09
0.00714741 -6.87601e-09
0.00723731 -6.92226e-09
0.00732722 -6.97596e-09
0.00741712 -7.03928e-09
0.00750703 -7.10292e-09
0.00759693 -7.17161e-09
0.00768684 -7.2404e-09
0.00777674 -7.28676e-09
0.00786664 -7.34115e-09
0.00795655 -7.37998e-09
0.00804645 -7.42452e-09
0.00813636 -7.44464e-09
0.00822626 -7.45844e-09
0.00831616 -7.47113e-09
0.00840607 -7.49412e-09
0.00849597 -7.52823e-09
0.00858588 -7.55914e-09
0.00867578 -7.59327e-09
0.00876569 -7.62228e-09
0.00885559 -7.6528e-09
0.00894549 -7.68178e-09
0.0090354 -7.71336e-09
0.0091253 -7.73528e-09
0.00921521 -7.76054e-09
0.00930511 -7.77181e-09
0.00939501 -7.76884e-09
0.00948492 -7.77498e-09
0.00957482 -7.78761e-09
0.00966473 -7.79197e-09
0.00975463 -7.81641e-09
0.00984453 -7.83292e-09
0.00993444 -7.85204e-09
0.0100243 -7.87922e-09
0.0101142 -7.90292e-09
0.0102042 -7.93413e-09
0.0102941 -7.94966e-09
0.010384 -7.96988e-09
0.0104739 -7.98566e-09
0.0105638 -7.99639e-09
0.0106537 -8.01041e-09
0.0107436 -8.01345e-09
0.0108335 -8.01495e-09
0.0109234 -8.03162e-09
0.0110133 -8.0561e-09
0.0111032 -8.07976e-09
0.0111931 -8.10758e-09
0.011283 -8.13665e-09
0.0113729 -8.16353e-09
0.0114628 -8.18882e-09
0.0115527 -8.21205e-09
0.0116426 -8.23329e-09
0.0117325 -8.2478e-09
0.0118224 -8.25907e-09
0.0119123 -8.28118e-09
0.0120022 -8.30102e-09
0.0120921 -8.32936e-09
0.012182 -8.35267e-09
0.0122719 -8.38837e-09
0.0123619 -8.40953e-09
0.0124518 -8.43989e-09
0.0125417 -8.47534e-09
0.0126316 -8.51593e-09
0.0127215 -8.55545e-09
0.0128114 -8.59227e-09
0.0129013 -8.63295e-09
0.0129912 -8.67227e-09
0.0130811 -8.7078e-09
0.013171 -8.75155e-09
0.0132609 -8.79884e-09
0.0133508 -8.84598e-09
0.0134407 -8.90143e-09
0.0135306 -8.95735e-09
0.0136205 -9.01353e-09
0.0137104 -9.07721e-09
0.0138003 -9.14755e-09
0.0138902 -9.20988e-09
0.0139801 -9.27471e-09
0.01407 -9.33392e-09
0.0141599 -9.38774e-09
0.0142498 -9.45554e-09
0.0143397 -9.52041e-09
0.0144296 -9.58835e-09
0.0145196 -9.66908e-09
0.0146095 -9.73649e-09
0.0146994 -9.79095e-09
0.0147893 -9.85415e-09
0.0148792 -9.92717e-09
0.0149691 -9.99171e-09
0.015059 -1.00586e-08
0.0151489 -1.0115e-08
0.0152388 -1.01698e-08
0.0153287 -1.02356e-08
0.0154186 -1.03044e-08
0.0155085 -1.03646e-08
0.0155984 -1.04278e-08
0.0156883 -1.04866e-08
0.0157782 -1.05364e-08
0.0158681 -1.05881e-08
0.015958 -1.06476e-08
0.0160479 -1.06893e-08
0.0161378 -1.07302e-08
0.0162277 -1.07834e-08
0.0163176 -1.08256e-08
0.0164075 -1.08795e-08
0.0164974 -1.09316e-08
0.0165873 -1.09967e-08
0.0166773 -1.10505e-08
0.0167672 -1.11017e-08
0.0168571 -1.11524e-08
0.016947 -1.11987e-08
0.0170369 -1.12386e-08
0.0171268 -1.12854e-08
0.0172167 -1.13262e-08
0.0173066 -1.13745e-08
0.0173965 -1.14109e-08
0.0174864 -1.14451e-08
0.0175763 -1.14777e-08
0.0176662 -1.15012e-08
0.0177561 -1.15381e-08
0.017846 -1.15789e-08
0.0179359 -1.16175e-08
0.0180258 -1.16515e-08
0.0181157 -1.1675e-08
0.0182056 -1.16906e-08
0.0182955 -1.17231e-08
0.0183854 -1.17451e-08
0.0184753 -1.17655e-08
0.0185652 -1.17774e-08
0.0186551 -1.17888e-08
0.018745 -1.17969e-08
0.0188349 -1.18059e-08
0.0189249 -1.18255e-08
0.0190148 -1.18295e-08
0.0191047 -1.18362e-08
0.0191946 -1.1847e-08
0.0192845 -1.18617e-08
0.0193744 -1.18597e-08
0.0194643 -1.18551e-08
0.0195542 -1.18513e-08
0.0196441 -1.18531e-08
0.019734 -1.1832e-08
0.0198239 -1.18173e-08
0.0199138 -1.18111e-08
0.0200037 -1.18024e-08
0.0200936 -1.17788e-08
0.0201835 -1.17654e-08
0.0202734 -1.17537e-08
0.0203633 -1.17529e-08
0.0204532 -1.17432e-08
0.0205431 -1.17406e-08
0.020633 -1.17459e-08
0.0207229 -1.17459e-08
0.0208128 -1.17468e-08
0.0209027 -1.1755e-08
0.0209926 -1.17559e-08
0.0210826 -1.17543e-08
0.0211725 -1.1749e-08
0.0212624 -1.17536e-08
0.0213523 -1.17673e-08
0.0214422 -1.17818e-08
0.0215321 -1.17885e-08
0.021622 -1.1813e-08
0.0217119 -1.18362e-08
0.0218018 -1.18629e-08
0.0218917 -1.19065e-08
0.0219816 -1.19407e-08
0.0220715 -1.19714e-08
0.0221614 -1.20039e-08
0.0222513 -1.20371e-08
0.0223412 -1.20769e-08
0.0224311 -1.21193e-08
0.022521 -1.21472e-08
0.0226109 -1.21712e-08
0.0227008 -1.22088e-08
0.0227907 -1.2243e-08
0.0228806 -1.22782e-08
0.0229705 -1.2316e-08
0.0230604 -1.23422e-08
0.0231503 -1.23778e-08
0.0232403 -1.24131e-08
0.0233302 -1.24498e-08
0.0234201 -1.24706e-08
0.02351 -1.25054e-08
0.0235999 -1.25313e-08
0.0236898 -1.25571e-08
0.0237797 -1.25894e-08
0.0238696 -1.26159e-08
0.0239595 -1.26543e-08
0.0240494 -1.26798e-08
0.0241393 -1.2701e-08
0.0242292 -1.27216e-08
0.0243191 -1.27486e-08
0.024409 -1.2768e-08
0.0244989 -1.27967e-08
0.0245888 -1.2819e-08
0.0246787 -1.28335e-08
0.0247686 -1.28524e-08
0.0248585 -1.28726e-08
0.0249484 -1.28911e-08
0.0250383 -1.29043e-08
0.0251282 -1.29299e-08
0.0252181 -1.2945e-08
0.025308 -1.29615e-08
0.025398 -1.2983e-08
0.0254879 -1.29993e-08
0.0255778 -1.30107e-08
0.0256677 -1.30352e-08
0.0257576 -1.30466e-08
0.0258475 -1.30682e-08
0.0259374 -1.30873e-08
0.0260273 -1.31103e-08
0.0261172 -1.31281e-08
0.0262071 -1.3135e-08
0.026297 -1.31431e-08
0.0263869 -1.31562e-08
0.0264768 -1.31725e-08
0.0265667 -1.31905e-08
0.0266566 -1.32119e-08
0.0267465 -1.32359e-08
0.0268364 -1.32627e-08
0.0269263 -1.33038e-08
0.0270162 -1.33403e-08
0.0271061 -1.33778e-08
0.027196 -1.3408e-08
0.0272859 -1.34322e-08
0.0273758 -1.34609e-08
0.0274657 -1.34975e-08
0.0275557 -1.3537e-08
0.0276456 -1.35838e-08
0.0277355 -1.36329e-08
0.0278254 -1.36793e-08
0.0279153 -1.37445e-08
0.0280052 -1.38212e-08
0.0280951 -1.38897e-08
0.028185 -1.39629e-08
0.0282749 -1.40417e-08
0.0283648 -1.41144e-08
0.0284547 -1.41888e-08
0.0285446 -1.42768e-08
0.0286345 -1.43554e-08
0.0287244 -1.44232e-08
0.0288143 -1.44997e-08
0.0289042 -1.45759e-08
0.0289941 -1.46737e-08
0.029084 -1.47629e-08
0.0291739 -1.48621e-08
0.0292638 -1.49716e-08
0.0293537 -1.50723e-08
0.0294436 -1.5162e-08
0.0295335 -1.52706e-08
0.0296234 -1.53736e-08
0.0297134 -1.5471e-08
0.0298033 -1.55628e-08
0.0298932 -1.56453e-08
0.0299831 -1.57432e-08
0.030073 -1.58355e-08
0.0301629 -1.59397e-08
0.0302528 -1.60255e-08
0.0303427 -1.6124e-08
0.0304326 -1.62124e-08
0.0305225 -1.63092e-08
0.0306124 -1.64162e-08
0.0307023 -1.65046e-08
0.0307922 -1.6588e-08
0.0308821 -1.66795e-08
0.030972 -1.67763e-08
0.0310619 -1.68622e-08
0.0311518 -1.69541e-08
0.0312417 -1.70476e-08
0.0313316 -1.71318e-08
0.0314215 -1.72119e-08
0.0315114 -1.72873e-08
0.0316013 -1.7372e-08
0.0316912 -1.74495e-08
0.0317811 -1.75302e-08
0.0318711 -1.76043e-08
0.031961 -1.76828e-08
0.0320509 -1.77532e-08
0.0321408 -1.78194e-08
0.0322307 -1.78909e-08
0.0323206 -1.79655e-08
0.0324105 -1.80383e-08
0.0325004 -1.81056e-08
0.0325903 -1.81797e-08
0.0326802 -1.82545e-08
0.0327701 -1.83273e-08
0.03286 -1.84132e-08
0.0329499 -1.84957e-08
0.0330398 -1.85695e-08
0.0331297 -1.86431e-08
0.0332196 -1.87087e-08
0.0333095 -1.87864e-08
0.0333994 -1.88505e-08
0.0334893 -1.8925e-08
0.0335792 -1.90086e-08
0.0336691 -1.90978e-08
0.033759 -1.91899e-08
0.0338489 -1.92807e-08
0.0339388 -1.93634e-08
0.0340288 -1.94542e-08
0.0341187 -1.95456e-08
0.0342086 -1.96361e-08
0.0342985 -1.97312e-08
0.0343884 -1.98303e-08
0.0344783 -1.99419e-08
0.0345682 -2.00561e-08
0.0346581 -2.01585e-08
0.034748 -2.02699e-08
0.0348379 -2.03853e-08
0.0349278 -2.04949e-08
0.0350177 -2.06127e-08
0.0351076 -2.07163e-08
0.0351975 -2.08255e-08
0.0352874 -2.0933e-08
0.0353773 -2.10385e-08
0.0354672 -2.11391e-08
0.0355571 -2.12385e-08
0.035647 -2.13389e-08
0.0357369 -2.14158e-08
0.0358268 -2.15114e-08
0.0359167 -2.15978e-08
0.0360066 -2.16934e-08
0.0360965 -2.17854e-08
0.0361865 -2.18689e-08
0.0362764 -2.19488e-08
0.0363663 -2.20132e-08
0.0364562 -2.20814e-08
0.0365461 -2.21263e-08
0.036636 -2.21746e-08
0.0367259 -2.22233e-08
0.0368158 -2.22667e-08
0.0369057 -2.2317e-08
0.0369956 -2.23687e-08
0.0370855 -2.2407e-08
0.0371754 -2.24451e-08
0.0372653 -2.24891e-08
0.0373552 -2.25252e-08
0.0374451 -2.25744e-08
0.037535 -2.26203e-08
0.0376249 -2.2679e-08
0.0377148 -2.27236e-08
0.0378047 -2.27728e-08
0.0378946 -2.28288e-08
0.0379845 -2.2892e-08
0.0380744 -2.29516e-08
0.0381643 -2.30351e-08
0.0382542 -2.31056e-08
0.0383441 -2.31761e-08
0.0384341 -2.32439e-08
0.038524 -2.33219e-08
0.0386139 -2.33984e-08
0.0387038 -2.34751e-08
0.0387937 -2.35582e-08
0.0388836 -2.36543e-08
0.0389735 -2.37628e-08
0.0390634 -2.38838e-08
0.0391533 -2.40099e-08
0.0392432 -2.41471e-08
0.0393331 -2.42819e-08
0.039423 -2.44246e-08
0.0395129 -2.45742e-08
0.0396028 -2.47381e-08
0.0396927 -2.4895e-08
0.0397826 -2.50527e-08
0.0398725 -2.52343e-08
0.0399624 -2.54232e-08
0.0400523 -2.56182e-08
0.0401422 -2.58139e-08
0.0402321 -2.59981e-08
0.040322 -2.61657e-08
0.0404119 -2.63471e-08
0.0405018 -2.65322e-08
0.0405918 -2.6732e-08
0.0406817 -2.69183e-08
0.0407716 -2.71024e-08
0.0408615 -2.72712e-08
0.0409514 -2.74476e-08
0.0410413 -2.7618e-08
0.0411312 -2.77828e-08
0.0412211 -2.79554e-08
0.041311 -2.81297e-08
0.0414009 -2.82755e-08
0.0414908 -2.84214e-08
0.0415807 -2.85617e-08
0.0416706 -2.87004e-08
0.0417605 -2.88296e-08
0.0418504 -2.89452e-08
0.0419403 -2.90635e-08
0.0420302 -2.91761e-08
0.0421201 -2.92769e-08
0.04221 -2.9394e-08
0.0422999 -2.95054e-08
0.0423898 -2.96148e-08
0.0424797 -2.97183e-08
0.0425696 -2.97936e-08
0.0426595 -2.98769e-08
0.0427495 -2.99766e-08
0.0428394 -3.00561e-08
0.0429293 -3.01165e-08
0.0430192 -3.01938e-08
0.0431091 -3.0283e-08
0.043199 -3.03838e-08
0.0432889 -3.04698e-08
0.0433788 -3.0524e-08
0.0434687 -3.05976e-08
0.0435586 -3.06847e-08
0.0436485 -3.07493e-08
0.0437384 -3.08202e-08
0.0438283 -3.08819e-08
0.0439182 -3.09695e-08
0.0440081 -3.10165e-08
0.044098 -3.10767e-08
0.0441879 -3.11361e-08
0.0442778 -3.12039e-08
0.0443677 -3.12837e-08
0.0444576 -3.13697e-08
0.0445475 -3.14566e-08
0.0446374 -3.15345e-08
0.0447273 -3.16312e-08
0.0448172 -3.17115e-08
0.0449072 -3.17951e-08
0.0449971 -3.18762e-08
0.045087 -3.19586e-08
0.0451769 -3.20229e-08
0.0452668 -3.209e-08
0.0453567 -3.2159e-08
0.0454466 -3.22385e-08
0.0455365 -3.23012e-08
0.0456264 -3.23743e-08
0.0457163 -3.24613e-08
0.0458062 -3.2556e-08
0.0458961 -3.26499e-08
0.045986 -3.27157e-08
0.0460759 -3.27689e-08
0.0461658 -3.28377e-08
0.0462557 -3.28905e-08
0.0463456 -3.29369e-08
0.0464355 -3.29699e-08
0.0465254 -3.29968e-08
0.0466153 -3.30195e-08
0.0467052 -3.30681e-08
0.0467951 -3.30918e-08
0.046885 -3.31335e-08
0.0469749 -3.31516e-08
0.0470649 -3.3181e-08
0.0471548 -3.31745e-08
0.0472447 -3.31673e-08
0.0473346 -3.31544e-08
0.0474245 -3.31251e-08
0.0475144 -3.30783e-08
0.0476043 -3.3055e-08
0.0476942 -3.30231e-08
0.0477841 -3.2968e-08
0.047874 -3.29159e-08
0.0479639 -3.28545e-08
0.0480538 -3.27705e-08
0.0481437 -3.26904e-08
0.0482336 -3.25835e-08
0.0483235 -3.24743e-08
0.0484134 -3.2368e-08
0.0485033 -3.22615e-08
0.0485932 -3.21657e-08
0.0486831 -3.2079e-08
0.048773 -3.19852e-08
0.0488629 -3.19061e-08
0.0489528 -3.18229e-08
0.0490427 -3.17401e-08
0.0491326 -3.16416e-08
0.0492226 -3.15271e-08
0.0493125 -3.14184e-08
0.0494024 -3.13201e-08
0.0494923 -3.12285e-08
0.0495822 -3.11451e-08
0.0496721 -3.10654e-08
0.049762 -3.09696e-08
0.0498519 -3.09169e-08
0.0499418 -3.0861e-08
0.0500317 -3.08385e-08
0.0501216 -3.08068e-08
0.0502115 -3.07817e-08
0.0503014 -3.0764e-08
0.0503913 -3.07345e-08
0.0504812 -3.07251e-08
0.0505711 -3.07131e-08
0.050661 -3.06984e-08
0.0507509 -3.06939e-08
0.0508408 -3.06852e-08
0.0509307 -3.06748e-08
0.0510206 -3.06653e-08
0.0511105 -3.06822e-08
0.0512004 -3.06986e-08
0.0512903 -3.06977e-08
0.0513803 -3.06921e-08
0.0514702 -3.06897e-08
0.0515601 -3.06758e-08
0.05165 -3.06754e-08
0.0517399 -3.06647e-08
0.0518298 -3.06788e-08
0.0519197 -3.06842e-08
0.0520096 -3.06719e-08
0.0520995 -3.06882e-08
0.0521894 -3.07151e-08
0.0522793 -3.07416e-08
0.0523692 -3.07176e-08
0.0524591 -3.07343e-08
0.052549 -3.07602e-08
0.0526389 -3.08198e-08
0.0527288 -3.08873e-08
0.0528187 -3.0925e-08
0.0529086 -3.09687e-08
0.0529985 -3.10227e-08
0.0530884 -3.10713e-08
0.0531783 -3.11166e-08
0.0532682 -3.11585e-08
0.0533581 -3.12095e-08
0.053448 -3.1263e-08
0.053538 -3.13054e-08
0.0536279 -3.13756e-08
0.0537178 -3.14321e-08
0.0538077 -3.14742e-08
0.0538976 -3.15018e-08
0.0539875 -3.15334e-08
0.0540774 -3.15927e-08
0.0541673 -3.165e-08
0.0542572 -3.16631e-08
0.0543471 -3.1686e-08
0.054437 -3.17127e-08
0.0545269 -3.17212e-08
0.0546168 -3.17207e-08
0.0547067 -3.17107e-08
0.0547966 -3.16969e-08
0.0548865 -3.16635e-08
0.0549764 -3.16632e-08
0.0550663 -3.16484e-08
0.0551562 -3.16237e-08
0.0552461 -3.16006e-08
0.055336 -3.15727e-08
0.0554259 -3.15457e-08
0.0555158 -3.14851e-08
0.0556057 -3.14495e-08
0.0556956 -3.14173e-08
0.0557856 -3.13709e-08
0.0558755 -3.13391e-08
0.0559654 -3.13019e-08
0.0560553 -3.12491e-08
0.0561452 -3.12134e-08
0.0562351 -3.11385e-08
0.056325 -3.10918e-08
0.0564149 -3.10539e-08
0.0565048 -3.10102e-08
0.0565947 -3.09681e-08
0.0566846 -3.09283e-08
0.0567745 -3.09116e-08
0.0568644 -3.08792e-08
0.0569543 -3.08428e-08
0.0570442 -3.07991e-08
0.0571341 -3.07598e-08
0.057224 -3.0744e-08
0.0573139 -3.07038e-08
0.0574038 -3.06706e-08
0.0574937 -3.06296e-08
0.0575836 -3.06211e-08
0.0576735 -3.06255e-08
0.0577634 -3.06155e-08
0.0578533 -3.05846e-08
0.0579433 -3.05674e-08
0.0580332 -3.05254e-08
0.0581231 -3.0492e-08
0.058213 -3.04331e-08
0.0583029 -3.03737e-08
0.0583928 -3.03153e-08
0.0584827 -3.02687e-08
0.0585726 -3.02425e-08
0.0586625 -3.02117e-08
0.0587524 -3.0177e-08
0.0588423 -3.01369e-08
0.0589322 -3.0084e-08
0.0590221 -3.00342e-08
0.059112 -2.99748e-08
0.0592019 -2.99002e-08
0.0592918 -2.98221e-08
0.0593817 -2.9728e-08
0.0594716 -2.96406e-08
0.0595615 -2.95498e-08
0.0596514 -2.9446e-08
0.0597413 -2.93475e-08
0.0598312 -2.92686e-08
0.0599211 -2.91838e-08
0.060011 -2.91208e-08
0.060101 -2.90685e-08
0.0601909 -2.90064e-08
0.0602808 -2.8933e-08
0.0603707 -2.89037e-08
0.0604606 -2.88612e-08
0.0605505 -2.88159e-08
0.0606404 -2.87387e-08
0.0607303 -2.87077e-08
0.0608202 -2.868e-08
0.0609101 -2.86491e-08
0.061 -2.8626e-08
0.0610899 -2.86244e-08
0.0611798 -2.86207e-08
0.0612697 -2.86207e-08
0.0613596 -2.8605e-08
0.0614495 -2.85927e-08
0.0615394 -2.859e-08
0.0616293 -2.85763e-08
0.0617192 -2.85612e-08
0.0618091 -2.85746e-08
0.061899 -2.85625e-08
0.0619889 -2.85567e-08
0.0620788 -2.85473e-08
0.0621687 -2.85321e-08
0.0622587 -2.85233e-08
0.0623486 -2.85317e-08
0.0624385 -2.85181e-08
0.0625284 -2.85088e-08
0.0626183 -2.84979e-08
0.0627082 -2.84838e-08
0.0627981 -2.84712e-08
0.062888 -2.84352e-08
0.0629779 -2.84285e-08
0.0630678 -2.84033e-08
0.0631577 -2.83767e-08
0.0632476 -2.83538e-08
0.0633375 -2.83467e-08
0.0634274 -2.83451e-08
0.0635173 -2.8353e-08
0.0636072 -2.83372e-08
0.0636971 -2.8332e-08
0.063787 -2.83205e-08
0.0638769 -2.82723e-08
0.0639668 -2.82325e-08
0.0640567 -2.8193e-08
0.0641466 -2.8134e-08
0.0642365 -2.80906e-08
0.0643264 -2.80395e-08
0.0644164 -2.79993e-08
0.0645063 -2.79605e-08
0.0645962 -2.7938e-08
0.0646861 -2.79072e-08
0.064776 -2.78968e-08
0.0648659 -2.7867e-08
0.0649558 -2.78756e-08
0.0650457 -2.78825e-08
0.0651356 -2.78662e-08
0.0652255 -2.78628e-08
0.0653154 -2.78608e-08
0.0654053 -2.78104e-08
0.0654952 -2.77666e-08
0.0655851 -2.76897e-08
0.065675 -2.76463e-08
0.0657649 -2.76117e-08
0.0658548 -2.75956e-08
0.0659447 -2.75675e-08
0.0660346 -2.75191e-08
0.0661245 -2.74853e-08
0.0662144 -2.74387e-08
0.0663043 -2.73974e-08
0.0663942 -2.73587e-08
0.0664841 -2.7331e-08
0.0665741 -2.73181e-08
0.066664 -2.728e-08
0.0667539 -2.72545e-08
0.0668438 -2.72186e-08
0.0669337 -2.72154e-08
0.0670236 -2.71635e-08
0.0671135 -2.71087e-08
0.0672034 -2.70896e-08
0.0672933 -2.7059e-08
0.0673832 -2.70353e-08
0.0674731 -2.70274e-08
0.067563 -2.70138e-08
0.0676529 -2.70072e-08
0.0677428 -2.69919e-08
0.0678327 -2.69533e-08
0.0679226 -2.69519e-08
0.0680125 -2.69461e-08
0.0681024 -2.6945e-08
0.0681923 -2.69518e-08
0.0682822 -2.69556e-08
0.0683721 -2.69875e-08
0.068462 -2.70091e-08
0.0685519 -2.70027e-08
0.0686418 -2.69511e-08
0.0687318 -2.69039e-08
0.0688217 -2.68955e-08
0.0689116 -2.69052e-08
0.0690015 -2.69282e-08
0.0690914 -2.69348e-08
0.0691813 -2.69766e-08
0.0692712 -2.69655e-08
0.0693611 -2.69545e-08
0.069451 -2.69389e-08
0.0695409 -2.69341e-08
0.0696308 -2.69312e-08
0.0697207 -2.69585e-08
0.0698106 -2.69607e-08
0.0699005 -2.70015e-08
0.0699904 -2.70549e-08
0.0700803 -2.71025e-08
0.0701702 -2.7135e-08
0.0702601 -2.71548e-08
0.07035 -2.71835e-08
0.0704399 -2.71852e-08
0.0705298 -2.7171e-08
0.0706197 -2.7177e-08
0.0707096 -2.72108e-08
0.0707995 -2.72854e-08
0.0708895 -2.73153e-08
0.0709794 -2.73795e-08
0.0710693 -2.74271e-08
0.0711592 -2.74636e-08
0.0712491 -2.74871e-08
0.071339 -2.7553e-08
0.0714289 -2.76375e-08
0.0715188 -2.77445e-08
0.0716087 -2.78536e-08
0.0716986 -2.7972e-08
0.0717885 -2.80094e-08
0.0718784 -2.80795e-08
0.0719683 -2.81317e-08
0.0720582 -2.81852e-08
0.0721481 -2.82666e-08
0.072238 -2.83087e-08
0.0723279 -2.83366e-08
0.0724178 -2.84051e-08
0.0725077 -2.84691e-08
0.0725976 -2.85165e-08
0.0726875 -2.85929e-08
0.0727774 -2.8677e-08
0.0728673 -2.86925e-08
0.0729572 -2.87415e-08
0.0730472 -2.88355e-08
0.0731371 -2.89493e-08
0.073227 -2.9071e-08
0.0733169 -2.92589e-08
0.0734068 -2.9452e-08
0.0734967 -2.95737e-08
0.0735866 -2.96476e-08
0.0736765 -2.97312e-08
0.0737664 -2.98436e-08
0.0738563 -2.9953e-08
0.0739462 -3.00501e-08
0.0740361 -3.02111e-08
0.074126 -3.03334e-08
0.0742159 -3.04343e-08
0.0743058 -3.05119e-08
0.0743957 -3.06358e-08
0.0744856 -3.07879e-08
0.0745755 -3.08929e-08
0.0746654 -3.10412e-08
0.0747553 -3.12241e-08
0.0748452 -3.14032e-08
0.0749351 -3.16385e-08
0.075025 -3.18825e-08
0.0751149 -3.20972e-08
0.0752048 -3.23471e-08
0.0752948 -3.26003e-08
0.0753847 -3.29196e-08
0.0754746 -3.31518e-08
0.0755645 -3.34095e-08
0.0756544 -3.36606e-08
0.0757443 -3.39714e-08
0.0758342 -3.43139e-08
0.0759241 -3.46378e-08
0.076014 -3.50422e-08
0.0761039 -3.53511e-08
0.0761938 -3.56326e-08
0.0762837 -3.59503e-08
0.0763736 -3.62565e-08
0.0764635 -3.65466e-08
0.0765534 -3.67871e-08
0.0766433 -3.70465e-08
0.0767332 -3.72119e-08
0.0768231 -3.7405e-08
0.076913 -3.75675e-08
0.0770029 -3.77202e-08
0.0770928 -3.79222e-08
0.0771827 -3.81341e-08
0.0772726 -3.83278e-08
0.0773625 -3.84595e-08
0.0774525 -3.85725e-08
0.0775424 -3.86962e-08
0.0776323 -3.87667e-08
0.0777222 -3.89234e-08
0.0778121 -3.90268e-08
0.077902 -3.91397e-08
0.0779919 -3.9241e-08
0.0780818 -3.93123e-08
0.0781717 -3.9263e-08
0.0782616 -3.93142e-08
0.0783515 -3.92933e-08
0.0784414 -3.93407e-08
0.0785313 -3.93419e-08
0.0786212 -3.93738e-08
0.0787111 -3.93444e-08
0.078801 -3.93791e-08
0.0788909 -3.94268e-08
0.0789808 -3.94812e-08
0.0790707 -3.94981e-08
0.0791606 -3.94864e-08
0.0792505 -3.94367e-08
0.0793404 -3.93877e-08
0.0794303 -3.93304e-08
0.0795202 -3.92849e-08
0.0796102 -3.92765e-08
0.0797001 -3.92873e-08
0.07979 -3.92395e-08
0.0798799 -3.9165e-08
0.0799698 -3.90402e-08
0.0800597 -3.89767e-08
0.0801496 -3.8866e-08
0.0802395 -3.87852e-08
0.0803294 -3.86832e-08
0.0804193 -3.85298e-08
0.0805092 -3.83449e-08
0.0805991 -3.81786e-08
0.080689 -3.79924e-08
0.0807789 -3.78227e-08
0.0808688 -3.76465e-08
0.0809587 -3.75297e-08
0.0810486 -3.74057e-08
0.0811385 -3.72951e-08
0.0812284 -3.72105e-08
0.0813183 -3.71369e-08
0.0814082 -3.70235e-08
0.0814981 -3.69121e-08
0.081588 -3.67276e-08
0.0816779 -3.65897e-08
0.0817679 -3.64139e-08
0.0818578 -3.62924e-08
0.0819477 -3.61689e-08
0.0820376 -3.60586e-08
0.0821275 -3.59875e-08
0.0822174 -3.58949e-08
0.0823073 -3.57572e-08
0.0823972 -3.56665e-08
0.0824871 -3.55758e-08
0.082577 -3.55369e-08
0.0826669 -3.54842e-08
0.0827568 -3.54492e-08
0.0828467 -3.53918e-08
0.0829366 -3.53627e-08
0.0830265 -3.53424e-08
0.0831164 -3.53376e-08
0.0832063 -3.5242e-08
0.0832962 -3.51713e-08
0.0833861 -3.51029e-08
0.083476 -3.5062e-08
0.0835659 -3.49741e-08
0.0836558 -3.4933e-08
0.0837457 -3.49061e-08
0.0838356 -3.48833e-08
0.0839256 -3.4904e-08
0.0840155 -3.48604e-08
0.0841054 -3.48336e-08
0.0841953 -3.4782e-08
0.0842852 -3.46987e-08
0.0843751 -3.46434e-08
0.084465 -3.45553e-08
0.0845549 -3.45372e-08
0.0846448 -3.45255e-08
0.0847347 -3.46474e-08
0.0848246 -3.46621e-08
0.0849145 -3.46909e-08
0.0850044 -3.4661e-08
0.0850943 -3.46818e-08
0.0851842 -3.46375e-08
0.0852741 -3.46784e-08
0.085364 -3.47102e-08
0.0854539 -3.47791e-08
0.0855438 -3.48667e-08
0.0856337 -3.48624e-08
0.0857236 -3.49098e-08
0.0858135 -3.49283e-08
0.0859034 -3.49906e-08
0.0859933 -3.50104e-08
0.0860833 -3.50237e-08
0.0861732 -3.49673e-08
0.0862631 -3.49487e-08
0.086353 -3.49314e-08
0.0864429 -3.49697e-08
0.0865328 -3.50263e-08
0.0866227 -3.50069e-08
0.0867126 -3.49594e-08
0.0868025 -3.48562e-08
0.0868924 -3.47793e-08
0.0869823 -3.47352e-08
0.0870722 -3.465e-08
0.0871621 -3.46532e-08
0.087252 -3.47401e-08
0.0873419 -3.47223e-08
0.0874318 -3.47113e-08
0.0875217 -3.46443e-08
0.0876116 -3.4529e-08
0.0877015 -3.4474e-08
0.0877914 -3.43827e-08
0.0878813 -3.43185e-08
0.0879712 -3.43051e-08
0.0880611 -3.4165e-08
0.088151 -3.40171e-08
0.088241 -3.38617e-08
0.0883309 -3.37768e-08
0.0884208 -3.3775e-08
0.0885107 -3.372e-08
0.0886006 -3.36922e-08
0.0886905 -3.36169e-08
0.0887804 -3.36481e-08
0.0888703 -3.36241e-08
0.0889602 -3.3632e-08
0.0890501 -3.3582e-08
0.08914 -3.36647e-08
0.0892299 -3.3734e-08
0.0893198 -3.37901e-08
0.0894097 -3.38771e-08
0.0894996 -3.40297e-08
0.0895895 -3.42503e-08
0.0896794 -3.43744e-08
0.0897693 -3.45997e-08
0.0898592 -3.48797e-08
0.0899491 -3.51677e-08
0.090039 -3.55302e-08
0.0901289 -3.58971e-08
0.0902188 -3.63256e-08
0.0903087 -3.65563e-08
0.0903987 -3.67239e-08
0.0904886 -3.69236e-08
0.0905785 -3.70835e-08
0.0906684 -3.72437e-08
0.0907583 -3.75092e-08
0.0908482 -3.7675e-08
0.0909381 -3.78548e-08
0.091028 -3.80101e-08
0.0911179 -3.80071e-08
0.0912078 -3.80473e-08
0.0912977 -3.81374e-08
0.0913876 -3.81916e-08
0.0914775 -3.81155e-08
0.0915674 -3.81001e-08
0.0916573 -3.80294e-08
0.0917472 -3.79876e-08
0.0918371 -3.79223e-08
0.091927 -3.77667e-08
0.0920169 -3.75448e-08
0.0921068 -3.72999e-08
0.0921967 -3.71382e-08
0.0922866 -3.69112e-08
0.0923765 -3.66652e-08
0.0924664 -3.65353e-08
0.0925564 -3.63777e-08
0.0926463 -3.62512e-08
0.0927362 -3.61207e-08
0.0928261 -3.60111e-08
0.092916 -3.58365e-08
0.0930059 -3.56365e-08
0.0930958 -3.56295e-08
0.0931857 -3.55866e-08
0.0932756 -3.56208e-08
0.0933655 -3.5429e-08
0.0934554 -3.53747e-08
0.0935453 -3.53036e-08
0.0936352 -3.52373e-08
0.0937251 -3.5116e-08
0.093815 -3.50791e-08
0.0939049 -3.49836e-08
0.0939948 -3.49257e-08
0.0940847 -3.484e-08
0.0941746 -3.46639e-08
0.0942645 -3.46031e-08
0.0943544 -3.45385e-08
0.0944443 -3.45764e-08
0.0945342 -3.46444e-08
0.0946241 -3.4801e-08
0.094714 -3.48848e-08
0.094804 -3.49937e-08
0.0948939 -3.50126e-08
0.0949838 -3.50398e-08
0.0950737 -3.51203e-08
0.0951636 -3.51703e-08
0.0952535 -3.52887e-08
0.0953434 -3.52214e-08
0.0954333 -3.51316e-08
0.0955232 -3.49846e-08
0.0956131 -3.48343e-08
0.095703 -3.45577e-08
0.0957929 -3.43139e-08
0.0958828 -3.4128e-08
0.0959727 -3.39964e-08
0.0960626 -3.38673e-08
0.0961525 -3.37991e-08
0.0962424 -3.36699e-08
0.0963323 -3.36145e-08
0.0964222 -3.34955e-08
0.0965121 -3.35434e-08
0.096602 -3.35513e-08
0.0966919 -3.35619e-08
0.0967818 -3.35562e-08
0.0968717 -3.34562e-08
0.0969617 -3.32323e-08
0.0970516 -3.29581e-08
0.0971415 -3.28316e-08
0.0972314 -3.26746e-08
0.0973213 -3.24973e-08
0.0974112 -3.23207e-08
0.0975011 -3.22476e-08
0.097591 -3.21339e-08
0.0976809 -3.19015e-08
0.0977708 -3.17566e-08
0.0978607 -3.17408e-08
0.0979506 -3.17219e-08
0.0980405 -3.17246e-08
0.0981304 -3.18312e-08
0.0982203 -3.17988e-08
0.0983102 -3.17641e-08
0.0984001 -3.17137e-08
0.09849 -3.16959e-08
0.0985799 -3.16887e-08
0.0986698 -3.17723e-08
0.0987597 -3.16819e-08
0.0988496 -3.15505e-08
0.0989395 -3.15349e-08
0.0990294 -3.14365e-08
0.0991194 -3.15575e-08
0.0992093 -3.15203e-08
0.0992992 -3.14617e-08
0.0993891 -3.14543e-08
0.099479 -3.15e-08
0.0995689 -3.15447e-08
0.0996588 -3.15105e-08
0.0997487 -3.14972e-08
0.0998386 -3.1537e-08
0.0999285 -3.15805e-08
0.100018 -3.16783e-08
0.100108 -3.17204e-08
0.100198 -3.18324e-08
0.100288 -3.17704e-08
0.100378 -3.1702e-08
0.100468 -3.16255e-08
0.100558 -3.14162e-08
0.100648 -3.121e-08
0.100738 -3.08287e-08
0.100828 -3.05652e-08
0.100917 -3.04473e-08
0.101007 -3.03143e-08
0.101097 -3.01334e-08
0.101187 -3.00121e-08
0.101277 -2.99175e-08
0.101367 -2.98506e-08
0.101457 -2.98701e-08
0.101547 -2.99694e-08
0.101637 -3.00343e-08
0.101727 -3.00454e-08
0.101816 -3.00693e-08
0.101906 -3.0301e-08
0.101996 -3.0309e-08
0.102086 -3.03873e-08
0.102176 -3.04466e-08
0.102266 -3.03477e-08
0.102356 -3.01878e-08
0.102446 -3.02571e-08
0.102536 -3.00282e-08
0.102626 -2.98471e-08
0.102716 -2.96833e-08
0.102805 -2.94277e-08
0.102895 -2.91558e-08
0.102985 -2.88831e-08
0.103075 -2.86143e-08
0.103165 -2.82804e-08
0.103255 -2.80965e-08
0.103345 -2.7718e-08
0.103435 -2.74847e-08
0.103525 -2.73344e-08
0.103615 -2.73129e-08
0.103704 -2.72965e-08
0.103794 -2.72843e-08
0.103884 -2.73555e-08
0.103974 -2.74128e-08
0.104064 -2.73931e-08
0.104154 -2.73052e-08
0.104244 -2.72002e-08
0.104334 -2.70045e-08
0.104424 -2.66727e-08
0.104514 -2.64643e-08
0.104604 -2.60913e-08
0.104693 -2.57618e-08
0.104783 -2.53682e-08
0.104873 -2.51338e-08
0.104963 -2.49536e-08
0.105053 -2.46397e-08
0.105143 -2.44114e-08
0.105233 -2.42114e-08
0.105323 -2.40507e-08
0.105413 -2.40733e-08
0.105503 -2.41112e-08
0.105592 -2.40413e-08
0.105682 -2.41575e-08
0.105772 -2.42065e-08
0.105862 -2.42867e-08
0.105952 -2.45082e-08
0.106042 -2.4692e-08
0.106132 -2.47156e-08
0.106222 -2.47348e-08
0.106312 -2.4668e-08
0.106402 -2.45651e-08
0.106491 -2.45509e-08
0.106581 -2.44846e-08
0.106671 -2.43802e-08
0.106761 -2.42578e-08
0.106851 -2.42646e-08
0.106941 -2.41953e-08
0.107031 -2.41179e-08
0.107121 -2.41493e-08
0.107211 -2.40605e-08
0.107301 -2.41155e-08
0.107391 -2.42433e-08
0.10748 -2.42982e-08
0.10757 -2.4555e-08
0.10766 -2.44958e-08
0.10775 -2.43876e-08
0.10784 -2.41465e-08
0.10793 -2.38128e-08
0.10802 -2.34314e-08
0.10811 -2.2814e-08
0.1082 -2.23716e-08
0.10829 -2.18767e-08
0.108379 -2.14856e-08
0.108469 -2.10209e-08
0.108559 -2.06688e-08
0.108649 -2.03497e-08
0.108739 -2.01797e-08
0.108829 -2.00493e-08
0.108919 -1.99299e-08
0.109009 -1.99146e-08
0.109099 -1.98824e-08
0.109189 -2.00104e-08
0.109279 -2.03396e-08
0.109368 -2.06787e-08
0.109458 -2.07679e-08
0.109548 -2.0973e-08
0.109638 -2.10634e-08
0.109728 -2.11401e-08
0.109818 -2.10993e-08
0.109908 -2.10121e-08
0.109998 -2.09027e-08
0.110088 -2.07926e-08
0.110178 -2.05964e-08
0.110267 -2.0327e-08
0.110357 -2.00624e-08
0.110447 -1.98244e-08
0.110537 -1.97355e-08
0.110627 -1.94896e-08
0.110717 -1.93366e-08
0.110807 -1.91653e-08
0.110897 -1.93485e-08
0.110987 -1.95004e-08
0.111077 -1.96712e-08
0.111167 -1.9665e-08
0.111256 -1.95936e-08
0.111346 -1.9467e-08
0.111436 -1.93834e-08
0.111526 -1.89963e-08
0.111616 -1.88005e-08
0.111706 -1.85264e-08
0.111796 -1.82328e-08
0.111886 -1.80365e-08
0.111976 -1.76234e-08
0.112066 -1.7343e-08
0.112155 -1.71423e-08
0.112245 -1.68134e-08
0.112335 -1.64351e-08
0.112425 -1.62006e-08
0.112515 -1.59834e-08
0.112605 -1.58861e-08
0.112695 -1.58348e-08
0.112785 -1.54275e-08
0.112875 -1.51245e-08
0.112965 -1.49625e-08
0.113054 -1.46713e-08
0.113144 -1.44216e-08
0.113234 -1.42153e-08
0.113324 -1.42412e-08
0.113414 -1.42244e-08
0.113504 -1.40107e-08
0.113594 -1.3864e-08
0.113684 -1.38931e-08
0.113774 -1.39301e-08
0.113864 -1.36046e-08
0.113954 -1.35909e-08
0.114043 -1.34918e-08
0.114133 -1.33912e-08
0.114223 -1.33002e-08
0.114313 -1.32013e-08
0.114403 -1.35519e-08
0.114493 -1.36375e-08
0.114583 -1.39117e-08
0.114673 -1.42131e-08
0.114763 -1.41511e-08
0.114853 -1.43353e-08
0.114942 -1.45837e-08
0.115032 -1.47918e-08
0.115122 -1.50489e-08
0.115212 -1.52631e-08
0.115302 -1.52743e-08
0.115392 -1.54396e-08
0.115482 -1.54918e-08
0.115572 -1.53489e-08
0.115662 -1.52252e-08
0.115752 -1.48341e-08
0.115842 -1.47257e-08
0.115931 -1.45388e-08
0.116021 -1.45749e-08
0.116111 -1.45696e-08
0.116201 -1.48888e-08
0.116291 -1.53222e-08
0.116381 -1.57514e-08
0.116471 -1.62906e-08
0.116561 -1.67855e-08
0.116651 -1.6967e-08
0.116741 -1.74326e-08
0.11683 -1.77853e-08
0.11692 -1.79833e-08
0.11701 -1.80941e-08
0.1171 -1.79492e-08
0.11719 -1.77469e-08
0.11728 -1.75491e-08
0.11737 -1.69365e-08
0.11746 -1.66099e-08
0.11755 -1.65769e-08
0.11764 -1.63581e-08
0.11773 -1.59669e-08
0.117819 -1.56648e-08
0.117909 -1.5211e-08
0.117999 -1.53364e-08
0.118089 -1.57834e-08
0.118179 -1.59595e-08
0.118269 -1.58219e-08
0.118359 -1.60811e-08
0.118449 -1.6746e-08
0.118539 -1.74165e-08
0.118629 -1.82239e-08
0.118718 -1.90301e-08
0.118808 -1.94863e-08
0.118898 -2.02875e-08
0.118988 -2.07508e-08
0.119078 -2.13765e-08
0.119168 -2.20108e-08
0.119258 -2.21576e-08
0.119348 -2.24508e-08
0.119438 -2.22187e-08
0.119528 -2.18173e-08
0.119617 -2.1603e-08
0.119707 -2.11188e-08
0.119797 -2.04503e-08
0.119887 -1.99122e-08
0.119977 -1.93142e-08
0.120067 -1.88894e-08
0.120157 -1.8907e-08
0.120247 -1.87876e-08
0.120337 -1.85601e-08
0.120427 -1.85581e-08
0.120517 -1.82347e-08
0.120606 -1.81311e-08
0.120696 -1.76917e-08
0.120786 -1.75237e-08
0.120876 -1.75102e-08
0.120966 -1.74236e-08
0.121056 -1.73179e-08
0.121146 -1.6707e-08
0.121236 -1.65091e-08
0.121326 -1.62073e-08
0.121416 -1.60811e-08
0.121505 -1.60138e-08
0.121595 -1.64926e-08
0.121685 -1.69404e-08
0.121775 -1.74206e-08
0.121865 -1.82765e-08
0.121955 -1.90257e-08
0.122045 -1.97901e-08
0.122135 -2.09765e-08
0.122225 -2.29052e-08
0.122315 -2.48089e-08
0.122405 -2.55995e-08
0.122494 -2.5712e-08
0.122584 -2.59299e-08
0.122674 -2.54315e-08
0.122764 -2.43793e-08
0.122854 -2.35057e-08
0.122944 -2.23329e-08
0.123034 -2.14242e-08
0.123124 -2.072e-08
0.123214 -1.97948e-08
0.123304 -1.99674e-08
0.123393 -2.00904e-08
0.123483 -2.03327e-08
0.123573 -2.08632e-08
0.123663 -2.11835e-08
0.123753 -2.25927e-08
0.123843 -2.27817e-08
0.123933 -2.33162e-08
0.124023 -2.40541e-08
0.124113 -2.46065e-08
0.124203 -2.51943e-08
0.124293 -2.51736e-08
0.124382 -2.59494e-08
0.124472 -2.57249e-08
0.124562 -2.50881e-08
0.124652 -2.48395e-08
0.124742 -2.42736e-08
0.124832 -2.3678e-08
0.124922 -2.26986e-08
0.125012 -2.25579e-08
0.125102 -2.24403e-08
0.125192 -2.18798e-08
0.125281 -2.1804e-08
0.125371 -2.21853e-08
0.125461 -2.23234e-08
0.125551 -2.29988e-08
0.125641 -2.34085e-08
0.125731 -2.39636e-08
0.125821 -2.43815e-08
0.125911 -2.42024e-08
0.126001 -2.40363e-08
0.126091 -2.466e-08
0.126181 -2.53305e-08
0.12627 -2.5891e-08
0.12636 -2.60181e-08
0.12645 -2.66248e-08
0.12654 -2.68045e-08
0.12663 -2.65969e-08
0.12672 -2.63221e-08
0.12681 -2.51999e-08
0.1269 -2.47463e-08
0.12699 -2.2964e-08
0.12708 -2.11921e-08
0.127169 -1.94085e-08
0.127259 -1.83008e-08
0.127349 -1.73655e-08
0.127439 -1.59224e-08
0.127529 -1.4323e-08
0.127619 -1.3609e-08
0.127709 -1.26568e-08
0.127799 -1.2591e-08
0.127889 -1.33542e-08
0.127979 -1.433e-08
0.128068 -1.50526e-08
0.128158 -1.71188e-08
0.128248 -1.88374e-08
0.128338 -2.0491e-08
0.128428 -2.27925e-08
0.128518 -2.49302e-08
0.128608 -2.64551e-08
0.128698 -2.76824e-08
0.128788 -2.83037e-08
0.128878 -2.88386e-08
0.128968 -2.84155e-08
0.129057 -2.65945e-08
0.129147 -2.36687e-08
0.129237 -2.14468e-08
0.129327 -2.00042e-08
0.129417 -1.75013e-08
0.129507 -1.48926e-08
0.129597 -1.30844e-08
0.129687 -1.17852e-08
0.129777 -1.24141e-08
0.129867 -1.26838e-08
0.129956 -1.3188e-08
0.130046 -1.35803e-08
0.130136 -1.32075e-08
0.130226 -1.31538e-08
0.130316 -1.41936e-08
0.130406 -1.39055e-08
0.130496 -1.48702e-08
0.130586 -1.51927e-08
0.130676 -1.41839e-08
0.130766 -1.41192e-08
0.130856 -1.41345e-08
0.130945 -1.32706e-08
0.131035 -1.31362e-08
0.131125 -1.34734e-08
0.131215 -1.27528e-08
0.131305 -1.19018e-08
0.131395 -1.15054e-08
0.131485 -1.15944e-08
0.131575 -1.14586e-08
0.131665 -1.2638e-08
0.131755 -1.19921e-08
0.131844 -1.23394e-08
0.131934 -1.34067e-08
0.132024 -1.58737e-08
0.132114 -1.72241e-08
0.132204 -1.69826e-08
0.132294 -1.94717e-08
0.132384 -2.33535e-08
0.132474 -2.44848e-08
0.132564 -2.43901e-08
0.132654 -2.42218e-08
0.132744 -2.26774e-08
0.132833 -2.08899e-08
0.132923 -2.02122e-08
0.133013 -1.8549e-08
0.133103 -1.70389e-08
0.133193 -1.7877e-08
0.133283 -1.4181e-08
0.133373 -8.78229e-09
0.133463 -5.54148e-09
0.133553 -3.80495e-09
0.133643 -2.00057e-09
0.133732 -6.23772e-10
0.133822 -6.82765e-10
0.133912 5.04931e-10
0.134002 -1.89441e-09
0.134092 -1.97729e-09
0.134182 -2.13052e-09
0.134272 -2.02325e-09
0.134362 -4.98251e-09
0.134452 -6.60829e-09
0.134542 -7.86753e-09
0.134631 -7.62933e-09
0.134721 -8.35087e-09
0.134811 -8.07688e-09
