-0.134811 4.67611e-07
-0.134721 3.62401e-07
-0.134631 3.67605e-07
-0.134542 3.70394e-07
-0.134452 3.71759e-07
-0.134362 3.72057e-07
-0.134272 3.71426e-07
-0.134182 3.70961e-07
-0.134092 3.70093e-07
-0.134002 3.69369e-07
-0.133912 3.69364e-07
-0.133822 3.69629e-07
-0.133732 3.68721e-07
-0.133642 3.67541e-07
-0.133553 3.64908e-07
-0.133463 3.6183e-07
-0.133373 3.58202e-07
-0.133283 3.55305e-07
-0.133193 3.54244e-07
-0.133103 3.54224e-07
-0.133013 3.55014e-07
-0.132923 3.54681e-07
-0.132833 3.54542e-07
-0.132743 3.55595e-07
-0.132654 3.55452e-07
-0.132564 3.54685e-07
-0.132474 3.53997e-07
-0.132384 3.53306e-07
-0.132294 3.52503e-07
-0.132204 3.51791e-07
-0.132114 3.49639e-07
-0.132024 3.46068e-07
-0.131934 3.41663e-07
-0.131844 3.36351e-07
-0.131754 3.30551e-07
-0.131665 3.26166e-07
-0.131575 3.23392e-07
-0.131485 3.2192e-07
-0.131395 3.2156e-07
-0.131305 3.20636e-07
-0.131215 3.19946e-07
-0.131125 3.20088e-07
-0.131035 3.21362e-07
-0.130945 3.22396e-07
-0.130855 3.23234e-07
-0.130766 3.24592e-07
-0.130676 3.25218e-07
-0.130586 3.26607e-07
-0.130496 3.28183e-07
-0.130406 3.3039e-07
-0.130316 3.32983e-07
-0.130226 3.39489e-07
-0.130136 3.44246e-07
-0.130046 3.46451e-07
-0.129956 3.45758e-07
-0.129867 3.44047e-07
-0.129777 3.4278e-07
-0.129687 3.42684e-07
-0.129597 3.42042e-07
-0.129507 3.41794e-07
-0.129417 3.41531e-07
-0.129327 3.41357e-07
-0.129237 3.40684e-07
-0.129147 3.39698e-07
-0.129057 3.39168e-07
-0.128967 3.38955e-07
-0.128878 3.39107e-07
-0.128788 3.39875e-07
-0.128698 3.4e-07
-0.128608 3.39007e-07
-0.128518 3.38709e-07
-0.128428 3.38738e-07
-0.128338 3.36718e-07
-0.128248 3.32014e-07
-0.128158 3.28145e-07
-0.128068 3.23157e-07
-0.127979 3.21105e-07
-0.127889 3.225e-07
-0.127799 3.23705e-07
-0.127709 3.24203e-07
-0.127619 3.25031e-07
-0.127529 3.26318e-07
-0.127439 3.26636e-07
-0.127349 3.26223e-07
-0.127259 3.2658e-07
-0.127169 3.26232e-07
-0.127079 3.25222e-07
-0.12699 3.24024e-07
-0.1269 3.21683e-07
-0.12681 3.17344e-07
-0.12672 3.13195e-07
-0.12663 3.08206e-07
-0.12654 3.04294e-07
-0.12645 3.01001e-07
-0.12636 2.98027e-07
-0.12627 2.96047e-07
-0.12618 2.95241e-07
-0.126091 2.95206e-07
-0.126001 2.95472e-07
-0.125911 2.96028e-07
-0.125821 2.96938e-07
-0.125731 2.99213e-07
-0.125641 3.01376e-07
-0.125551 3.06179e-07
-0.125461 3.11547e-07
-0.125371 3.16756e-07
-0.125281 3.20777e-07
-0.125191 3.24125e-07
-0.125102 3.25991e-07
-0.125012 3.27102e-07
-0.124922 3.26616e-07
-0.124832 3.25823e-07
-0.124742 3.24136e-07
-0.124652 3.23085e-07
-0.124562 3.22896e-07
-0.124472 3.2198e-07
-0.124382 3.21656e-07
-0.124292 3.22481e-07
-0.124203 3.23123e-07
-0.124113 3.23845e-07
-0.124023 3.24615e-07
-0.123933 3.25203e-07
-0.123843 3.26251e-07
-0.123753 3.27112e-07
-0.123663 3.28562e-07
-0.123573 3.29439e-07
-0.123483 3.30053e-07
-0.123393 3.30415e-07
-0.123304 3.30352e-07
-0.123214 3.29424e-07
-0.123124 3.27825e-07
-0.123034 3.25996e-07
-0.122944 3.24255e-07
-0.122854 3.22227e-07
-0.122764 3.20097e-07
-0.122674 3.18138e-07
-0.122584 3.173e-07
-0.122494 3.17137e-07
-0.122404 3.16112e-07
-0.122315 3.1519e-07
-0.122225 3.1331e-07
-0.122135 3.10881e-07
-0.122045 3.07477e-07
-0.121955 3.02823e-07
-0.121865 2.98771e-07
-0.121775 2.92807e-07
-0.121685 2.86238e-07
-0.121595 2.79431e-07
-0.121505 2.77995e-07
-0.121416 2.79682e-07
-0.121326 2.82159e-07
-0.121236 2.82213e-07
-0.121146 2.82047e-07
-0.121056 2.83421e-07
-0.120966 2.87056e-07
-0.120876 2.9258e-07
-0.120786 2.99475e-07
-0.120696 3.06898e-07
-0.120606 3.12022e-07
-0.120516 3.18242e-07
-0.120427 3.21558e-07
-0.120337 3.25696e-07
-0.120247 3.30925e-07
-0.120157 3.32839e-07
-0.120067 3.33287e-07
-0.119977 3.33551e-07
-0.119887 3.34342e-07
-0.119797 3.33674e-07
-0.119707 3.30138e-07
-0.119617 3.26386e-07
-0.119528 3.22542e-07
-0.119438 3.19179e-07
-0.119348 3.19441e-07
-0.119258 3.1949e-07
-0.119168 3.1909e-07
-0.119078 3.1872e-07
-0.118988 3.18904e-07
-0.118898 3.19398e-07
-0.118808 3.20599e-07
-0.118718 3.21874e-07
-0.118628 3.23192e-07
-0.118539 3.23751e-07
-0.118449 3.24234e-07
-0.118359 3.24459e-07
-0.118269 3.23994e-07
-0.118179 3.23095e-07
-0.118089 3.22426e-07
-0.117999 3.21715e-07
-0.117909 3.20333e-07
-0.117819 3.17098e-07
-0.117729 3.10884e-07
-0.11764 3.05854e-07
-0.11755 3.03795e-07
-0.11746 3.04644e-07
-0.11737 3.04862e-07
-0.11728 3.05145e-07
-0.11719 3.06401e-07
-0.1171 3.0827e-07
-0.11701 3.09279e-07
-0.11692 3.10763e-07
-0.11683 3.11915e-07
-0.116741 3.12813e-07
-0.116651 3.135e-07
-0.116561 3.13644e-07
-0.116471 3.12627e-07
-0.116381 3.11022e-07
-0.116291 3.09691e-07
-0.116201 3.0751e-07
-0.116111 3.02287e-07
-0.116021 2.95524e-07
-0.115931 2.85014e-07
-0.115841 2.78298e-07
-0.115752 2.73157e-07
-0.115662 2.66304e-07
-0.115572 2.51578e-07
-0.115482 2.30894e-07
-0.115392 2.25378e-07
-0.115302 2.21118e-07
-0.115212 2.18892e-07
-0.115122 2.17625e-07
-0.115032 2.16365e-07
-0.114942 2.15965e-07
-0.114853 2.15526e-07
-0.114763 2.15148e-07
-0.114673 2.13872e-07
-0.114583 2.12887e-07
-0.114493 2.12244e-07
-0.114403 2.12115e-07
-0.114313 2.12012e-07
-0.114223 2.10443e-07
-0.114133 2.09654e-07
-0.114043 2.0842e-07
-0.113953 2.07171e-07
-0.113864 2.05626e-07
-0.113774 2.04525e-07
-0.113684 2.04398e-07
-0.113594 2.06451e-07
-0.113504 2.07685e-07
-0.113414 2.08887e-07
-0.113324 2.09689e-07
-0.113234 2.10686e-07
-0.113144 2.12061e-07
-0.113054 2.12142e-07
-0.112965 2.12373e-07
-0.112875 2.1184e-07
-0.112785 2.11294e-07
-0.112695 2.10666e-07
-0.112605 2.10087e-07
-0.112515 2.08752e-07
-0.112425 2.07692e-07
-0.112335 2.06666e-07
-0.112245 2.05535e-07
-0.112155 2.04121e-07
-0.112065 2.02642e-07
-0.111976 2.01047e-07
-0.111886 1.99736e-07
-0.111796 1.99784e-07
-0.111706 2.0022e-07
-0.111616 2.00455e-07
-0.111526 2.00652e-07
-0.111436 2.01731e-07
-0.111346 2.02575e-07
-0.111256 2.03427e-07
-0.111166 2.05184e-07
-0.111077 2.07331e-07
-0.110987 2.09212e-07
-0.110897 2.10875e-07
-0.110807 2.11782e-07
-0.110717 2.11704e-07
-0.110627 2.11731e-07
-0.110537 2.11535e-07
-0.110447 2.11167e-07
-0.110357 2.1039e-07
-0.110267 2.10142e-07
-0.110178 2.09235e-07
-0.110088 2.07975e-07
-0.109998 2.07054e-07
-0.109908 2.06139e-07
-0.109818 2.04977e-07
-0.109728 2.04058e-07
-0.109638 2.03314e-07
-0.109548 2.02514e-07
-0.109458 2.01936e-07
-0.109368 2.01224e-07
-0.109278 2.00801e-07
-0.109189 2.00356e-07
-0.109099 2.00076e-07
-0.109009 1.99378e-07
-0.108919 1.98133e-07
-0.108829 1.97183e-07
-0.108739 1.96284e-07
-0.108649 1.9531e-07
-0.108559 1.94403e-07
-0.108469 1.93677e-07
-0.108379 1.92906e-07
-0.10829 1.91593e-07
-0.1082 1.90348e-07
-0.10811 1.88952e-07
-0.10802 1.87411e-07
-0.10793 1.85794e-07
-0.10784 1.84733e-07
-0.10775 1.83673e-07
-0.10766 1.82264e-07
-0.10757 1.81037e-07
-0.10748 1.8005e-07
-0.10739 1.79793e-07
-0.107301 1.80075e-07
-0.107211 1.79674e-07
-0.107121 1.78014e-07
-0.107031 1.75009e-07
-0.106941 1.68234e-07
-0.106851 1.57264e-07
-0.106761 1.4475e-07
-0.106671 1.37443e-07
-0.106581 1.32909e-07
-0.106491 1.3077e-07
-0.106402 1.2995e-07
-0.106312 1.2992e-07
-0.106222 1.29422e-07
-0.106132 1.28424e-07
-0.106042 1.2621e-07
-0.105952 1.237e-07
-0.105862 1.21642e-07
-0.105772 1.20145e-07
-0.105682 1.18184e-07
-0.105592 1.16219e-07
-0.105502 1.146e-07
-0.105413 1.13261e-07
-0.105323 1.12105e-07
-0.105233 1.11228e-07
-0.105143 1.10491e-07
-0.105053 1.09736e-07
-0.104963 1.09252e-07
-0.104873 1.08551e-07
-0.104783 1.07857e-07
-0.104693 1.0746e-07
-0.104603 1.07021e-07
-0.104514 1.0648e-07
-0.104424 1.05623e-07
-0.104334 1.04322e-07
-0.104244 1.02913e-07
-0.104154 1.01466e-07
-0.104064 9.98503e-08
-0.103974 9.83536e-08
-0.103884 9.6963e-08
-0.103794 9.56618e-08
-0.103704 9.42764e-08
-0.103614 9.32422e-08
-0.103525 9.23472e-08
-0.103435 9.16761e-08
-0.103345 9.11184e-08
-0.103255 9.06186e-08
-0.103165 9.01848e-08
-0.103075 8.96107e-08
-0.102985 8.91159e-08
-0.102895 8.85693e-08
-0.102805 8.76604e-08
-0.102715 8.68975e-08
-0.102626 8.59542e-08
-0.102536 8.49643e-08
-0.102446 8.37364e-08
-0.102356 8.25616e-08
-0.102266 8.12086e-08
-0.102176 8.02158e-08
-0.102086 7.93909e-08
-0.101996 7.83567e-08
-0.101906 7.72334e-08
-0.101816 7.64121e-08
-0.101727 7.50189e-08
-0.101637 7.39094e-08
-0.101547 7.32542e-08
-0.101457 7.30228e-08
-0.101367 7.3032e-08
-0.101277 7.29347e-08
-0.101187 7.30059e-08
-0.101097 7.1717e-08
-0.101007 6.99643e-08
-0.100917 6.77311e-08
-0.100827 6.05606e-08
-0.100738 3.23364e-08
-0.100648 2.05302e-08
-0.100558 1.76005e-08
-0.100468 1.61407e-08
-0.100378 1.47175e-08
-0.100288 1.41031e-08
-0.100198 1.32934e-08
-0.100108 1.17603e-08
-0.100018 1.03968e-08
-0.0999284 9.26386e-09
-0.0998385 8.46089e-09
-0.0997486 7.87849e-09
-0.0996587 7.13187e-09
-0.0995688 6.39282e-09
-0.0994789 6.07444e-09
-0.099389 6.11665e-09
-0.0992991 6.16644e-09
-0.0992092 6.00411e-09
-0.0991193 5.77386e-09
-0.0990294 5.30664e-09
-0.0989395 4.58935e-09
-0.0988496 3.63281e-09
-0.0987597 2.71364e-09
-0.0986698 1.92013e-09
-0.0985799 1.2629e-09
-0.09849 6.90737e-10
-0.0984001 6.36109e-11
-0.0983102 -4.38186e-10
-0.0982202 -8.56981e-10
-0.0981303 -1.32292e-09
-0.0980404 -1.64968e-09
-0.0979505 -2.00698e-09
-0.0978606 -2.55045e-09
-0.0977707 -3.13767e-09
-0.0976808 -3.50772e-09
-0.0975909 -3.64892e-09
-0.097501 -3.91311e-09
-0.0974111 -4.3807e-09
-0.0973212 -4.73673e-09
-0.0972313 -5.16382e-09
-0.0971414 -5.58281e-09
-0.0970515 -6.0503e-09
-0.0969616 -6.34951e-09
-0.0968717 -6.34598e-09
-0.0967818 -6.29711e-09
-0.0966919 -6.24479e-09
-0.096602 -6.29208e-09
-0.0965121 -6.5582e-09
-0.0964222 -6.83607e-09
-0.0963323 -6.96351e-09
-0.0962424 -6.96754e-09
-0.0961525 -6.9859e-09
-0.0960626 -7.19745e-09
-0.0959726 -7.53659e-09
-0.0958827 -8.13751e-09
-0.0957928 -8.88765e-09
-0.0957029 -9.58518e-09
-0.095613 -1.02096e-08
-0.0955231 -1.08901e-08
-0.0954332 -1.15297e-08
-0.0953433 -1.20456e-08
-0.0952534 -1.25544e-08
-0.0951635 -1.29781e-08
-0.0950736 -1.31922e-08
-0.0949837 -1.32412e-08
-0.0948938 -1.3193e-08
-0.0948039 -1.33198e-08
-0.094714 -1.34504e-08
-0.0946241 -1.33227e-08
-0.0945342 -1.3323e-08
-0.0944443 -1.32944e-08
-0.0943544 -1.34405e-08
-0.0942645 -1.3662e-08
-0.0941746 -1.40157e-08
-0.0940847 -1.46044e-08
-0.0939948 -1.51635e-08
-0.0939049 -1.55115e-08
-0.0938149 -1.58219e-08
-0.093725 -1.58745e-08
-0.0936351 -1.5808e-08
-0.0935452 -1.58157e-08
-0.0934553 -1.57286e-08
-0.0933654 -1.56128e-08
-0.0932755 -1.52726e-08
-0.0931856 -1.47582e-08
-0.0930957 -1.40575e-08
-0.0930058 -1.32566e-08
-0.0929159 -1.2523e-08
-0.092826 -1.1932e-08
-0.0927361 -1.11925e-08
-0.0926462 -1.05248e-08
-0.0925563 -9.8381e-09
-0.0924664 -9.43944e-09
-0.0923765 -9.06195e-09
-0.0922866 -8.72825e-09
-0.0921967 -8.4259e-09
-0.0921068 -8.33889e-09
-0.0920169 -8.37027e-09
-0.091927 -8.40662e-09
-0.0918371 -8.40908e-09
-0.0917472 -8.42142e-09
-0.0916572 -8.49952e-09
-0.0915673 -8.67016e-09
-0.0914774 -8.67883e-09
-0.0913875 -8.62589e-09
-0.0912976 -8.57676e-09
-0.0912077 -8.52684e-09
-0.0911178 -8.72343e-09
-0.0910279 -9.01834e-09
-0.090938 -9.22576e-09
-0.0908481 -9.56261e-09
-0.0907582 -9.7831e-09
-0.0906683 -1.00399e-08
-0.0905784 -1.02263e-08
-0.0904885 -1.05919e-08
-0.0903986 -1.09837e-08
-0.0903087 -1.12394e-08
-0.0902188 -1.16367e-08
-0.0901289 -1.2028e-08
-0.090039 -1.23338e-08
-0.0899491 -1.26456e-08
-0.0898592 -1.30013e-08
-0.0897693 -1.3233e-08
-0.0896794 -1.35185e-08
-0.0895895 -1.38261e-08
-0.0894995 -1.40213e-08
-0.0894096 -1.43494e-08
-0.0893197 -1.49691e-08
-0.0892298 -1.56584e-08
-0.0891399 -1.61517e-08
-0.08905 -1.64612e-08
-0.0889601 -1.66669e-08
-0.0888702 -1.67699e-08
-0.0887803 -1.68906e-08
-0.0886904 -1.71756e-08
-0.0886005 -1.73435e-08
-0.0885106 -1.75346e-08
-0.0884207 -1.77975e-08
-0.0883308 -1.78555e-08
-0.0882409 -1.77051e-08
-0.088151 -1.74518e-08
-0.0880611 -1.71332e-08
-0.0879712 -1.69378e-08
-0.0878813 -1.67453e-08
-0.0877914 -1.64904e-08
-0.0877015 -1.61063e-08
-0.0876116 -1.57332e-08
-0.0875217 -1.55846e-08
-0.0874318 -1.54964e-08
-0.0873418 -1.53728e-08
-0.0872519 -1.5298e-08
-0.087162 -1.509e-08
-0.0870721 -1.49576e-08
-0.0869822 -1.49155e-08
-0.0868923 -1.48625e-08
-0.0868024 -1.49173e-08
-0.0867125 -1.50954e-08
-0.0866226 -1.52986e-08
-0.0865327 -1.53441e-08
-0.0864428 -1.52144e-08
-0.0863529 -1.51528e-08
-0.086263 -1.51167e-08
-0.0861731 -1.51654e-08
-0.0860832 -1.53158e-08
-0.0859933 -1.54359e-08
-0.0859034 -1.56192e-08
-0.0858135 -1.56914e-08
-0.0857236 -1.57663e-08
-0.0856337 -1.5906e-08
-0.0855438 -1.6156e-08
-0.0854539 -1.63714e-08
-0.085364 -1.66732e-08
-0.0852741 -1.70349e-08
-0.0851841 -1.73218e-08
-0.0850942 -1.75304e-08
-0.0850043 -1.77547e-08
-0.0849144 -1.79084e-08
-0.0848245 -1.80283e-08
-0.0847346 -1.79736e-08
-0.0846447 -1.76213e-08
-0.0845548 -1.71289e-08
-0.0844649 -1.66061e-08
-0.084375 -1.60642e-08
-0.0842851 -1.56045e-08
-0.0841952 -1.51532e-08
-0.0841053 -1.46377e-08
-0.0840154 -1.42771e-08
-0.0839255 -1.38796e-08
-0.0838356 -1.35455e-08
-0.0837457 -1.33242e-08
-0.0836558 -1.34139e-08
-0.0835659 -1.37699e-08
-0.083476 -1.41818e-08
-0.0833861 -1.47058e-08
-0.0832962 -1.52662e-08
-0.0832063 -1.55685e-08
-0.0831164 -1.58532e-08
-0.0830264 -1.60732e-08
-0.0829365 -1.63104e-08
-0.0828466 -1.6474e-08
-0.0827567 -1.66034e-08
-0.0826668 -1.66583e-08
-0.0825769 -1.68806e-08
-0.082487 -1.70027e-08
-0.0823971 -1.71083e-08
-0.0823072 -1.73156e-08
-0.0822173 -1.74345e-08
-0.0821274 -1.74912e-08
-0.0820375 -1.76823e-08
-0.0819476 -1.79466e-08
-0.0818577 -1.83575e-08
-0.0817678 -1.88954e-08
-0.0816779 -1.93936e-08
-0.081588 -1.99005e-08
-0.0814981 -2.02742e-08
-0.0814082 -2.05886e-08
-0.0813183 -2.08474e-08
-0.0812284 -2.10075e-08
-0.0811385 -2.12128e-08
-0.0810486 -2.1444e-08
-0.0809587 -2.17738e-08
-0.0808687 -2.20911e-08
-0.0807788 -2.2468e-08
-0.0806889 -2.28426e-08
-0.080599 -2.31402e-08
-0.0805091 -2.34325e-08
-0.0804192 -2.37699e-08
-0.0803293 -2.4217e-08
-0.0802394 -2.46846e-08
-0.0801495 -2.50728e-08
-0.0800596 -2.5426e-08
-0.0799697 -2.57519e-08
-0.0798798 -2.59688e-08
-0.0797899 -2.5997e-08
-0.0797 -2.58162e-08
-0.0796101 -2.5551e-08
-0.0795202 -2.51141e-08
-0.0794303 -2.47085e-08
-0.0793404 -2.44259e-08
-0.0792505 -2.40351e-08
-0.0791606 -2.38644e-08
-0.0790707 -2.36071e-08
-0.0789808 -2.32086e-08
-0.0788909 -2.27552e-08
-0.078801 -2.23131e-08
-0.078711 -2.19704e-08
-0.0786211 -2.1708e-08
-0.0785312 -2.14685e-08
-0.0784413 -2.11615e-08
-0.0783514 -2.0837e-08
-0.0782615 -2.05154e-08
-0.0781716 -2.02258e-08
-0.0780817 -1.9931e-08
-0.0779918 -1.96974e-08
-0.0779019 -1.95356e-08
-0.077812 -1.95819e-08
-0.0777221 -1.97065e-08
-0.0776322 -1.9732e-08
-0.0775423 -1.97686e-08
-0.0774524 -1.97594e-08
-0.0773625 -1.97254e-08
-0.0772726 -1.97953e-08
-0.0771827 -1.98654e-08
-0.0770928 -1.9942e-08
-0.0770029 -1.99942e-08
-0.076913 -2.02428e-08
-0.0768231 -2.05507e-08
-0.0767332 -2.08128e-08
-0.0766433 -2.1028e-08
-0.0765534 -2.13043e-08
-0.0764634 -2.15376e-08
-0.0763735 -2.18994e-08
-0.0762836 -2.2074e-08
-0.0761937 -2.22431e-08
-0.0761038 -2.24968e-08
-0.0760139 -2.27703e-08
-0.075924 -2.30473e-08
-0.0758341 -2.32745e-08
-0.0757442 -2.34432e-08
-0.0756543 -2.36459e-08
-0.0755644 -2.39311e-08
-0.0754745 -2.42466e-08
-0.0753846 -2.46111e-08
-0.0752947 -2.50183e-08
-0.0752048 -2.53582e-08
-0.0751149 -2.56944e-08
-0.075025 -2.60035e-08
-0.0749351 -2.63033e-08
-0.0748452 -2.66221e-08
-0.0747553 -2.68691e-08
-0.0746654 -2.7152e-08
-0.0745755 -2.74465e-08
-0.0744856 -2.76975e-08
-0.0743957 -2.78847e-08
-0.0743057 -2.80571e-08
-0.0742158 -2.8224e-08
-0.0741259 -2.84454e-08
-0.074036 -2.86123e-08
-0.0739461 -2.86779e-08
-0.0738562 -2.88163e-08
-0.0737663 -2.89739e-08
-0.0736764 -2.90959e-08
-0.0735865 -2.93162e-08
-0.0734966 -2.95974e-08
-0.0734067 -2.99006e-08
-0.0733168 -3.01207e-08
-0.0732269 -3.03234e-08
-0.073137 -3.0514e-08
-0.0730471 -3.06365e-08
-0.0729572 -3.07418e-08
-0.0728673 -3.09195e-08
-0.0727774 -3.10243e-08
-0.0726875 -3.11311e-08
-0.0725976 -3.11517e-08
-0.0725077 -3.11446e-08
-0.0724178 -3.11569e-08
-0.0723279 -3.1298e-08
-0.072238 -3.15477e-08
-0.072148 -3.18214e-08
-0.0720581 -3.20591e-08
-0.0719682 -3.22753e-08
-0.0718783 -3.25118e-08
-0.0717884 -3.27681e-08
-0.0716985 -3.30149e-08
-0.0716086 -3.32336e-08
-0.0715187 -3.34718e-08
-0.0714288 -3.3698e-08
-0.0713389 -3.39296e-08
-0.071249 -3.41562e-08
-0.0711591 -3.44802e-08
-0.0710692 -3.48572e-08
-0.0709793 -3.51371e-08
-0.0708894 -3.54756e-08
-0.0707995 -3.57504e-08
-0.0707096 -3.6078e-08
-0.0706197 -3.63642e-08
-0.0705298 -3.66093e-08
-0.0704399 -3.68736e-08
-0.07035 -3.71624e-08
-0.0702601 -3.74712e-08
-0.0701702 -3.77853e-08
-0.0700803 -3.80981e-08
-0.0699903 -3.84103e-08
-0.0699004 -3.86971e-08
-0.0698105 -3.90059e-08
-0.0697206 -3.93318e-08
-0.0696307 -3.96309e-08
-0.0695408 -3.98702e-08
-0.0694509 -3.9971e-08
-0.069361 -4.00009e-08
-0.0692711 -3.99886e-08
-0.0691812 -4.00075e-08
-0.0690913 -4.00583e-08
-0.0690014 -3.99962e-08
-0.0689115 -3.99761e-08
-0.0688216 -3.99733e-08
-0.0687317 -4.00021e-08
-0.0686418 -4.00101e-08
-0.0685519 -3.99782e-08
-0.068462 -3.99176e-08
-0.0683721 -3.97901e-08
-0.0682822 -3.96314e-08
-0.0681923 -3.95391e-08
-0.0681024 -3.94641e-08
-0.0680125 -3.94345e-08
-0.0679226 -3.93733e-08
-0.0678326 -3.92359e-08
-0.0677427 -3.9089e-08
-0.0676528 -3.89299e-08
-0.0675629 -3.87798e-08
-0.067473 -3.86491e-08
-0.0673831 -3.85462e-08
-0.0672932 -3.83805e-08
-0.0672033 -3.82427e-08
-0.0671134 -3.81549e-08
-0.0670235 -3.81201e-08
-0.0669336 -3.81499e-08
-0.0668437 -3.81855e-08
-0.0667538 -3.82558e-08
-0.0666639 -3.84029e-08
-0.066574 -3.86537e-08
-0.0664841 -3.89941e-08
-0.0663942 -3.93085e-08
-0.0663043 -3.9601e-08
-0.0662144 -3.9885e-08
-0.0661245 -4.01264e-08
-0.0660346 -4.03165e-08
-0.0659447 -4.045e-08
-0.0658548 -4.06187e-08
-0.0657649 -4.08447e-08
-0.0656749 -4.11e-08
-0.065585 -4.13748e-08
-0.0654951 -4.17324e-08
-0.0654052 -4.20248e-08
-0.0653153 -4.2251e-08
-0.0652254 -4.2413e-08
-0.0651355 -4.26306e-08
-0.0650456 -4.2903e-08
-0.0649557 -4.31679e-08
-0.0648658 -4.33418e-08
-0.0647759 -4.34739e-08
-0.064686 -4.36048e-08
-0.0645961 -4.37212e-08
-0.0645062 -4.38265e-08
-0.0644163 -4.39074e-08
-0.0643264 -4.38978e-08
-0.0642365 -4.38694e-08
-0.0641466 -4.37003e-08
-0.0640567 -4.35985e-08
-0.0639668 -4.35515e-08
-0.0638769 -4.35899e-08
-0.063787 -4.35478e-08
-0.0636971 -4.33691e-08
-0.0636072 -4.32325e-08
-0.0635172 -4.3152e-08
-0.0634273 -4.30895e-08
-0.0633374 -4.30487e-08
-0.0632475 -4.30915e-08
-0.0631576 -4.31807e-08
-0.0630677 -4.32427e-08
-0.0629778 -4.32804e-08
-0.0628879 -4.33649e-08
-0.062798 -4.34958e-08
-0.0627081 -4.35841e-08
-0.0626182 -4.37404e-08
-0.0625283 -4.39613e-08
-0.0624384 -4.41525e-08
-0.0623485 -4.43336e-08
-0.0622586 -4.45442e-08
-0.0621687 -4.47743e-08
-0.0620788 -4.50218e-08
-0.0619889 -4.52964e-08
-0.061899 -4.55475e-08
-0.0618091 -4.58268e-08
-0.0617192 -4.61002e-08
-0.0616293 -4.64296e-08
-0.0615394 -4.6811e-08
-0.0614495 -4.71759e-08
-0.0613595 -4.75402e-08
-0.0612696 -4.78961e-08
-0.0611797 -4.8209e-08
-0.0610898 -4.84807e-08
-0.0609999 -4.86753e-08
-0.06091 -4.88776e-08
-0.0608201 -4.91099e-08
-0.0607302 -4.92874e-08
-0.0606403 -4.95049e-08
-0.0605504 -4.9752e-08
-0.0604605 -4.99892e-08
-0.0603706 -5.0317e-08
-0.0602807 -5.06807e-08
-0.0601908 -5.10442e-08
-0.0601009 -5.1314e-08
-0.060011 -5.14745e-08
-0.0599211 -5.16092e-08
-0.0598312 -5.18121e-08
-0.0597413 -5.19201e-08
-0.0596514 -5.20079e-08
-0.0595615 -5.21495e-08
-0.0594716 -5.22835e-08
-0.0593817 -5.22885e-08
-0.0592918 -5.22767e-08
-0.0592018 -5.2225e-08
-0.0591119 -5.20411e-08
-0.059022 -5.17472e-08
-0.0589321 -5.13558e-08
-0.0588422 -5.09701e-08
-0.0587523 -5.04898e-08
-0.0586624 -4.99979e-08
-0.0585725 -4.96168e-08
-0.0584826 -4.90806e-08
-0.0583927 -4.86667e-08
-0.0583028 -4.80663e-08
-0.0582129 -4.74095e-08
-0.058123 -4.68908e-08
-0.0580331 -4.65189e-08
-0.0579432 -4.62202e-08
-0.0578533 -4.58062e-08
-0.0577634 -4.54502e-08
-0.0576735 -4.51157e-08
-0.0575836 -4.46994e-08
-0.0574937 -4.42304e-08
-0.0574038 -4.37928e-08
-0.0573139 -4.35547e-08
-0.057224 -4.34292e-08
-0.0571341 -4.33957e-08
-0.0570442 -4.34647e-08
-0.0569542 -4.3644e-08
-0.0568643 -4.38203e-08
-0.0567744 -4.39374e-08
-0.0566845 -4.40467e-08
-0.0565946 -4.4171e-08
-0.0565047 -4.43071e-08
-0.0564148 -4.44283e-08
-0.0563249 -4.45592e-08
-0.056235 -4.47069e-08
-0.0561451 -4.49328e-08
-0.0560552 -4.51675e-08
-0.0559653 -4.54526e-08
-0.0558754 -4.57029e-08
-0.0557855 -4.59496e-08
-0.0556956 -4.62016e-08
-0.0556057 -4.63419e-08
-0.0555158 -4.65498e-08
-0.0554259 -4.6831e-08
-0.055336 -4.70932e-08
-0.0552461 -4.72868e-08
-0.0551562 -4.74854e-08
-0.0550663 -4.76972e-08
-0.0549764 -4.79027e-08
-0.0548865 -4.81294e-08
-0.0547965 -4.83316e-08
-0.0547066 -4.85613e-08
-0.0546167 -4.885e-08
-0.0545268 -4.9107e-08
-0.0544369 -4.93697e-08
-0.054347 -4.96489e-08
-0.0542571 -4.98695e-08
-0.0541672 -5.00783e-08
-0.0540773 -5.02638e-08
-0.0539874 -5.04444e-08
-0.0538975 -5.06008e-08
-0.0538076 -5.07347e-08
-0.0537177 -5.08553e-08
-0.0536278 -5.10072e-08
-0.0535379 -5.12229e-08
-0.053448 -5.14218e-08
-0.0533581 -5.1669e-08
-0.0532682 -5.18683e-08
-0.0531783 -5.20298e-08
-0.0530884 -5.22065e-08
-0.0529985 -5.24029e-08
-0.0529086 -5.25903e-08
-0.0528187 -5.27996e-08
-0.0527288 -5.29732e-08
-0.0526388 -5.30672e-08
-0.0525489 -5.30897e-08
-0.052459 -5.30884e-08
-0.0523691 -5.31564e-08
-0.0522792 -5.32061e-08
-0.0521893 -5.31573e-08
-0.0520994 -5.30708e-08
-0.0520095 -5.29954e-08
-0.0519196 -5.29311e-08
-0.0518297 -5.28445e-08
-0.0517398 -5.27658e-08
-0.0516499 -5.27327e-08
-0.05156 -5.25683e-08
-0.0514701 -5.23071e-08
-0.0513802 -5.20339e-08
-0.0512903 -5.17166e-08
-0.0512004 -5.13124e-08
-0.0511105 -5.08626e-08
-0.0510206 -5.04625e-08
-0.0509307 -5.00392e-08
-0.0508408 -4.96019e-08
-0.0507509 -4.9074e-08
-0.050661 -4.85627e-08
-0.0505711 -4.80744e-08
-0.0504811 -4.75415e-08
-0.0503912 -4.71275e-08
-0.0503013 -4.66912e-08
-0.0502114 -4.61851e-08
-0.0501215 -4.57228e-08
-0.0500316 -4.52896e-08
-0.0499417 -4.49081e-08
-0.0498518 -4.4618e-08
-0.0497619 -4.43857e-08
-0.049672 -4.41984e-08
-0.0495821 -4.40297e-08
-0.0494922 -4.38839e-08
-0.0494023 -4.38201e-08
-0.0493124 -4.37761e-08
-0.0492225 -4.37546e-08
-0.0491326 -4.36905e-08
-0.0490427 -4.36411e-08
-0.0489528 -4.35972e-08
-0.0488629 -4.35953e-08
-0.048773 -4.36373e-08
-0.0486831 -4.37474e-08
-0.0485932 -4.3915e-08
-0.0485033 -4.4096e-08
-0.0484134 -4.42706e-08
-0.0483234 -4.44562e-08
-0.0482335 -4.46152e-08
-0.0481436 -4.47886e-08
-0.0480537 -4.49021e-08
-0.0479638 -4.50256e-08
-0.0478739 -4.51467e-08
-0.047784 -4.52335e-08
-0.0476941 -4.53271e-08
-0.0476042 -4.54464e-08
-0.0475143 -4.55629e-08
-0.0474244 -4.56938e-08
-0.0473345 -4.58099e-08
-0.0472446 -4.5911e-08
-0.0471547 -4.60059e-08
-0.0470648 -4.61455e-08
-0.0469749 -4.6267e-08
-0.046885 -4.63687e-08
-0.0467951 -4.64093e-08
-0.0467052 -4.64052e-08
-0.0466153 -4.63954e-08
-0.0465254 -4.64076e-08
-0.0464355 -4.64193e-08
-0.0463456 -4.64315e-08
-0.0462557 -4.64645e-08
-0.0461657 -4.65071e-08
-0.0460758 -4.65376e-08
-0.0459859 -4.65762e-08
-0.045896 -4.65565e-08
-0.0458061 -4.64374e-08
-0.0457162 -4.627e-08
-0.0456263 -4.61433e-08
-0.0455364 -4.60638e-08
-0.0454465 -4.59963e-08
-0.0453566 -4.59559e-08
-0.0452667 -4.59031e-08
-0.0451768 -4.58575e-08
-0.0450869 -4.58322e-08
-0.044997 -4.57586e-08
-0.0449071 -4.56999e-08
-0.0448172 -4.5594e-08
-0.0447273 -4.54639e-08
-0.0446374 -4.53595e-08
-0.0445475 -4.53127e-08
-0.0444576 -4.52726e-08
-0.0443677 -4.52642e-08
-0.0442778 -4.52595e-08
-0.0441879 -4.52091e-08
-0.044098 -4.51714e-08
-0.044008 -4.51548e-08
-0.0439181 -4.51497e-08
-0.0438282 -4.51352e-08
-0.0437383 -4.51212e-08
-0.0436484 -4.51284e-08
-0.0435585 -4.51189e-08
-0.0434686 -4.50977e-08
-0.0433787 -4.50475e-08
-0.0432888 -4.50198e-08
-0.0431989 -4.4972e-08
-0.043109 -4.48988e-08
-0.0430191 -4.48431e-08
-0.0429292 -4.48674e-08
-0.0428393 -4.48932e-08
-0.0427494 -4.48849e-08
-0.0426595 -4.48688e-08
-0.0425696 -4.48731e-08
-0.0424797 -4.4895e-08
-0.0423898 -4.48847e-08
-0.0422999 -4.48265e-08
-0.04221 -4.47571e-08
-0.0421201 -4.46642e-08
-0.0420302 -4.46014e-08
-0.0419403 -4.45774e-08
-0.0418503 -4.45702e-08
-0.0417604 -4.45197e-08
-0.0416705 -4.44483e-08
-0.0415806 -4.43424e-08
-0.0414907 -4.42208e-08
-0.0414008 -4.41395e-08
-0.0413109 -4.40447e-08
-0.041221 -4.38826e-08
-0.0411311 -4.36831e-08
-0.0410412 -4.34857e-08
-0.0409513 -4.33482e-08
-0.0408614 -4.31897e-08
-0.0407715 -4.3037e-08
-0.0406816 -4.2877e-08
-0.0405917 -4.27065e-08
-0.0405018 -4.25251e-08
-0.0404119 -4.2352e-08
-0.040322 -4.21859e-08
-0.0402321 -4.20531e-08
-0.0401422 -4.1869e-08
-0.0400523 -4.16533e-08
-0.0399624 -4.14804e-08
-0.0398725 -4.13079e-08
-0.0397826 -4.11356e-08
-0.0396927 -4.09739e-08
-0.0396027 -4.07853e-08
-0.0395128 -4.05848e-08
-0.0394229 -4.04243e-08
-0.039333 -4.02906e-08
-0.0392431 -4.01622e-08
-0.0391532 -4.00331e-08
-0.0390633 -3.98862e-08
-0.0389734 -3.9768e-08
-0.0388835 -3.96709e-08
-0.0387936 -3.95822e-08
-0.0387037 -3.95205e-08
-0.0386138 -3.94481e-08
-0.0385239 -3.93453e-08
-0.038434 -3.92319e-08
-0.0383441 -3.91584e-08
-0.0382542 -3.91082e-08
-0.0381643 -3.90464e-08
-0.0380744 -3.89785e-08
-0.0379845 -3.89442e-08
-0.0378946 -3.89256e-08
-0.0378047 -3.89296e-08
-0.0377148 -3.8958e-08
-0.0376249 -3.89789e-08
-0.037535 -3.89755e-08
-0.037445 -3.89437e-08
-0.0373551 -3.88722e-08
-0.0372652 -3.88171e-08
-0.0371753 -3.87485e-08
-0.0370854 -3.86599e-08
-0.0369955 -3.85701e-08
-0.0369056 -3.85062e-08
-0.0368157 -3.84221e-08
-0.0367258 -3.83303e-08
-0.0366359 -3.82158e-08
-0.036546 -3.8078e-08
-0.0364561 -3.79348e-08
-0.0363662 -3.77611e-08
-0.0362763 -3.75952e-08
-0.0361864 -3.74086e-08
-0.0360965 -3.71726e-08
-0.0360066 -3.69276e-08
-0.0359167 -3.66632e-08
-0.0358268 -3.64187e-08
-0.0357369 -3.61499e-08
-0.035647 -3.58956e-08
-0.0355571 -3.56102e-08
-0.0354672 -3.53179e-08
-0.0353773 -3.50398e-08
-0.0352873 -3.47736e-08
-0.0351974 -3.45352e-08
-0.0351075 -3.42715e-08
-0.0350176 -3.40159e-08
-0.0349277 -3.36873e-08
-0.0348378 -3.33564e-08
-0.0347479 -3.30816e-08
-0.034658 -3.28333e-08
-0.0345681 -3.26495e-08
-0.0344782 -3.2503e-08
-0.0343883 -3.24367e-08
-0.0342984 -3.2413e-08
-0.0342085 -3.24076e-08
-0.0341186 -3.23933e-08
-0.0340287 -3.24023e-08
-0.0339388 -3.24392e-08
-0.0338489 -3.243e-08
-0.033759 -3.24121e-08
-0.0336691 -3.24003e-08
-0.0335792 -3.23659e-08
-0.0334893 -3.23608e-08
-0.0333994 -3.23783e-08
-0.0333095 -3.24603e-08
-0.0332196 -3.25612e-08
-0.0331296 -3.26882e-08
-0.0330397 -3.27848e-08
-0.0329498 -3.29092e-08
-0.0328599 -3.30785e-08
-0.03277 -3.32124e-08
-0.0326801 -3.3301e-08
-0.0325902 -3.33464e-08
-0.0325003 -3.33682e-08
-0.0324104 -3.3393e-08
-0.0323205 -3.34049e-08
-0.0322306 -3.34306e-08
-0.0321407 -3.34704e-08
-0.0320508 -3.35532e-08
-0.0319609 -3.36071e-08
-0.031871 -3.37051e-08
-0.0317811 -3.38214e-08
-0.0316912 -3.3888e-08
-0.0316013 -3.38893e-08
-0.0315114 -3.38542e-08
-0.0314215 -3.38216e-08
-0.0313316 -3.37851e-08
-0.0312417 -3.37229e-08
-0.0311518 -3.36407e-08
-0.0310619 -3.35651e-08
-0.0309719 -3.35168e-08
-0.030882 -3.34591e-08
-0.0307921 -3.34481e-08
-0.0307022 -3.34271e-08
-0.0306123 -3.33804e-08
-0.0305224 -3.32987e-08
-0.0304325 -3.32307e-08
-0.0303426 -3.31977e-08
-0.0302527 -3.31577e-08
-0.0301628 -3.30821e-08
-0.0300729 -3.29742e-08
-0.029983 -3.28397e-08
-0.0298931 -3.26982e-08
-0.0298032 -3.25742e-08
-0.0297133 -3.24834e-08
-0.0296234 -3.2375e-08
-0.0295335 -3.22696e-08
-0.0294436 -3.21336e-08
-0.0293537 -3.20157e-08
-0.0292638 -3.1885e-08
-0.0291739 -3.17351e-08
-0.029084 -3.15448e-08
-0.0289941 -3.12935e-08
-0.0289042 -3.09857e-08
-0.0288142 -3.07241e-08
-0.0287243 -3.04997e-08
-0.0286344 -3.02564e-08
-0.0285445 -2.99915e-08
-0.0284546 -2.97361e-08
-0.0283647 -2.94692e-08
-0.0282748 -2.91751e-08
-0.0281849 -2.88465e-08
-0.028095 -2.84852e-08
-0.0280051 -2.80725e-08
-0.0279152 -2.76218e-08
-0.0278253 -2.71711e-08
-0.0277354 -2.67672e-08
-0.0276455 -2.63341e-08
-0.0275556 -2.58431e-08
-0.0274657 -2.53783e-08
-0.0273758 -2.49391e-08
-0.0272859 -2.45472e-08
-0.027196 -2.41425e-08
-0.0271061 -2.37857e-08
-0.0270162 -2.34455e-08
-0.0269263 -2.31001e-08
-0.0268364 -2.27449e-08
-0.0267465 -2.23933e-08
-0.0266565 -2.20447e-08
-0.0265666 -2.17024e-08
-0.0264767 -2.13957e-08
-0.0263868 -2.11245e-08
-0.0262969 -2.08949e-08
-0.026207 -2.07217e-08
-0.0261171 -2.05914e-08
-0.0260272 -2.04898e-08
-0.0259373 -2.04009e-08
-0.0258474 -2.03345e-08
-0.0257575 -2.02481e-08
-0.0256676 -2.01682e-08
-0.0255777 -2.00694e-08
-0.0254878 -2.00074e-08
-0.0253979 -1.99592e-08
-0.025308 -1.99094e-08
-0.0252181 -1.98758e-08
-0.0251282 -1.98664e-08
-0.0250383 -1.98804e-08
-0.0249484 -1.98956e-08
-0.0248585 -1.99345e-08
-0.0247686 -1.99809e-08
-0.0246787 -2.00098e-08
-0.0245888 -2.00585e-08
-0.0244988 -2.00863e-08
-0.0244089 -2.01461e-08
-0.024319 -2.01963e-08
-0.0242291 -2.02259e-08
-0.0241392 -2.02527e-08
-0.0240493 -2.02882e-08
-0.0239594 -2.03322e-08
-0.0238695 -2.03734e-08
-0.0237796 -2.04253e-08
-0.0236897 -2.04669e-08
-0.0235998 -2.05103e-08
-0.0235099 -2.05673e-08
-0.02342 -2.05952e-08
-0.0233301 -2.06446e-08
-0.0232402 -2.06636e-08
-0.0231503 -2.06687e-08
-0.0230604 -2.06676e-08
-0.0229705 -2.06764e-08
-0.0228806 -2.06903e-08
-0.0227907 -2.07139e-08
-0.0227008 -2.07357e-08
-0.0226109 -2.07375e-08
-0.022521 -2.07427e-08
-0.0224311 -2.07388e-08
-0.0223411 -2.0737e-08
-0.0222512 -2.07427e-08
-0.0221613 -2.0716e-08
-0.0220714 -2.06929e-08
-0.0219815 -2.06483e-08
-0.0218916 -2.06256e-08
-0.0218017 -2.0591e-08
-0.0217118 -2.05874e-08
-0.0216219 -2.05671e-08
-0.021532 -2.0503e-08
-0.0214421 -2.0429e-08
-0.0213522 -2.03645e-08
-0.0212623 -2.03206e-08
-0.0211724 -2.02619e-08
-0.0210825 -2.01945e-08
-0.0209926 -2.01225e-08
-0.0209027 -2.00546e-08
-0.0208128 -1.99877e-08
-0.0207229 -1.99052e-08
-0.020633 -1.98594e-08
-0.0205431 -1.97867e-08
-0.0204532 -1.96817e-08
-0.0203633 -1.95766e-08
-0.0202734 -1.94924e-08
-0.0201835 -1.93933e-08
-0.0200935 -1.92832e-08
-0.0200036 -1.91608e-08
-0.0199137 -1.90357e-08
-0.0198238 -1.89264e-08
-0.0197339 -1.88161e-08
-0.019644 -1.87137e-08
-0.0195541 -1.86127e-08
-0.0194642 -1.84923e-08
-0.0193743 -1.83762e-08
-0.0192844 -1.82725e-08
-0.0191945 -1.8176e-08
-0.0191046 -1.80586e-08
-0.0190147 -1.79382e-08
-0.0189248 -1.78094e-08
-0.0188349 -1.76808e-08
-0.018745 -1.75809e-08
-0.0186551 -1.7506e-08
-0.0185652 -1.74379e-08
-0.0184753 -1.73591e-08
-0.0183854 -1.72849e-08
-0.0182955 -1.72246e-08
-0.0182056 -1.71702e-08
-0.0181157 -1.7121e-08
-0.0180258 -1.70646e-08
-0.0179358 -1.70006e-08
-0.0178459 -1.69191e-08
-0.017756 -1.68358e-08
-0.0176661 -1.67794e-08
-0.0175762 -1.67618e-08
-0.0174863 -1.67443e-08
-0.0173964 -1.67288e-08
-0.0173065 -1.67265e-08
-0.0172166 -1.67258e-08
-0.0171267 -1.67353e-08
-0.0170368 -1.67649e-08
-0.0169469 -1.67863e-08
-0.016857 -1.6793e-08
-0.0167671 -1.67743e-08
-0.0166772 -1.67593e-08
-0.0165873 -1.67693e-08
-0.0164974 -1.67864e-08
-0.0164075 -1.67996e-08
-0.0163176 -1.68184e-08
-0.0162277 -1.68534e-08
-0.0161378 -1.68825e-08
-0.0160479 -1.69256e-08
-0.015958 -1.6964e-08
-0.0158681 -1.69753e-08
-0.0157781 -1.69629e-08
-0.0156882 -1.69221e-08
-0.0155983 -1.68804e-08
-0.0155084 -1.68421e-08
-0.0154185 -1.67961e-08
-0.0153286 -1.67388e-08
-0.0152387 -1.66899e-08
-0.0151488 -1.66364e-08
-0.0150589 -1.6581e-08
-0.014969 -1.65152e-08
-0.0148791 -1.64266e-08
-0.0147892 -1.62823e-08
-0.0146993 -1.6097e-08
-0.0146094 -1.58955e-08
-0.0145195 -1.56712e-08
-0.0144296 -1.54563e-08
-0.0143397 -1.52152e-08
-0.0142498 -1.49689e-08
-0.0141599 -1.47068e-08
-0.01407 -1.44447e-08
-0.0139801 -1.41882e-08
-0.0138902 -1.39168e-08
-0.0138003 -1.36285e-08
-0.0137104 -1.32734e-08
-0.0136204 -1.29316e-08
-0.0135305 -1.2588e-08
-0.0134406 -1.2244e-08
-0.0133507 -1.18885e-08
-0.0132608 -1.15208e-08
-0.0131709 -1.11645e-08
-0.013081 -1.07908e-08
-0.0129911 -1.047e-08
-0.0129012 -1.01612e-08
-0.0128113 -9.85145e-09
-0.0127214 -9.53472e-09
-0.0126315 -9.18292e-09
-0.0125416 -8.86786e-09
-0.0124517 -8.56441e-09
-0.0123618 -8.2804e-09
-0.0122719 -7.98568e-09
-0.012182 -7.68249e-09
-0.0120921 -7.39237e-09
-0.0120022 -7.12359e-09
-0.0119123 -6.91283e-09
-0.0118224 -6.7165e-09
-0.0117325 -6.52268e-09
-0.0116426 -6.32006e-09
-0.0115527 -6.12603e-09
-0.0114627 -5.93872e-09
-0.0113728 -5.76438e-09
-0.0112829 -5.6131e-09
-0.011193 -5.45003e-09
-0.0111031 -5.27785e-09
-0.0110132 -5.13969e-09
-0.0109233 -5.0287e-09
-0.0108334 -4.94981e-09
-0.0107435 -4.87649e-09
-0.0106536 -4.79957e-09
-0.0105637 -4.73008e-09
-0.0104738 -4.68629e-09
-0.0103839 -4.61646e-09
-0.010294 -4.57068e-09
-0.0102041 -4.53638e-09
-0.0101142 -4.46615e-09
-0.0100243 -4.40239e-09
-0.00993438 -4.36853e-09
-0.00984447 -4.35855e-09
-0.00975457 -4.36156e-09
-0.00966466 -4.36136e-09
-0.00957476 -4.37548e-09
-0.00948486 -4.38849e-09
-0.00939495 -4.40719e-09
-0.00930505 -4.41274e-09
-0.00921514 -4.44393e-09
-0.00912524 -4.45472e-09
-0.00903534 -4.41768e-09
-0.00894543 -4.39732e-09
-0.00885553 -4.39512e-09
-0.00876562 -4.39882e-09
-0.00867572 -4.40105e-09
-0.00858582 -4.41709e-09
-0.00849591 -4.44484e-09
-0.00840601 -4.43847e-09
-0.0083161 -4.44916e-09
-0.0082262 -4.45916e-09
-0.00813629 -4.46484e-09
-0.00804639 -4.43674e-09
-0.00795649 -4.37657e-09
-0.00786658 -4.35097e-09
-0.00777668 -4.30115e-09
-0.00768677 -4.24829e-09
-0.00759687 -4.18128e-09
-0.00750697 -4.12438e-09
-0.00741706 -4.03698e-09
-0.00732716 -3.92381e-09
-0.00723725 -3.84924e-09
-0.00714735 -3.76206e-09
-0.00705744 -3.67967e-09
-0.00696754 -3.55861e-09
-0.00687764 -3.43601e-09
-0.00678773 -3.32306e-09
-0.00669783 -3.16933e-09
-0.00660792 -3.02484e-09
-0.00651802 -2.86101e-09
-0.00642812 -2.68913e-09
-0.00633821 -2.47573e-09
-0.00624831 -2.27866e-09
-0.0061584 -2.10323e-09
-0.0060685 -1.92476e-09
-0.00597859 -1.76075e-09
-0.00588869 -1.57286e-09
-0.00579879 -1.39372e-09
-0.00570888 -1.22155e-09
-0.00561898 -1.04103e-09
-0.00552907 -8.79776e-10
-0.00543917 -7.16067e-10
-0.00534927 -5.47352e-10
-0.00525936 -3.71238e-10
-0.00516946 -2.15424e-10
-0.00507955 -5.2596e-11
-0.00498965 1.01691e-10
-0.00489975 2.43695e-10
-0.00480984 3.94924e-10
-0.00471994 5.24982e-10
-0.00463003 6.25598e-10
-0.00454013 7.04934e-10
-0.00445022 7.60445e-10
-0.00436032 8.06207e-10
-0.00427042 8.5468e-10
-0.00418051 8.89384e-10
-0.00409061 9.20192e-10
-0.0040007 9.71354e-10
-0.0039108 9.9155e-10
-0.0038209 1.01274e-09
-0.00373099 1.03053e-09
-0.00364109 1.02735e-09
-0.00355118 9.94056e-10
-0.00346128 9.25602e-10
-0.00337137 8.37644e-10
-0.00328147 7.3381e-10
-0.00319157 6.46629e-10
-0.00310166 5.38332e-10
-0.00301176 4.45923e-10
-0.00292185 3.66377e-10
-0.00283195 2.64715e-10
-0.00274205 1.82845e-10
-0.00265214 9.05015e-11
-0.00256224 9.47303e-12
-0.00247233 -9.0322e-11
-0.00238243 -2.04414e-10
-0.00229252 -3.32603e-10
-0.00220262 -4.5715e-10
-0.00211272 -5.56584e-10
-0.00202281 -6.7022e-10
-0.00193291 -7.56784e-10
-0.001843 -8.47515e-10
-0.0017531 -9.16867e-10
-0.0016632 -9.5816e-10
-0.00157329 -9.85609e-10
-0.00148339 -9.8264e-10
-0.00139348 -9.86709e-10
-0.00130358 -9.88717e-10
-0.00121368 -1.00304e-09
-0.00112377 -1.00429e-09
-0.00103387 -9.96274e-10
-0.000943963 -9.80785e-10
-0.000854059 -9.56894e-10
-0.000764154 -9.42755e-10
-0.00067425 -8.9243e-10
-0.000584346 -8.11864e-10
-0.000494442 -6.98093e-10
-0.000404538 -5.65003e-10
-0.000314634 -4.38318e-10
-0.00022473 -3.20998e-10
-0.000134825 -2.16855e-10
-4.49212e-05 -1.14337e-10
4.49829e-05 0
0.000134887 1.23571e-10
0.000224791 2.4023e-10
0.000314695 3.51647e-10
0.0004046 4.87661e-10
0.000494504 6.46002e-10
0.000584408 8.27582e-10
0.000674312 1.01727e-09
0.000764216 1.20115e-09
0.00085412 1.37254e-09
0.000944024 1.52804e-09
0.00103393 1.6968e-09
0.00112383 1.86916e-09
0.00121374 2.03325e-09
0.00130364 2.18648e-09
0.00139355 2.33854e-09
0.00148345 2.50054e-09
0.00157335 2.65548e-09
0.00166326 2.81868e-09
0.00175316 2.9804e-09
0.00184307 3.14403e-09
0.00193297 3.29047e-09
0.00202287 3.4514e-09
0.00211278 3.62867e-09
0.00220268 3.78445e-09
0.00229259 3.91615e-09
0.00238249 4.02291e-09
0.00247239 4.14206e-09
0.0025623 4.26335e-09
0.0026522 4.37888e-09
0.00274211 4.48725e-09
0.00283201 4.58859e-09
0.00292192 4.66721e-09
0.00301182 4.74195e-09
0.00310172 4.84305e-09
0.00319163 4.93601e-09
0.00328153 5.01504e-09
0.00337144 5.05499e-09
0.00346134 5.08531e-09
0.00355124 5.13516e-09
0.00364115 5.20082e-09
0.00373105 5.26584e-09
0.00382096 5.31031e-09
0.00391086 5.32545e-09
0.00400077 5.31819e-09
0.00409067 5.32888e-09
0.00418057 5.33054e-09
0.00427048 5.33021e-09
0.00436038 5.32754e-09
0.00445029 5.31071e-09
0.00454019 5.30646e-09
0.00463009 5.32255e-09
0.00472 5.35377e-09
0.0048099 5.37563e-09
0.00489981 5.36656e-09
0.00498971 5.32512e-09
0.00507962 5.30572e-09
0.00516952 5.29237e-09
0.00525942 5.25012e-09
0.00534933 5.21219e-09
0.00543923 5.17122e-09
0.00552914 5.14604e-09
0.00561904 5.13351e-09
0.00570894 5.13594e-09
0.00579885 5.14101e-09
0.00588875 5.13375e-09
0.00597866 5.10793e-09
0.00606856 5.07031e-09
0.00615846 5.07047e-09
0.00624837 5.06386e-09
0.00633827 5.03555e-09
0.00642818 5.01e-09
0.00651808 4.9806e-09
0.00660799 4.97305e-09
0.00669789 4.97056e-09
0.00678779 4.98173e-09
0.0068777 4.98748e-09
0.0069676 4.9995e-09
0.00705751 5.00703e-09
0.00714741 5.01536e-09
0.00723731 5.03976e-09
0.00732722 5.05882e-09
0.00741712 5.08129e-09
0.00750703 5.11634e-09
0.00759693 5.15084e-09
0.00768684 5.20315e-09
0.00777674 5.26438e-09
0.00786664 5.34977e-09
0.00795655 5.42076e-09
0.00804645 5.5058e-09
0.00813636 5.59242e-09
0.00822626 5.68945e-09
0.00831616 5.78332e-09
0.00840607 5.88052e-09
0.00849597 6.00285e-09
0.00858588 6.12927e-09
0.00867578 6.25051e-09
0.00876569 6.3777e-09
0.00885559 6.51421e-09
0.00894549 6.67548e-09
0.0090354 6.81436e-09
0.0091253 6.98399e-09
0.00921521 7.15076e-09
0.00930511 7.33462e-09
0.00939501 7.49935e-09
0.00948492 7.66961e-09
0.00957482 7.87118e-09
0.00966473 8.04526e-09
0.00975463 8.20067e-09
0.00984453 8.34318e-09
0.00993444 8.47179e-09
0.0100243 8.6072e-09
0.0101142 8.73471e-09
0.0102042 8.8882e-09
0.0102941 9.01793e-09
0.010384 9.16891e-09
0.0104739 9.29584e-09
0.0105638 9.43864e-09
0.0106537 9.59421e-09
0.0107436 9.69225e-09
0.0108335 9.75979e-09
0.0109234 9.8062e-09
0.0110133 9.81686e-09
0.0111032 9.82475e-09
0.0111931 9.83159e-09
0.011283 9.82851e-09
0.0113729 9.8005e-09
0.0114628 9.79468e-09
0.0115527 9.78407e-09
0.0116426 9.79732e-09
0.0117325 9.79972e-09
0.0118224 9.74345e-09
0.0119123 9.6461e-09
0.0120022 9.53338e-09
0.0120921 9.38424e-09
0.012182 9.26059e-09
0.0122719 9.13884e-09
0.0123619 8.96828e-09
0.0124518 8.775e-09
0.0125417 8.60616e-09
0.0126316 8.4581e-09
0.0127215 8.33642e-09
0.0128114 8.23178e-09
0.0129013 8.1008e-09
0.0129912 7.94115e-09
0.0130811 7.77036e-09
0.013171 7.62354e-09
0.0132609 7.52318e-09
0.0133508 7.39883e-09
0.0134407 7.21412e-09
0.0135306 7.01748e-09
0.0136205 6.84906e-09
0.0137104 6.70931e-09
0.0138003 6.58121e-09
0.0138902 6.48525e-09
0.0139801 6.40385e-09
0.01407 6.29894e-09
0.0141599 6.19264e-09
0.0142498 6.1577e-09
0.0143397 6.1272e-09
0.0144296 6.05492e-09
0.0145196 5.95222e-09
0.0146095 5.85425e-09
0.0146994 5.77776e-09
0.0147893 5.72337e-09
0.0148792 5.66813e-09
0.0149691 5.64554e-09
0.015059 5.63616e-09
0.0151489 5.62836e-09
0.0152388 5.67111e-09
0.0153287 5.77827e-09
0.0154186 5.85831e-09
0.0155085 5.94923e-09
0.0155984 6.0116e-09
0.0156883 6.04541e-09
0.0157782 6.09923e-09
0.0158681 6.14527e-09
0.015958 6.20957e-09
0.0160479 6.27651e-09
0.0161378 6.36492e-09
0.0162277 6.52436e-09
0.0163176 6.76655e-09
0.0164075 7.04207e-09
0.0164974 7.34107e-09
0.0165873 7.66964e-09
0.0166773 7.92829e-09
0.0167672 8.15755e-09
0.0168571 8.3878e-09
0.016947 8.61106e-09
0.0170369 8.82927e-09
0.0171268 9.02825e-09
0.0172167 9.2656e-09
0.0173066 9.57241e-09
0.0173965 9.92984e-09
0.0174864 1.03035e-08
0.0175763 1.07133e-08
0.0176662 1.11117e-08
0.0177561 1.14857e-08
0.017846 1.18308e-08
0.0179359 1.21684e-08
0.0180258 1.24785e-08
0.0181157 1.27494e-08
0.0182056 1.30208e-08
0.0182955 1.3311e-08
0.0183854 1.36257e-08
0.0184753 1.39775e-08
0.0185652 1.43307e-08
0.0186551 1.46942e-08
0.018745 1.50591e-08
0.0188349 1.54207e-08
0.0189249 1.57491e-08
0.0190148 1.60539e-08
0.0191047 1.62968e-08
0.0191946 1.65041e-08
0.0192845 1.67059e-08
0.0193744 1.68994e-08
0.0194643 1.71142e-08
0.0195542 1.73613e-08
0.0196441 1.76054e-08
0.019734 1.78515e-08
0.0198239 1.80875e-08
0.0199138 1.83246e-08
0.0200037 1.85302e-08
0.0200936 1.87063e-08
0.0201835 1.88382e-08
0.0202734 1.89378e-08
0.0203633 1.90162e-08
0.0204532 1.91008e-08
0.0205431 1.92041e-08
0.020633 1.93171e-08
0.0207229 1.94273e-08
0.0208128 1.95057e-08
0.0209027 1.95885e-08
0.0209926 1.96727e-08
0.0210826 1.97348e-08
0.0211725 1.97876e-08
0.0212624 1.98216e-08
0.0213523 1.98434e-08
0.0214422 1.98712e-08
0.0215321 1.99054e-08
0.021622 1.99477e-08
0.0217119 1.9998e-08
0.0218018 2.0025e-08
0.0218917 2.00528e-08
0.0219816 2.01256e-08
0.0220715 2.02011e-08
0.0221614 2.02766e-08
0.0222513 2.03458e-08
0.0223412 2.04208e-08
0.0224311 2.05003e-08
0.022521 2.05874e-08
0.0226109 2.06778e-08
0.0227008 2.07792e-08
0.0227907 2.08716e-08
0.0228806 2.09628e-08
0.0229705 2.10766e-08
0.0230604 2.12291e-08
0.0231503 2.14011e-08
0.0232403 2.15605e-08
0.0233302 2.17025e-08
0.0234201 2.18471e-08
0.02351 2.19611e-08
0.0235999 2.2083e-08
0.0236898 2.22173e-08
0.0237797 2.23402e-08
0.0238696 2.24594e-08
0.0239595 2.25877e-08
0.0240494 2.27225e-08
0.0241393 2.28846e-08
0.0242292 2.30486e-08
0.0243191 2.3185e-08
0.024409 2.33011e-08
0.0244989 2.3404e-08
0.0245888 2.34836e-08
0.0246787 2.35983e-08
0.0247686 2.37007e-08
0.0248585 2.37705e-08
0.0249484 2.38325e-08
0.0250383 2.38949e-08
0.0251282 2.39542e-08
0.0252181 2.40157e-08
0.025308 2.40678e-08
0.025398 2.41036e-08
0.0254879 2.41234e-08
0.0255778 2.41342e-08
0.0256677 2.41471e-08
0.0257576 2.41866e-08
0.0258475 2.4198e-08
0.0259374 2.41729e-08
0.0260273 2.41495e-08
0.0261172 2.41339e-08
0.0262071 2.41162e-08
0.026297 2.41212e-08
0.0263869 2.41258e-08
0.0264768 2.41107e-08
0.0265667 2.40752e-08
0.0266566 2.40169e-08
0.0267465 2.39571e-08
0.0268364 2.39179e-08
0.0269263 2.3866e-08
0.0270162 2.379e-08
0.0271061 2.37349e-08
0.027196 2.3686e-08
0.0272859 2.36633e-08
0.0273758 2.36611e-08
0.0274657 2.36363e-08
0.0275557 2.35855e-08
0.0276456 2.35313e-08
0.0277355 2.34741e-08
0.0278254 2.34317e-08
0.0279153 2.3413e-08
0.0280052 2.3388e-08
0.0280951 2.33524e-08
0.028185 2.33296e-08
0.0282749 2.32859e-08
0.0283648 2.32615e-08
0.0284547 2.32287e-08
0.0285446 2.31837e-08
0.0286345 2.31349e-08
0.0287244 2.31239e-08
0.0288143 2.31418e-08
0.0289042 2.31432e-08
0.0289941 2.31562e-08
0.029084 2.31621e-08
0.0291739 2.31807e-08
0.0292638 2.32009e-08
0.0293537 2.32208e-08
0.0294436 2.32688e-08
0.0295335 2.33162e-08
0.0296234 2.33744e-08
0.0297134 2.34206e-08
0.0298033 2.35033e-08
0.0298932 2.35881e-08
0.0299831 2.36565e-08
0.030073 2.37268e-08
0.0301629 2.37853e-08
0.0302528 2.38611e-08
0.0303427 2.3958e-08
0.0304326 2.41051e-08
0.0305225 2.42661e-08
0.0306124 2.44339e-08
0.0307023 2.45969e-08
0.0307922 2.47629e-08
0.0308821 2.49459e-08
0.030972 2.51435e-08
0.0310619 2.5346e-08
0.0311518 2.55503e-08
0.0312417 2.57545e-08
0.0313316 2.59511e-08
0.0314215 2.61638e-08
0.0315114 2.63959e-08
0.0316013 2.66196e-08
0.0316912 2.68588e-08
0.0317811 2.71153e-08
0.0318711 2.73903e-08
0.031961 2.76672e-08
0.0320509 2.79493e-08
0.0321408 2.82255e-08
0.0322307 2.85076e-08
0.0323206 2.87834e-08
0.0324105 2.90528e-08
0.0325004 2.9328e-08
0.0325903 2.9602e-08
0.0326802 2.98702e-08
0.0327701 3.01543e-08
0.03286 3.0455e-08
0.0329499 3.07577e-08
0.0330398 3.10366e-08
0.0331297 3.12897e-08
0.0332196 3.15199e-08
0.0333095 3.17145e-08
0.0333994 3.18775e-08
0.0334893 3.20365e-08
0.0335792 3.2211e-08
0.0336691 3.23972e-08
0.033759 3.25731e-08
0.0338489 3.27731e-08
0.0339388 3.29525e-08
0.0340288 3.31051e-08
0.0341187 3.32719e-08
0.0342086 3.34392e-08
0.0342985 3.35781e-08
0.0343884 3.36712e-08
0.0344783 3.37003e-08
0.0345682 3.36901e-08
0.0346581 3.3678e-08
0.034748 3.36616e-08
0.0348379 3.3664e-08
0.0349278 3.36695e-08
0.0350177 3.36042e-08
0.0351076 3.35413e-08
0.0351975 3.34781e-08
0.0352874 3.34169e-08
0.0353773 3.33679e-08
0.0354672 3.33103e-08
0.0355571 3.31982e-08
0.035647 3.30371e-08
0.0357369 3.28763e-08
0.0358268 3.27422e-08
0.0359167 3.26069e-08
0.0360066 3.23948e-08
0.0360965 3.22071e-08
0.0361865 3.20709e-08
0.0362764 3.18871e-08
0.0363663 3.17101e-08
0.0364562 3.15115e-08
0.0365461 3.1297e-08
0.036636 3.10586e-08
0.0367259 3.08198e-08
0.0368158 3.06632e-08
0.0369057 3.0479e-08
0.0369956 3.02643e-08
0.0370855 3.00417e-08
0.0371754 2.98815e-08
0.0372653 2.98233e-08
0.0373552 2.97895e-08
0.0374451 2.97527e-08
0.037535 2.97088e-08
0.0376249 2.96802e-08
0.0377148 2.96626e-08
0.0378047 2.96591e-08
0.0378946 2.96859e-08
0.0379845 2.97074e-08
0.0380744 2.97701e-08
0.0381643 2.98161e-08
0.0382542 2.98598e-08
0.0383441 2.9948e-08
0.0384341 3.00482e-08
0.038524 3.01129e-08
0.0386139 3.01801e-08
0.0387038 3.02869e-08
0.0387937 3.04519e-08
0.0388836 3.06506e-08
0.0389735 3.08441e-08
0.0390634 3.10395e-08
0.0391533 3.12595e-08
0.0392432 3.1465e-08
0.0393331 3.16632e-08
0.039423 3.18489e-08
0.0395129 3.20085e-08
0.0396028 3.21222e-08
0.0396927 3.22183e-08
0.0397826 3.23332e-08
0.0398725 3.24888e-08
0.0399624 3.2698e-08
0.0400523 3.28693e-08
0.0401422 3.3009e-08
0.0402321 3.31774e-08
0.040322 3.33362e-08
0.0404119 3.34995e-08
0.0405018 3.36385e-08
0.0405918 3.37294e-08
0.0406817 3.37967e-08
0.0407716 3.38075e-08
0.0408615 3.37669e-08
0.0409514 3.36638e-08
0.0410413 3.35759e-08
0.0411312 3.34559e-08
0.0412211 3.3273e-08
0.041311 3.31272e-08
0.0414009 3.3004e-08
0.0414908 3.28029e-08
0.0415807 3.25356e-08
0.0416706 3.22733e-08
0.0417605 3.19025e-08
0.0418504 3.14353e-08
0.0419403 3.08741e-08
0.0420302 3.03849e-08
0.0421201 2.9896e-08
0.04221 2.94156e-08
0.0422999 2.89397e-08
0.0423898 2.85003e-08
0.0424797 2.81487e-08
0.0425696 2.77765e-08
0.0426595 2.7497e-08
0.0427495 2.72471e-08
0.0428394 2.7035e-08
0.0429293 2.68827e-08
0.0430192 2.67297e-08
0.0431091 2.66316e-08
0.043199 2.65071e-08
0.0432889 2.64374e-08
0.0433788 2.63605e-08
0.0434687 2.6302e-08
0.0435586 2.62807e-08
0.0436485 2.63373e-08
0.0437384 2.64449e-08
0.0438283 2.65918e-08
0.0439182 2.67859e-08
0.0440081 2.70509e-08
0.044098 2.72885e-08
0.0441879 2.74707e-08
0.0442778 2.76838e-08
0.0443677 2.78865e-08
0.0444576 2.80385e-08
0.0445475 2.81853e-08
0.0446374 2.836e-08
0.0447273 2.85554e-08
0.0448172 2.87305e-08
0.0449072 2.89057e-08
0.0449971 2.90607e-08
0.045087 2.92381e-08
0.0451769 2.93915e-08
0.0452668 2.95362e-08
0.0453567 2.96908e-08
0.0454466 2.98177e-08
0.0455365 2.99106e-08
0.0456264 2.99904e-08
0.0457163 3.00908e-08
0.0458062 3.0186e-08
0.0458961 3.02762e-08
0.045986 3.03389e-08
0.0460759 3.0389e-08
0.0461658 3.04177e-08
0.0462557 3.04407e-08
0.0463456 3.05057e-08
0.0464355 3.0553e-08
0.0465254 3.06127e-08
0.0466153 3.06466e-08
0.0467052 3.06526e-08
0.0467951 3.06558e-08
0.046885 3.066e-08
0.0469749 3.06643e-08
0.0470649 3.06469e-08
0.0471548 3.06237e-08
0.0472447 3.06043e-08
0.0473346 3.06614e-08
0.0474245 3.0749e-08
0.0475144 3.08299e-08
0.0476043 3.09278e-08
0.0476942 3.10647e-08
0.0477841 3.12253e-08
0.047874 3.13672e-08
0.0479639 3.15102e-08
0.0480538 3.1659e-08
0.0481437 3.17753e-08
0.0482336 3.19159e-08
0.0483235 3.21081e-08
0.0484134 3.23561e-08
0.0485033 3.26091e-08
0.0485932 3.28107e-08
0.0486831 3.30308e-08
0.048773 3.32764e-08
0.0488629 3.35539e-08
0.0489528 3.38368e-08
0.0490427 3.41232e-08
0.0491326 3.43915e-08
0.0492226 3.4653e-08
0.0493125 3.49498e-08
0.0494024 3.52145e-08
0.0494923 3.55101e-08
0.0495822 3.58101e-08
0.0496721 3.6085e-08
0.049762 3.63408e-08
0.0498519 3.65904e-08
0.0499418 3.68529e-08
0.0500317 3.70967e-08
0.0501216 3.73111e-08
0.0502115 3.74859e-08
0.0503014 3.7659e-08
0.0503913 3.78132e-08
0.0504812 3.79111e-08
0.0505711 3.79893e-08
0.050661 3.80759e-08
0.0507509 3.81725e-08
0.0508408 3.82492e-08
0.0509307 3.83094e-08
0.0510206 3.83244e-08
0.0511105 3.82905e-08
0.0512004 3.82274e-08
0.0512903 3.81305e-08
0.0513803 3.80316e-08
0.0514702 3.79253e-08
0.0515601 3.77839e-08
0.05165 3.76251e-08
0.0517399 3.74713e-08
0.0518298 3.7318e-08
0.0519197 3.71327e-08
0.0520096 3.6948e-08
0.0520995 3.67247e-08
0.0521894 3.65199e-08
0.0522793 3.63306e-08
0.0523692 3.6181e-08
0.0524591 3.60295e-08
0.052549 3.59026e-08
0.0526389 3.57509e-08
0.0527288 3.56134e-08
0.0528187 3.54528e-08
0.0529086 3.52887e-08
0.0529985 3.51758e-08
0.0530884 3.51104e-08
0.0531783 3.50814e-08
0.0532682 3.50724e-08
0.0533581 3.50735e-08
0.053448 3.5075e-08
0.053538 3.50712e-08
0.0536279 3.50678e-08
0.0537178 3.50701e-08
0.0538077 3.50789e-08
0.0538976 3.50628e-08
0.0539875 3.50726e-08
0.0540774 3.50849e-08
0.0541673 3.51614e-08
0.0542572 3.52586e-08
0.0543471 3.53904e-08
0.054437 3.54989e-08
0.0545269 3.5691e-08
0.0546168 3.58674e-08
0.0547067 3.60481e-08
0.0547966 3.62517e-08
0.0548865 3.6444e-08
0.0549764 3.66242e-08
0.0550663 3.67704e-08
0.0551562 3.68597e-08
0.0552461 3.69562e-08
0.055336 3.7104e-08
0.0554259 3.72947e-08
0.0555158 3.74779e-08
0.0556057 3.76464e-08
0.0556956 3.7833e-08
0.0557856 3.80325e-08
0.0558755 3.81588e-08
0.0559654 3.82582e-08
0.0560553 3.83393e-08
0.0561452 3.84098e-08
0.0562351 3.8434e-08
0.056325 3.84744e-08
0.0564149 3.85051e-08
0.0565048 3.85442e-08
0.0565947 3.85552e-08
0.0566846 3.85563e-08
0.0567745 3.85882e-08
0.0568644 3.86245e-08
0.0569543 3.86487e-08
0.0570442 3.86374e-08
0.0571341 3.86101e-08
0.057224 3.85816e-08
0.0573139 3.85166e-08
0.0574038 3.84666e-08
0.0574937 3.84047e-08
0.0575836 3.83027e-08
0.0576735 3.81539e-08
0.0577634 3.79497e-08
0.0578533 3.77809e-08
0.0579433 3.76784e-08
0.0580332 3.7662e-08
0.0581231 3.75717e-08
0.058213 3.74579e-08
0.0583029 3.73071e-08
0.0583928 3.72458e-08
0.0584827 3.71898e-08
0.0585726 3.70421e-08
0.0586625 3.69203e-08
0.0587524 3.68523e-08
0.0588423 3.67557e-08
0.0589322 3.66149e-08
0.0590221 3.64908e-08
0.059112 3.64056e-08
0.0592019 3.63481e-08
0.0592918 3.63346e-08
0.0593817 3.63694e-08
0.0594716 3.64028e-08
0.0595615 3.63571e-08
0.0596514 3.64279e-08
0.0597413 3.65412e-08
0.0598312 3.66999e-08
0.0599211 3.68664e-08
0.060011 3.69789e-08
0.060101 3.7072e-08
0.0601909 3.71465e-08
0.0602808 3.71876e-08
0.0603707 3.71478e-08
0.0604606 3.71417e-08
0.0605505 3.71862e-08
0.0606404 3.72272e-08
0.0607303 3.73144e-08
0.0608202 3.72528e-08
0.0609101 3.71658e-08
0.061 3.72044e-08
0.0610899 3.71419e-08
0.0611798 3.71161e-08
0.0612697 3.71169e-08
0.0613596 3.72091e-08
0.0614495 3.7371e-08
0.0615394 3.7591e-08
0.0616293 3.77423e-08
0.0617192 3.79554e-08
0.0618091 3.81496e-08
0.061899 3.8309e-08
0.0619889 3.83806e-08
0.0620788 3.84503e-08
0.0621687 3.84442e-08
0.0622587 3.84119e-08
0.0623486 3.83976e-08
0.0624385 3.84292e-08
0.0625284 3.83442e-08
0.0626183 3.81643e-08
0.0627082 3.79105e-08
0.0627981 3.75755e-08
0.062888 3.7197e-08
0.0629779 3.68806e-08
0.0630678 3.65468e-08
0.0631577 3.62125e-08
0.0632476 3.58776e-08
0.0633375 3.54506e-08
0.0634274 3.49496e-08
0.0635173 3.43945e-08
0.0636072 3.37506e-08
0.0636971 3.3163e-08
0.063787 3.25858e-08
0.0638769 3.20306e-08
0.0639668 3.15382e-08
0.0640567 3.09462e-08
0.0641466 3.02286e-08
0.0642365 2.94597e-08
0.0643264 2.87329e-08
0.0644164 2.80373e-08
0.0645063 2.73209e-08
0.0645962 2.6694e-08
0.0646861 2.60242e-08
0.064776 2.54348e-08
0.0648659 2.49194e-08
0.0649558 2.44265e-08
0.0650457 2.39202e-08
0.0651356 2.35502e-08
0.0652255 2.33383e-08
0.0653154 2.3268e-08
0.0654053 2.33529e-08
0.0654952 2.35865e-08
0.0655851 2.38806e-08
0.065675 2.41962e-08
0.0657649 2.45152e-08
0.0658548 2.48048e-08
0.0659447 2.51459e-08
0.0660346 2.53793e-08
0.0661245 2.56439e-08
0.0662144 2.59031e-08
0.0663043 2.61769e-08
0.0663942 2.644e-08
0.0664841 2.66831e-08
0.0665741 2.69279e-08
0.066664 2.71762e-08
0.0667539 2.73745e-08
0.0668438 2.76071e-08
0.0669337 2.78335e-08
0.0670236 2.80118e-08
0.0671135 2.82259e-08
0.0672034 2.85169e-08
0.0672933 2.88447e-08
0.0673832 2.92207e-08
0.0674731 2.95929e-08
0.067563 2.99976e-08
0.0676529 3.03139e-08
0.0677428 3.05969e-08
0.0678327 3.092e-08
0.0679226 3.12283e-08
0.0680125 3.14735e-08
0.0681024 3.17639e-08
0.0681923 3.1978e-08
0.0682822 3.21185e-08
0.0683721 3.22215e-08
0.068462 3.23243e-08
0.0685519 3.24125e-08
0.0686418 3.24927e-08
0.0687318 3.24982e-08
0.0688217 3.25e-08
0.0689116 3.25575e-08
0.0690015 3.26249e-08
0.0690914 3.27185e-08
0.0691813 3.28541e-08
0.0692712 3.29625e-08
0.0693611 3.29625e-08
0.069451 3.2901e-08
0.0695409 3.28467e-08
0.0696308 3.27721e-08
0.0697207 3.27279e-08
0.0698106 3.27663e-08
0.0699005 3.28369e-08
0.0699904 3.28809e-08
0.0700803 3.29326e-08
0.0701702 3.29146e-08
0.0702601 3.29055e-08
0.07035 3.29248e-08
0.0704399 3.29862e-08
0.0705298 3.30026e-08
0.0706197 3.29388e-08
0.0707096 3.28525e-08
0.0707995 3.27942e-08
0.0708895 3.26772e-08
0.0709794 3.25215e-08
0.0710693 3.24352e-08
0.0711592 3.24241e-08
0.0712491 3.23333e-08
0.071339 3.22538e-08
0.0714289 3.22066e-08
0.0715188 3.20959e-08
0.0716087 3.1891e-08
0.0716986 3.16297e-08
0.0717885 3.11996e-08
0.0718784 3.06148e-08
0.0719683 2.98933e-08
0.0720582 2.90737e-08
0.0721481 2.82741e-08
0.072238 2.76516e-08
0.0723279 2.71551e-08
0.0724178 2.64741e-08
0.0725077 2.57359e-08
0.0725976 2.49774e-08
0.0726875 2.42689e-08
0.0727774 2.35762e-08
0.0728673 2.30525e-08
0.0729572 2.27646e-08
0.0730472 2.24551e-08
0.0731371 2.21472e-08
0.073227 2.17976e-08
0.0733169 2.14294e-08
0.0734068 2.12495e-08
0.0734967 2.11558e-08
0.0735866 2.11318e-08
0.0736765 2.12304e-08
0.0737664 2.14338e-08
0.0738563 2.17479e-08
0.0739462 2.21052e-08
0.0740361 2.24159e-08
0.074126 2.27707e-08
0.0742159 2.30544e-08
0.0743058 2.33415e-08
0.0743957 2.3649e-08
0.0744856 2.39618e-08
0.0745755 2.43464e-08
0.0746654 2.48312e-08
0.0747553 2.52752e-08
0.0748452 2.56306e-08
0.0749351 2.59483e-08
0.075025 2.613e-08
0.0751149 2.62651e-08
0.0752048 2.65027e-08
0.0752948 2.66808e-08
0.0753847 2.68717e-08
0.0754746 2.69484e-08
0.0755645 2.70062e-08
0.0756544 2.70636e-08
0.0757443 2.70802e-08
0.0758342 2.70879e-08
0.0759241 2.71189e-08
0.076014 2.71402e-08
0.0761039 2.72317e-08
0.0761938 2.72146e-08
0.0762837 2.71546e-08
0.0763736 2.70992e-08
0.0764635 2.69983e-08
0.0765534 2.68767e-08
0.0766433 2.66978e-08
0.0767332 2.64254e-08
0.0768231 2.61249e-08
0.076913 2.58717e-08
0.0770029 2.5683e-08
0.0770928 2.54325e-08
0.0771827 2.52204e-08
0.0772726 2.49794e-08
0.0773625 2.49011e-08
0.0774525 2.48069e-08
0.0775424 2.47179e-08
0.0776323 2.47574e-08
0.0777222 2.48999e-08
0.0778121 2.50293e-08
0.077902 2.52411e-08
0.0779919 2.54018e-08
0.0780818 2.55359e-08
0.0781717 2.5611e-08
0.0782616 2.57441e-08
0.0783515 2.60189e-08
0.0784414 2.63251e-08
0.0785313 2.66201e-08
0.0786212 2.68126e-08
0.0787111 2.68889e-08
0.078801 2.69469e-08
0.0788909 2.69651e-08
0.0789808 2.70459e-08
0.0790707 2.71475e-08
0.0791606 2.71422e-08
0.0792505 2.72402e-08
0.0793404 2.73373e-08
0.0794303 2.72741e-08
0.0795202 2.71452e-08
0.0796102 2.71384e-08
0.0797001 2.71551e-08
0.07979 2.71049e-08
0.0798799 2.70255e-08
0.0799698 2.69618e-08
0.0800597 2.68931e-08
0.0801496 2.66983e-08
0.0802395 2.65054e-08
0.0803294 2.63867e-08
0.0804193 2.60473e-08
0.0805092 2.54823e-08
0.0805991 2.48224e-08
0.080689 2.4239e-08
0.0807789 2.38358e-08
0.0808688 2.35284e-08
0.0809587 2.32293e-08
0.0810486 2.28701e-08
0.0811385 2.23168e-08
0.0812284 2.18898e-08
0.0813183 2.13354e-08
0.0814082 2.08932e-08
0.0814981 2.07757e-08
0.081588 2.09056e-08
0.0816779 2.10248e-08
0.0817679 2.10196e-08
0.0818578 2.09255e-08
0.0819477 2.08721e-08
0.0820376 2.06565e-08
0.0821275 2.04203e-08
0.0822174 2.03965e-08
0.0823073 2.06138e-08
0.0823972 2.07994e-08
0.0824871 2.09846e-08
0.082577 2.11409e-08
0.0826669 2.12636e-08
0.0827568 2.14202e-08
0.0828467 2.16559e-08
0.0829366 2.18284e-08
0.0830265 2.20775e-08
0.0831164 2.24922e-08
0.0832063 2.30745e-08
0.0832962 2.3577e-08
0.0833861 2.40075e-08
0.083476 2.44986e-08
0.0835659 2.49281e-08
0.0836558 2.52955e-08
0.0837457 2.56876e-08
0.0838356 2.60447e-08
0.0839256 2.63504e-08
0.0840155 2.6836e-08
0.0841054 2.73779e-08
0.0841953 2.80118e-08
0.0842852 2.86718e-08
0.0843751 2.93287e-08
0.084465 2.99657e-08
0.0845549 3.06862e-08
0.0846448 3.14969e-08
0.0847347 3.21722e-08
0.0848246 3.29799e-08
0.0849145 3.37055e-08
0.0850044 3.44758e-08
0.0850943 3.48242e-08
0.0851842 3.47317e-08
0.0852741 3.43686e-08
0.085364 3.37448e-08
0.0854539 3.2857e-08
0.0855438 3.16006e-08
0.0856337 2.93733e-08
0.0857236 2.60974e-08
0.0858135 2.16289e-08
0.0859034 1.55084e-08
0.0859933 9.4271e-09
0.0860833 5.23051e-09
0.0861732 3.89139e-09
0.0862631 3.72722e-09
0.086353 3.8342e-09
0.0864429 4.53565e-09
0.0865328 4.90845e-09
0.0866227 4.87486e-09
0.0867126 5.17967e-09
0.0868025 5.51192e-09
0.0868924 5.93376e-09
0.0869823 6.61797e-09
0.0870722 7.18739e-09
0.0871621 7.74729e-09
0.087252 7.95063e-09
0.0873419 8.47868e-09
0.0874318 8.98335e-09
0.0875217 9.52825e-09
0.0876116 1.00305e-08
0.0877015 1.04958e-08
0.0877914 1.08565e-08
0.0878813 1.13128e-08
0.0879712 1.1757e-08
0.0880611 1.23069e-08
0.088151 1.29044e-08
0.088241 1.36034e-08
0.0883309 1.40457e-08
0.0884208 1.44545e-08
0.0885107 1.48593e-08
0.0886006 1.50477e-08
0.0886905 1.53896e-08
0.0887804 1.56795e-08
0.0888703 1.58702e-08
0.0889602 1.57169e-08
0.0890501 1.52818e-08
0.08914 1.464e-08
0.0892299 1.38851e-08
0.0893198 1.30369e-08
0.0894097 1.24424e-08
0.0894996 1.172e-08
0.0895895 1.10999e-08
0.0896794 1.07516e-08
0.0897693 1.03447e-08
0.0898592 1.00544e-08
0.0899491 1.00374e-08
0.090039 1.02434e-08
0.0901289 1.06153e-08
0.0902188 1.08973e-08
0.0903087 1.1341e-08
0.0903987 1.19234e-08
0.0904886 1.24051e-08
0.0905785 1.28327e-08
0.0906684 1.3327e-08
0.0907583 1.3534e-08
0.0908482 1.37056e-08
0.0909381 1.36423e-08
0.091028 1.35402e-08
0.0911179 1.3548e-08
0.0912078 1.34809e-08
0.0912977 1.3317e-08
0.0913876 1.29574e-08
0.0914775 1.27038e-08
0.0915674 1.25387e-08
0.0916573 1.22637e-08
0.0917472 1.18621e-08
0.0918371 1.16738e-08
0.091927 1.19244e-08
0.0920169 1.21883e-08
0.0921068 1.22721e-08
0.0921967 1.2378e-08
0.0922866 1.25766e-08
0.0923765 1.31036e-08
0.0924664 1.36705e-08
0.0925564 1.38896e-08
0.0926463 1.4221e-08
0.0927362 1.44325e-08
0.0928261 1.46147e-08
0.092916 1.45823e-08
0.0930059 1.45938e-08
0.0930958 1.46537e-08
0.0931857 1.44598e-08
0.0932756 1.4114e-08
0.0933655 1.3651e-08
0.0934554 1.27585e-08
0.0935453 1.18208e-08
0.0936352 1.10819e-08
0.0937251 1.05321e-08
0.093815 1.02953e-08
0.0939049 9.94895e-09
0.0939948 9.64635e-09
0.0940847 9.24014e-09
0.0941746 9.11642e-09
0.0942645 9.08819e-09
0.0943544 9.10557e-09
0.0944443 9.14407e-09
0.0945342 9.37144e-09
0.0946241 9.66557e-09
0.094714 9.87879e-09
0.094804 9.75586e-09
0.0948939 9.60204e-09
0.0949838 9.46834e-09
0.0950737 9.34528e-09
0.0951636 9.09729e-09
0.0952535 8.89638e-09
0.0953434 8.98254e-09
0.0954333 9.22888e-09
0.0955232 9.56901e-09
0.0956131 9.92918e-09
0.095703 1.03068e-08
0.0957929 1.07627e-08
0.0958828 1.11707e-08
0.0959727 1.15903e-08
0.0960626 1.19769e-08
0.0961525 1.25222e-08
0.0962424 1.34889e-08
0.0963323 1.44752e-08
0.0964222 1.53067e-08
0.0965121 1.57418e-08
0.096602 1.6046e-08
0.0966919 1.63101e-08
0.0967818 1.63682e-08
0.0968717 1.64639e-08
0.0969617 1.68021e-08
0.0970516 1.68072e-08
0.0971415 1.68712e-08
0.0972314 1.67249e-08
0.0973213 1.63304e-08
0.0974112 1.57395e-08
0.0975011 1.49002e-08
0.097591 1.44799e-08
0.0976809 1.43098e-08
0.0977708 1.41589e-08
0.0978607 1.41809e-08
0.0979506 1.41338e-08
0.0980405 1.38056e-08
0.0981304 1.36213e-08
0.0982203 1.33613e-08
0.0983102 1.31034e-08
0.0984001 1.27261e-08
0.09849 1.23427e-08
0.0985799 1.21145e-08
0.0986698 1.18101e-08
0.0987597 1.1587e-08
0.0988496 1.11584e-08
0.0989395 1.0706e-08
0.0990294 1.00847e-08
0.0991194 9.78444e-09
0.0992093 9.39047e-09
0.0992992 9.40925e-09
0.0993891 9.47397e-09
0.099479 9.81667e-09
0.0995689 1.00524e-08
0.0996588 1.04616e-08
0.0997487 1.03971e-08
0.0998386 1.04988e-08
0.0999285 1.06717e-08
0.100018 1.10118e-08
0.100108 1.12586e-08
0.100198 1.12984e-08
0.100288 1.14773e-08
0.100378 1.17145e-08
0.100468 1.20331e-08
0.100558 1.25636e-08
0.100648 1.3226e-08
0.100738 1.38634e-08
0.100828 1.48986e-08
0.100917 1.5811e-08
0.101007 1.67479e-08
0.101097 1.75868e-08
0.101187 1.87028e-08
0.101277 1.9759e-08
0.101367 2.06143e-08
0.101457 2.12496e-08
0.101547 2.17473e-08
0.101637 2.21918e-08
0.101727 2.26722e-08
0.101816 2.33966e-08
0.101906 2.36379e-08
0.101996 2.3451e-08
0.102086 2.31205e-08
0.102176 2.26564e-08
0.102266 2.25132e-08
0.102356 2.23716e-08
0.102446 2.20234e-08
0.102536 2.16401e-08
0.102626 2.01152e-08
0.102716 1.54332e-08
0.102805 3.42761e-09
0.102895 -6.68022e-09
0.102985 -1.08906e-08
0.103075 -1.25877e-08
0.103165 -1.19164e-08
0.103255 -8.90706e-09
0.103345 -7.54323e-09
0.103435 -7.43177e-09
0.103525 -7.59193e-09
0.103615 -7.48428e-09
0.103704 -6.86857e-09
0.103794 -6.12957e-09
0.103884 -5.2407e-09
0.103974 -4.98601e-09
0.104064 -4.80925e-09
0.104154 -4.6381e-09
0.104244 -4.54822e-09
0.104334 -4.33289e-09
0.104424 -3.31103e-09
0.104514 -2.18899e-09
0.104604 -7.54021e-10
0.104693 6.53092e-10
0.104783 1.86692e-09
0.104873 2.59919e-09
0.104963 3.01501e-09
0.105053 3.4468e-09
0.105143 3.57659e-09
0.105233 3.67187e-09
0.105323 3.8199e-09
0.105413 3.97737e-09
0.105503 4.05942e-09
0.105592 4.22288e-09
0.105682 4.16981e-09
0.105772 3.8386e-09
0.105862 3.4882e-09
0.105952 3.45322e-09
0.106042 3.58926e-09
0.106132 4.43007e-09
0.106222 5.70517e-09
0.106312 6.71491e-09
0.106402 7.82745e-09
0.106491 8.50237e-09
0.106581 8.70494e-09
0.106671 8.71648e-09
0.106761 8.50266e-09
0.106851 8.29139e-09
0.106941 7.93298e-09
0.107031 7.56502e-09
0.107121 6.63155e-09
0.107211 5.00754e-09
0.107301 3.2395e-09
0.107391 1.52109e-09
0.10748 -2.70672e-10
0.10757 -1.08144e-09
0.10766 -1.5209e-09
0.10775 -1.54834e-09
0.10784 -1.53112e-09
0.10793 -1.30567e-09
0.10802 -9.7047e-10
0.10811 -5.60081e-10
0.1082 7.39929e-11
0.10829 6.19542e-10
0.108379 1.47631e-09
0.108469 2.52258e-09
0.108559 3.62586e-09
0.108649 4.29452e-09
0.108739 4.58695e-09
0.108829 4.89323e-09
0.108919 5.25026e-09
0.109009 5.47101e-09
0.109099 5.82562e-09
0.109189 5.95958e-09
0.109279 6.18909e-09
0.109368 6.61617e-09
0.109458 6.64453e-09
0.109548 6.7144e-09
0.109638 7.36188e-09
0.109728 8.68058e-09
0.109818 1.0278e-08
0.109908 1.16286e-08
0.109998 1.33941e-08
0.110088 1.47601e-08
0.110178 1.57438e-08
0.110267 1.70931e-08
0.110357 1.80847e-08
0.110447 1.80713e-08
0.110537 1.76687e-08
0.110627 1.73228e-08
0.110717 1.69389e-08
0.110807 1.67487e-08
0.110897 1.59734e-08
0.110987 1.48923e-08
0.111077 1.35983e-08
0.111167 1.15397e-08
0.111256 8.36592e-09
0.111346 3.07614e-09
0.111436 -9.65269e-10
0.111526 -4.12608e-09
0.111616 -6.22332e-09
0.111706 -6.67067e-09
0.111796 -3.5181e-09
0.111886 -1.4927e-09
0.111976 3.06719e-09
0.112066 6.0154e-09
0.112155 7.79053e-09
0.112245 1.05779e-08
0.112335 1.26585e-08
0.112425 1.36549e-08
0.112515 1.35376e-08
0.112605 1.2737e-08
0.112695 1.18193e-08
0.112785 1.06822e-08
0.112875 1.00478e-08
0.112965 9.67812e-09
0.113054 7.75722e-09
0.113144 6.35685e-09
0.113234 5.55457e-09
0.113324 3.40016e-09
0.113414 4.38687e-10
0.113504 -1.923e-09
0.113594 -3.66629e-09
0.113684 -4.67221e-09
0.113774 -4.73533e-09
0.113864 -4.67514e-09
0.113954 -4.62722e-09
0.114043 -4.58123e-09
0.114133 -3.61793e-09
0.114223 -3.01286e-09
0.114313 -2.74178e-09
0.114403 -1.22509e-09
0.114493 -3.47935e-10
0.114583 9.33345e-11
0.114673 1.13983e-09
0.114763 1.59618e-09
0.114853 1.34879e-09
0.114942 5.67311e-10
0.115032 -2.25354e-10
0.115122 -2.45979e-09
0.115212 -8.35073e-09
0.115302 -1.32209e-08
0.115392 -1.69332e-08
0.115482 -2.13882e-08
0.115572 -2.36902e-08
0.115662 -2.50651e-08
0.115752 -2.68345e-08
0.115842 -2.76469e-08
0.115931 -2.7768e-08
0.116021 -2.71546e-08
0.116111 -2.54943e-08
0.116201 -2.30498e-08
0.116291 -1.95869e-08
0.116381 -1.62009e-08
0.116471 -1.23912e-08
0.116561 -9.12967e-09
0.116651 -7.32181e-09
0.116741 -5.69654e-09
0.11683 -3.91725e-09
0.11692 -2.63667e-09
0.11701 -1.41651e-09
0.1171 7.6063e-11
0.11719 9.91538e-10
0.11728 1.24227e-09
0.11737 1.4818e-09
0.11746 8.77811e-10
0.11755 3.9675e-10
0.11764 7.36369e-10
0.11773 1.41608e-09
0.117819 1.98633e-09
0.117909 2.85728e-09
0.117999 4.65723e-09
0.118089 6.70639e-09
0.118179 7.95019e-09
0.118269 1.00665e-08
0.118359 9.87543e-09
0.118449 9.77534e-09
0.118539 1.08415e-08
0.118629 1.08212e-08
0.118718 1.0135e-08
0.118808 9.88819e-09
0.118898 9.32566e-09
0.118988 7.88746e-09
0.119078 5.5369e-09
0.119168 3.32487e-09
0.119258 8.39407e-10
0.119348 -1.8807e-09
0.119438 -3.43085e-09
0.119528 -5.44345e-09
0.119617 -8.27174e-09
0.119707 -1.10986e-08
0.119797 -1.3664e-08
0.119887 -1.54131e-08
0.119977 -1.58271e-08
0.120067 -1.46991e-08
0.120157 -1.2286e-08
0.120247 -8.81736e-09
0.120337 -4.93426e-09
0.120427 -1.65892e-09
0.120517 4.83135e-10
0.120606 2.06691e-09
0.120696 3.91782e-09
0.120786 5.37776e-09
0.120876 6.42505e-09
0.120966 7.21982e-09
0.121056 7.98501e-09
0.121146 8.31056e-09
0.121236 8.93965e-09
0.121326 8.80949e-09
0.121416 9.0414e-09
0.121505 9.46216e-09
0.121595 9.84148e-09
0.121685 1.03781e-08
0.121775 9.51749e-09
0.121865 9.88616e-09
0.121955 1.07469e-08
0.122045 1.03894e-08
0.122135 9.78387e-09
0.122225 9.70601e-09
0.122315 9.22365e-09
0.122405 9.59927e-09
0.122494 9.44778e-09
0.122584 1.02377e-08
0.122674 1.07495e-08
0.122764 1.10785e-08
0.122854 1.09623e-08
0.122944 9.71658e-09
0.123034 8.22932e-09
0.123124 8.47554e-09
0.123214 8.54739e-09
0.123304 5.82308e-09
0.123393 6.53022e-09
0.123483 9.81727e-09
0.123573 1.05759e-08
0.123663 1.11268e-07
0.123753 1.66265e-07
0.123843 1.58218e-07
0.123933 1.47403e-07
0.124023 1.37877e-07
0.124113 1.34017e-07
0.124203 1.32091e-07
0.124293 1.32384e-07
0.124382 1.31936e-07
0.124472 1.30917e-07
0.124562 1.29502e-07
0.124652 1.28902e-07
0.124742 1.27833e-07
0.124832 1.25812e-07
0.124922 1.23836e-07
0.125012 1.2062e-07
0.125102 1.15548e-07
0.125192 1.09963e-07
0.125281 1.06445e-07
0.125371 1.03942e-07
0.125461 1.02574e-07
0.125551 1.02172e-07
0.125641 1.00154e-07
0.125731 9.88383e-08
0.125821 9.91868e-08
0.125911 1.00283e-07
0.126001 1.00769e-07
0.126091 1.02009e-07
0.126181 1.02848e-07
0.12627 1.03441e-07
0.12636 1.04042e-07
0.12645 1.04724e-07
0.12654 1.05023e-07
0.12663 1.05827e-07
0.12672 1.07348e-07
0.12681 1.08025e-07
0.1269 1.06974e-07
0.12699 1.07259e-07
0.12708 1.07771e-07
0.127169 1.08886e-07
0.127259 1.12593e-07
0.127349 1.1634e-07
0.127439 1.18594e-07
0.127529 1.2032e-07
0.127619 1.21413e-07
0.127709 1.22127e-07
0.127799 1.23479e-07
0.127889 1.25218e-07
0.127979 1.26286e-07
0.128068 1.26762e-07
0.128158 1.26769e-07
0.128248 1.26646e-07
0.128338 1.26094e-07
0.128428 1.255e-07
0.128518 1.25893e-07
0.128608 1.26704e-07
0.128698 1.27226e-07
0.128788 1.27943e-07
0.128878 1.27906e-07
0.128968 1.28204e-07
0.129057 1.28459e-07
0.129147 1.28698e-07
0.129237 1.29275e-07
0.129327 1.29473e-07
0.129417 1.29862e-07
0.129507 1.29984e-07
0.129597 1.29156e-07
0.129687 1.27803e-07
0.129777 1.26251e-07
0.129867 1.23731e-07
0.129956 1.22201e-07
0.130046 1.18214e-07
0.130136 1.16342e-07
0.130226 1.14915e-07
0.130316 1.17214e-07
0.130406 1.20016e-07
0.130496 1.2367e-07
0.130586 1.27522e-07
0.130676 1.31186e-07
0.130766 1.35427e-07
0.130856 1.40066e-07
0.130945 1.44101e-07
0.131035 1.47156e-07
0.131125 1.48695e-07
0.131215 1.49463e-07
0.131305 1.50295e-07
0.131395 1.50675e-07
0.131485 1.5009e-07
0.131575 1.48931e-07
0.131665 1.47975e-07
0.131755 1.46905e-07
0.131844 1.44522e-07
0.131934 1.41195e-07
0.132024 1.36375e-07
0.132114 1.30436e-07
0.132204 1.25402e-07
0.132294 1.21838e-07
0.132384 1.19657e-07
0.132474 1.18563e-07
0.132564 1.17679e-07
0.132654 1.1785e-07
0.132744 1.1845e-07
0.132833 1.19825e-07
0.132923 1.19995e-07
0.133013 1.19568e-07
0.133103 1.18629e-07
0.133193 1.16964e-07
0.133283 1.14438e-07
0.133373 1.12059e-07
0.133463 1.10282e-07
0.133553 1.09032e-07
0.133643 1.07708e-07
0.133732 1.06337e-07
0.133822 1.05395e-07
0.133912 1.05026e-07
0.134002 1.04676e-07
0.134092 1.04197e-07
0.134182 1.03931e-07
0.134272 1.0369e-07
0.134362 1.03957e-07
0.134452 1.04704e-07
0.134542 1.06068e-07
0.134631 1.07984e-07
0.134721 1.11337e-07
0.134811 1.17329e-07
