-0.134811 2.6209e-09
-0.134721 1.95058e-09
-0.134631 1.94951e-09
-0.134542 1.01501e-09
-0.134452 -7.1584e-10
-0.134362 -3.97457e-09
-0.134272 -6.41801e-09
-0.134182 -9.46046e-09
-0.134092 -1.03765e-08
-0.134002 -1.23924e-08
-0.133912 -1.1529e-08
-0.133822 -1.32412e-08
-0.133732 -1.16664e-08
-0.133642 -8.70239e-09
-0.133553 -2.33497e-09
-0.133463 2.53593e-09
-0.133373 8.36728e-09
-0.133283 1.1959e-08
-0.133193 1.5295e-08
-0.133103 1.4966e-08
-0.133013 1.53336e-08
-0.132923 1.26103e-08
-0.132833 1.03087e-08
-0.132743 8.85606e-09
-0.132654 6.82451e-09
-0.132564 6.64306e-09
-0.132474 5.76596e-09
-0.132384 5.6239e-09
-0.132294 4.90739e-09
-0.132204 2.75971e-09
-0.132114 1.62033e-10
-0.132024 -1.4096e-09
-0.131934 -2.69254e-09
-0.131844 -4.13123e-09
-0.131754 -6.13712e-09
-0.131665 -9.40612e-09
-0.131575 -1.05931e-08
-0.131485 -1.10401e-08
-0.131395 -1.12472e-08
-0.131305 -1.2365e-08
-0.131215 -1.39607e-08
-0.131125 -1.65952e-08
-0.131035 -1.71455e-08
-0.130945 -1.75466e-08
-0.130855 -1.87395e-08
-0.130766 -1.94641e-08
-0.130676 -1.95105e-08
-0.130586 -1.68153e-08
-0.130496 -1.46289e-08
-0.130406 -1.16201e-08
-0.130316 -9.46294e-09
-0.130226 -5.75913e-09
-0.130136 -8.21483e-09
-0.130046 -1.26712e-08
-0.129956 -1.27728e-08
-0.129867 -1.40026e-08
-0.129777 -1.12183e-08
-0.129687 -7.63883e-09
-0.129597 -8.87153e-09
-0.129507 -1.01363e-08
-0.129417 -1.12604e-08
-0.129327 -1.3351e-08
-0.129237 -1.39931e-08
-0.129147 -1.35163e-08
-0.129057 -1.30697e-08
-0.128967 -1.20778e-08
-0.128878 -1.08209e-08
-0.128788 -9.70633e-09
-0.128698 -1.03608e-08
-0.128608 -1.17572e-08
-0.128518 -1.24197e-08
-0.128428 -1.2516e-08
-0.128338 -1.15599e-08
-0.128248 -1.13537e-08
-0.128158 -1.14879e-08
-0.128068 -1.17738e-08
-0.127979 -1.4347e-08
-0.127889 -1.4887e-08
-0.127799 -1.5472e-08
-0.127709 -1.5789e-08
-0.127619 -1.60476e-08
-0.127529 -1.59114e-08
-0.127439 -1.59466e-08
-0.127349 -1.60193e-08
-0.127259 -1.59466e-08
-0.127169 -1.59132e-08
-0.127079 -1.61111e-08
-0.12699 -1.60961e-08
-0.1269 -1.66017e-08
-0.12681 -1.62097e-08
-0.12672 -1.60883e-08
-0.12663 -1.55522e-08
-0.12654 -1.47662e-08
-0.12645 -1.4379e-08
-0.12636 -1.38531e-08
-0.12627 -1.49783e-08
-0.12618 -1.61209e-08
-0.126091 -1.67142e-08
-0.126001 -1.71664e-08
-0.125911 -1.75744e-08
-0.125821 -1.80845e-08
-0.125731 -1.90064e-08
-0.125641 -1.99513e-08
-0.125551 -2.12099e-08
-0.125461 -2.19839e-08
-0.125371 -2.18127e-08
-0.125281 -2.15361e-08
-0.125191 -2.09086e-08
-0.125102 -2.05874e-08
-0.125012 -2.06169e-08
-0.124922 -2.06734e-08
-0.124832 -2.1341e-08
-0.124742 -2.14214e-08
-0.124652 -2.14771e-08
-0.124562 -2.11686e-08
-0.124472 -2.07604e-08
-0.124382 -2.09737e-08
-0.124292 -2.07529e-08
-0.124203 -2.10951e-08
-0.124113 -2.07081e-08
-0.124023 -2.04754e-08
-0.123933 -2.01226e-08
-0.123843 -1.95732e-08
-0.123753 -1.95176e-08
-0.123663 -1.78213e-08
-0.123573 -1.64062e-08
-0.123483 -1.50051e-08
-0.123393 -1.39191e-08
-0.123304 -1.20601e-08
-0.123214 -1.04111e-08
-0.123124 -1.07243e-08
-0.123034 -1.16149e-08
-0.122944 -1.14647e-08
-0.122854 -1.13067e-08
-0.122764 -1.09373e-08
-0.122674 -1.07716e-08
-0.122584 -1.13295e-08
-0.122494 -1.20221e-08
-0.122404 -1.27675e-08
-0.122315 -1.3545e-08
-0.122225 -1.37979e-08
-0.122135 -1.39771e-08
-0.122045 -1.42482e-08
-0.121955 -1.43133e-08
-0.121865 -1.50009e-08
-0.121775 -1.54677e-08
-0.121685 -1.62437e-08
-0.121595 -1.66962e-08
-0.121505 -1.68586e-08
-0.121416 -1.68762e-08
-0.121326 -1.68832e-08
-0.121236 -1.70201e-08
-0.121146 -1.66597e-08
-0.121056 -1.65082e-08
-0.120966 -1.60133e-08
-0.120876 -1.55446e-08
-0.120786 -1.52216e-08
-0.120696 -1.50084e-08
-0.120606 -1.49107e-08
-0.120516 -1.46756e-08
-0.120427 -1.46572e-08
-0.120337 -1.45598e-08
-0.120247 -1.41244e-08
-0.120157 -1.34298e-08
-0.120067 -1.25312e-08
-0.119977 -1.21518e-08
-0.119887 -1.20185e-08
-0.119797 -1.17649e-08
-0.119707 -1.14597e-08
-0.119617 -1.07306e-08
-0.119528 -9.93411e-09
-0.119438 -9.68633e-09
-0.119348 -9.33785e-09
-0.119258 -9.19508e-09
-0.119168 -9.49372e-09
-0.119078 -9.32185e-09
-0.118988 -9.50032e-09
-0.118898 -9.98334e-09
-0.118808 -1.02184e-08
-0.118718 -1.05981e-08
-0.118628 -1.08233e-08
-0.118539 -1.10863e-08
-0.118449 -1.14831e-08
-0.118359 -1.19908e-08
-0.118269 -1.25554e-08
-0.118179 -1.31779e-08
-0.118089 -1.36782e-08
-0.117999 -1.43202e-08
-0.117909 -1.47059e-08
-0.117819 -1.48654e-08
-0.117729 -1.51351e-08
-0.11764 -1.56898e-08
-0.11755 -1.61994e-08
-0.11746 -1.6103e-08
-0.11737 -1.63252e-08
-0.11728 -1.64963e-08
-0.11719 -1.6508e-08
-0.1171 -1.63901e-08
-0.11701 -1.63804e-08
-0.11692 -1.59785e-08
-0.11683 -1.56857e-08
-0.116741 -1.54728e-08
-0.116651 -1.50399e-08
-0.116561 -1.46275e-08
-0.116471 -1.42945e-08
-0.116381 -1.38367e-08
-0.116291 -1.36648e-08
-0.116201 -1.34286e-08
-0.116111 -1.31504e-08
-0.116021 -1.27132e-08
-0.115931 -1.2459e-08
-0.115841 -1.23844e-08
-0.115752 -1.23966e-08
-0.115662 -1.24049e-08
-0.115572 -1.21909e-08
-0.115482 -1.17233e-08
-0.115392 -1.1008e-08
-0.115302 -1.0384e-08
-0.115212 -9.91951e-09
-0.115122 -9.45497e-09
-0.115032 -9.64714e-09
-0.114942 -9.80672e-09
-0.114853 -1.0104e-08
-0.114763 -1.01823e-08
-0.114673 -1.02483e-08
-0.114583 -1.04184e-08
-0.114493 -1.07983e-08
-0.114403 -1.15811e-08
-0.114313 -1.18774e-08
-0.114223 -1.2732e-08
-0.114133 -1.35646e-08
-0.114043 -1.40695e-08
-0.113953 -1.43576e-08
-0.113864 -1.48406e-08
-0.113774 -1.54232e-08
-0.113684 -1.56426e-08
-0.113594 -1.57044e-08
-0.113504 -1.57695e-08
-0.113414 -1.57834e-08
-0.113324 -1.57872e-08
-0.113234 -1.57989e-08
-0.113144 -1.58511e-08
-0.113054 -1.59431e-08
-0.112965 -1.61294e-08
-0.112875 -1.60199e-08
-0.112785 -1.61637e-08
-0.112695 -1.64827e-08
-0.112605 -1.64148e-08
-0.112515 -1.66163e-08
-0.112425 -1.65385e-08
-0.112335 -1.64904e-08
-0.112245 -1.64534e-08
-0.112155 -1.65223e-08
-0.112065 -1.57153e-08
-0.111976 -1.50884e-08
-0.111886 -1.4606e-08
-0.111796 -1.405e-08
-0.111706 -1.35294e-08
-0.111616 -1.32536e-08
-0.111526 -1.27923e-08
-0.111436 -1.25276e-08
-0.111346 -1.20823e-08
-0.111256 -1.17387e-08
-0.111166 -1.1655e-08
-0.111077 -1.15645e-08
-0.110987 -1.16998e-08
-0.110897 -1.19462e-08
-0.110807 -1.20228e-08
-0.110717 -1.23501e-08
-0.110627 -1.28214e-08
-0.110537 -1.32447e-08
-0.110447 -1.33887e-08
-0.110357 -1.37613e-08
-0.110267 -1.41167e-08
-0.110178 -1.44148e-08
-0.110088 -1.47586e-08
-0.109998 -1.49964e-08
-0.109908 -1.5204e-08
-0.109818 -1.53757e-08
-0.109728 -1.57027e-08
-0.109638 -1.59051e-08
-0.109548 -1.60146e-08
-0.109458 -1.60407e-08
-0.109368 -1.63028e-08
-0.109278 -1.63915e-08
-0.109189 -1.65725e-08
-0.109099 -1.70609e-08
-0.109009 -1.74437e-08
-0.108919 -1.76615e-08
-0.108829 -1.78902e-08
-0.108739 -1.78654e-08
-0.108649 -1.77565e-08
-0.108559 -1.75674e-08
-0.108469 -1.73483e-08
-0.108379 -1.7234e-08
-0.10829 -1.69203e-08
-0.1082 -1.66093e-08
-0.10811 -1.60115e-08
-0.10802 -1.56614e-08
-0.10793 -1.49876e-08
-0.10784 -1.42842e-08
-0.10775 -1.35705e-08
-0.10766 -1.30759e-08
-0.10757 -1.25701e-08
-0.10748 -1.1682e-08
-0.10739 -1.12228e-08
-0.107301 -1.0974e-08
-0.107211 -1.06031e-08
-0.107121 -1.058e-08
-0.107031 -1.043e-08
-0.106941 -1.02915e-08
-0.106851 -1.0289e-08
-0.106761 -1.02589e-08
-0.106671 -1.04484e-08
-0.106581 -1.05609e-08
-0.106491 -1.05748e-08
-0.106402 -1.05615e-08
-0.106312 -1.07388e-08
-0.106222 -1.09944e-08
-0.106132 -1.13372e-08
-0.106042 -1.15947e-08
-0.105952 -1.17215e-08
-0.105862 -1.18656e-08
-0.105772 -1.22616e-08
-0.105682 -1.26157e-08
-0.105592 -1.27373e-08
-0.105502 -1.3046e-08
-0.105413 -1.3262e-08
-0.105323 -1.35176e-08
-0.105233 -1.36526e-08
-0.105143 -1.36545e-08
-0.105053 -1.36865e-08
-0.104963 -1.37846e-08
-0.104873 -1.36449e-08
-0.104783 -1.35798e-08
-0.104693 -1.35607e-08
-0.104603 -1.34676e-08
-0.104514 -1.33053e-08
-0.104424 -1.3128e-08
-0.104334 -1.30025e-08
-0.104244 -1.27368e-08
-0.104154 -1.25546e-08
-0.104064 -1.23395e-08
-0.103974 -1.2032e-08
-0.103884 -1.17546e-08
-0.103794 -1.13013e-08
-0.103704 -1.09523e-08
-0.103614 -1.06662e-08
-0.103525 -1.05608e-08
-0.103435 -1.04501e-08
-0.103345 -1.04982e-08
-0.103255 -1.06365e-08
-0.103165 -1.07056e-08
-0.103075 -1.08379e-08
-0.102985 -1.09264e-08
-0.102895 -1.08853e-08
-0.102805 -1.08872e-08
-0.102715 -1.089e-08
-0.102626 -1.09342e-08
-0.102536 -1.08771e-08
-0.102446 -1.09278e-08
-0.102356 -1.08248e-08
-0.102266 -1.09177e-08
-0.102176 -1.1074e-08
-0.102086 -1.11345e-08
-0.101996 -1.12631e-08
-0.101906 -1.14949e-08
-0.101816 -1.17087e-08
-0.101727 -1.20488e-08
-0.101637 -1.23462e-08
-0.101547 -1.26604e-08
-0.101457 -1.29332e-08
-0.101367 -1.32724e-08
-0.101277 -1.35548e-08
-0.101187 -1.39425e-08
-0.101097 -1.42693e-08
-0.101007 -1.45041e-08
-0.100917 -1.48528e-08
-0.100827 -1.5182e-08
-0.100738 -1.55971e-08
-0.100648 -1.61026e-08
-0.100558 -1.65355e-08
-0.100468 -1.70782e-08
-0.100378 -1.75439e-08
-0.100288 -1.79589e-08
-0.100198 -1.83534e-08
-0.100108 -1.85774e-08
-0.100018 -1.88161e-08
-0.0999284 -1.89501e-08
-0.0998385 -1.91082e-08
-0.0997486 -1.92023e-08
-0.0996587 -1.93388e-08
-0.0995688 -1.96287e-08
-0.0994789 -1.97764e-08
-0.099389 -1.97842e-08
-0.0992991 -1.98768e-08
-0.0992092 -2.00461e-08
-0.0991193 -2.02088e-08
-0.0990294 -2.02198e-08
-0.0989395 -2.04299e-08
-0.0988496 -2.0545e-08
-0.0987597 -2.0665e-08
-0.0986698 -2.08226e-08
-0.0985799 -2.07045e-08
-0.09849 -2.05392e-08
-0.0984001 -2.0191e-08
-0.0983102 -1.99257e-08
-0.0982202 -1.95796e-08
-0.0981303 -1.91902e-08
-0.0980404 -1.8482e-08
-0.0979505 -1.7945e-08
-0.0978606 -1.74702e-08
-0.0977707 -1.69449e-08
-0.0976808 -1.63037e-08
-0.0975909 -1.57309e-08
-0.097501 -1.51175e-08
-0.0974111 -1.46362e-08
-0.0973212 -1.44134e-08
-0.0972313 -1.41439e-08
-0.0971414 -1.39383e-08
-0.0970515 -1.3906e-08
-0.0969616 -1.38863e-08
-0.0968717 -1.38027e-08
-0.0967818 -1.3743e-08
-0.0966919 -1.37971e-08
-0.096602 -1.4002e-08
-0.0965121 -1.40643e-08
-0.0964222 -1.39717e-08
-0.0963323 -1.40824e-08
-0.0962424 -1.41751e-08
-0.0961525 -1.42754e-08
-0.0960626 -1.42945e-08
-0.0959726 -1.43098e-08
-0.0958827 -1.44111e-08
-0.0957928 -1.45305e-08
-0.0957029 -1.46806e-08
-0.095613 -1.48234e-08
-0.0955231 -1.493e-08
-0.0954332 -1.49574e-08
-0.0953433 -1.50632e-08
-0.0952534 -1.52911e-08
-0.0951635 -1.53813e-08
-0.0950736 -1.5416e-08
-0.0949837 -1.53383e-08
-0.0948938 -1.55088e-08
-0.0948039 -1.56387e-08
-0.094714 -1.55447e-08
-0.0946241 -1.53383e-08
-0.0945342 -1.50665e-08
-0.0944443 -1.49091e-08
-0.0943544 -1.47254e-08
-0.0942645 -1.44718e-08
-0.0941746 -1.4058e-08
-0.0940847 -1.37366e-08
-0.0939948 -1.34115e-08
-0.0939049 -1.30522e-08
-0.0938149 -1.2727e-08
-0.093725 -1.23907e-08
-0.0936351 -1.20867e-08
-0.0935452 -1.18025e-08
-0.0934553 -1.14078e-08
-0.0933654 -1.11308e-08
-0.0932755 -1.11176e-08
-0.0931856 -1.08402e-08
-0.0930957 -1.05271e-08
-0.0930058 -1.02302e-08
-0.0929159 -1.00257e-08
-0.092826 -9.89059e-09
-0.0927361 -9.66193e-09
-0.0926462 -9.49746e-09
-0.0925563 -9.40726e-09
-0.0924664 -9.41641e-09
-0.0923765 -9.41052e-09
-0.0922866 -9.395e-09
-0.0921967 -9.40299e-09
-0.0921068 -9.38808e-09
-0.0920169 -9.41793e-09
-0.091927 -9.48676e-09
-0.0918371 -9.5689e-09
-0.0917472 -9.49959e-09
-0.0916572 -9.4961e-09
-0.0915673 -9.59902e-09
-0.0914774 -9.71986e-09
-0.0913875 -9.88383e-09
-0.0912976 -1.00467e-08
-0.0912077 -1.02501e-08
-0.0911178 -1.04802e-08
-0.0910279 -1.07681e-08
-0.090938 -1.10066e-08
-0.0908481 -1.1323e-08
-0.0907582 -1.16473e-08
-0.0906683 -1.19105e-08
-0.0905784 -1.221e-08
-0.0904885 -1.2425e-08
-0.0903986 -1.26237e-08
-0.0903087 -1.28398e-08
-0.0902188 -1.30559e-08
-0.0901289 -1.31689e-08
-0.090039 -1.33605e-08
-0.0899491 -1.36241e-08
-0.0898592 -1.38659e-08
-0.0897693 -1.39353e-08
-0.0896794 -1.40521e-08
-0.0895895 -1.42087e-08
-0.0894995 -1.43435e-08
-0.0894096 -1.44751e-08
-0.0893197 -1.46301e-08
-0.0892298 -1.4806e-08
-0.0891399 -1.4931e-08
-0.08905 -1.49874e-08
-0.0889601 -1.51151e-08
-0.0888702 -1.51478e-08
-0.0887803 -1.52479e-08
-0.0886904 -1.5324e-08
-0.0886005 -1.54452e-08
-0.0885106 -1.55653e-08
-0.0884207 -1.55583e-08
-0.0883308 -1.55044e-08
-0.0882409 -1.53527e-08
-0.088151 -1.51761e-08
-0.0880611 -1.50055e-08
-0.0879712 -1.48305e-08
-0.0878813 -1.44592e-08
-0.0877914 -1.41374e-08
-0.0877015 -1.3762e-08
-0.0876116 -1.32451e-08
-0.0875217 -1.27813e-08
-0.0874318 -1.22697e-08
-0.0873418 -1.18275e-08
-0.0872519 -1.1461e-08
-0.087162 -1.10192e-08
-0.0870721 -1.06184e-08
-0.0869822 -1.03157e-08
-0.0868923 -9.93938e-09
-0.0868024 -9.5868e-09
-0.0867125 -9.27943e-09
-0.0866226 -9.00208e-09
-0.0865327 -8.8183e-09
-0.0864428 -8.6186e-09
-0.0863529 -8.49534e-09
-0.086263 -8.41481e-09
-0.0861731 -8.44201e-09
-0.0860832 -8.4902e-09
-0.0859933 -8.51846e-09
-0.0859034 -8.57672e-09
-0.0858135 -8.61983e-09
-0.0857236 -8.66043e-09
-0.0856337 -8.73975e-09
-0.0855438 -8.83325e-09
-0.0854539 -8.79884e-09
-0.085364 -8.76594e-09
-0.0852741 -8.78366e-09
-0.0851841 -8.81645e-09
-0.0850942 -8.86101e-09
-0.0850043 -8.88394e-09
-0.0849144 -8.94267e-09
-0.0848245 -8.9897e-09
-0.0847346 -9.12907e-09
-0.0846447 -9.23676e-09
-0.0845548 -9.38469e-09
-0.0844649 -9.56918e-09
-0.084375 -9.7616e-09
-0.0842851 -9.92747e-09
-0.0841952 -1.016e-08
-0.0841053 -1.02942e-08
-0.0840154 -1.05269e-08
-0.0839255 -1.07679e-08
-0.0838356 -1.08997e-08
-0.0837457 -1.1036e-08
-0.0836558 -1.11791e-08
-0.0835659 -1.12957e-08
-0.083476 -1.13787e-08
-0.0833861 -1.14552e-08
-0.0832962 -1.15214e-08
-0.0832063 -1.15908e-08
-0.0831164 -1.15958e-08
-0.0830264 -1.15687e-08
-0.0829365 -1.1482e-08
-0.0828466 -1.13997e-08
-0.0827567 -1.13154e-08
-0.0826668 -1.13046e-08
-0.0825769 -1.12854e-08
-0.082487 -1.127e-08
-0.0823971 -1.12543e-08
-0.0823072 -1.12566e-08
-0.0822173 -1.13297e-08
-0.0821274 -1.12344e-08
-0.0820375 -1.11522e-08
-0.0819476 -1.11004e-08
-0.0818577 -1.10425e-08
-0.0817678 -1.08734e-08
-0.0816779 -1.07154e-08
-0.081588 -1.04244e-08
-0.0814981 -1.01701e-08
-0.0814082 -9.90332e-09
-0.0813183 -9.64545e-09
-0.0812284 -9.36171e-09
-0.0811385 -9.09427e-09
-0.0810486 -8.73994e-09
-0.0809587 -8.41815e-09
-0.0808687 -8.07563e-09
-0.0807788 -7.77167e-09
-0.0806889 -7.60338e-09
-0.080599 -7.35782e-09
-0.0805091 -7.02558e-09
-0.0804192 -6.7824e-09
-0.0803293 -6.55494e-09
-0.0802394 -6.32869e-09
-0.0801495 -6.08998e-09
-0.0800596 -5.91057e-09
-0.0799697 -5.7624e-09
-0.0798798 -5.62861e-09
-0.0797899 -5.5138e-09
-0.0797 -5.40914e-09
-0.0796101 -5.28428e-09
-0.0795202 -5.12289e-09
-0.0794303 -5.00236e-09
-0.0793404 -4.88609e-09
-0.0792505 -4.77585e-09
-0.0791606 -4.69576e-09
-0.0790707 -4.5086e-09
-0.0789808 -4.45979e-09
-0.0788909 -4.4378e-09
-0.078801 -4.40013e-09
-0.078711 -4.37983e-09
-0.0786211 -4.37715e-09
-0.0785312 -4.36055e-09
-0.0784413 -4.40098e-09
-0.0783514 -4.48046e-09
-0.0782615 -4.53897e-09
-0.0781716 -4.61444e-09
-0.0780817 -4.69641e-09
-0.0779918 -4.79868e-09
-0.0779019 -4.87807e-09
-0.077812 -4.93499e-09
-0.0777221 -5.03066e-09
-0.0776322 -5.13475e-09
-0.0775423 -5.19066e-09
-0.0774524 -5.25123e-09
-0.0773625 -5.3626e-09
-0.0772726 -5.43929e-09
-0.0771827 -5.49042e-09
-0.0770928 -5.49546e-09
-0.0770029 -5.48942e-09
-0.076913 -5.47492e-09
-0.0768231 -5.42533e-09
-0.0767332 -5.38225e-09
-0.0766433 -5.32575e-09
-0.0765534 -5.29373e-09
-0.0764634 -5.27114e-09
-0.0763735 -5.27861e-09
-0.0762836 -5.27396e-09
-0.0761937 -5.27787e-09
-0.0761038 -5.27296e-09
-0.0760139 -5.2844e-09
-0.075924 -5.33992e-09
-0.0758341 -5.34461e-09
-0.0757442 -5.35266e-09
-0.0756543 -5.34686e-09
-0.0755644 -5.306e-09
-0.0754745 -5.26138e-09
-0.0753846 -5.26443e-09
-0.0752947 -5.20209e-09
-0.0752048 -5.21672e-09
-0.0751149 -5.20888e-09
-0.075025 -5.22836e-09
-0.0749351 -5.24447e-09
-0.0748452 -5.2481e-09
-0.0747553 -5.23916e-09
-0.0746654 -5.22849e-09
-0.0745755 -5.21456e-09
-0.0744856 -5.20976e-09
-0.0743957 -5.18028e-09
-0.0743057 -5.16221e-09
-0.0742158 -5.13684e-09
-0.0741259 -5.12238e-09
-0.074036 -5.11696e-09
-0.0739461 -5.11523e-09
-0.0738562 -5.09618e-09
-0.0737663 -5.05209e-09
-0.0736764 -5.02609e-09
-0.0735865 -5.01883e-09
-0.0734966 -4.99221e-09
-0.0734067 -4.9435e-09
-0.0733168 -4.89766e-09
-0.0732269 -4.83283e-09
-0.073137 -4.74539e-09
-0.0730471 -4.6571e-09
-0.0729572 -4.58871e-09
-0.0728673 -4.53177e-09
-0.0727774 -4.51509e-09
-0.0726875 -4.45785e-09
-0.0725976 -4.40808e-09
-0.0725077 -4.38091e-09
-0.0724178 -4.34749e-09
-0.0723279 -4.30661e-09
-0.072238 -4.25532e-09
-0.072148 -4.21376e-09
-0.0720581 -4.13628e-09
-0.0719682 -4.07575e-09
-0.0718783 -4.04343e-09
-0.0717884 -4.00353e-09
-0.0716985 -3.99356e-09
-0.0716086 -3.95068e-09
-0.0715187 -3.91767e-09
-0.0714288 -3.8791e-09
-0.0713389 -3.87015e-09
-0.071249 -3.88607e-09
-0.0711591 -3.90345e-09
-0.0710692 -3.89019e-09
-0.0709793 -3.87399e-09
-0.0708894 -3.84584e-09
-0.0707995 -3.85954e-09
-0.0707096 -3.84512e-09
-0.0706197 -3.83546e-09
-0.0705298 -3.83353e-09
-0.0704399 -3.82754e-09
-0.07035 -3.83877e-09
-0.0702601 -3.84193e-09
-0.0701702 -3.8588e-09
-0.0700803 -3.86777e-09
-0.0699903 -3.86548e-09
-0.0699004 -3.86034e-09
-0.0698105 -3.82603e-09
-0.0697206 -3.80566e-09
-0.0696307 -3.74926e-09
-0.0695408 -3.74286e-09
-0.0694509 -3.77129e-09
-0.069361 -3.80408e-09
-0.0692711 -3.85224e-09
-0.0691812 -3.91494e-09
-0.0690913 -3.94382e-09
-0.0690014 -4.01423e-09
-0.0689115 -4.08686e-09
-0.0688216 -4.14964e-09
-0.0687317 -4.20655e-09
-0.0686418 -4.2837e-09
-0.0685519 -4.37364e-09
-0.068462 -4.45299e-09
-0.0683721 -4.55741e-09
-0.0682822 -4.64835e-09
-0.0681923 -4.74753e-09
-0.0681024 -4.84388e-09
-0.0680125 -4.94407e-09
-0.0679226 -5.07875e-09
-0.0678326 -5.197e-09
-0.0677427 -5.33056e-09
-0.0676528 -5.45355e-09
-0.0675629 -5.58223e-09
-0.067473 -5.71277e-09
-0.0673831 -5.83002e-09
-0.0672932 -5.96042e-09
-0.0672033 -6.07307e-09
-0.0671134 -6.19391e-09
-0.0670235 -6.35476e-09
-0.0669336 -6.4972e-09
-0.0668437 -6.61657e-09
-0.0667538 -6.75518e-09
-0.0666639 -6.84496e-09
-0.066574 -6.94276e-09
-0.0664841 -7.03308e-09
-0.0663942 -7.11083e-09
-0.0663043 -7.15144e-09
-0.0662144 -7.19686e-09
-0.0661245 -7.2556e-09
-0.0660346 -7.31091e-09
-0.0659447 -7.39338e-09
-0.0658548 -7.45824e-09
-0.0657649 -7.50362e-09
-0.0656749 -7.56104e-09
-0.065585 -7.61291e-09
-0.0654951 -7.67593e-09
-0.0654052 -7.71534e-09
-0.0653153 -7.79534e-09
-0.0652254 -7.82514e-09
-0.0651355 -7.84465e-09
-0.0650456 -7.852e-09
-0.0649557 -7.84251e-09
-0.0648658 -7.82653e-09
-0.0647759 -7.83188e-09
-0.064686 -7.82619e-09
-0.0645961 -7.86782e-09
-0.0645062 -7.89822e-09
-0.0644163 -7.9274e-09
-0.0643264 -7.9465e-09
-0.0642365 -7.9506e-09
-0.0641466 -7.9652e-09
-0.0640567 -7.95105e-09
-0.0639668 -7.92521e-09
-0.0638769 -7.91438e-09
-0.063787 -7.89942e-09
-0.0636971 -7.89929e-09
-0.0636072 -7.89781e-09
-0.0635172 -7.90378e-09
-0.0634273 -7.90806e-09
-0.0633374 -7.96857e-09
-0.0632475 -8.01192e-09
-0.0631576 -8.01607e-09
-0.0630677 -8.00176e-09
-0.0629778 -7.98032e-09
-0.0628879 -7.9622e-09
-0.062798 -7.96244e-09
-0.0627081 -7.94025e-09
-0.0626182 -7.91161e-09
-0.0625283 -7.88439e-09
-0.0624384 -7.8496e-09
-0.0623485 -7.81741e-09
-0.0622586 -7.75409e-09
-0.0621687 -7.7153e-09
-0.0620788 -7.64916e-09
-0.0619889 -7.59601e-09
-0.061899 -7.5572e-09
-0.0618091 -7.50573e-09
-0.0617192 -7.47549e-09
-0.0616293 -7.44602e-09
-0.0615394 -7.37929e-09
-0.0614495 -7.30392e-09
-0.0613595 -7.2525e-09
-0.0612696 -7.19394e-09
-0.0611797 -7.09581e-09
-0.0610898 -6.99891e-09
-0.0609999 -6.88237e-09
-0.06091 -6.76966e-09
-0.0608201 -6.66399e-09
-0.0607302 -6.55291e-09
-0.0606403 -6.43282e-09
-0.0605504 -6.31058e-09
-0.0604605 -6.17142e-09
-0.0603706 -6.02547e-09
-0.0602807 -5.89168e-09
-0.0601908 -5.83733e-09
-0.0601009 -5.77409e-09
-0.060011 -5.69434e-09
-0.0599211 -5.6155e-09
-0.0598312 -5.55939e-09
-0.0597413 -5.47984e-09
-0.0596514 -5.40937e-09
-0.0595615 -5.33896e-09
-0.0594716 -5.2516e-09
-0.0593817 -5.16228e-09
-0.0592918 -5.07786e-09
-0.0592018 -4.99207e-09
-0.0591119 -4.92422e-09
-0.059022 -4.85082e-09
-0.0589321 -4.76504e-09
-0.0588422 -4.69482e-09
-0.0587523 -4.65389e-09
-0.0586624 -4.60815e-09
-0.0585725 -4.60655e-09
-0.0584826 -4.57021e-09
-0.0583927 -4.54851e-09
-0.0583028 -4.54008e-09
-0.0582129 -4.52011e-09
-0.058123 -4.49226e-09
-0.0580331 -4.44027e-09
-0.0579432 -4.42228e-09
-0.0578533 -4.41094e-09
-0.0577634 -4.4159e-09
-0.0576735 -4.41998e-09
-0.0575836 -4.40515e-09
-0.0574937 -4.4012e-09
-0.0574038 -4.38164e-09
-0.0573139 -4.35891e-09
-0.057224 -4.32036e-09
-0.0571341 -4.27694e-09
-0.0570442 -4.23771e-09
-0.0569542 -4.21106e-09
-0.0568643 -4.2118e-09
-0.0567744 -4.2174e-09
-0.0566845 -4.18887e-09
-0.0565946 -4.20275e-09
-0.0565047 -4.19118e-09
-0.0564148 -4.17528e-09
-0.0563249 -4.17857e-09
-0.056235 -4.17678e-09
-0.0561451 -4.16359e-09
-0.0560552 -4.13003e-09
-0.0559653 -4.11137e-09
-0.0558754 -4.10464e-09
-0.0557855 -4.12102e-09
-0.0556956 -4.14441e-09
-0.0556057 -4.16762e-09
-0.0555158 -4.21042e-09
-0.0554259 -4.29802e-09
-0.055336 -4.36219e-09
-0.0552461 -4.44137e-09
-0.0551562 -4.49646e-09
-0.0550663 -4.53063e-09
-0.0549764 -4.58198e-09
-0.0548865 -4.61615e-09
-0.0547965 -4.69734e-09
-0.0547066 -4.77889e-09
-0.0546167 -4.8519e-09
-0.0545268 -4.93236e-09
-0.0544369 -4.99177e-09
-0.054347 -5.0524e-09
-0.0542571 -5.11503e-09
-0.0541672 -5.19806e-09
-0.0540773 -5.25953e-09
-0.0539874 -5.32934e-09
-0.0538975 -5.3814e-09
-0.0538076 -5.44055e-09
-0.0537177 -5.51995e-09
-0.0536278 -5.60663e-09
-0.0535379 -5.68819e-09
-0.053448 -5.78269e-09
-0.0533581 -5.83801e-09
-0.0532682 -5.89619e-09
-0.0531783 -5.98609e-09
-0.0530884 -6.07212e-09
-0.0529985 -6.16421e-09
-0.0529086 -6.23624e-09
-0.0528187 -6.31779e-09
-0.0527288 -6.39264e-09
-0.0526388 -6.4414e-09
-0.0525489 -6.49362e-09
-0.052459 -6.54904e-09
-0.0523691 -6.59791e-09
-0.0522792 -6.66952e-09
-0.0521893 -6.72825e-09
-0.0520994 -6.7872e-09
-0.0520095 -6.84185e-09
-0.0519196 -6.88544e-09
-0.0518297 -6.92505e-09
-0.0517398 -6.97692e-09
-0.0516499 -7.02945e-09
-0.05156 -7.09194e-09
-0.0514701 -7.1302e-09
-0.0513802 -7.15821e-09
-0.0512903 -7.18769e-09
-0.0512004 -7.23738e-09
-0.0511105 -7.28128e-09
-0.0510206 -7.32365e-09
-0.0509307 -7.36838e-09
-0.0508408 -7.40386e-09
-0.0507509 -7.41843e-09
-0.050661 -7.42471e-09
-0.0505711 -7.45474e-09
-0.0504811 -7.49386e-09
-0.0503912 -7.51467e-09
-0.0503013 -7.53872e-09
-0.0502114 -7.54273e-09
-0.0501215 -7.55021e-09
-0.0500316 -7.58567e-09
-0.0499417 -7.60769e-09
-0.0498518 -7.64209e-09
-0.0497619 -7.66394e-09
-0.049672 -7.68942e-09
-0.0495821 -7.71863e-09
-0.0494922 -7.73353e-09
-0.0494023 -7.74514e-09
-0.0493124 -7.74891e-09
-0.0492225 -7.75012e-09
-0.0491326 -7.75977e-09
-0.0490427 -7.77492e-09
-0.0489528 -7.80599e-09
-0.0488629 -7.81719e-09
-0.048773 -7.83042e-09
-0.0486831 -7.84744e-09
-0.0485932 -7.88166e-09
-0.0485033 -7.91768e-09
-0.0484134 -7.94514e-09
-0.0483234 -7.9657e-09
-0.0482335 -7.97982e-09
-0.0481436 -7.99136e-09
-0.0480537 -8.01019e-09
-0.0479638 -8.03843e-09
-0.0478739 -8.06795e-09
-0.047784 -8.09025e-09
-0.0476941 -8.12152e-09
-0.0476042 -8.14124e-09
-0.0475143 -8.15815e-09
-0.0474244 -8.18673e-09
-0.0473345 -8.20377e-09
-0.0472446 -8.21868e-09
-0.0471547 -8.23963e-09
-0.0470648 -8.2598e-09
-0.0469749 -8.2755e-09
-0.046885 -8.32439e-09
-0.0467951 -8.35339e-09
-0.0467052 -8.39148e-09
-0.0466153 -8.41216e-09
-0.0465254 -8.43972e-09
-0.0464355 -8.47247e-09
-0.0463456 -8.4877e-09
-0.0462557 -8.50328e-09
-0.0461657 -8.51026e-09
-0.0460758 -8.50828e-09
-0.0459859 -8.50652e-09
-0.045896 -8.49844e-09
-0.0458061 -8.50264e-09
-0.0457162 -8.49264e-09
-0.0456263 -8.48918e-09
-0.0455364 -8.4762e-09
-0.0454465 -8.47923e-09
-0.0453566 -8.48662e-09
-0.0452667 -8.49365e-09
-0.0451768 -8.49852e-09
-0.0450869 -8.48888e-09
-0.044997 -8.4737e-09
-0.0449071 -8.45728e-09
-0.0448172 -8.42979e-09
-0.0447273 -8.41408e-09
-0.0446374 -8.39257e-09
-0.0445475 -8.38532e-09
-0.0444576 -8.36327e-09
-0.0443677 -8.33537e-09
-0.0442778 -8.33158e-09
-0.0441879 -8.32768e-09
-0.044098 -8.32612e-09
-0.044008 -8.31514e-09
-0.0439181 -8.32533e-09
-0.0438282 -8.31947e-09
-0.0437383 -8.34214e-09
-0.0436484 -8.36223e-09
-0.0435585 -8.39096e-09
-0.0434686 -8.41436e-09
-0.0433787 -8.45189e-09
-0.0432888 -8.49235e-09
-0.0431989 -8.52794e-09
-0.043109 -8.56171e-09
-0.0430191 -8.5976e-09
-0.0429292 -8.63963e-09
-0.0428393 -8.69358e-09
-0.0427494 -8.74801e-09
-0.0426595 -8.79194e-09
-0.0425696 -8.83581e-09
-0.0424797 -8.88936e-09
-0.0423898 -8.93499e-09
-0.0422999 -9.00272e-09
-0.04221 -9.05386e-09
-0.0421201 -9.11229e-09
-0.0420302 -9.17413e-09
-0.0419403 -9.23787e-09
-0.0418503 -9.29346e-09
-0.0417604 -9.34754e-09
-0.0416705 -9.39534e-09
-0.0415806 -9.44505e-09
-0.0414907 -9.49222e-09
-0.0414008 -9.53952e-09
-0.0413109 -9.58478e-09
-0.041221 -9.61384e-09
-0.0411311 -9.65245e-09
-0.0410412 -9.69703e-09
-0.0409513 -9.73134e-09
-0.0408614 -9.76186e-09
-0.0407715 -9.78862e-09
-0.0406816 -9.79717e-09
-0.0405917 -9.8248e-09
-0.0405018 -9.85149e-09
-0.0404119 -9.8856e-09
-0.040322 -9.91264e-09
-0.0402321 -9.95209e-09
-0.0401422 -9.98667e-09
-0.0400523 -1.00198e-08
-0.0399624 -1.00455e-08
-0.0398725 -1.00665e-08
-0.0397826 -1.00772e-08
-0.0396927 -1.00958e-08
-0.0396027 -1.01143e-08
-0.0395128 -1.01149e-08
-0.0394229 -1.01144e-08
-0.039333 -1.01151e-08
-0.0392431 -1.01247e-08
-0.0391532 -1.01335e-08
-0.0390633 -1.01445e-08
-0.0389734 -1.01587e-08
-0.0388835 -1.01764e-08
-0.0387936 -1.01824e-08
-0.0387037 -1.01792e-08
-0.0386138 -1.01759e-08
-0.0385239 -1.01802e-08
-0.038434 -1.01824e-08
-0.0383441 -1.01799e-08
-0.0382542 -1.01752e-08
-0.0381643 -1.01742e-08
-0.0380744 -1.01459e-08
-0.0379845 -1.01476e-08
-0.0378946 -1.01526e-08
-0.0378047 -1.01538e-08
-0.0377148 -1.01514e-08
-0.0376249 -1.0148e-08
-0.037535 -1.01244e-08
-0.037445 -1.01267e-08
-0.0373551 -1.01231e-08
-0.0372652 -1.01269e-08
-0.0371753 -1.01296e-08
-0.0370854 -1.0134e-08
-0.0369955 -1.01331e-08
-0.0369056 -1.01368e-08
-0.0368157 -1.01288e-08
-0.0367258 -1.01225e-08
-0.0366359 -1.01166e-08
-0.036546 -1.01267e-08
-0.0364561 -1.01475e-08
-0.0363662 -1.01542e-08
-0.0362763 -1.0174e-08
-0.0361864 -1.01927e-08
-0.0360965 -1.02122e-08
-0.0360066 -1.02229e-08
-0.0359167 -1.02343e-08
-0.0358268 -1.02596e-08
-0.0357369 -1.02754e-08
-0.035647 -1.02951e-08
-0.0355571 -1.03135e-08
-0.0354672 -1.03232e-08
-0.0353773 -1.035e-08
-0.0352873 -1.03887e-08
-0.0351974 -1.04278e-08
-0.0351075 -1.04577e-08
-0.0350176 -1.04914e-08
-0.0349277 -1.05238e-08
-0.0348378 -1.05608e-08
-0.0347479 -1.05991e-08
-0.034658 -1.06229e-08
-0.0345681 -1.06442e-08
-0.0344782 -1.06582e-08
-0.0343883 -1.06573e-08
-0.0342984 -1.0672e-08
-0.0342085 -1.0689e-08
-0.0341186 -1.07029e-08
-0.0340287 -1.07146e-08
-0.0339388 -1.07331e-08
-0.0338489 -1.07563e-08
-0.033759 -1.07638e-08
-0.0336691 -1.07652e-08
-0.0335792 -1.07538e-08
-0.0334893 -1.07344e-08
-0.0333994 -1.07303e-08
-0.0333095 -1.07369e-08
-0.0332196 -1.072e-08
-0.0331296 -1.07225e-08
-0.0330397 -1.06974e-08
-0.0329498 -1.06826e-08
-0.0328599 -1.06633e-08
-0.03277 -1.06364e-08
-0.0326801 -1.06234e-08
-0.0325902 -1.06007e-08
-0.0325003 -1.05841e-08
-0.0324104 -1.0564e-08
-0.0323205 -1.0527e-08
-0.0322306 -1.04978e-08
-0.0321407 -1.04777e-08
-0.0320508 -1.04492e-08
-0.0319609 -1.04046e-08
-0.031871 -1.03681e-08
-0.0317811 -1.03401e-08
-0.0316912 -1.03091e-08
-0.0316013 -1.0292e-08
-0.0315114 -1.02692e-08
-0.0314215 -1.02621e-08
-0.0313316 -1.02298e-08
-0.0312417 -1.0191e-08
-0.0311518 -1.01455e-08
-0.0310619 -1.00924e-08
-0.0309719 -1.00366e-08
-0.030882 -9.98628e-09
-0.0307921 -9.92748e-09
-0.0307022 -9.87004e-09
-0.0306123 -9.81763e-09
-0.0305224 -9.76796e-09
-0.0304325 -9.72439e-09
-0.0303426 -9.69294e-09
-0.0302527 -9.64816e-09
-0.0301628 -9.61113e-09
-0.0300729 -9.54696e-09
-0.029983 -9.48209e-09
-0.0298931 -9.41259e-09
-0.0298032 -9.35664e-09
-0.0297133 -9.28007e-09
-0.0296234 -9.21033e-09
-0.0295335 -9.14976e-09
-0.0294436 -9.08652e-09
-0.0293537 -9.03237e-09
-0.0292638 -8.98007e-09
-0.0291739 -8.92837e-09
-0.029084 -8.88757e-09
-0.0289941 -8.85345e-09
-0.0289042 -8.79698e-09
-0.0288142 -8.75227e-09
-0.0287243 -8.69267e-09
-0.0286344 -8.65509e-09
-0.0285445 -8.61203e-09
-0.0284546 -8.57356e-09
-0.0283647 -8.54948e-09
-0.0282748 -8.51975e-09
-0.0281849 -8.49155e-09
-0.028095 -8.48172e-09
-0.0280051 -8.47142e-09
-0.0279152 -8.44997e-09
-0.0278253 -8.42784e-09
-0.0277354 -8.39911e-09
-0.0276455 -8.36193e-09
-0.0275556 -8.3254e-09
-0.0274657 -8.29567e-09
-0.0273758 -8.28338e-09
-0.0272859 -8.27461e-09
-0.027196 -8.26934e-09
-0.0271061 -8.25947e-09
-0.0270162 -8.24352e-09
-0.0269263 -8.23435e-09
-0.0268364 -8.22257e-09
-0.0267465 -8.21102e-09
-0.0266565 -8.18834e-09
-0.0265666 -8.16982e-09
-0.0264767 -8.15177e-09
-0.0263868 -8.1298e-09
-0.0262969 -8.10303e-09
-0.026207 -8.08952e-09
-0.0261171 -8.07984e-09
-0.0260272 -8.06675e-09
-0.0259373 -8.05013e-09
-0.0258474 -8.02921e-09
-0.0257575 -8.00777e-09
-0.0256676 -7.99345e-09
-0.0255777 -7.97151e-09
-0.0254878 -7.96191e-09
-0.0253979 -7.94793e-09
-0.025308 -7.92416e-09
-0.0252181 -7.90108e-09
-0.0251282 -7.89166e-09
-0.0250383 -7.87914e-09
-0.0249484 -7.87584e-09
-0.0248585 -7.8645e-09
-0.0247686 -7.83873e-09
-0.0246787 -7.816e-09
-0.0245888 -7.79841e-09
-0.0244988 -7.78322e-09
-0.0244089 -7.76938e-09
-0.024319 -7.76405e-09
-0.0242291 -7.74666e-09
-0.0241392 -7.7347e-09
-0.0240493 -7.72245e-09
-0.0239594 -7.70918e-09
-0.0238695 -7.68525e-09
-0.0237796 -7.67387e-09
-0.0236897 -7.64944e-09
-0.0235998 -7.63386e-09
-0.0235099 -7.61805e-09
-0.02342 -7.59844e-09
-0.0233301 -7.59706e-09
-0.0232402 -7.57146e-09
-0.0231503 -7.53847e-09
-0.0230604 -7.50542e-09
-0.0229705 -7.47785e-09
-0.0228806 -7.44735e-09
-0.0227907 -7.42364e-09
-0.0227008 -7.38759e-09
-0.0226109 -7.35472e-09
-0.022521 -7.3325e-09
-0.0224311 -7.30488e-09
-0.0223411 -7.25969e-09
-0.0222512 -7.21402e-09
-0.0221613 -7.16416e-09
-0.0220714 -7.11068e-09
-0.0219815 -7.0579e-09
-0.0218916 -7.01375e-09
-0.0218017 -6.95712e-09
-0.0217118 -6.91081e-09
-0.0216219 -6.85928e-09
-0.021532 -6.81104e-09
-0.0214421 -6.77394e-09
-0.0213522 -6.72674e-09
-0.0212623 -6.67741e-09
-0.0211724 -6.62159e-09
-0.0210825 -6.56554e-09
-0.0209926 -6.50984e-09
-0.0209027 -6.45149e-09
-0.0208128 -6.39542e-09
-0.0207229 -6.34854e-09
-0.020633 -6.29693e-09
-0.0205431 -6.23996e-09
-0.0204532 -6.18356e-09
-0.0203633 -6.13766e-09
-0.0202734 -6.08806e-09
-0.0201835 -6.0352e-09
-0.0200935 -5.98239e-09
-0.0200036 -5.93541e-09
-0.0199137 -5.88496e-09
-0.0198238 -5.83143e-09
-0.0197339 -5.7727e-09
-0.019644 -5.71721e-09
-0.0195541 -5.65477e-09
-0.0194642 -5.60358e-09
-0.0193743 -5.54884e-09
-0.0192844 -5.5094e-09
-0.0191945 -5.46437e-09
-0.0191046 -5.42487e-09
-0.0190147 -5.39313e-09
-0.0189248 -5.36494e-09
-0.0188349 -5.32231e-09
-0.018745 -5.28396e-09
-0.0186551 -5.2227e-09
-0.0185652 -5.16377e-09
-0.0184753 -5.11934e-09
-0.0183854 -5.07267e-09
-0.0182955 -5.03722e-09
-0.0182056 -5.00029e-09
-0.0181157 -4.97571e-09
-0.0180258 -4.95147e-09
-0.0179358 -4.92874e-09
-0.0178459 -4.90182e-09
-0.017756 -4.8671e-09
-0.0176661 -4.82889e-09
-0.0175762 -4.7967e-09
-0.0174863 -4.76863e-09
-0.0173964 -4.73973e-09
-0.0173065 -4.71228e-09
-0.0172166 -4.68429e-09
-0.0171267 -4.65744e-09
-0.0170368 -4.61923e-09
-0.0169469 -4.60561e-09
-0.016857 -4.59166e-09
-0.0167671 -4.57667e-09
-0.0166772 -4.56606e-09
-0.0165873 -4.55385e-09
-0.0164974 -4.53355e-09
-0.0164075 -4.53308e-09
-0.0163176 -4.5275e-09
-0.0162277 -4.52443e-09
-0.0161378 -4.5102e-09
-0.0160479 -4.50535e-09
-0.015958 -4.50256e-09
-0.0158681 -4.50516e-09
-0.0157781 -4.5192e-09
-0.0156882 -4.53112e-09
-0.0155983 -4.54687e-09
-0.0155084 -4.57424e-09
-0.0154185 -4.59852e-09
-0.0153286 -4.61682e-09
-0.0152387 -4.63701e-09
-0.0151488 -4.65015e-09
-0.0150589 -4.65911e-09
-0.014969 -4.65459e-09
-0.0148791 -4.65972e-09
-0.0147892 -4.67909e-09
-0.0146993 -4.7003e-09
-0.0146094 -4.71669e-09
-0.0145195 -4.7307e-09
-0.0144296 -4.74399e-09
-0.0143397 -4.75647e-09
-0.0142498 -4.77442e-09
-0.0141599 -4.78346e-09
-0.01407 -4.79011e-09
-0.0139801 -4.78507e-09
-0.0138902 -4.78243e-09
-0.0138003 -4.78011e-09
-0.0137104 -4.76586e-09
-0.0136204 -4.75383e-09
-0.0135305 -4.73421e-09
-0.0134406 -4.71842e-09
-0.0133507 -4.70714e-09
-0.0132608 -4.68796e-09
-0.0131709 -4.67159e-09
-0.013081 -4.64703e-09
-0.0129911 -4.62447e-09
-0.0129012 -4.58835e-09
-0.0128113 -4.549e-09
-0.0127214 -4.50598e-09
-0.0126315 -4.45149e-09
-0.0125416 -4.39979e-09
-0.0124517 -4.3452e-09
-0.0123618 -4.29909e-09
-0.0122719 -4.25574e-09
-0.012182 -4.21067e-09
-0.0120921 -4.17604e-09
-0.0120022 -4.13703e-09
-0.0119123 -4.09198e-09
-0.0118224 -4.05066e-09
-0.0117325 -4.00695e-09
-0.0116426 -3.95556e-09
-0.0115527 -3.89746e-09
-0.0114627 -3.84704e-09
-0.0113728 -3.79124e-09
-0.0112829 -3.74561e-09
-0.011193 -3.70396e-09
-0.0111031 -3.66238e-09
-0.0110132 -3.63605e-09
-0.0109233 -3.59734e-09
-0.0108334 -3.55566e-09
-0.0107435 -3.53429e-09
-0.0106536 -3.50327e-09
-0.0105637 -3.46477e-09
-0.0104738 -3.43265e-09
-0.0103839 -3.40327e-09
-0.010294 -3.36114e-09
-0.0102041 -3.32954e-09
-0.0101142 -3.29779e-09
-0.0100243 -3.27267e-09
-0.00993438 -3.24592e-09
-0.00984447 -3.2189e-09
-0.00975457 -3.20263e-09
-0.00966466 -3.18933e-09
-0.00957476 -3.1778e-09
-0.00948486 -3.15454e-09
-0.00939495 -3.13822e-09
-0.00930505 -3.12471e-09
-0.00921514 -3.09574e-09
-0.00912524 -3.0624e-09
-0.00903534 -3.04934e-09
-0.00894543 -3.02358e-09
-0.00885553 -3.00566e-09
-0.00876562 -2.99971e-09
-0.00867572 -2.99918e-09
-0.00858582 -2.9929e-09
-0.00849591 -2.98915e-09
-0.00840601 -2.96887e-09
-0.0083161 -2.9547e-09
-0.0082262 -2.94423e-09
-0.00813629 -2.9328e-09
-0.00804639 -2.93225e-09
-0.00795649 -2.91345e-09
-0.00786658 -2.89843e-09
-0.00777668 -2.89121e-09
-0.00768677 -2.89949e-09
-0.00759687 -2.878e-09
-0.00750697 -2.86717e-09
-0.00741706 -2.86722e-09
-0.00732716 -2.84675e-09
-0.00723725 -2.83281e-09
-0.00714735 -2.82504e-09
-0.00705744 -2.82104e-09
-0.00696754 -2.8212e-09
-0.00687764 -2.80232e-09
-0.00678773 -2.79689e-09
-0.00669783 -2.78974e-09
-0.00660792 -2.79179e-09
-0.00651802 -2.79582e-09
-0.00642812 -2.78321e-09
-0.00633821 -2.77076e-09
-0.00624831 -2.75494e-09
-0.0061584 -2.73453e-09
-0.0060685 -2.73029e-09
-0.00597859 -2.74139e-09
-0.00588869 -2.72236e-09
-0.00579879 -2.70879e-09
-0.00570888 -2.69341e-09
-0.00561898 -2.68291e-09
-0.00552907 -2.67397e-09
-0.00543917 -2.6624e-09
-0.00534927 -2.63555e-09
-0.00525936 -2.61306e-09
-0.00516946 -2.59375e-09
-0.00507955 -2.56491e-09
-0.00498965 -2.5347e-09
-0.00489975 -2.49968e-09
-0.00480984 -2.47817e-09
-0.00471994 -2.44694e-09
-0.00463003 -2.42189e-09
-0.00454013 -2.39095e-09
-0.00445022 -2.38663e-09
-0.00436032 -2.36976e-09
-0.00427042 -2.33015e-09
-0.00418051 -2.30366e-09
-0.00409061 -2.27063e-09
-0.0040007 -2.23398e-09
-0.0039108 -2.20466e-09
-0.0038209 -2.16673e-09
-0.00373099 -2.13056e-09
-0.00364109 -2.08859e-09
-0.00355118 -2.04358e-09
-0.00346128 -1.99869e-09
-0.00337137 -1.94726e-09
-0.00328147 -1.90106e-09
-0.00319157 -1.84813e-09
-0.00310166 -1.79955e-09
-0.00301176 -1.75316e-09
-0.00292185 -1.71018e-09
-0.00283195 -1.64778e-09
-0.00274205 -1.60094e-09
-0.00265214 -1.551e-09
-0.00256224 -1.4946e-09
-0.00247233 -1.43175e-09
-0.00238243 -1.37769e-09
-0.00229252 -1.32181e-09
-0.00220262 -1.25749e-09
-0.00211272 -1.1883e-09
-0.00202281 -1.12793e-09
-0.00193291 -1.07517e-09
-0.001843 -1.03117e-09
-0.0017531 -9.81904e-10
-0.0016632 -9.25336e-10
-0.00157329 -8.68985e-10
-0.00148339 -8.03076e-10
-0.00139348 -7.45919e-10
-0.00130358 -6.7647e-10
-0.00121368 -6.11662e-10
-0.00112377 -5.63128e-10
-0.00103387 -5.07835e-10
-0.000943963 -4.61386e-10
-0.000854059 -4.19395e-10
-0.000764154 -3.6687e-10
-0.00067425 -3.18673e-10
-0.000584346 -2.74288e-10
-0.000494442 -2.22453e-10
-0.000404538 -1.74384e-10
-0.000314634 -1.27595e-10
-0.00022473 -9.40151e-11
-0.000134825 -5.8627e-11
-4.49212e-05 -3.42193e-11
4.49829e-05 0
0.000134887 3.22032e-11
0.000224791 6.84924e-11
0.000314695 8.81333e-11
0.0004046 1.26912e-10
0.000494504 1.68022e-10
0.000584408 2.15326e-10
0.000674312 2.58266e-10
0.000764216 3.03667e-10
0.00085412 3.50932e-10
0.000944024 3.81111e-10
0.00103393 4.12717e-10
0.00112383 4.55793e-10
0.00121374 5.00138e-10
0.00130364 5.49043e-10
0.00139355 5.96641e-10
0.00148345 6.46544e-10
0.00157335 7.04137e-10
0.00166326 7.61961e-10
0.00175316 8.27009e-10
0.00184307 8.78728e-10
0.00193297 9.26195e-10
0.00202287 9.83295e-10
0.00211278 1.03862e-09
0.00220268 1.1008e-09
0.00229259 1.16188e-09
0.00238249 1.21342e-09
0.00247239 1.26947e-09
0.0025623 1.34088e-09
0.0026522 1.40619e-09
0.00274211 1.48341e-09
0.00283201 1.56008e-09
0.00292192 1.63954e-09
0.00301182 1.71236e-09
0.00310172 1.7834e-09
0.00319163 1.84479e-09
0.00328153 1.90478e-09
0.00337144 1.96532e-09
0.00346134 2.03727e-09
0.00355124 2.10262e-09
0.00364115 2.16615e-09
0.00373105 2.23106e-09
0.00382096 2.30627e-09
0.00391086 2.3713e-09
0.00400077 2.43121e-09
0.00409067 2.50497e-09
0.00418057 2.56678e-09
0.00427048 2.62021e-09
0.00436038 2.67776e-09
0.00445029 2.73115e-09
0.00454019 2.77912e-09
0.00463009 2.83789e-09
0.00472 2.88638e-09
0.0048099 2.94614e-09
0.00489981 2.99563e-09
0.00498971 3.05233e-09
0.00507962 3.11743e-09
0.00516952 3.16725e-09
0.00525942 3.21048e-09
0.00534933 3.2588e-09
0.00543923 3.30477e-09
0.00552914 3.35146e-09
0.00561904 3.3936e-09
0.00570894 3.42932e-09
0.00579885 3.4658e-09
0.00588875 3.49543e-09
0.00597866 3.52556e-09
0.00606856 3.54247e-09
0.00615846 3.56731e-09
0.00624837 3.5855e-09
0.00633827 3.6096e-09
0.00642818 3.63207e-09
0.00651808 3.64956e-09
0.00660799 3.65232e-09
0.00669789 3.66049e-09
0.00678779 3.67995e-09
0.0068777 3.68842e-09
0.0069676 3.69652e-09
0.00705751 3.69783e-09
0.00714741 3.70501e-09
0.00723731 3.70352e-09
0.00732722 3.70322e-09
0.00741712 3.71267e-09
0.00750703 3.71185e-09
0.00759693 3.71613e-09
0.00768684 3.73299e-09
0.00777674 3.73544e-09
0.00786664 3.74415e-09
0.00795655 3.74746e-09
0.00804645 3.75485e-09
0.00813636 3.75201e-09
0.00822626 3.74584e-09
0.00831616 3.75345e-09
0.00840607 3.76552e-09
0.00849597 3.77914e-09
0.00858588 3.79052e-09
0.00867578 3.80338e-09
0.00876569 3.82305e-09
0.00885559 3.84476e-09
0.00894549 3.8623e-09
0.0090354 3.88563e-09
0.0091253 3.90648e-09
0.00921521 3.94416e-09
0.00930511 3.97021e-09
0.00939501 4.00951e-09
0.00948492 4.04238e-09
0.00957482 4.07678e-09
0.00966473 4.10681e-09
0.00975463 4.14554e-09
0.00984453 4.18468e-09
0.00993444 4.2167e-09
0.0100243 4.24602e-09
0.0101142 4.27037e-09
0.0102042 4.304e-09
0.0102941 4.3287e-09
0.010384 4.36118e-09
0.0104739 4.40415e-09
0.0105638 4.43202e-09
0.0106537 4.46275e-09
0.0107436 4.48916e-09
0.0108335 4.50539e-09
0.0109234 4.53466e-09
0.0110133 4.55454e-09
0.0111032 4.56755e-09
0.0111931 4.58217e-09
0.011283 4.60376e-09
0.0113729 4.62895e-09
0.0114628 4.64457e-09
0.0115527 4.66785e-09
0.0116426 4.68067e-09
0.0117325 4.69219e-09
0.0118224 4.7074e-09
0.0119123 4.72655e-09
0.0120022 4.74253e-09
0.0120921 4.75997e-09
0.012182 4.77704e-09
0.0122719 4.79955e-09
0.0123619 4.8305e-09
0.0124518 4.86012e-09
0.0125417 4.89145e-09
0.0126316 4.93113e-09
0.0127215 4.96591e-09
0.0128114 5.00904e-09
0.0129013 5.04687e-09
0.0129912 5.09299e-09
0.0130811 5.13902e-09
0.013171 5.19901e-09
0.0132609 5.25839e-09
0.0133508 5.3166e-09
0.0134407 5.39571e-09
0.0135306 5.4652e-09
0.0136205 5.54695e-09
0.0137104 5.63031e-09
0.0138003 5.72474e-09
0.0138902 5.81891e-09
0.0139801 5.91095e-09
0.01407 6.00238e-09
0.0141599 6.08727e-09
0.0142498 6.18481e-09
0.0143397 6.27826e-09
0.0144296 6.37611e-09
0.0145196 6.4795e-09
0.0146095 6.58274e-09
0.0146994 6.68817e-09
0.0147893 6.79282e-09
0.0148792 6.90516e-09
0.0149691 7.02127e-09
0.015059 7.13104e-09
0.0151489 7.22662e-09
0.0152388 7.31188e-09
0.0153287 7.40025e-09
0.0154186 7.49333e-09
0.0155085 7.58023e-09
0.0155984 7.66429e-09
0.0156883 7.74872e-09
0.0157782 7.83379e-09
0.0158681 7.91191e-09
0.015958 7.99317e-09
0.0160479 8.06995e-09
0.0161378 8.1371e-09
0.0162277 8.21041e-09
0.0163176 8.26964e-09
0.0164075 8.32838e-09
0.0164974 8.38487e-09
0.0165873 8.45197e-09
0.0166773 8.50603e-09
0.0167672 8.5507e-09
0.0168571 8.6022e-09
0.016947 8.64983e-09
0.0170369 8.69341e-09
0.0171268 8.74711e-09
0.0172167 8.79522e-09
0.0173066 8.85257e-09
0.0173965 8.89854e-09
0.0174864 8.93646e-09
0.0175763 8.96851e-09
0.0176662 8.99186e-09
0.0177561 9.03232e-09
0.017846 9.07397e-09
0.0179359 9.11216e-09
0.0180258 9.15708e-09
0.0181157 9.2022e-09
0.0182056 9.24244e-09
0.0182955 9.30143e-09
0.0183854 9.36217e-09
0.0184753 9.42738e-09
0.0185652 9.48701e-09
0.0186551 9.54935e-09
0.018745 9.60934e-09
0.0188349 9.6755e-09
0.0189249 9.74234e-09
0.0190148 9.79885e-09
0.0191047 9.86403e-09
0.0191946 9.94683e-09
0.0192845 1.00293e-08
0.0193744 1.00905e-08
0.0194643 1.01675e-08
0.0195542 1.02436e-08
0.0196441 1.03368e-08
0.019734 1.04011e-08
0.0198239 1.04753e-08
0.0199138 1.05544e-08
0.0200037 1.06265e-08
0.0200936 1.06959e-08
0.0201835 1.07688e-08
0.0202734 1.08412e-08
0.0203633 1.09116e-08
0.0204532 1.09754e-08
0.0205431 1.10424e-08
0.020633 1.11097e-08
0.0207229 1.11794e-08
0.0208128 1.1259e-08
0.0209027 1.13275e-08
0.0209926 1.13814e-08
0.0210826 1.14391e-08
0.0211725 1.14941e-08
0.0212624 1.15525e-08
0.0213523 1.16235e-08
0.0214422 1.16855e-08
0.0215321 1.17448e-08
0.021622 1.18008e-08
0.0217119 1.18527e-08
0.0218018 1.19076e-08
0.0218917 1.19724e-08
0.0219816 1.20205e-08
0.0220715 1.20668e-08
0.0221614 1.21202e-08
0.0222513 1.21805e-08
0.0223412 1.22395e-08
0.0224311 1.22973e-08
0.022521 1.23642e-08
0.0226109 1.24287e-08
0.0227008 1.24926e-08
0.0227907 1.25528e-08
0.0228806 1.26162e-08
0.0229705 1.26809e-08
0.0230604 1.27376e-08
0.0231503 1.28028e-08
0.0232403 1.28798e-08
0.0233302 1.29591e-08
0.0234201 1.30276e-08
0.02351 1.30945e-08
0.0235999 1.31642e-08
0.0236898 1.32402e-08
0.0237797 1.33146e-08
0.0238696 1.33933e-08
0.0239595 1.34765e-08
0.0240494 1.35559e-08
0.0241393 1.36307e-08
0.0242292 1.37033e-08
0.0243191 1.37821e-08
0.024409 1.38594e-08
0.0244989 1.3948e-08
0.0245888 1.40156e-08
0.0246787 1.40983e-08
0.0247686 1.41789e-08
0.0248585 1.42594e-08
0.0249484 1.43464e-08
0.0250383 1.4421e-08
0.0251282 1.4502e-08
0.0252181 1.45764e-08
0.025308 1.46461e-08
0.025398 1.47172e-08
0.0254879 1.47862e-08
0.0255778 1.48408e-08
0.0256677 1.49251e-08
0.0257576 1.50155e-08
0.0258475 1.50956e-08
0.0259374 1.51758e-08
0.0260273 1.52738e-08
0.0261172 1.53626e-08
0.0262071 1.54393e-08
0.026297 1.55202e-08
0.0263869 1.56005e-08
0.0264768 1.56819e-08
0.0265667 1.57679e-08
0.0266566 1.58472e-08
0.0267465 1.59399e-08
0.0268364 1.60316e-08
0.0269263 1.61112e-08
0.0270162 1.61984e-08
0.0271061 1.6269e-08
0.027196 1.63527e-08
0.0272859 1.64418e-08
0.0273758 1.65269e-08
0.0274657 1.66159e-08
0.0275557 1.67057e-08
0.0276456 1.67852e-08
0.0277355 1.68668e-08
0.0278254 1.69528e-08
0.0279153 1.70393e-08
0.0280052 1.71276e-08
0.0280951 1.72138e-08
0.028185 1.73009e-08
0.0282749 1.73908e-08
0.0283648 1.74907e-08
0.0284547 1.75854e-08
0.0285446 1.76808e-08
0.0286345 1.77765e-08
0.0287244 1.7868e-08
0.0288143 1.79465e-08
0.0289042 1.80315e-08
0.0289941 1.81218e-08
0.029084 1.82117e-08
0.0291739 1.83065e-08
0.0292638 1.84019e-08
0.0293537 1.85008e-08
0.0294436 1.86051e-08
0.0295335 1.87052e-08
0.0296234 1.87962e-08
0.0297134 1.88974e-08
0.0298033 1.8998e-08
0.0298932 1.90957e-08
0.0299831 1.9206e-08
0.030073 1.92965e-08
0.0301629 1.93967e-08
0.0302528 1.94764e-08
0.0303427 1.95681e-08
0.0304326 1.96692e-08
0.0305225 1.97828e-08
0.0306124 1.98877e-08
0.0307023 1.99894e-08
0.0307922 2.00918e-08
0.0308821 2.02062e-08
0.030972 2.03342e-08
0.0310619 2.04467e-08
0.0311518 2.055e-08
0.0312417 2.06657e-08
0.0313316 2.07764e-08
0.0314215 2.08856e-08
0.0315114 2.10046e-08
0.0316013 2.11277e-08
0.0316912 2.12424e-08
0.0317811 2.13783e-08
0.0318711 2.15221e-08
0.031961 2.16417e-08
0.0320509 2.17649e-08
0.0321408 2.18776e-08
0.0322307 2.19958e-08
0.0323206 2.21172e-08
0.0324105 2.22288e-08
0.0325004 2.23476e-08
0.0325903 2.24607e-08
0.0326802 2.25645e-08
0.0327701 2.26692e-08
0.03286 2.27855e-08
0.0329499 2.28925e-08
0.0330398 2.3004e-08
0.0331297 2.31133e-08
0.0332196 2.32208e-08
0.0333095 2.33257e-08
0.0333994 2.34386e-08
0.0334893 2.35393e-08
0.0335792 2.36339e-08
0.0336691 2.37254e-08
0.033759 2.38017e-08
0.0338489 2.3889e-08
0.0339388 2.39756e-08
0.0340288 2.40697e-08
0.0341187 2.41604e-08
0.0342086 2.42461e-08
0.0342985 2.43281e-08
0.0343884 2.44073e-08
0.0344783 2.44926e-08
0.0345682 2.45713e-08
0.0346581 2.46524e-08
0.034748 2.47305e-08
0.0348379 2.48087e-08
0.0349278 2.48957e-08
0.0350177 2.49968e-08
0.0351076 2.5088e-08
0.0351975 2.51619e-08
0.0352874 2.52402e-08
0.0353773 2.53154e-08
0.0354672 2.53806e-08
0.0355571 2.54408e-08
0.035647 2.55158e-08
0.0357369 2.55874e-08
0.0358268 2.56706e-08
0.0359167 2.57628e-08
0.0360066 2.58522e-08
0.0360965 2.59415e-08
0.0361865 2.60422e-08
0.0362764 2.6129e-08
0.0363663 2.62252e-08
0.0364562 2.63091e-08
0.0365461 2.64235e-08
0.036636 2.65284e-08
0.0367259 2.66136e-08
0.0368158 2.66981e-08
0.0369057 2.67784e-08
0.0369956 2.68583e-08
0.0370855 2.69458e-08
0.0371754 2.70331e-08
0.0372653 2.71253e-08
0.0373552 2.72214e-08
0.0374451 2.73152e-08
0.037535 2.7419e-08
0.0376249 2.75329e-08
0.0377148 2.76421e-08
0.0378047 2.77532e-08
0.0378946 2.78558e-08
0.0379845 2.79444e-08
0.0380744 2.80361e-08
0.0381643 2.81227e-08
0.0382542 2.82181e-08
0.0383441 2.83281e-08
0.0384341 2.84347e-08
0.038524 2.85334e-08
0.0386139 2.86337e-08
0.0387038 2.87313e-08
0.0387937 2.88468e-08
0.0388836 2.89708e-08
0.0389735 2.90817e-08
0.0390634 2.92053e-08
0.0391533 2.93241e-08
0.0392432 2.94335e-08
0.0393331 2.95484e-08
0.039423 2.96556e-08
0.0395129 2.97644e-08
0.0396028 2.98692e-08
0.0396927 2.99982e-08
0.0397826 3.01325e-08
0.0398725 3.02547e-08
0.0399624 3.03703e-08
0.0400523 3.04827e-08
0.0401422 3.05996e-08
0.0402321 3.07236e-08
0.040322 3.08469e-08
0.0404119 3.09377e-08
0.0405018 3.10397e-08
0.0405918 3.1146e-08
0.0406817 3.12668e-08
0.0407716 3.13734e-08
0.0408615 3.14856e-08
0.0409514 3.16018e-08
0.0410413 3.17171e-08
0.0411312 3.18125e-08
0.0412211 3.19099e-08
0.041311 3.20022e-08
0.0414009 3.21069e-08
0.0414908 3.22076e-08
0.0415807 3.23061e-08
0.0416706 3.23943e-08
0.0417605 3.24775e-08
0.0418504 3.25608e-08
0.0419403 3.2638e-08
0.0420302 3.27421e-08
0.0421201 3.28294e-08
0.04221 3.29297e-08
0.0422999 3.30216e-08
0.0423898 3.31033e-08
0.0424797 3.31973e-08
0.0425696 3.32876e-08
0.0426595 3.33772e-08
0.0427495 3.34398e-08
0.0428394 3.35283e-08
0.0429293 3.36227e-08
0.0430192 3.37035e-08
0.0431091 3.37787e-08
0.043199 3.3861e-08
0.0432889 3.39411e-08
0.0433788 3.40152e-08
0.0434687 3.40915e-08
0.0435586 3.41295e-08
0.0436485 3.41783e-08
0.0437384 3.42341e-08
0.0438283 3.43019e-08
0.0439182 3.43609e-08
0.0440081 3.44261e-08
0.044098 3.44756e-08
0.0441879 3.45251e-08
0.0442778 3.45606e-08
0.0443677 3.45886e-08
0.0444576 3.46037e-08
0.0445475 3.46398e-08
0.0446374 3.46789e-08
0.0447273 3.47253e-08
0.0448172 3.47628e-08
0.0449072 3.48158e-08
0.0449971 3.48803e-08
0.045087 3.49384e-08
0.0451769 3.49999e-08
0.0452668 3.5044e-08
0.0453567 3.50879e-08
0.0454466 3.51381e-08
0.0455365 3.51851e-08
0.0456264 3.52387e-08
0.0457163 3.529e-08
0.0458062 3.53439e-08
0.0458961 3.53828e-08
0.045986 3.54412e-08
0.0460759 3.55163e-08
0.0461658 3.55826e-08
0.0462557 3.56431e-08
0.0463456 3.57137e-08
0.0464355 3.57805e-08
0.0465254 3.58732e-08
0.0466153 3.59546e-08
0.0467052 3.60101e-08
0.0467951 3.60685e-08
0.046885 3.61312e-08
0.0469749 3.62085e-08
0.0470649 3.6271e-08
0.0471548 3.63464e-08
0.0472447 3.64127e-08
0.0473346 3.6473e-08
0.0474245 3.65235e-08
0.0475144 3.65806e-08
0.0476043 3.66453e-08
0.0476942 3.67113e-08
0.0477841 3.6796e-08
0.047874 3.68677e-08
0.0479639 3.69497e-08
0.0480538 3.70193e-08
0.0481437 3.70986e-08
0.0482336 3.71805e-08
0.0483235 3.72643e-08
0.0484134 3.73426e-08
0.0485033 3.74026e-08
0.0485932 3.74671e-08
0.0486831 3.75338e-08
0.048773 3.76016e-08
0.0488629 3.76755e-08
0.0489528 3.7739e-08
0.0490427 3.77946e-08
0.0491326 3.78632e-08
0.0492226 3.79487e-08
0.0493125 3.80225e-08
0.0494024 3.80909e-08
0.0494923 3.81603e-08
0.0495822 3.8242e-08
0.0496721 3.83355e-08
0.049762 3.84343e-08
0.0498519 3.84943e-08
0.0499418 3.8572e-08
0.0500317 3.86293e-08
0.0501216 3.87211e-08
0.0502115 3.88153e-08
0.0503014 3.89069e-08
0.0503913 3.89862e-08
0.0504812 3.90614e-08
0.0505711 3.91363e-08
0.050661 3.92246e-08
0.0507509 3.93034e-08
0.0508408 3.93939e-08
0.0509307 3.94993e-08
0.0510206 3.95899e-08
0.0511105 3.96897e-08
0.0512004 3.9791e-08
0.0512903 3.99024e-08
0.0513803 4.00215e-08
0.0514702 4.01351e-08
0.0515601 4.02498e-08
0.05165 4.03534e-08
0.0517399 4.04684e-08
0.0518298 4.05652e-08
0.0519197 4.06823e-08
0.0520096 4.08018e-08
0.0520995 4.09055e-08
0.0521894 4.10017e-08
0.0522793 4.11087e-08
0.0523692 4.12346e-08
0.0524591 4.13608e-08
0.052549 4.14973e-08
0.0526389 4.16357e-08
0.0527288 4.17763e-08
0.0528187 4.19193e-08
0.0529086 4.20833e-08
0.0529985 4.21925e-08
0.0530884 4.2315e-08
0.0531783 4.24285e-08
0.0532682 4.25474e-08
0.0533581 4.26659e-08
0.053448 4.27731e-08
0.053538 4.28834e-08
0.0536279 4.2976e-08
0.0537178 4.30803e-08
0.0538077 4.3182e-08
0.0538976 4.32739e-08
0.0539875 4.33688e-08
0.0540774 4.3455e-08
0.0541673 4.35328e-08
0.0542572 4.36082e-08
0.0543471 4.36769e-08
0.054437 4.3743e-08
0.0545269 4.38277e-08
0.0546168 4.3919e-08
0.0547067 4.40064e-08
0.0547966 4.40733e-08
0.0548865 4.41418e-08
0.0549764 4.41874e-08
0.0550663 4.4252e-08
0.0551562 4.43259e-08
0.0552461 4.4379e-08
0.055336 4.4405e-08
0.0554259 4.44265e-08
0.0555158 4.4465e-08
0.0556057 4.44869e-08
0.0556956 4.4499e-08
0.0557856 4.45134e-08
0.0558755 4.45359e-08
0.0559654 4.4575e-08
0.0560553 4.46396e-08
0.0561452 4.46696e-08
0.0562351 4.47129e-08
0.056325 4.47526e-08
0.0564149 4.48001e-08
0.0565048 4.48371e-08
0.0565947 4.48836e-08
0.0566846 4.49188e-08
0.0567745 4.4962e-08
0.0568644 4.4989e-08
0.0569543 4.50457e-08
0.0570442 4.51048e-08
0.0571341 4.51748e-08
0.057224 4.52399e-08
0.0573139 4.53004e-08
0.0574038 4.5384e-08
0.0574937 4.54718e-08
0.0575836 4.55413e-08
0.0576735 4.56296e-08
0.0577634 4.57409e-08
0.0578533 4.58658e-08
0.0579433 4.59835e-08
0.0580332 4.61018e-08
0.0581231 4.61969e-08
0.058213 4.63009e-08
0.0583029 4.64181e-08
0.0583928 4.65388e-08
0.0584827 4.6654e-08
0.0585726 4.67643e-08
0.0586625 4.68884e-08
0.0587524 4.70085e-08
0.0588423 4.70946e-08
0.0589322 4.72021e-08
0.0590221 4.73336e-08
0.059112 4.74544e-08
0.0592019 4.75997e-08
0.0592918 4.77262e-08
0.0593817 4.78534e-08
0.0594716 4.79741e-08
0.0595615 4.81119e-08
0.0596514 4.82633e-08
0.0597413 4.84243e-08
0.0598312 4.85366e-08
0.0599211 4.86616e-08
0.060011 4.87755e-08
0.060101 4.88707e-08
0.0601909 4.89711e-08
0.0602808 4.90891e-08
0.0603707 4.91722e-08
0.0604606 4.92702e-08
0.0605505 4.93507e-08
0.0606404 4.9434e-08
0.0607303 4.95002e-08
0.0608202 4.95749e-08
0.0609101 4.96766e-08
0.061 4.97748e-08
0.0610899 4.98745e-08
0.0611798 4.99818e-08
0.0612697 5.00896e-08
0.0613596 5.02018e-08
0.0614495 5.03165e-08
0.0615394 5.0441e-08
0.0616293 5.05584e-08
0.0617192 5.06642e-08
0.0618091 5.07597e-08
0.061899 5.08249e-08
0.0619889 5.08886e-08
0.0620788 5.0964e-08
0.0621687 5.10432e-08
0.0622587 5.11261e-08
0.0623486 5.11972e-08
0.0624385 5.12979e-08
0.0625284 5.14018e-08
0.0626183 5.15304e-08
0.0627082 5.16759e-08
0.0627981 5.17933e-08
0.062888 5.19157e-08
0.0629779 5.20276e-08
0.0630678 5.21496e-08
0.0631577 5.22576e-08
0.0632476 5.23519e-08
0.0633375 5.24667e-08
0.0634274 5.26101e-08
0.0635173 5.27005e-08
0.0636072 5.27792e-08
0.0636971 5.28436e-08
0.063787 5.29396e-08
0.0638769 5.30142e-08
0.0639668 5.30727e-08
0.0640567 5.31485e-08
0.0641466 5.3218e-08
0.0642365 5.32917e-08
0.0643264 5.33616e-08
0.0644164 5.34403e-08
0.0645063 5.35102e-08
0.0645962 5.35569e-08
0.0646861 5.36064e-08
0.064776 5.36734e-08
0.0648659 5.374e-08
0.0649558 5.3748e-08
0.0650457 5.37805e-08
0.0651356 5.38108e-08
0.0652255 5.38402e-08
0.0653154 5.38519e-08
0.0654053 5.38795e-08
0.0654952 5.38511e-08
0.0655851 5.38711e-08
0.065675 5.39144e-08
0.0657649 5.39503e-08
0.0658548 5.39812e-08
0.0659447 5.40089e-08
0.0660346 5.40531e-08
0.0661245 5.40919e-08
0.0662144 5.41083e-08
0.0663043 5.4119e-08
0.0663942 5.41246e-08
0.0664841 5.40913e-08
0.0665741 5.40501e-08
0.066664 5.40071e-08
0.0667539 5.39691e-08
0.0668438 5.39059e-08
0.0669337 5.3819e-08
0.0670236 5.37787e-08
0.0671135 5.37416e-08
0.0672034 5.36595e-08
0.0672933 5.36073e-08
0.0673832 5.35411e-08
0.0674731 5.35068e-08
0.067563 5.34607e-08
0.0676529 5.34219e-08
0.0677428 5.33843e-08
0.0678327 5.33671e-08
0.0679226 5.33386e-08
0.0680125 5.33384e-08
0.0681024 5.33426e-08
0.0681923 5.33518e-08
0.0682822 5.34114e-08
0.0683721 5.34622e-08
0.068462 5.34832e-08
0.0685519 5.35168e-08
0.0686418 5.35451e-08
0.0687318 5.35574e-08
0.0688217 5.3515e-08
0.0689116 5.34903e-08
0.0690015 5.3437e-08
0.0690914 5.33771e-08
0.0691813 5.33174e-08
0.0692712 5.32675e-08
0.0693611 5.32034e-08
0.069451 5.31467e-08
0.0695409 5.31007e-08
0.0696308 5.30524e-08
0.0697207 5.29889e-08
0.0698106 5.29773e-08
0.0699005 5.29622e-08
0.0699904 5.29456e-08
0.0700803 5.29196e-08
0.0701702 5.29227e-08
0.0702601 5.29395e-08
0.07035 5.29345e-08
0.0704399 5.29307e-08
0.0705298 5.29266e-08
0.0706197 5.29172e-08
0.0707096 5.29058e-08
0.0707995 5.29146e-08
0.0708895 5.29471e-08
0.0709794 5.29397e-08
0.0710693 5.29217e-08
0.0711592 5.28993e-08
0.0712491 5.29133e-08
0.071339 5.29445e-08
0.0714289 5.30192e-08
0.0715188 5.30788e-08
0.0716087 5.31471e-08
0.0716986 5.32219e-08
0.0717885 5.33589e-08
0.0718784 5.34652e-08
0.0719683 5.35492e-08
0.0720582 5.36518e-08
0.0721481 5.37541e-08
0.072238 5.38747e-08
0.0723279 5.39825e-08
0.0724178 5.40895e-08
0.0725077 5.41511e-08
0.0725976 5.42303e-08
0.0726875 5.43012e-08
0.0727774 5.43837e-08
0.0728673 5.44639e-08
0.0729572 5.45487e-08
0.0730472 5.46219e-08
0.0731371 5.46978e-08
0.073227 5.48021e-08
0.0733169 5.48908e-08
0.0734068 5.4956e-08
0.0734967 5.50849e-08
0.0735866 5.5186e-08
0.0736765 5.52913e-08
0.0737664 5.53632e-08
0.0738563 5.54365e-08
0.0739462 5.54936e-08
0.0740361 5.55604e-08
0.074126 5.56084e-08
0.0742159 5.56457e-08
0.0743058 5.56852e-08
0.0743957 5.57338e-08
0.0744856 5.57498e-08
0.0745755 5.57453e-08
0.0746654 5.57443e-08
0.0747553 5.57675e-08
0.0748452 5.57866e-08
0.0749351 5.58032e-08
0.075025 5.58301e-08
0.0751149 5.59096e-08
0.0752048 5.59793e-08
0.0752948 5.6083e-08
0.0753847 5.61243e-08
0.0754746 5.61993e-08
0.0755645 5.62264e-08
0.0756544 5.62607e-08
0.0757443 5.63174e-08
0.0758342 5.63395e-08
0.0759241 5.63398e-08
0.076014 5.63875e-08
0.0761039 5.64109e-08
0.0761938 5.64259e-08
0.0762837 5.64487e-08
0.0763736 5.64357e-08
0.0764635 5.64346e-08
0.0765534 5.64017e-08
0.0766433 5.63773e-08
0.0767332 5.63313e-08
0.0768231 5.62661e-08
0.076913 5.62019e-08
0.0770029 5.61398e-08
0.0770928 5.60997e-08
0.0771827 5.59947e-08
0.0772726 5.58859e-08
0.0773625 5.57936e-08
0.0774525 5.5699e-08
0.0775424 5.55673e-08
0.0776323 5.54595e-08
0.0777222 5.53423e-08
0.0778121 5.52527e-08
0.077902 5.51193e-08
0.0779919 5.50023e-08
0.0780818 5.48357e-08
0.0781717 5.46787e-08
0.0782616 5.45776e-08
0.0783515 5.44988e-08
0.0784414 5.43711e-08
0.0785313 5.42848e-08
0.0786212 5.4192e-08
0.0787111 5.4142e-08
0.078801 5.41064e-08
0.0788909 5.40385e-08
0.0789808 5.4005e-08
0.0790707 5.40227e-08
0.0791606 5.39585e-08
0.0792505 5.39329e-08
0.0793404 5.39366e-08
0.0794303 5.39043e-08
0.0795202 5.39079e-08
0.0796102 5.38588e-08
0.0797001 5.38312e-08
0.07979 5.37466e-08
0.0798799 5.3707e-08
0.0799698 5.36623e-08
0.0800597 5.36124e-08
0.0801496 5.35516e-08
0.0802395 5.34654e-08
0.0803294 5.34292e-08
0.0804193 5.33479e-08
0.0805092 5.32996e-08
0.0805991 5.32513e-08
0.080689 5.32392e-08
0.0807789 5.32984e-08
0.0808688 5.32857e-08
0.0809587 5.32687e-08
0.0810486 5.32706e-08
0.0811385 5.32906e-08
0.0812284 5.336e-08
0.0813183 5.34935e-08
0.0814082 5.34859e-08
0.0814981 5.35059e-08
0.081588 5.3467e-08
0.0816779 5.34038e-08
0.0817679 5.33582e-08
0.0818578 5.33025e-08
0.0819477 5.31483e-08
0.0820376 5.30046e-08
0.0821275 5.28161e-08
0.0822174 5.26279e-08
0.0823073 5.25918e-08
0.0823972 5.25073e-08
0.0824871 5.24617e-08
0.082577 5.24825e-08
0.0826669 5.24738e-08
0.0827568 5.25062e-08
0.0828467 5.2431e-08
0.0829366 5.2539e-08
0.0830265 5.26367e-08
0.0831164 5.27059e-08
0.0832063 5.27123e-08
0.0832962 5.27177e-08
0.0833861 5.26905e-08
0.083476 5.25864e-08
0.0835659 5.24316e-08
0.0836558 5.22867e-08
0.0837457 5.21208e-08
0.0838356 5.18907e-08
0.0839256 5.15681e-08
0.0840155 5.12754e-08
0.0841054 5.09679e-08
0.0841953 5.05544e-08
0.0842852 5.02046e-08
0.0843751 4.97146e-08
0.084465 4.91845e-08
0.0845549 4.88181e-08
0.0846448 4.84345e-08
0.0847347 4.80582e-08
0.0848246 4.77445e-08
0.0849145 4.73828e-08
0.0850044 4.70471e-08
0.0850943 4.67563e-08
0.0851842 4.64695e-08
0.0852741 4.62012e-08
0.085364 4.60132e-08
0.0854539 4.5719e-08
0.0855438 4.54582e-08
0.0856337 4.52995e-08
0.0857236 4.50284e-08
0.0858135 4.46998e-08
0.0859034 4.42972e-08
0.0859933 4.409e-08
0.0860833 4.3815e-08
0.0861732 4.36271e-08
0.0862631 4.34484e-08
0.086353 4.33615e-08
0.0864429 4.32321e-08
0.0865328 4.31515e-08
0.0866227 4.31561e-08
0.0867126 4.31575e-08
0.0868025 4.31632e-08
0.0868924 4.3203e-08
0.0869823 4.3403e-08
0.0870722 4.36391e-08
0.0871621 4.38673e-08
0.087252 4.40879e-08
0.0873419 4.43868e-08
0.0874318 4.44885e-08
0.0875217 4.47255e-08
0.0876116 4.49469e-08
0.0877015 4.50446e-08
0.0877914 4.52254e-08
0.0878813 4.541e-08
0.0879712 4.55133e-08
0.0880611 4.5581e-08
0.088151 4.56323e-08
0.088241 4.56184e-08
0.0883309 4.55949e-08
0.0884208 4.55874e-08
0.0885107 4.55831e-08
0.0886006 4.5602e-08
0.0886905 4.57186e-08
0.0887804 4.58189e-08
0.0888703 4.59154e-08
0.0889602 4.60907e-08
0.0890501 4.63067e-08
0.08914 4.63639e-08
0.0892299 4.6494e-08
0.0893198 4.66863e-08
0.0894097 4.68179e-08
0.0894996 4.70332e-08
0.0895895 4.71694e-08
0.0896794 4.73301e-08
0.0897693 4.73536e-08
0.0898592 4.73537e-08
0.0899491 4.73714e-08
0.090039 4.73048e-08
0.0901289 4.72339e-08
0.0902188 4.71267e-08
0.0903087 4.69697e-08
0.0903987 4.68533e-08
0.0904886 4.66169e-08
0.0905785 4.65023e-08
0.0906684 4.63196e-08
0.0907583 4.60669e-08
0.0908482 4.60292e-08
0.0909381 4.59189e-08
0.091028 4.57649e-08
0.0911179 4.57392e-08
0.0912078 4.5724e-08
0.0912977 4.57316e-08
0.0913876 4.57725e-08
0.0914775 4.58412e-08
0.0915674 4.58038e-08
0.0916573 4.57128e-08
0.0917472 4.55563e-08
0.0918371 4.52581e-08
0.091927 4.50133e-08
0.0920169 4.47894e-08
0.0921068 4.45749e-08
0.0921967 4.41937e-08
0.0922866 4.39428e-08
0.0923765 4.36198e-08
0.0924664 4.32565e-08
0.0925564 4.30078e-08
0.0926463 4.28883e-08
0.0927362 4.27419e-08
0.0928261 4.25969e-08
0.092916 4.2523e-08
0.0930059 4.26287e-08
0.0930958 4.25668e-08
0.0931857 4.26234e-08
0.0932756 4.26579e-08
0.0933655 4.28252e-08
0.0934554 4.29078e-08
0.0935453 4.30909e-08
0.0936352 4.32067e-08
0.0937251 4.32446e-08
0.093815 4.33706e-08
0.0939049 4.36672e-08
0.0939948 4.37778e-08
0.0940847 4.38595e-08
0.0941746 4.40335e-08
0.0942645 4.40593e-08
0.0943544 4.41525e-08
0.0944443 4.42393e-08
0.0945342 4.41944e-08
0.0946241 4.40197e-08
0.094714 4.39735e-08
0.094804 4.39228e-08
0.0948939 4.39469e-08
0.0949838 4.39771e-08
0.0950737 4.39993e-08
0.0951636 4.39329e-08
0.0952535 4.39255e-08
0.0953434 4.39557e-08
0.0954333 4.38445e-08
0.0955232 4.38058e-08
0.0956131 4.39579e-08
0.095703 4.40277e-08
0.0957929 4.41327e-08
0.0958828 4.42011e-08
0.0959727 4.42592e-08
0.0960626 4.42178e-08
0.0961525 4.41252e-08
0.0962424 4.41548e-08
0.0963323 4.40101e-08
0.0964222 4.39829e-08
0.0965121 4.37453e-08
0.096602 4.35263e-08
0.0966919 4.3273e-08
0.0967818 4.30137e-08
0.0968717 4.28322e-08
0.0969617 4.27438e-08
0.0970516 4.25129e-08
0.0971415 4.24066e-08
0.0972314 4.2226e-08
0.0973213 4.20574e-08
0.0974112 4.20621e-08
0.0975011 4.20265e-08
0.097591 4.19946e-08
0.0976809 4.21374e-08
0.0977708 4.2375e-08
0.0978607 4.25346e-08
0.0979506 4.257e-08
0.0980405 4.25566e-08
0.0981304 4.25297e-08
0.0982203 4.25804e-08
0.0983102 4.27148e-08
0.0984001 4.28655e-08
0.09849 4.2912e-08
0.0985799 4.30508e-08
0.0986698 4.31682e-08
0.0987597 4.32672e-08
0.0988496 4.33468e-08
0.0989395 4.3462e-08
0.0990294 4.37072e-08
0.0991194 4.38756e-08
0.0992093 4.40865e-08
0.0992992 4.43721e-08
0.0993891 4.45428e-08
0.099479 4.4816e-08
0.0995689 4.49953e-08
0.0996588 4.53113e-08
0.0997487 4.55639e-08
0.0998386 4.58154e-08
0.0999285 4.60417e-08
0.100018 4.624e-08
0.100108 4.63587e-08
0.100198 4.64914e-08
0.100288 4.66186e-08
0.100378 4.67329e-08
0.100468 4.6829e-08
0.100558 4.68468e-08
0.100648 4.68821e-08
0.100738 4.68884e-08
0.100828 4.67896e-08
0.100917 4.66707e-08
0.101007 4.65462e-08
0.101097 4.64412e-08
0.101187 4.63196e-08
0.101277 4.62447e-08
0.101367 4.61099e-08
0.101457 4.58873e-08
0.101547 4.56388e-08
0.101637 4.54394e-08
0.101727 4.53895e-08
0.101816 4.53923e-08
0.101906 4.52054e-08
0.101996 4.50304e-08
0.102086 4.48278e-08
0.102176 4.4511e-08
0.102266 4.44428e-08
0.102356 4.42649e-08
0.102446 4.39698e-08
0.102536 4.38101e-08
0.102626 4.36694e-08
0.102716 4.35311e-08
0.102805 4.34484e-08
0.102895 4.33875e-08
0.102985 4.32694e-08
0.103075 4.32847e-08
0.103165 4.34042e-08
0.103255 4.34514e-08
0.103345 4.37388e-08
0.103435 4.38485e-08
0.103525 4.39601e-08
0.103615 4.41e-08
0.103704 4.42158e-08
0.103794 4.4349e-08
0.103884 4.43252e-08
0.103974 4.43882e-08
0.104064 4.45223e-08
0.104154 4.45081e-08
0.104244 4.44638e-08
0.104334 4.4443e-08
0.104424 4.45784e-08
0.104514 4.4686e-08
0.104604 4.4706e-08
0.104693 4.46916e-08
0.104783 4.45669e-08
0.104873 4.43756e-08
0.104963 4.40432e-08
0.105053 4.40937e-08
0.105143 4.40608e-08
0.105233 4.41814e-08
0.105323 4.43357e-08
0.105413 4.44767e-08
0.105503 4.45345e-08
0.105592 4.4624e-08
0.105682 4.45269e-08
0.105772 4.46217e-08
0.105862 4.48153e-08
0.105952 4.48349e-08
0.106042 4.47961e-08
0.106132 4.46238e-08
0.106222 4.4462e-08
0.106312 4.41686e-08
0.106402 4.39211e-08
0.106491 4.31266e-08
0.106581 4.25022e-08
0.106671 4.21083e-08
0.106761 4.17343e-08
0.106851 4.12936e-08
0.106941 4.08225e-08
0.107031 4.02769e-08
0.107121 3.99803e-08
0.107211 3.99246e-08
0.107301 3.98152e-08
0.107391 3.97762e-08
0.10748 3.96817e-08
0.10757 3.96919e-08
0.10766 3.96476e-08
0.10775 3.96638e-08
0.10784 3.96766e-08
0.10793 3.95816e-08
0.10802 3.962e-08
0.10811 3.98132e-08
0.1082 3.96935e-08
0.10829 3.96445e-08
0.108379 3.94132e-08
0.108469 3.94143e-08
0.108559 3.94104e-08
0.108649 3.94012e-08
0.108739 3.96963e-08
0.108829 3.99359e-08
0.108919 4.0308e-08
0.109009 4.07129e-08
0.109099 4.10209e-08
0.109189 4.14747e-08
0.109279 4.19283e-08
0.109368 4.24437e-08
0.109458 4.29621e-08
0.109548 4.32539e-08
0.109638 4.35422e-08
0.109728 4.38119e-08
0.109818 4.40824e-08
0.109908 4.4237e-08
0.109998 4.42882e-08
0.110088 4.42763e-08
0.110178 4.43563e-08
0.110267 4.43045e-08
0.110357 4.38762e-08
0.110447 4.35057e-08
0.110537 4.33676e-08
0.110627 4.32022e-08
0.110717 4.30748e-08
0.110807 4.29041e-08
0.110897 4.25479e-08
0.110987 4.23982e-08
0.111077 4.22936e-08
0.111167 4.22661e-08
0.111256 4.23961e-08
0.111346 4.22458e-08
0.111436 4.22636e-08
0.111526 4.21873e-08
0.111616 4.15994e-08
0.111706 4.147e-08
0.111796 4.11647e-08
0.111886 4.09658e-08
0.111976 4.08333e-08
0.112066 4.07704e-08
0.112155 4.04885e-08
0.112245 4.08777e-08
0.112335 4.10986e-08
0.112425 4.15374e-08
0.112515 4.1882e-08
0.112605 4.25832e-08
0.112695 4.32399e-08
0.112785 4.41794e-08
0.112875 4.48715e-08
0.112965 4.51776e-08
0.113054 4.56478e-08
0.113144 4.60387e-08
0.113234 4.63301e-08
0.113324 4.63806e-08
0.113414 4.65263e-08
0.113504 4.61991e-08
0.113594 4.58815e-08
0.113684 4.53625e-08
0.113774 4.47039e-08
0.113864 4.44245e-08
0.113954 4.4033e-08
0.114043 4.37235e-08
0.114133 4.31966e-08
0.114223 4.27484e-08
0.114313 4.23375e-08
0.114403 4.11905e-08
0.114493 4.09472e-08
0.114583 4.11288e-08
0.114673 4.10255e-08
0.114763 4.11009e-08
0.114853 4.1193e-08
0.114942 4.15104e-08
0.115032 4.10604e-08
0.115122 4.02352e-08
0.115212 3.9474e-08
0.115302 3.90084e-08
0.115392 3.87906e-08
0.115482 3.86492e-08
0.115572 3.82688e-08
0.115662 3.75277e-08
0.115752 3.74798e-08
0.115842 3.72455e-08
0.115931 3.72644e-08
0.116021 3.72268e-08
0.116111 3.75921e-08
0.116201 3.83879e-08
0.116291 3.89766e-08
0.116381 3.95143e-08
0.116471 3.97499e-08
0.116561 3.99467e-08
0.116651 4.0409e-08
0.116741 4.09692e-08
0.11683 4.10324e-08
0.11692 4.09925e-08
0.11701 4.12187e-08
0.1171 4.12958e-08
0.11719 4.11491e-08
0.11728 4.09885e-08
0.11737 4.06864e-08
0.11746 3.99717e-08
0.11755 3.86891e-08
0.11764 3.82816e-08
0.11773 3.8115e-08
0.117819 3.76905e-08
0.117909 3.78862e-08
0.117999 3.80384e-08
0.118089 3.82397e-08
0.118179 3.80296e-08
0.118269 3.75951e-08
0.118359 3.72213e-08
0.118449 3.74371e-08
0.118539 3.75476e-08
0.118629 3.73955e-08
0.118718 3.71925e-08
0.118808 3.69363e-08
0.118898 3.65716e-08
0.118988 3.62521e-08
0.119078 3.55877e-08
0.119168 3.45189e-08
0.119258 3.44693e-08
0.119348 3.44879e-08
0.119438 3.43253e-08
0.119528 3.40686e-08
0.119617 3.36929e-08
0.119707 3.35536e-08
0.119797 3.41943e-08
0.119887 3.45111e-08
0.119977 3.47924e-08
0.120067 3.49012e-08
0.120157 3.53267e-08
0.120247 3.57219e-08
0.120337 3.60128e-08
0.120427 3.60366e-08
0.120517 3.64396e-08
0.120606 3.65847e-08
0.120696 3.61214e-08
0.120786 3.55283e-08
0.120876 3.48458e-08
0.120966 3.43957e-08
0.121056 3.42388e-08
0.121146 3.3746e-08
0.121236 3.29658e-08
0.121326 3.25492e-08
0.121416 3.23959e-08
0.121505 3.23827e-08
0.121595 3.23227e-08
0.121685 3.21544e-08
0.121775 3.19862e-08
0.121865 3.16293e-08
0.121955 3.17012e-08
0.122045 3.10625e-08
0.122135 3.11185e-08
0.122225 3.06159e-08
0.122315 2.94606e-08
0.122405 2.95482e-08
0.122494 2.86469e-08
0.122584 2.77436e-08
0.122674 2.7077e-08
0.122764 2.63011e-08
0.122854 2.60024e-08
0.122944 2.66089e-08
0.123034 2.67934e-08
0.123124 2.7319e-08
0.123214 2.75247e-08
0.123304 2.72478e-08
0.123393 2.72393e-08
0.123483 2.77283e-08
0.123573 2.832e-08
0.123663 2.90947e-08
0.123753 3.00642e-08
0.123843 3.10075e-08
0.123933 3.19262e-08
0.124023 3.27297e-08
0.124113 3.36473e-08
0.124203 3.43996e-08
0.124293 3.50235e-08
0.124382 3.47358e-08
0.124472 3.53303e-08
0.124562 3.5893e-08
0.124652 3.59863e-08
0.124742 3.57531e-08
0.124832 3.4721e-08
0.124922 3.4078e-08
0.125012 3.28992e-08
0.125102 3.20116e-08
0.125192 3.04578e-08
0.125281 2.89358e-08
0.125371 2.73964e-08
0.125461 2.54739e-08
0.125551 2.48091e-08
0.125641 2.38832e-08
0.125731 2.30714e-08
0.125821 2.23487e-08
0.125911 2.20517e-08
0.126001 2.17309e-08
0.126091 2.25699e-08
0.126181 2.29615e-08
0.12627 2.42902e-08
0.12636 2.5463e-08
0.12645 2.55636e-08
0.12654 2.53281e-08
0.12663 2.50013e-08
0.12672 2.46376e-08
0.12681 2.4482e-08
0.1269 2.39528e-08
0.12699 2.41373e-08
0.12708 2.38091e-08
0.127169 2.32971e-08
0.127259 2.28957e-08
0.127349 2.22532e-08
0.127439 2.207e-08
0.127529 2.07939e-08
0.127619 2.06757e-08
0.127709 2.17102e-08
0.127799 2.2318e-08
0.127889 2.33503e-08
0.127979 2.39441e-08
0.128068 2.46917e-08
0.128158 2.48128e-08
0.128248 2.57738e-08
0.128338 2.65653e-08
0.128428 2.69908e-08
0.128518 2.74636e-08
0.128608 2.76771e-08
0.128698 2.75604e-08
0.128788 2.72017e-08
0.128878 2.66943e-08
0.128968 2.58228e-08
0.129057 2.53822e-08
0.129147 2.5436e-08
0.129237 2.43918e-08
0.129327 2.31699e-08
0.129417 2.24717e-08
0.129507 2.2148e-08
0.129597 2.073e-08
0.129687 1.86351e-08
0.129777 1.81774e-08
0.129867 1.70119e-08
0.129956 1.70739e-08
0.130046 1.65712e-08
0.130136 1.67307e-08
0.130226 1.63793e-08
0.130316 1.65495e-08
0.130406 1.60901e-08
0.130496 1.54137e-08
0.130586 1.46247e-08
0.130676 1.40036e-08
0.130766 1.42972e-08
0.130856 1.53699e-08
0.130945 1.56175e-08
0.131035 1.58081e-08
0.131125 1.593e-08
0.131215 1.61356e-08
0.131305 1.57827e-08
0.131395 1.59787e-08
0.131485 1.61362e-08
0.131575 1.67508e-08
0.131665 1.66808e-08
0.131755 1.51162e-08
0.131844 1.44749e-08
0.131934 1.36015e-08
0.132024 1.23692e-08
0.132114 1.13046e-08
0.132204 1.01804e-08
0.132294 1.01713e-08
0.132384 1.07412e-08
0.132474 1.16881e-08
0.132564 1.26913e-08
0.132654 1.34884e-08
0.132744 1.41775e-08
0.132833 1.42314e-08
0.132923 1.48169e-08
0.133013 1.54666e-08
0.133103 1.70392e-08
0.133193 1.79283e-08
0.133283 1.92287e-08
0.133373 1.97374e-08
0.133463 1.93819e-08
0.133553 1.89155e-08
0.133643 1.77224e-08
0.133732 1.68009e-08
0.133822 1.55624e-08
0.133912 1.46842e-08
0.134002 1.39256e-08
0.134092 1.20961e-08
0.134182 1.04368e-08
0.134272 9.02382e-09
0.134362 7.86336e-09
0.134452 6.46574e-09
0.134542 5.91441e-09
0.134631 5.5673e-09
0.134721 5.0951e-09
0.134811 4.64544e-09
