-0.134811 2.61981e-07
-0.134721 2.6525e-07
-0.134631 2.68717e-07
-0.134542 2.7015e-07
-0.134452 2.70439e-07
-0.134362 2.7024e-07
-0.134272 2.70264e-07
-0.134182 2.70064e-07
-0.134092 2.69682e-07
-0.134002 2.68539e-07
-0.133912 2.67558e-07
-0.133822 2.66782e-07
-0.133732 2.65533e-07
-0.133642 2.64212e-07
-0.133553 2.62772e-07
-0.133463 2.62389e-07
-0.133373 2.6258e-07
-0.133283 2.63098e-07
-0.133193 2.63169e-07
-0.133103 2.63076e-07
-0.133013 2.63092e-07
-0.132923 2.63917e-07
-0.132833 2.63437e-07
-0.132743 2.63748e-07
-0.132654 2.64331e-07
-0.132564 2.65111e-07
-0.132474 2.65013e-07
-0.132384 2.63452e-07
-0.132294 2.61534e-07
-0.132204 2.59778e-07
-0.132114 2.58642e-07
-0.132024 2.58457e-07
-0.131934 2.57878e-07
-0.131844 2.57226e-07
-0.131754 2.56942e-07
-0.131665 2.56177e-07
-0.131575 2.55585e-07
-0.131485 2.55302e-07
-0.131395 2.55311e-07
-0.131305 2.55081e-07
-0.131215 2.54936e-07
-0.131125 2.55144e-07
-0.131035 2.55226e-07
-0.130945 2.54596e-07
-0.130855 2.5488e-07
-0.130766 2.55833e-07
-0.130676 2.56655e-07
-0.130586 2.57939e-07
-0.130496 2.58239e-07
-0.130406 2.57775e-07
-0.130316 2.57626e-07
-0.130226 2.57599e-07
-0.130136 2.56871e-07
-0.130046 2.5618e-07
-0.129956 2.55604e-07
-0.129867 2.55051e-07
-0.129777 2.53695e-07
-0.129687 2.52442e-07
-0.129597 2.5101e-07
-0.129507 2.49089e-07
-0.129417 2.47079e-07
-0.129327 2.45591e-07
-0.129237 2.44166e-07
-0.129147 2.42768e-07
-0.129057 2.4121e-07
-0.128967 2.39003e-07
-0.128878 2.36226e-07
-0.128788 2.36855e-07
-0.128698 2.41668e-07
-0.128608 2.45502e-07
-0.128518 2.50613e-07
-0.128428 2.54132e-07
-0.128338 2.55631e-07
-0.128248 2.55397e-07
-0.128158 2.55027e-07
-0.128068 2.54068e-07
-0.127979 2.5315e-07
-0.127889 2.52483e-07
-0.127799 2.51522e-07
-0.127709 2.49401e-07
-0.127619 2.47956e-07
-0.127529 2.46249e-07
-0.127439 2.44038e-07
-0.127349 2.40721e-07
-0.127259 2.3502e-07
-0.127169 2.30682e-07
-0.127079 2.24351e-07
-0.12699 2.17928e-07
-0.1269 2.10956e-07
-0.12681 2.08432e-07
-0.12672 1.99535e-07
-0.12663 1.74501e-07
-0.12654 1.59357e-07
-0.12645 1.54204e-07
-0.12636 1.49308e-07
-0.12627 1.47113e-07
-0.12618 1.45931e-07
-0.126091 1.45128e-07
-0.126001 1.43874e-07
-0.125911 1.42291e-07
-0.125821 1.41598e-07
-0.125731 1.41018e-07
-0.125641 1.39679e-07
-0.125551 1.38027e-07
-0.125461 1.36805e-07
-0.125371 1.35791e-07
-0.125281 1.34448e-07
-0.125191 1.32378e-07
-0.125102 1.29541e-07
-0.125012 1.27007e-07
-0.124922 1.24551e-07
-0.124832 1.22839e-07
-0.124742 1.21259e-07
-0.124652 1.19591e-07
-0.124562 1.18465e-07
-0.124472 1.17633e-07
-0.124382 1.16753e-07
-0.124292 1.16433e-07
-0.124203 1.16107e-07
-0.124113 1.15539e-07
-0.124023 1.14666e-07
-0.123933 1.13733e-07
-0.123843 1.12893e-07
-0.123753 1.11628e-07
-0.123663 1.10474e-07
-0.123573 1.09453e-07
-0.123483 1.07877e-07
-0.123393 1.06185e-07
-0.123304 1.03705e-07
-0.123214 1.00879e-07
-0.123124 9.80361e-08
-0.123034 9.61312e-08
-0.122944 9.58872e-08
-0.122854 9.50781e-08
-0.122764 9.45237e-08
-0.122674 9.3424e-08
-0.122584 9.18024e-08
-0.122494 9.02167e-08
-0.122404 9.06942e-08
-0.122315 9.86891e-08
-0.122225 7.83078e-09
-0.122135 1.73174e-08
-0.122045 1.53686e-08
-0.121955 1.37596e-08
-0.121865 1.53503e-08
-0.121775 1.65421e-08
-0.121685 1.76755e-08
-0.121595 1.89935e-08
-0.121505 2.0143e-08
-0.121416 2.01979e-08
-0.121326 2.00158e-08
-0.121236 2.04767e-08
-0.121146 2.03635e-08
-0.121056 2.19034e-08
-0.120966 2.51022e-08
-0.120876 2.7313e-08
-0.120786 2.91419e-08
-0.120696 3.08643e-08
-0.120606 3.18806e-08
-0.120516 3.15496e-08
-0.120427 3.05004e-08
-0.120337 3.01137e-08
-0.120247 2.92993e-08
-0.120157 2.82673e-08
-0.120067 2.7261e-08
-0.119977 2.46942e-08
-0.119887 2.18649e-08
-0.119797 1.93448e-08
-0.119707 1.72237e-08
-0.119617 1.52493e-08
-0.119528 1.41001e-08
-0.119438 1.30211e-08
-0.119348 1.21195e-08
-0.119258 1.08379e-08
-0.119168 1.05971e-08
-0.119078 1.01731e-08
-0.118988 9.69441e-09
-0.118898 9.03105e-09
-0.118808 8.8181e-09
-0.118718 8.53946e-09
-0.118628 8.2054e-09
-0.118539 8.34844e-09
-0.118449 8.77201e-09
-0.118359 9.37372e-09
-0.118269 9.53987e-09
-0.118179 9.32581e-09
-0.118089 8.82887e-09
-0.117999 8.86783e-09
-0.117909 9.5918e-09
-0.117819 1.03296e-08
-0.117729 1.08004e-08
-0.11764 1.10374e-08
-0.11755 1.10384e-08
-0.11746 1.03406e-08
-0.11737 9.68347e-09
-0.11728 8.49287e-09
-0.11719 7.89234e-09
-0.1171 7.45512e-09
-0.11701 7.23208e-09
-0.11692 6.37246e-09
-0.11683 5.97874e-09
-0.116741 5.75325e-09
-0.116651 5.45952e-09
-0.116561 5.22363e-09
-0.116471 5.12506e-09
-0.116381 4.39931e-09
-0.116291 3.64816e-09
-0.116201 2.95393e-09
-0.116111 2.11046e-09
-0.116021 8.78255e-10
-0.115931 -3.95609e-10
-0.115841 -2.37804e-09
-0.115752 -4.62476e-09
-0.115662 -7.203e-09
-0.115572 -9.60444e-09
-0.115482 -1.14911e-08
-0.115392 -1.25383e-08
-0.115302 -1.3031e-08
-0.115212 -1.32655e-08
-0.115122 -1.35207e-08
-0.115032 -1.32438e-08
-0.114942 -1.32086e-08
-0.114853 -1.27738e-08
-0.114763 -1.23117e-08
-0.114673 -1.27169e-08
-0.114583 -1.24065e-08
-0.114493 -1.19393e-08
-0.114403 -1.20819e-08
-0.114313 -1.30556e-08
-0.114223 -1.47873e-08
-0.114133 -1.57748e-08
-0.114043 -1.71008e-08
-0.113953 -1.94813e-08
-0.113864 -2.22338e-08
-0.113774 -2.46098e-08
-0.113684 -2.24264e-08
-0.113594 -1.76657e-08
-0.113504 -1.4597e-08
-0.113414 -1.05933e-08
-0.113324 -7.44428e-09
-0.113234 -5.60554e-09
-0.113144 -4.55131e-09
-0.113054 -3.91536e-09
-0.112965 -3.06087e-09
-0.112875 -2.57185e-09
-0.112785 -2.21861e-09
-0.112695 -2.18506e-09
-0.112605 -2.69584e-09
-0.112515 -3.15684e-09
-0.112425 -3.71612e-09
-0.112335 -4.68957e-09
-0.112245 -6.10402e-09
-0.112155 -7.20963e-09
-0.112065 -7.6444e-09
-0.111976 -8.57578e-09
-0.111886 -9.47763e-09
-0.111796 -9.96633e-09
-0.111706 -1.08649e-08
-0.111616 -1.19156e-08
-0.111526 -1.2372e-08
-0.111436 -1.30505e-08
-0.111346 -1.39105e-08
-0.111256 -1.39715e-08
-0.111166 -1.36392e-08
-0.111077 -1.30376e-08
-0.110987 -1.16044e-08
-0.110897 -1.02127e-08
-0.110807 -9.59343e-09
-0.110717 -9.38247e-09
-0.110627 -8.61493e-09
-0.110537 -7.95943e-09
-0.110447 -7.67582e-09
-0.110357 -6.70543e-09
-0.110267 -5.27687e-09
-0.110178 -4.46859e-09
-0.110088 -3.99097e-09
-0.109998 -4.33681e-09
-0.109908 -5.43291e-09
-0.109818 -5.92454e-09
-0.109728 -6.11322e-09
-0.109638 -5.79431e-09
-0.109548 -5.46124e-09
-0.109458 -4.8207e-09
-0.109368 -4.76841e-09
-0.109278 -5.09682e-09
-0.109189 -5.11461e-09
-0.109099 -4.90111e-09
-0.109009 -4.671e-09
-0.108919 -4.27667e-09
-0.108829 -3.98611e-09
-0.108739 -4.00406e-09
-0.108649 -4.36514e-09
-0.108559 -5.46441e-09
-0.108469 -7.19729e-09
-0.108379 -8.99055e-09
-0.10829 -1.04736e-08
-0.1082 -1.24129e-08
-0.10811 -1.48966e-08
-0.10802 -1.69131e-08
-0.10793 -1.81984e-08
-0.10784 -1.86444e-08
-0.10775 -1.9194e-08
-0.10766 -1.95687e-08
-0.10757 -1.97199e-08
-0.10748 -1.90114e-08
-0.10739 -1.63561e-08
-0.107301 -1.19048e-08
-0.107211 -6.62057e-09
-0.107121 -3.28041e-10
-0.107031 5.3446e-09
-0.106941 8.95178e-09
-0.106851 1.11603e-08
-0.106761 1.26589e-08
-0.106671 1.37547e-08
-0.106581 1.36789e-08
-0.106491 1.31835e-08
-0.106402 1.23487e-08
-0.106312 1.0577e-08
-0.106222 8.06384e-09
-0.106132 5.6497e-09
-0.106042 3.13547e-09
-0.105952 1.09771e-09
-0.105862 -1.95617e-10
-0.105772 -1.21974e-09
-0.105682 -1.8607e-09
-0.105592 -2.00448e-09
-0.105502 -2.1799e-09
-0.105413 -2.12444e-09
-0.105323 -2.02619e-09
-0.105233 -1.90654e-09
-0.105143 -1.83529e-09
-0.105053 -2.14214e-09
-0.104963 -2.50662e-09
-0.104873 -3.16966e-09
-0.104783 -4.0991e-09
-0.104693 -5.09587e-09
-0.104603 -6.67615e-09
-0.104514 -8.84958e-09
-0.104424 -1.05443e-08
-0.104334 -1.23934e-08
-0.104244 -1.36996e-08
-0.104154 -1.45295e-08
-0.104064 -1.5025e-08
-0.103974 -1.54728e-08
-0.103884 -1.5736e-08
-0.103794 -1.61479e-08
-0.103704 -1.64844e-08
-0.103614 -1.67997e-08
-0.103525 -1.69409e-08
-0.103435 -1.74165e-08
-0.103345 -1.81636e-08
-0.103255 -1.90738e-08
-0.103165 -2.02673e-08
-0.103075 -2.2226e-08
-0.102985 -2.40829e-08
-0.102895 -2.64833e-08
-0.102805 -2.91986e-08
-0.102715 -3.08459e-08
-0.102626 -3.23729e-08
-0.102536 -3.36472e-08
-0.102446 -3.32698e-08
-0.102356 -3.08015e-08
-0.102266 -2.71008e-08
-0.102176 -2.12356e-08
-0.102086 -1.58008e-08
-0.101996 -1.11924e-08
-0.101906 -8.16259e-09
-0.101816 -4.62167e-09
-0.101727 -2.44762e-09
-0.101637 -1.19316e-09
-0.101547 -2.08665e-10
-0.101457 7.38042e-10
-0.101367 8.80649e-10
-0.101277 -7.05699e-11
-0.101187 -1.21862e-09
-0.101097 -2.14476e-09
-0.101007 -2.66839e-09
-0.100917 -2.67634e-09
-0.100827 -2.42346e-09
-0.100738 -3.30856e-09
-0.100648 -3.02906e-09
-0.100558 -2.23965e-09
-0.100468 -1.77296e-09
-0.100378 -1.37252e-09
-0.100288 -3.94204e-10
-0.100198 6.45047e-10
-0.100108 2.08979e-09
-0.100018 3.27092e-09
-0.0999284 4.1007e-09
-0.0998385 4.91146e-09
-0.0997486 5.72304e-09
-0.0996587 6.802e-09
-0.0995688 7.28269e-09
-0.0994789 7.69456e-09
-0.099389 8.27841e-09
-0.0992991 9.21134e-09
-0.0992092 9.94652e-09
-0.0991193 1.04582e-08
-0.0990294 1.0614e-08
-0.0989395 1.11811e-08
-0.0988496 1.09912e-08
-0.0987597 1.02986e-08
-0.0986698 9.41586e-09
-0.0985799 8.50121e-09
-0.09849 8.12287e-09
-0.0984001 8.13944e-09
-0.0983102 8.33313e-09
-0.0982202 8.50919e-09
-0.0981303 8.71688e-09
-0.0980404 8.99452e-09
-0.0979505 9.24095e-09
-0.0978606 9.50895e-09
-0.0977707 9.79862e-09
-0.0976808 1.00533e-08
-0.0975909 1.04472e-08
-0.097501 1.08343e-08
-0.0974111 1.10549e-08
-0.0973212 1.10141e-08
-0.0972313 1.05166e-08
-0.0971414 9.84196e-09
-0.0970515 9.23778e-09
-0.0969616 8.4901e-09
-0.0968717 7.60345e-09
-0.0967818 6.73752e-09
-0.0966919 6.65047e-09
-0.096602 6.85949e-09
-0.0965121 7.11707e-09
-0.0964222 7.44347e-09
-0.0963323 7.90329e-09
-0.0962424 8.38221e-09
-0.0961525 9.274e-09
-0.0960626 1.01405e-08
-0.0959726 1.09623e-08
-0.0958827 1.17069e-08
-0.0957928 1.26475e-08
-0.0957029 1.34513e-08
-0.095613 1.38476e-08
-0.0955231 1.38166e-08
-0.0954332 1.36883e-08
-0.0953433 1.325e-08
-0.0952534 1.28267e-08
-0.0951635 1.23328e-08
-0.0950736 1.15914e-08
-0.0949837 1.10061e-08
-0.0948938 1.05438e-08
-0.0948039 1.01915e-08
-0.094714 9.85856e-09
-0.0946241 9.61614e-09
-0.0945342 9.49418e-09
-0.0944443 9.72564e-09
-0.0943544 9.84176e-09
-0.0942645 1.00494e-08
-0.0941746 1.01792e-08
-0.0940847 1.03685e-08
-0.0939948 1.06113e-08
-0.0939049 1.06666e-08
-0.0938149 1.0691e-08
-0.093725 1.06022e-08
-0.0936351 1.06672e-08
-0.0935452 1.06924e-08
-0.0934553 1.07897e-08
-0.0933654 1.08111e-08
-0.0932755 1.09902e-08
-0.0931856 1.11257e-08
-0.0930957 1.11685e-08
-0.0930058 1.08479e-08
-0.0929159 1.04044e-08
-0.092826 1.00108e-08
-0.0927361 9.7319e-09
-0.0926462 9.48629e-09
-0.0925563 9.16177e-09
-0.0924664 8.92208e-09
-0.0923765 8.73058e-09
-0.0922866 8.61702e-09
-0.0921967 8.53214e-09
-0.0921068 8.45896e-09
-0.0920169 8.39313e-09
-0.091927 8.49033e-09
-0.0918371 8.65513e-09
-0.0917472 8.74529e-09
-0.0916572 8.88796e-09
-0.0915673 8.86201e-09
-0.0914774 9.12312e-09
-0.0913875 9.3011e-09
-0.0912976 9.6209e-09
-0.0912077 9.89788e-09
-0.0911178 1.0119e-08
-0.0910279 1.06674e-08
-0.090938 1.14725e-08
-0.0908481 1.20859e-08
-0.0907582 1.25588e-08
-0.0906683 1.29305e-08
-0.0905784 1.33337e-08
-0.0904885 1.38663e-08
-0.0903986 1.40173e-08
-0.0903087 1.41617e-08
-0.0902188 1.41545e-08
-0.0901289 1.42995e-08
-0.090039 1.42205e-08
-0.0899491 1.40676e-08
-0.0898592 1.3739e-08
-0.0897693 1.3641e-08
-0.0896794 1.35447e-08
-0.0895895 1.33964e-08
-0.0894995 1.32239e-08
-0.0894096 1.31295e-08
-0.0893197 1.31688e-08
-0.0892298 1.32106e-08
-0.0891399 1.34304e-08
-0.08905 1.35524e-08
-0.0889601 1.3838e-08
-0.0888702 1.39704e-08
-0.0887803 1.43207e-08
-0.0886904 1.45542e-08
-0.0886005 1.48336e-08
-0.0885106 1.50229e-08
-0.0884207 1.51725e-08
-0.0883308 1.51449e-08
-0.0882409 1.52212e-08
-0.088151 1.5084e-08
-0.0880611 1.48242e-08
-0.0879712 1.47351e-08
-0.0878813 1.47134e-08
-0.0877914 1.48825e-08
-0.0877015 1.49334e-08
-0.0876116 1.50298e-08
-0.0875217 1.51406e-08
-0.0874318 1.53636e-08
-0.0873418 1.56477e-08
-0.0872519 1.61135e-08
-0.087162 1.65582e-08
-0.0870721 1.71613e-08
-0.0869822 1.76333e-08
-0.0868923 1.81008e-08
-0.0868024 1.86343e-08
-0.0867125 1.90676e-08
-0.0866226 1.94344e-08
-0.0865327 1.97236e-08
-0.0864428 2.01647e-08
-0.0863529 2.057e-08
-0.086263 2.10324e-08
-0.0861731 2.1302e-08
-0.0860832 2.14426e-08
-0.0859933 2.15887e-08
-0.0859034 2.16741e-08
-0.0858135 2.16904e-08
-0.0857236 2.17364e-08
-0.0856337 2.17349e-08
-0.0855438 2.16698e-08
-0.0854539 2.15601e-08
-0.085364 2.13525e-08
-0.0852741 2.11677e-08
-0.0851841 2.08537e-08
-0.0850942 2.0604e-08
-0.0850043 2.03663e-08
-0.0849144 2.01579e-08
-0.0848245 1.99756e-08
-0.0847346 1.97206e-08
-0.0846447 1.94292e-08
-0.0845548 1.91584e-08
-0.0844649 1.89889e-08
-0.084375 1.88291e-08
-0.0842851 1.85601e-08
-0.0841952 1.82007e-08
-0.0841053 1.78636e-08
-0.0840154 1.7483e-08
-0.0839255 1.70511e-08
-0.0838356 1.66835e-08
-0.0837457 1.63514e-08
-0.0836558 1.59831e-08
-0.0835659 1.56033e-08
-0.083476 1.5221e-08
-0.0833861 1.48149e-08
-0.0832962 1.44732e-08
-0.0832063 1.41469e-08
-0.0831164 1.38263e-08
-0.0830264 1.34023e-08
-0.0829365 1.30187e-08
-0.0828466 1.26191e-08
-0.0827567 1.22349e-08
-0.0826668 1.19957e-08
-0.0825769 1.18709e-08
-0.082487 1.17945e-08
-0.0823971 1.17488e-08
-0.0823072 1.16762e-08
-0.0822173 1.16676e-08
-0.0821274 1.18772e-08
-0.0820375 1.21053e-08
-0.0819476 1.23658e-08
-0.0818577 1.2589e-08
-0.0817678 1.2785e-08
-0.0816779 1.30115e-08
-0.081588 1.31698e-08
-0.0814981 1.33075e-08
-0.0814082 1.33953e-08
-0.0813183 1.36688e-08
-0.0812284 1.39996e-08
-0.0811385 1.4356e-08
-0.0810486 1.47098e-08
-0.0809587 1.51199e-08
-0.0808687 1.55124e-08
-0.0807788 1.60478e-08
-0.0806889 1.65335e-08
-0.080599 1.70779e-08
-0.0805091 1.76114e-08
-0.0804192 1.81399e-08
-0.0803293 1.87049e-08
-0.0802394 1.91059e-08
-0.0801495 1.95887e-08
-0.0800596 1.9855e-08
-0.0799697 2.01215e-08
-0.0798798 2.03921e-08
-0.0797899 2.05248e-08
-0.0797 2.06484e-08
-0.0796101 2.06446e-08
-0.0795202 2.05677e-08
-0.0794303 2.05973e-08
-0.0793404 2.04819e-08
-0.0792505 2.03771e-08
-0.0791606 2.0307e-08
-0.0790707 2.0152e-08
-0.0789808 1.99455e-08
-0.0788909 1.96365e-08
-0.078801 1.93958e-08
-0.078711 1.90689e-08
-0.0786211 1.87518e-08
-0.0785312 1.84571e-08
-0.0784413 1.81638e-08
-0.0783514 1.78764e-08
-0.0782615 1.75772e-08
-0.0781716 1.72136e-08
-0.0780817 1.6912e-08
-0.0779918 1.6539e-08
-0.0779019 1.61853e-08
-0.077812 1.57686e-08
-0.0777221 1.53581e-08
-0.0776322 1.50073e-08
-0.0775423 1.47944e-08
-0.0774524 1.47143e-08
-0.0773625 1.46902e-08
-0.0772726 1.466e-08
-0.0771827 1.46808e-08
-0.0770928 1.46142e-08
-0.0770029 1.4628e-08
-0.076913 1.47354e-08
-0.0768231 1.49324e-08
-0.0767332 1.50732e-08
-0.0766433 1.51388e-08
-0.0765534 1.51359e-08
-0.0764634 1.50952e-08
-0.0763735 1.50199e-08
-0.0762836 1.49339e-08
-0.0761937 1.48159e-08
-0.0761038 1.475e-08
-0.0760139 1.45983e-08
-0.075924 1.44766e-08
-0.0758341 1.44941e-08
-0.0757442 1.45375e-08
-0.0756543 1.45648e-08
-0.0755644 1.4551e-08
-0.0754745 1.45221e-08
-0.0753846 1.44197e-08
-0.0752947 1.41639e-08
-0.0752048 1.38866e-08
-0.0751149 1.36016e-08
-0.075025 1.33651e-08
-0.0749351 1.31516e-08
-0.0748452 1.28674e-08
-0.0747553 1.25524e-08
-0.0746654 1.21736e-08
-0.0745755 1.18043e-08
-0.0744856 1.15408e-08
-0.0743957 1.13566e-08
-0.0743057 1.11764e-08
-0.0742158 1.09214e-08
-0.0741259 1.06253e-08
-0.074036 1.03291e-08
-0.0739461 1.00211e-08
-0.0738562 9.77271e-09
-0.0737663 9.55794e-09
-0.0736764 9.40191e-09
-0.0735865 9.23212e-09
-0.0734966 8.98862e-09
-0.0734067 8.76656e-09
-0.0733168 8.50772e-09
-0.0732269 8.28996e-09
-0.073137 8.12555e-09
-0.0730471 7.91117e-09
-0.0729572 7.56998e-09
-0.0728673 7.24229e-09
-0.0727774 6.95301e-09
-0.0726875 6.70113e-09
-0.0725976 6.44739e-09
-0.0725077 6.33607e-09
-0.0724178 6.23833e-09
-0.0723279 6.05187e-09
-0.072238 5.85079e-09
-0.072148 5.69586e-09
-0.0720581 5.65325e-09
-0.0719682 5.61739e-09
-0.0718783 5.57984e-09
-0.0717884 5.5263e-09
-0.0716985 5.34342e-09
-0.0716086 5.15814e-09
-0.0715187 4.98033e-09
-0.0714288 4.93748e-09
-0.0713389 5.03862e-09
-0.071249 5.20287e-09
-0.0711591 5.46317e-09
-0.0710692 5.79409e-09
-0.0709793 6.1366e-09
-0.0708894 6.58592e-09
-0.0707995 6.97023e-09
-0.0707096 7.31848e-09
-0.0706197 7.63983e-09
-0.0705298 7.94118e-09
-0.0704399 8.19042e-09
-0.07035 8.32525e-09
-0.0702601 8.54804e-09
-0.0701702 8.82648e-09
-0.0700803 9.14524e-09
-0.0699903 9.44552e-09
-0.0699004 9.69251e-09
-0.0698105 9.85748e-09
-0.0697206 9.94759e-09
-0.0696307 1.01175e-08
-0.0695408 1.04807e-08
-0.0694509 1.08569e-08
-0.069361 1.12545e-08
-0.0692711 1.15481e-08
-0.0691812 1.18135e-08
-0.0690913 1.20057e-08
-0.0690014 1.21403e-08
-0.0689115 1.22202e-08
-0.0688216 1.22766e-08
-0.0687317 1.23518e-08
-0.0686418 1.24642e-08
-0.0685519 1.24925e-08
-0.068462 1.24039e-08
-0.0683721 1.22609e-08
-0.0682822 1.21064e-08
-0.0681923 1.19407e-08
-0.0681024 1.17777e-08
-0.0680125 1.15739e-08
-0.0679226 1.14286e-08
-0.0678326 1.12635e-08
-0.0677427 1.11287e-08
-0.0676528 1.10571e-08
-0.0675629 1.09993e-08
-0.067473 1.08949e-08
-0.0673831 1.07084e-08
-0.0672932 1.04792e-08
-0.0672033 1.02154e-08
-0.0671134 9.9958e-09
-0.0670235 9.82607e-09
-0.0669336 9.6749e-09
-0.0668437 9.50647e-09
-0.0667538 9.23929e-09
-0.0666639 8.85206e-09
-0.066574 8.43222e-09
-0.0664841 8.00542e-09
-0.0663942 7.58378e-09
-0.0663043 7.18219e-09
-0.0662144 6.8328e-09
-0.0661245 6.49413e-09
-0.0660346 6.16224e-09
-0.0659447 5.86997e-09
-0.0658548 5.55609e-09
-0.0657649 5.25671e-09
-0.0656749 4.97096e-09
-0.065585 4.67865e-09
-0.0654951 4.38083e-09
-0.0654052 4.08545e-09
-0.0653153 3.79128e-09
-0.0652254 3.5419e-09
-0.0651355 3.35274e-09
-0.0650456 3.16277e-09
-0.0649557 2.95149e-09
-0.0648658 2.67212e-09
-0.0647759 2.33399e-09
-0.064686 2.03101e-09
-0.0645961 1.81295e-09
-0.0645062 1.69888e-09
-0.0644163 1.60524e-09
-0.0643264 1.45856e-09
-0.0642365 1.29534e-09
-0.0641466 1.1149e-09
-0.0640567 8.95298e-10
-0.0639668 7.34643e-10
-0.0638769 5.68573e-10
-0.063787 4.17007e-10
-0.0636971 2.61904e-10
-0.0636072 1.23565e-10
-0.0635172 6.39339e-11
-0.0634273 8.04446e-12
-0.0633374 -3.364e-11
-0.0632475 -5.35594e-11
-0.0631576 -3.01303e-11
-0.0630677 -2.71192e-11
-0.0629778 -3.66268e-11
-0.0628879 -1.44039e-11
-0.062798 4.81129e-11
-0.0627081 1.46863e-10
-0.0626182 1.85599e-10
-0.0625283 2.15496e-10
-0.0624384 2.25742e-10
-0.0623485 1.76272e-10
-0.0622586 1.43928e-10
-0.0621687 1.34661e-10
-0.0620788 8.60109e-11
-0.0619889 1.16291e-10
-0.061899 1.92561e-10
-0.0618091 2.65086e-10
-0.0617192 3.20937e-10
-0.0616293 2.88916e-10
-0.0615394 2.71194e-10
-0.0614495 2.59572e-10
-0.0613595 2.58993e-10
-0.0612696 2.52007e-10
-0.0611797 2.84841e-10
-0.0610898 3.21208e-10
-0.0609999 3.12914e-10
-0.06091 1.66183e-10
-0.0608201 2.73337e-11
-0.0607302 -1.10197e-10
-0.0606403 -2.86094e-10
-0.0605504 -4.20013e-10
-0.0604605 -4.96126e-10
-0.0603706 -5.93423e-10
-0.0602807 -6.27567e-10
-0.0601908 -6.59777e-10
-0.0601009 -6.9371e-10
-0.060011 -7.59675e-10
-0.0599211 -9.19136e-10
-0.0598312 -1.08662e-09
-0.0597413 -1.23364e-09
-0.0596514 -1.38893e-09
-0.0595615 -1.5331e-09
-0.0594716 -1.6362e-09
-0.0593817 -1.80282e-09
-0.0592918 -2.01571e-09
-0.0592018 -2.19219e-09
-0.0591119 -2.41721e-09
-0.059022 -2.61058e-09
-0.0589321 -2.82935e-09
-0.0588422 -3.01794e-09
-0.0587523 -3.12001e-09
-0.0586624 -3.23392e-09
-0.0585725 -3.34615e-09
-0.0584826 -3.45313e-09
-0.0583927 -3.5673e-09
-0.0583028 -3.72114e-09
-0.0582129 -3.86523e-09
-0.058123 -4.0314e-09
-0.0580331 -4.17594e-09
-0.0579432 -4.31009e-09
-0.0578533 -4.39441e-09
-0.0577634 -4.43567e-09
-0.0576735 -4.50585e-09
-0.0575836 -4.61341e-09
-0.0574937 -4.75396e-09
-0.0574038 -4.91565e-09
-0.0573139 -5.05802e-09
-0.057224 -5.17624e-09
-0.0571341 -5.24862e-09
-0.0570442 -5.30421e-09
-0.0569542 -5.37276e-09
-0.0568643 -5.46183e-09
-0.0567744 -5.51786e-09
-0.0566845 -5.59148e-09
-0.0565946 -5.7032e-09
-0.0565047 -5.82662e-09
-0.0564148 -5.94355e-09
-0.0563249 -6.08855e-09
-0.056235 -6.25007e-09
-0.0561451 -6.43185e-09
-0.0560552 -6.57915e-09
-0.0559653 -6.73744e-09
-0.0558754 -6.92588e-09
-0.0557855 -7.09052e-09
-0.0556956 -7.27756e-09
-0.0556057 -7.46857e-09
-0.0555158 -7.64317e-09
-0.0554259 -7.80982e-09
-0.055336 -7.98765e-09
-0.0552461 -8.19757e-09
-0.0551562 -8.44005e-09
-0.0550663 -8.68871e-09
-0.0549764 -8.93166e-09
-0.0548865 -9.18411e-09
-0.0547965 -9.42584e-09
-0.0547066 -9.6602e-09
-0.0546167 -9.88359e-09
-0.0545268 -1.01018e-08
-0.0544369 -1.03057e-08
-0.054347 -1.05063e-08
-0.0542571 -1.07193e-08
-0.0541672 -1.09517e-08
-0.0540773 -1.1136e-08
-0.0539874 -1.13134e-08
-0.0538975 -1.1503e-08
-0.0538076 -1.16876e-08
-0.0537177 -1.18824e-08
-0.0536278 -1.20624e-08
-0.0535379 -1.2239e-08
-0.053448 -1.24521e-08
-0.0533581 -1.2648e-08
-0.0532682 -1.283e-08
-0.0531783 -1.30392e-08
-0.0530884 -1.32251e-08
-0.0529985 -1.34262e-08
-0.0529086 -1.3642e-08
-0.0528187 -1.38366e-08
-0.0527288 -1.40564e-08
-0.0526388 -1.42695e-08
-0.0525489 -1.44773e-08
-0.052459 -1.46896e-08
-0.0523691 -1.49158e-08
-0.0522792 -1.51162e-08
-0.0521893 -1.52802e-08
-0.0520994 -1.54313e-08
-0.0520095 -1.56006e-08
-0.0519196 -1.58181e-08
-0.0518297 -1.60236e-08
-0.0517398 -1.62499e-08
-0.0516499 -1.65159e-08
-0.05156 -1.68206e-08
-0.0514701 -1.71599e-08
-0.0513802 -1.74644e-08
-0.0512903 -1.7739e-08
-0.0512004 -1.80209e-08
-0.0511105 -1.82344e-08
-0.0510206 -1.8402e-08
-0.0509307 -1.85887e-08
-0.0508408 -1.87526e-08
-0.0507509 -1.89176e-08
-0.050661 -1.90856e-08
-0.0505711 -1.92604e-08
-0.0504811 -1.94577e-08
-0.0503912 -1.96397e-08
-0.0503013 -1.98044e-08
-0.0502114 -1.99641e-08
-0.0501215 -2.01208e-08
-0.0500316 -2.02386e-08
-0.0499417 -2.03792e-08
-0.0498518 -2.05169e-08
-0.0497619 -2.06706e-08
-0.049672 -2.08438e-08
-0.0495821 -2.10138e-08
-0.0494922 -2.1158e-08
-0.0494023 -2.12902e-08
-0.0493124 -2.14299e-08
-0.0492225 -2.159e-08
-0.0491326 -2.17139e-08
-0.0490427 -2.18098e-08
-0.0489528 -2.18911e-08
-0.0488629 -2.19692e-08
-0.048773 -2.20377e-08
-0.0486831 -2.21461e-08
-0.0485932 -2.22531e-08
-0.0485033 -2.23713e-08
-0.0484134 -2.2445e-08
-0.0483234 -2.25866e-08
-0.0482335 -2.27523e-08
-0.0481436 -2.29303e-08
-0.0480537 -2.30919e-08
-0.0479638 -2.3235e-08
-0.0478739 -2.33483e-08
-0.047784 -2.34576e-08
-0.0476941 -2.35471e-08
-0.0476042 -2.36149e-08
-0.0475143 -2.36673e-08
-0.0474244 -2.37137e-08
-0.0473345 -2.37629e-08
-0.0472446 -2.38656e-08
-0.0471547 -2.39207e-08
-0.0470648 -2.40071e-08
-0.0469749 -2.40827e-08
-0.046885 -2.41358e-08
-0.0467951 -2.41733e-08
-0.0467052 -2.42422e-08
-0.0466153 -2.42674e-08
-0.0465254 -2.42549e-08
-0.0464355 -2.41715e-08
-0.0463456 -2.40729e-08
-0.0462557 -2.39145e-08
-0.0461657 -2.38185e-08
-0.0460758 -2.37026e-08
-0.0459859 -2.36263e-08
-0.045896 -2.35489e-08
-0.0458061 -2.34272e-08
-0.0457162 -2.33401e-08
-0.0456263 -2.33121e-08
-0.0455364 -2.33019e-08
-0.0454465 -2.32718e-08
-0.0453566 -2.31279e-08
-0.0452667 -2.29629e-08
-0.0451768 -2.28086e-08
-0.0450869 -2.26886e-08
-0.044997 -2.25394e-08
-0.0449071 -2.24131e-08
-0.0448172 -2.23204e-08
-0.0447273 -2.22825e-08
-0.0446374 -2.22279e-08
-0.0445475 -2.22324e-08
-0.0444576 -2.22627e-08
-0.0443677 -2.23261e-08
-0.0442778 -2.23862e-08
-0.0441879 -2.24439e-08
-0.044098 -2.24799e-08
-0.044008 -2.25238e-08
-0.0439181 -2.25635e-08
-0.0438282 -2.2607e-08
-0.0437383 -2.26883e-08
-0.0436484 -2.28013e-08
-0.0435585 -2.28949e-08
-0.0434686 -2.29824e-08
-0.0433787 -2.30502e-08
-0.0432888 -2.31435e-08
-0.0431989 -2.32402e-08
-0.043109 -2.32861e-08
-0.0430191 -2.33421e-08
-0.0429292 -2.34359e-08
-0.0428393 -2.35153e-08
-0.0427494 -2.35691e-08
-0.0426595 -2.35909e-08
-0.0425696 -2.36541e-08
-0.0424797 -2.37483e-08
-0.0423898 -2.37899e-08
-0.0422999 -2.38186e-08
-0.04221 -2.38575e-08
-0.0421201 -2.38984e-08
-0.0420302 -2.3919e-08
-0.0419403 -2.39636e-08
-0.0418503 -2.40124e-08
-0.0417604 -2.40561e-08
-0.0416705 -2.40885e-08
-0.0415806 -2.40902e-08
-0.0414907 -2.41092e-08
-0.0414008 -2.41544e-08
-0.0413109 -2.41887e-08
-0.041221 -2.41987e-08
-0.0411311 -2.42398e-08
-0.0410412 -2.43048e-08
-0.0409513 -2.43331e-08
-0.0408614 -2.43445e-08
-0.0407715 -2.43444e-08
-0.0406816 -2.43826e-08
-0.0405917 -2.43977e-08
-0.0405018 -2.43988e-08
-0.0404119 -2.43879e-08
-0.040322 -2.44518e-08
-0.0402321 -2.45239e-08
-0.0401422 -2.4584e-08
-0.0400523 -2.46656e-08
-0.0399624 -2.47559e-08
-0.0398725 -2.48278e-08
-0.0397826 -2.48851e-08
-0.0396927 -2.4959e-08
-0.0396027 -2.50956e-08
-0.0395128 -2.52226e-08
-0.0394229 -2.53203e-08
-0.039333 -2.53833e-08
-0.0392431 -2.54808e-08
-0.0391532 -2.55849e-08
-0.0390633 -2.5716e-08
-0.0389734 -2.58765e-08
-0.0388835 -2.60274e-08
-0.0387936 -2.61943e-08
-0.0387037 -2.63757e-08
-0.0386138 -2.65882e-08
-0.0385239 -2.68293e-08
-0.038434 -2.70637e-08
-0.0383441 -2.72901e-08
-0.0382542 -2.74844e-08
-0.0381643 -2.77012e-08
-0.0380744 -2.79235e-08
-0.0379845 -2.81821e-08
-0.0378946 -2.8461e-08
-0.0378047 -2.87531e-08
-0.0377148 -2.90823e-08
-0.0376249 -2.94121e-08
-0.037535 -2.97212e-08
-0.037445 -3.001e-08
-0.0373551 -3.0288e-08
-0.0372652 -3.05754e-08
-0.0371753 -3.08471e-08
-0.0370854 -3.11257e-08
-0.0369955 -3.14146e-08
-0.0369056 -3.17019e-08
-0.0368157 -3.1975e-08
-0.0367258 -3.22403e-08
-0.0366359 -3.25345e-08
-0.036546 -3.2824e-08
-0.0364561 -3.30992e-08
-0.0363662 -3.33528e-08
-0.0362763 -3.35949e-08
-0.0361864 -3.38513e-08
-0.0360965 -3.40884e-08
-0.0360066 -3.43413e-08
-0.0359167 -3.45776e-08
-0.0358268 -3.48081e-08
-0.0357369 -3.50004e-08
-0.035647 -3.51549e-08
-0.0355571 -3.53044e-08
-0.0354672 -3.54513e-08
-0.0353773 -3.55962e-08
-0.0352873 -3.571e-08
-0.0351974 -3.58141e-08
-0.0351075 -3.59156e-08
-0.0350176 -3.6016e-08
-0.0349277 -3.60871e-08
-0.0348378 -3.61498e-08
-0.0347479 -3.62291e-08
-0.034658 -3.62911e-08
-0.0345681 -3.63177e-08
-0.0344782 -3.63179e-08
-0.0343883 -3.63387e-08
-0.0342984 -3.63466e-08
-0.0342085 -3.63262e-08
-0.0341186 -3.62645e-08
-0.0340287 -3.62022e-08
-0.0339388 -3.61415e-08
-0.0338489 -3.60423e-08
-0.033759 -3.59338e-08
-0.0336691 -3.58137e-08
-0.0335792 -3.57078e-08
-0.0334893 -3.5599e-08
-0.0333994 -3.54883e-08
-0.0333095 -3.5421e-08
-0.0332196 -3.53442e-08
-0.0331296 -3.5266e-08
-0.0330397 -3.51652e-08
-0.0329498 -3.50956e-08
-0.0328599 -3.50192e-08
-0.03277 -3.49467e-08
-0.0326801 -3.48671e-08
-0.0325902 -3.48029e-08
-0.0325003 -3.47826e-08
-0.0324104 -3.47726e-08
-0.0323205 -3.47713e-08
-0.0322306 -3.4777e-08
-0.0321407 -3.47646e-08
-0.0320508 -3.47324e-08
-0.0319609 -3.4722e-08
-0.031871 -3.47044e-08
-0.0317811 -3.46992e-08
-0.0316912 -3.47356e-08
-0.0316013 -3.47743e-08
-0.0315114 -3.48388e-08
-0.0314215 -3.4911e-08
-0.0313316 -3.50123e-08
-0.0312417 -3.51073e-08
-0.0311518 -3.52071e-08
-0.0310619 -3.52827e-08
-0.0309719 -3.5368e-08
-0.030882 -3.54804e-08
-0.0307921 -3.55812e-08
-0.0307022 -3.5719e-08
-0.0306123 -3.58583e-08
-0.0305224 -3.59928e-08
-0.0304325 -3.61177e-08
-0.0303426 -3.62589e-08
-0.0302527 -3.64162e-08
-0.0301628 -3.65608e-08
-0.0300729 -3.67237e-08
-0.029983 -3.68759e-08
-0.0298931 -3.7014e-08
-0.0298032 -3.71357e-08
-0.0297133 -3.72593e-08
-0.0296234 -3.74011e-08
-0.0295335 -3.75274e-08
-0.0294436 -3.7632e-08
-0.0293537 -3.773e-08
-0.0292638 -3.78417e-08
-0.0291739 -3.79388e-08
-0.029084 -3.80348e-08
-0.0289941 -3.81349e-08
-0.0289042 -3.81832e-08
-0.0288142 -3.81632e-08
-0.0287243 -3.81229e-08
-0.0286344 -3.80948e-08
-0.0285445 -3.80757e-08
-0.0284546 -3.80093e-08
-0.0283647 -3.79175e-08
-0.0282748 -3.78453e-08
-0.0281849 -3.77405e-08
-0.028095 -3.76153e-08
-0.0280051 -3.74893e-08
-0.0279152 -3.73431e-08
-0.0278253 -3.71178e-08
-0.0277354 -3.68703e-08
-0.0276455 -3.66265e-08
-0.0275556 -3.63663e-08
-0.0274657 -3.60916e-08
-0.0273758 -3.5775e-08
-0.0272859 -3.55079e-08
-0.027196 -3.5244e-08
-0.0271061 -3.4954e-08
-0.0270162 -3.46733e-08
-0.0269263 -3.44253e-08
-0.0268364 -3.41454e-08
-0.0267465 -3.38473e-08
-0.0266565 -3.36197e-08
-0.0265666 -3.33808e-08
-0.0264767 -3.31758e-08
-0.0263868 -3.29635e-08
-0.0262969 -3.27596e-08
-0.026207 -3.25889e-08
-0.0261171 -3.24553e-08
-0.0260272 -3.23225e-08
-0.0259373 -3.22224e-08
-0.0258474 -3.21431e-08
-0.0257575 -3.20504e-08
-0.0256676 -3.20189e-08
-0.0255777 -3.20098e-08
-0.0254878 -3.202e-08
-0.0253979 -3.2055e-08
-0.025308 -3.20704e-08
-0.0252181 -3.20738e-08
-0.0251282 -3.20736e-08
-0.0250383 -3.20941e-08
-0.0249484 -3.21269e-08
-0.0248585 -3.21603e-08
-0.0247686 -3.21782e-08
-0.0246787 -3.22234e-08
-0.0245888 -3.22964e-08
-0.0244988 -3.23565e-08
-0.0244089 -3.24328e-08
-0.024319 -3.2513e-08
-0.0242291 -3.25746e-08
-0.0241392 -3.2576e-08
-0.0240493 -3.25499e-08
-0.0239594 -3.2532e-08
-0.0238695 -3.25041e-08
-0.0237796 -3.24479e-08
-0.0236897 -3.2405e-08
-0.0235998 -3.23653e-08
-0.0235099 -3.23086e-08
-0.02342 -3.22369e-08
-0.0233301 -3.2191e-08
-0.0232402 -3.21445e-08
-0.0231503 -3.20454e-08
-0.0230604 -3.19107e-08
-0.0229705 -3.17801e-08
-0.0228806 -3.1644e-08
-0.0227907 -3.1498e-08
-0.0227008 -3.13521e-08
-0.0226109 -3.12199e-08
-0.022521 -3.10612e-08
-0.0224311 -3.08627e-08
-0.0223411 -3.06503e-08
-0.0222512 -3.04805e-08
-0.0221613 -3.02462e-08
-0.0220714 -3.00004e-08
-0.0219815 -2.9799e-08
-0.0218916 -2.9601e-08
-0.0218017 -2.93983e-08
-0.0217118 -2.92009e-08
-0.0216219 -2.901e-08
-0.021532 -2.87761e-08
-0.0214421 -2.85247e-08
-0.0213522 -2.82585e-08
-0.0212623 -2.8001e-08
-0.0211724 -2.77591e-08
-0.0210825 -2.74478e-08
-0.0209926 -2.71645e-08
-0.0209027 -2.69052e-08
-0.0208128 -2.66355e-08
-0.0207229 -2.63675e-08
-0.020633 -2.61325e-08
-0.0205431 -2.58904e-08
-0.0204532 -2.561e-08
-0.0203633 -2.53486e-08
-0.0202734 -2.51105e-08
-0.0201835 -2.48759e-08
-0.0200935 -2.46555e-08
-0.0200036 -2.44318e-08
-0.0199137 -2.42215e-08
-0.0198238 -2.39836e-08
-0.0197339 -2.37506e-08
-0.019644 -2.35479e-08
-0.0195541 -2.33732e-08
-0.0194642 -2.32131e-08
-0.0193743 -2.30559e-08
-0.0192844 -2.29317e-08
-0.0191945 -2.28112e-08
-0.0191046 -2.269e-08
-0.0190147 -2.25878e-08
-0.0189248 -2.25142e-08
-0.0188349 -2.24364e-08
-0.018745 -2.23387e-08
-0.0186551 -2.22592e-08
-0.0185652 -2.21796e-08
-0.0184753 -2.2121e-08
-0.0183854 -2.20626e-08
-0.0182955 -2.20151e-08
-0.0182056 -2.19703e-08
-0.0181157 -2.19331e-08
-0.0180258 -2.18977e-08
-0.0179358 -2.18459e-08
-0.0178459 -2.18007e-08
-0.017756 -2.17489e-08
-0.0176661 -2.17251e-08
-0.0175762 -2.17054e-08
-0.0174863 -2.16992e-08
-0.0173964 -2.17055e-08
-0.0173065 -2.16923e-08
-0.0172166 -2.16721e-08
-0.0171267 -2.1649e-08
-0.0170368 -2.16413e-08
-0.0169469 -2.16156e-08
-0.016857 -2.15747e-08
-0.0167671 -2.1522e-08
-0.0166772 -2.14863e-08
-0.0165873 -2.14829e-08
-0.0164974 -2.14837e-08
-0.0164075 -2.15081e-08
-0.0163176 -2.15284e-08
-0.0162277 -2.15343e-08
-0.0161378 -2.15206e-08
-0.0160479 -2.15037e-08
-0.015958 -2.14838e-08
-0.0158681 -2.14468e-08
-0.0157781 -2.14002e-08
-0.0156882 -2.1353e-08
-0.0155983 -2.13179e-08
-0.0155084 -2.13075e-08
-0.0154185 -2.13163e-08
-0.0153286 -2.13404e-08
-0.0152387 -2.13581e-08
-0.0151488 -2.13821e-08
-0.0150589 -2.14009e-08
-0.014969 -2.14209e-08
-0.0148791 -2.14338e-08
-0.0147892 -2.14106e-08
-0.0146993 -2.13843e-08
-0.0146094 -2.13398e-08
-0.0145195 -2.12846e-08
-0.0144296 -2.12628e-08
-0.0143397 -2.1274e-08
-0.0142498 -2.13009e-08
-0.0141599 -2.13287e-08
-0.01407 -2.1372e-08
-0.0139801 -2.14181e-08
-0.0138902 -2.14608e-08
-0.0138003 -2.1473e-08
-0.0137104 -2.14493e-08
-0.0136204 -2.14251e-08
-0.0135305 -2.13645e-08
-0.0134406 -2.12866e-08
-0.0133507 -2.12337e-08
-0.0132608 -2.12254e-08
-0.0131709 -2.12214e-08
-0.013081 -2.12168e-08
-0.0129911 -2.12145e-08
-0.0129012 -2.11996e-08
-0.0128113 -2.11736e-08
-0.0127214 -2.11246e-08
-0.0126315 -2.10622e-08
-0.0125416 -2.10046e-08
-0.0124517 -2.09186e-08
-0.0123618 -2.08158e-08
-0.0122719 -2.07343e-08
-0.012182 -2.06593e-08
-0.0120921 -2.05729e-08
-0.0120022 -2.04867e-08
-0.0119123 -2.04008e-08
-0.0118224 -2.03068e-08
-0.0117325 -2.02218e-08
-0.0116426 -2.01396e-08
-0.0115527 -2.00476e-08
-0.0114627 -1.99533e-08
-0.0113728 -1.98394e-08
-0.0112829 -1.97152e-08
-0.011193 -1.95909e-08
-0.0111031 -1.94533e-08
-0.0110132 -1.93171e-08
-0.0109233 -1.91927e-08
-0.0108334 -1.90753e-08
-0.0107435 -1.89718e-08
-0.0106536 -1.88746e-08
-0.0105637 -1.87821e-08
-0.0104738 -1.86732e-08
-0.0103839 -1.85619e-08
-0.010294 -1.8451e-08
-0.0102041 -1.83282e-08
-0.0101142 -1.81956e-08
-0.0100243 -1.80521e-08
-0.00993438 -1.79178e-08
-0.00984447 -1.77988e-08
-0.00975457 -1.76877e-08
-0.00966466 -1.75873e-08
-0.00957476 -1.74973e-08
-0.00948486 -1.74005e-08
-0.00939495 -1.72897e-08
-0.00930505 -1.72043e-08
-0.00921514 -1.71205e-08
-0.00912524 -1.70194e-08
-0.00903534 -1.6907e-08
-0.00894543 -1.67841e-08
-0.00885553 -1.66658e-08
-0.00876562 -1.65589e-08
-0.00867572 -1.64665e-08
-0.00858582 -1.63866e-08
-0.00849591 -1.63118e-08
-0.00840601 -1.62098e-08
-0.0083161 -1.61119e-08
-0.0082262 -1.60358e-08
-0.00813629 -1.59503e-08
-0.00804639 -1.58442e-08
-0.00795649 -1.57113e-08
-0.00786658 -1.55789e-08
-0.00777668 -1.54505e-08
-0.00768677 -1.53304e-08
-0.00759687 -1.52167e-08
-0.00750697 -1.50974e-08
-0.00741706 -1.49745e-08
-0.00732716 -1.48366e-08
-0.00723725 -1.4707e-08
-0.00714735 -1.45809e-08
-0.00705744 -1.44411e-08
-0.00696754 -1.42768e-08
-0.00687764 -1.40881e-08
-0.00678773 -1.38987e-08
-0.00669783 -1.37141e-08
-0.00660792 -1.35275e-08
-0.00651802 -1.33248e-08
-0.00642812 -1.30987e-08
-0.00633821 -1.28775e-08
-0.00624831 -1.26556e-08
-0.0061584 -1.24446e-08
-0.0060685 -1.22335e-08
-0.00597859 -1.20111e-08
-0.00588869 -1.17796e-08
-0.00579879 -1.15322e-08
-0.00570888 -1.12746e-08
-0.00561898 -1.10049e-08
-0.00552907 -1.07248e-08
-0.00543917 -1.04323e-08
-0.00534927 -1.01265e-08
-0.00525936 -9.83024e-09
-0.00516946 -9.53931e-09
-0.00507955 -9.2569e-09
-0.00498965 -8.97306e-09
-0.00489975 -8.69608e-09
-0.00480984 -8.41877e-09
-0.00471994 -8.1574e-09
-0.00463003 -7.88456e-09
-0.00454013 -7.58679e-09
-0.00445022 -7.27705e-09
-0.00436032 -6.97299e-09
-0.00427042 -6.66265e-09
-0.00418051 -6.37624e-09
-0.00409061 -6.10541e-09
-0.0040007 -5.83381e-09
-0.0039108 -5.57458e-09
-0.0038209 -5.3236e-09
-0.00373099 -5.07299e-09
-0.00364109 -4.85717e-09
-0.00355118 -4.62887e-09
-0.00346128 -4.37641e-09
-0.00337137 -4.12638e-09
-0.00328147 -3.87318e-09
-0.00319157 -3.6142e-09
-0.00310166 -3.39337e-09
-0.00301176 -3.18278e-09
-0.00292185 -2.9677e-09
-0.00283195 -2.77956e-09
-0.00274205 -2.59211e-09
-0.00265214 -2.41062e-09
-0.00256224 -2.24652e-09
-0.00247233 -2.06545e-09
-0.00238243 -1.87564e-09
-0.00229252 -1.69148e-09
-0.00220262 -1.51249e-09
-0.00211272 -1.33214e-09
-0.00202281 -1.18457e-09
-0.00193291 -1.0148e-09
-0.001843 -8.36175e-10
-0.0017531 -7.00323e-10
-0.0016632 -5.77583e-10
-0.00157329 -4.70347e-10
-0.00148339 -3.73878e-10
-0.00139348 -2.68088e-10
-0.00130358 -1.52445e-10
-0.00121368 -5.61267e-11
-0.00112377 1.62731e-11
-0.00103387 7.25272e-11
-0.000943963 1.11412e-10
-0.000854059 1.85981e-10
-0.000764154 2.34953e-10
-0.00067425 2.35678e-10
-0.000584346 2.27945e-10
-0.000494442 1.95739e-10
-0.000404538 1.62436e-10
-0.000314634 1.42348e-10
-0.00022473 1.38135e-10
-0.000134825 1.10428e-10
-4.49212e-05 5.61354e-11
4.49829e-05 0
0.000134887 -4.69554e-11
0.000224791 -8.22607e-11
0.000314695 -1.51464e-10
0.0004046 -2.60368e-10
0.000494504 -3.74608e-10
0.000584408 -4.95422e-10
0.000674312 -5.97896e-10
0.000764216 -6.9772e-10
0.00085412 -8.01317e-10
0.000944024 -9.15498e-10
0.00103393 -1.02e-09
0.00112383 -1.07538e-09
0.00121374 -1.10751e-09
0.00130364 -1.13783e-09
0.00139355 -1.19497e-09
0.00148345 -1.28553e-09
0.00157335 -1.38064e-09
0.00166326 -1.47431e-09
0.00175316 -1.5586e-09
0.00184307 -1.63994e-09
0.00193297 -1.73351e-09
0.00202287 -1.8311e-09
0.00211278 -1.8726e-09
0.00220268 -1.8414e-09
0.00229259 -1.78808e-09
0.00238249 -1.73916e-09
0.00247239 -1.70632e-09
0.0025623 -1.71511e-09
0.0026522 -1.73201e-09
0.00274211 -1.75725e-09
0.00283201 -1.77893e-09
0.00292192 -1.79324e-09
0.00301182 -1.8246e-09
0.00310172 -1.84745e-09
0.00319163 -1.80782e-09
0.00328153 -1.69568e-09
0.00337144 -1.58674e-09
0.00346134 -1.49842e-09
0.00355124 -1.40553e-09
0.00364115 -1.34882e-09
0.00373105 -1.27974e-09
0.00382096 -1.22095e-09
0.00391086 -1.17082e-09
0.00400077 -1.12063e-09
0.00409067 -1.10247e-09
0.00418057 -1.08173e-09
0.00427048 -9.98493e-10
0.00436038 -8.50245e-10
0.00445029 -7.17932e-10
0.00454019 -5.73821e-10
0.00463009 -4.22396e-10
0.00472 -2.81233e-10
0.0048099 -1.19499e-10
0.00489981 2.04877e-11
0.00498971 1.38527e-10
0.00507962 2.34035e-10
0.00516952 3.06922e-10
0.00525942 3.99154e-10
0.00534933 5.47936e-10
0.00543923 7.41456e-10
0.00552914 9.26261e-10
0.00561904 1.13361e-09
0.00570894 1.34418e-09
0.00579885 1.54595e-09
0.00588875 1.7717e-09
0.00597866 1.97538e-09
0.00606856 2.1541e-09
0.00615846 2.30366e-09
0.00624837 2.46364e-09
0.00633827 2.65238e-09
0.00642818 2.86954e-09
0.00651808 3.11033e-09
0.00660799 3.35109e-09
0.00669789 3.59388e-09
0.00678779 3.82188e-09
0.0068777 4.0775e-09
0.0069676 4.36725e-09
0.00705751 4.64127e-09
0.00714741 4.89648e-09
0.00723731 5.14861e-09
0.00732722 5.42199e-09
0.00741712 5.70536e-09
0.00750703 5.99126e-09
0.00759693 6.28837e-09
0.00768684 6.58243e-09
0.00777674 6.86002e-09
0.00786664 7.16493e-09
0.00795655 7.52391e-09
0.00804645 7.88796e-09
0.00813636 8.24791e-09
0.00822626 8.60382e-09
0.00831616 8.96525e-09
0.00840607 9.34905e-09
0.00849597 9.71431e-09
0.00858588 1.00631e-08
0.00867578 1.04152e-08
0.00876569 1.0756e-08
0.00885559 1.11009e-08
0.00894549 1.14998e-08
0.0090354 1.18989e-08
0.0091253 1.22751e-08
0.00921521 1.26435e-08
0.00930511 1.29977e-08
0.00939501 1.33693e-08
0.00948492 1.37359e-08
0.00957482 1.40742e-08
0.00966473 1.44026e-08
0.00975463 1.47152e-08
0.00984453 1.50316e-08
0.00993444 1.53675e-08
0.0100243 1.57206e-08
0.0101142 1.60273e-08
0.0102042 1.63206e-08
0.0102941 1.6613e-08
0.010384 1.69028e-08
0.0104739 1.71833e-08
0.0105638 1.74401e-08
0.0106537 1.76878e-08
0.0107436 1.79138e-08
0.0108335 1.8139e-08
0.0109234 1.83764e-08
0.0110133 1.86284e-08
0.0111032 1.88741e-08
0.0111931 1.90836e-08
0.011283 1.92914e-08
0.0113729 1.95062e-08
0.0114628 1.97255e-08
0.0115527 1.99208e-08
0.0116426 2.01052e-08
0.0117325 2.02671e-08
0.0118224 2.04118e-08
0.0119123 2.05646e-08
0.0120022 2.0732e-08
0.0120921 2.09041e-08
0.012182 2.10744e-08
0.0122719 2.12218e-08
0.0123619 2.13724e-08
0.0124518 2.15201e-08
0.0125417 2.16658e-08
0.0126316 2.18009e-08
0.0127215 2.19279e-08
0.0128114 2.20349e-08
0.0129013 2.21455e-08
0.0129912 2.22663e-08
0.0130811 2.23831e-08
0.013171 2.25047e-08
0.0132609 2.26217e-08
0.0133508 2.27358e-08
0.0134407 2.28431e-08
0.0135306 2.29338e-08
0.0136205 2.30166e-08
0.0137104 2.30863e-08
0.0138003 2.31567e-08
0.0138902 2.3217e-08
0.0139801 2.32937e-08
0.01407 2.33643e-08
0.0141599 2.34293e-08
0.0142498 2.34962e-08
0.0143397 2.35596e-08
0.0144296 2.36283e-08
0.0145196 2.3678e-08
0.0146095 2.37238e-08
0.0146994 2.37517e-08
0.0147893 2.37663e-08
0.0148792 2.37872e-08
0.0149691 2.38063e-08
0.015059 2.38313e-08
0.0151489 2.38412e-08
0.0152388 2.3861e-08
0.0153287 2.38721e-08
0.0154186 2.38835e-08
0.0155085 2.38883e-08
0.0155984 2.38847e-08
0.0156883 2.39004e-08
0.0157782 2.39064e-08
0.0158681 2.39148e-08
0.015958 2.39384e-08
0.0160479 2.39592e-08
0.0161378 2.39721e-08
0.0162277 2.39873e-08
0.0163176 2.40156e-08
0.0164075 2.40433e-08
0.0164974 2.4076e-08
0.0165873 2.40938e-08
0.0166773 2.41348e-08
0.0167672 2.42004e-08
0.0168571 2.42743e-08
0.016947 2.4361e-08
0.0170369 2.44632e-08
0.0171268 2.45651e-08
0.0172167 2.46764e-08
0.0173066 2.4808e-08
0.0173965 2.495e-08
0.0174864 2.51078e-08
0.0175763 2.52691e-08
0.0176662 2.54359e-08
0.0177561 2.56447e-08
0.017846 2.58617e-08
0.0179359 2.60866e-08
0.0180258 2.63161e-08
0.0181157 2.65501e-08
0.0182056 2.67934e-08
0.0182955 2.70555e-08
0.0183854 2.73277e-08
0.0184753 2.7605e-08
0.0185652 2.78911e-08
0.0186551 2.81723e-08
0.018745 2.84673e-08
0.0188349 2.87811e-08
0.0189249 2.90915e-08
0.0190148 2.94062e-08
0.0191047 2.97103e-08
0.0191946 3.00124e-08
0.0192845 3.03186e-08
0.0193744 3.06372e-08
0.0194643 3.09509e-08
0.0195542 3.12595e-08
0.0196441 3.15686e-08
0.019734 3.18622e-08
0.0198239 3.21546e-08
0.0199138 3.24275e-08
0.0200037 3.27038e-08
0.0200936 3.29687e-08
0.0201835 3.32186e-08
0.0202734 3.34623e-08
0.0203633 3.3702e-08
0.0204532 3.39587e-08
0.0205431 3.41955e-08
0.020633 3.44253e-08
0.0207229 3.46537e-08
0.0208128 3.48567e-08
0.0209027 3.50529e-08
0.0209926 3.52295e-08
0.0210826 3.54133e-08
0.0211725 3.55727e-08
0.0212624 3.5722e-08
0.0213523 3.58442e-08
0.0214422 3.59667e-08
0.0215321 3.60958e-08
0.021622 3.62036e-08
0.0217119 3.63242e-08
0.0218018 3.64506e-08
0.0218917 3.65634e-08
0.0219816 3.66796e-08
0.0220715 3.67923e-08
0.0221614 3.69129e-08
0.0222513 3.70165e-08
0.0223412 3.71028e-08
0.0224311 3.71535e-08
0.022521 3.71946e-08
0.0226109 3.7222e-08
0.0227008 3.72545e-08
0.0227907 3.73055e-08
0.0228806 3.73493e-08
0.0229705 3.74111e-08
0.0230604 3.74942e-08
0.0231503 3.75771e-08
0.0232403 3.7648e-08
0.0233302 3.77009e-08
0.0234201 3.77278e-08
0.02351 3.77265e-08
0.0235999 3.77096e-08
0.0236898 3.76795e-08
0.0237797 3.76665e-08
0.0238696 3.76452e-08
0.0239595 3.76343e-08
0.0240494 3.76622e-08
0.0241393 3.7718e-08
0.0242292 3.7759e-08
0.0243191 3.77662e-08
0.024409 3.77478e-08
0.0244989 3.77242e-08
0.0245888 3.76916e-08
0.0246787 3.76753e-08
0.0247686 3.76636e-08
0.0248585 3.76483e-08
0.0249484 3.76217e-08
0.0250383 3.76159e-08
0.0251282 3.76323e-08
0.0252181 3.76636e-08
0.025308 3.76809e-08
0.025398 3.76766e-08
0.0254879 3.76592e-08
0.0255778 3.76492e-08
0.0256677 3.7671e-08
0.0257576 3.77206e-08
0.0258475 3.77541e-08
0.0259374 3.77762e-08
0.0260273 3.77977e-08
0.0261172 3.78421e-08
0.0262071 3.79038e-08
0.026297 3.79837e-08
0.0263869 3.80541e-08
0.0264768 3.812e-08
0.0265667 3.81841e-08
0.0266566 3.82551e-08
0.0267465 3.83575e-08
0.0268364 3.84474e-08
0.0269263 3.85069e-08
0.0270162 3.85715e-08
0.0271061 3.86615e-08
0.027196 3.87706e-08
0.0272859 3.88942e-08
0.0273758 3.90183e-08
0.0274657 3.91109e-08
0.0275557 3.92058e-08
0.0276456 3.93027e-08
0.0277355 3.93852e-08
0.0278254 3.94595e-08
0.0279153 3.95019e-08
0.0280052 3.95364e-08
0.0280951 3.95807e-08
0.028185 3.96464e-08
0.0282749 3.97212e-08
0.0283648 3.97942e-08
0.0284547 3.98207e-08
0.0285446 3.98035e-08
0.0286345 3.98054e-08
0.0287244 3.98024e-08
0.0288143 3.97935e-08
0.0289042 3.97478e-08
0.0289941 3.9698e-08
0.029084 3.96277e-08
0.0291739 3.95515e-08
0.0292638 3.94885e-08
0.0293537 3.94187e-08
0.0294436 3.93222e-08
0.0295335 3.917e-08
0.0296234 3.90411e-08
0.0297134 3.89392e-08
0.0298033 3.88605e-08
0.0298932 3.87889e-08
0.0299831 3.87198e-08
0.030073 3.86644e-08
0.0301629 3.85745e-08
0.0302528 3.84811e-08
0.0303427 3.83799e-08
0.0304326 3.82922e-08
0.0305225 3.81794e-08
0.0306124 3.80652e-08
0.0307023 3.79766e-08
0.0307922 3.79014e-08
0.0308821 3.78647e-08
0.030972 3.7851e-08
0.0310619 3.78647e-08
0.0311518 3.79015e-08
0.0312417 3.79342e-08
0.0313316 3.79402e-08
0.0314215 3.7932e-08
0.0315114 3.79253e-08
0.0316013 3.791e-08
0.0316912 3.79087e-08
0.0317811 3.79179e-08
0.0318711 3.79377e-08
0.031961 3.79714e-08
0.0320509 3.80089e-08
0.0321408 3.80609e-08
0.0322307 3.81475e-08
0.0323206 3.82304e-08
0.0324105 3.82868e-08
0.0325004 3.82878e-08
0.0325903 3.82685e-08
0.0326802 3.82159e-08
0.0327701 3.81728e-08
0.03286 3.81371e-08
0.0329499 3.81061e-08
0.0330398 3.8082e-08
0.0331297 3.80431e-08
0.0332196 3.80296e-08
0.0333095 3.80524e-08
0.0333994 3.80808e-08
0.0334893 3.8091e-08
0.0335792 3.80672e-08
0.0336691 3.80064e-08
0.033759 3.79045e-08
0.0338489 3.78175e-08
0.0339388 3.76823e-08
0.0340288 3.75542e-08
0.0341187 3.74258e-08
0.0342086 3.7337e-08
0.0342985 3.73164e-08
0.0343884 3.73117e-08
0.0344783 3.72901e-08
0.0345682 3.72712e-08
0.0346581 3.72692e-08
0.034748 3.72492e-08
0.0348379 3.72261e-08
0.0349278 3.71989e-08
0.0350177 3.71296e-08
0.0351076 3.70537e-08
0.0351975 3.69801e-08
0.0352874 3.69833e-08
0.0353773 3.70499e-08
0.0354672 3.71221e-08
0.0355571 3.7163e-08
0.035647 3.72006e-08
0.0357369 3.72489e-08
0.0358268 3.73072e-08
0.0359167 3.73715e-08
0.0360066 3.74273e-08
0.0360965 3.74533e-08
0.0361865 3.7455e-08
0.0362764 3.74664e-08
0.0363663 3.75001e-08
0.0364562 3.75506e-08
0.0365461 3.75954e-08
0.036636 3.76289e-08
0.0367259 3.76443e-08
0.0368158 3.76696e-08
0.0369057 3.77238e-08
0.0369956 3.77587e-08
0.0370855 3.77815e-08
0.0371754 3.7774e-08
0.0372653 3.77641e-08
0.0373552 3.77544e-08
0.0374451 3.77305e-08
0.037535 3.76946e-08
0.0376249 3.76562e-08
0.0377148 3.7629e-08
0.0378047 3.75679e-08
0.0378946 3.7525e-08
0.0379845 3.74985e-08
0.0380744 3.74553e-08
0.0381643 3.74125e-08
0.0382542 3.73296e-08
0.0383441 3.72445e-08
0.0384341 3.7154e-08
0.038524 3.70456e-08
0.0386139 3.69298e-08
0.0387038 3.68283e-08
0.0387937 3.67151e-08
0.0388836 3.66128e-08
0.0389735 3.65558e-08
0.0390634 3.65141e-08
0.0391533 3.64644e-08
0.0392432 3.64284e-08
0.0393331 3.63649e-08
0.039423 3.6291e-08
0.0395129 3.62221e-08
0.0396028 3.61298e-08
0.0396927 3.60328e-08
0.0397826 3.59403e-08
0.0398725 3.585e-08
0.0399624 3.58085e-08
0.0400523 3.58176e-08
0.0401422 3.5842e-08
0.0402321 3.58572e-08
0.040322 3.58926e-08
0.0404119 3.59211e-08
0.0405018 3.59221e-08
0.0405918 3.59074e-08
0.0406817 3.58842e-08
0.0407716 3.58462e-08
0.0408615 3.58229e-08
0.0409514 3.57974e-08
0.0410413 3.57955e-08
0.0411312 3.58375e-08
0.0412211 3.58869e-08
0.041311 3.59462e-08
0.0414009 3.60205e-08
0.0414908 3.61004e-08
0.0415807 3.6145e-08
0.0416706 3.61858e-08
0.0417605 3.62227e-08
0.0418504 3.6243e-08
0.0419403 3.62793e-08
0.0420302 3.62972e-08
0.0421201 3.62983e-08
0.04221 3.63424e-08
0.0422999 3.63952e-08
0.0423898 3.64747e-08
0.0424797 3.65714e-08
0.0425696 3.66575e-08
0.0426595 3.67242e-08
0.0427495 3.67746e-08
0.0428394 3.68085e-08
0.0429293 3.68307e-08
0.0430192 3.68369e-08
0.0431091 3.68065e-08
0.043199 3.67303e-08
0.0432889 3.66815e-08
0.0433788 3.66377e-08
0.0434687 3.66063e-08
0.0435586 3.65749e-08
0.0436485 3.65203e-08
0.0437384 3.64529e-08
0.0438283 3.63953e-08
0.0439182 3.6328e-08
0.0440081 3.62237e-08
0.044098 3.61143e-08
0.0441879 3.59703e-08
0.0442778 3.57946e-08
0.0443677 3.56126e-08
0.0444576 3.54137e-08
0.0445475 3.51782e-08
0.0446374 3.49164e-08
0.0447273 3.45851e-08
0.0448172 3.42325e-08
0.0449072 3.38776e-08
0.0449971 3.3493e-08
0.045087 3.3081e-08
0.0451769 3.26775e-08
0.0452668 3.22365e-08
0.0453567 3.17892e-08
0.0454466 3.13204e-08
0.0455365 3.08372e-08
0.0456264 3.03427e-08
0.0457163 2.99058e-08
0.0458062 2.94893e-08
0.0458961 2.90712e-08
0.045986 2.86494e-08
0.0460759 2.82557e-08
0.0461658 2.78103e-08
0.0462557 2.73655e-08
0.0463456 2.6902e-08
0.0464355 2.63907e-08
0.0465254 2.58741e-08
0.0466153 2.5398e-08
0.0467052 2.49043e-08
0.0467951 2.44572e-08
0.046885 2.40514e-08
0.0469749 2.36341e-08
0.0470649 2.32185e-08
0.0471548 2.2795e-08
0.0472447 2.23702e-08
0.0473346 2.19985e-08
0.0474245 2.16712e-08
0.0475144 2.13363e-08
0.0476043 2.10251e-08
0.0476942 2.06768e-08
0.0477841 2.02707e-08
0.047874 1.9889e-08
0.0479639 1.95778e-08
0.0480538 1.9267e-08
0.0481437 1.8978e-08
0.0482336 1.87354e-08
0.0483235 1.85418e-08
0.0484134 1.83706e-08
0.0485033 1.81962e-08
0.0485932 1.80179e-08
0.0486831 1.78286e-08
0.048773 1.76294e-08
0.0488629 1.74538e-08
0.0489528 1.72828e-08
0.0490427 1.716e-08
0.0491326 1.70366e-08
0.0492226 1.69453e-08
0.0493125 1.68708e-08
0.0494024 1.67902e-08
0.0494923 1.66881e-08
0.0495822 1.66331e-08
0.0496721 1.65838e-08
0.049762 1.65552e-08
0.0498519 1.65664e-08
0.0499418 1.65981e-08
0.0500317 1.6612e-08
0.0501216 1.66552e-08
0.0502115 1.67005e-08
0.0503014 1.6725e-08
0.0503913 1.67263e-08
0.0504812 1.67139e-08
0.0505711 1.67301e-08
0.050661 1.67893e-08
0.0507509 1.68371e-08
0.0508408 1.6871e-08
0.0509307 1.68962e-08
0.0510206 1.69229e-08
0.0511105 1.69505e-08
0.0512004 1.69973e-08
0.0512903 1.70646e-08
0.0513803 1.71445e-08
0.0514702 1.71897e-08
0.0515601 1.72333e-08
0.05165 1.72719e-08
0.0517399 1.73164e-08
0.0518298 1.73197e-08
0.0519197 1.73168e-08
0.0520096 1.73375e-08
0.0520995 1.73652e-08
0.0521894 1.74151e-08
0.0522793 1.74959e-08
0.0523692 1.76096e-08
0.0524591 1.77636e-08
0.052549 1.79065e-08
0.0526389 1.80109e-08
0.0527288 1.81315e-08
0.0528187 1.82482e-08
0.0529086 1.83952e-08
0.0529985 1.85658e-08
0.0530884 1.87666e-08
0.0531783 1.89657e-08
0.0532682 1.9169e-08
0.0533581 1.93799e-08
0.053448 1.95426e-08
0.053538 1.96998e-08
0.0536279 1.98391e-08
0.0537178 2.00043e-08
0.0538077 2.01867e-08
0.0538976 2.03443e-08
0.0539875 2.05551e-08
0.0540774 2.07152e-08
0.0541673 2.09011e-08
0.0542572 2.11277e-08
0.0543471 2.13584e-08
0.054437 2.15148e-08
0.0545269 2.15822e-08
0.0546168 2.1569e-08
0.0547067 2.15405e-08
0.0547966 2.14889e-08
0.0548865 2.14482e-08
0.0549764 2.13932e-08
0.0550663 2.12356e-08
0.0551562 2.09645e-08
0.0552461 2.06767e-08
0.055336 2.02882e-08
0.0554259 1.97665e-08
0.0555158 1.91996e-08
0.0556057 1.86838e-08
0.0556956 1.81389e-08
0.0557856 1.75348e-08
0.0558755 1.6918e-08
0.0559654 1.62966e-08
0.0560553 1.56624e-08
0.0561452 1.50446e-08
0.0562351 1.44104e-08
0.056325 1.3757e-08
0.0564149 1.30476e-08
0.0565048 1.23231e-08
0.0565947 1.16803e-08
0.0566846 1.10833e-08
0.0567745 1.04756e-08
0.0568644 9.85539e-09
0.0569543 9.29334e-09
0.0570442 8.71105e-09
0.0571341 8.18149e-09
0.057224 7.75647e-09
0.0573139 7.38603e-09
0.0574038 6.98756e-09
0.0574937 6.72005e-09
0.0575836 6.52824e-09
0.0576735 6.26225e-09
0.0577634 5.94874e-09
0.0578533 5.67391e-09
0.0579433 5.39929e-09
0.0580332 5.09634e-09
0.0581231 4.89175e-09
0.058213 4.71751e-09
0.0583029 4.63382e-09
0.0583928 4.41562e-09
0.0584827 4.16315e-09
0.0585726 3.99317e-09
0.0586625 3.81779e-09
0.0587524 3.70371e-09
0.0588423 3.72659e-09
0.0589322 3.70638e-09
0.0590221 3.58008e-09
0.059112 3.46507e-09
0.0592019 3.42309e-09
0.0592918 3.36997e-09
0.0593817 3.262e-09
0.0594716 3.19777e-09
0.0595615 3.22588e-09
0.0596514 3.24169e-09
0.0597413 3.17808e-09
0.0598312 3.11578e-09
0.0599211 3.0162e-09
0.060011 2.8557e-09
0.060101 2.69818e-09
0.0601909 2.45698e-09
0.0602808 2.11952e-09
0.0603707 1.74503e-09
0.0604606 1.41942e-09
0.0605505 1.16316e-09
0.0606404 8.16326e-10
0.0607303 4.08816e-10
0.0608202 -3.39156e-11
0.0609101 -5.46057e-10
0.061 -1.06457e-09
0.0610899 -1.51557e-09
0.0611798 -1.91632e-09
0.0612697 -2.35844e-09
0.0613596 -2.90085e-09
0.0614495 -3.41368e-09
0.0615394 -3.89117e-09
0.0616293 -4.42827e-09
0.0617192 -4.95167e-09
0.0618091 -5.34462e-09
0.061899 -5.62704e-09
0.0619889 -5.81098e-09
0.0620788 -5.98845e-09
0.0621687 -6.05152e-09
0.0622587 -6.07217e-09
0.0623486 -6.01327e-09
0.0624385 -5.87264e-09
0.0625284 -5.67324e-09
0.0626183 -5.50226e-09
0.0627082 -5.32977e-09
0.0627981 -5.08469e-09
0.062888 -4.84625e-09
0.0629779 -4.61576e-09
0.0630678 -4.35489e-09
0.0631577 -4.10773e-09
0.0632476 -3.88306e-09
0.0633375 -3.64836e-09
0.0634274 -3.35716e-09
0.0635173 -3.00706e-09
0.0636072 -2.6014e-09
0.0636971 -2.22256e-09
0.063787 -1.82003e-09
0.0638769 -1.41441e-09
0.0639668 -1.03264e-09
0.0640567 -6.20065e-10
0.0641466 -1.57336e-10
0.0642365 3.40007e-10
0.0643264 7.61376e-10
0.0644164 1.21736e-09
0.0645063 1.62074e-09
0.0645962 1.94153e-09
0.0646861 2.19451e-09
0.064776 2.3723e-09
0.0648659 2.5302e-09
0.0649558 2.60634e-09
0.0650457 2.63515e-09
0.0651356 2.67258e-09
0.0652255 2.64276e-09
0.0653154 2.43761e-09
0.0654053 2.14933e-09
0.0654952 1.82173e-09
0.0655851 1.45466e-09
0.065675 9.34942e-10
0.0657649 4.17484e-10
0.0658548 -1.12876e-10
0.0659447 -6.70784e-10
0.0660346 -1.19881e-09
0.0661245 -1.74681e-09
0.0662144 -2.32814e-09
0.0663043 -3.02743e-09
0.0663942 -3.70307e-09
0.0664841 -4.31607e-09
0.0665741 -5.01997e-09
0.066664 -5.61051e-09
0.0667539 -6.12813e-09
0.0668438 -6.46875e-09
0.0669337 -6.80078e-09
0.0670236 -7.11917e-09
0.0671135 -7.27481e-09
0.0672034 -7.35997e-09
0.0672933 -7.3867e-09
0.0673832 -7.21476e-09
0.0674731 -6.92499e-09
0.067563 -6.57857e-09
0.0676529 -6.23753e-09
0.0677428 -5.97134e-09
0.0678327 -5.72076e-09
0.0679226 -5.48202e-09
0.0680125 -5.1861e-09
0.0681024 -4.92378e-09
0.0681923 -4.60677e-09
0.0682822 -4.28223e-09
0.0683721 -3.91633e-09
0.068462 -3.52165e-09
0.0685519 -3.21936e-09
0.0686418 -2.88344e-09
0.0687318 -2.50617e-09
0.0688217 -2.08811e-09
0.0689116 -1.73002e-09
0.0690015 -1.42521e-09
0.0690914 -1.04723e-09
0.0691813 -7.75463e-10
0.0692712 -5.26313e-10
0.0693611 -2.34998e-10
0.069451 7.08705e-11
0.0695409 3.06598e-10
0.0696308 4.95014e-10
0.0697207 6.77721e-10
0.0698106 8.7026e-10
0.0699005 1.08573e-09
0.0699904 1.14606e-09
0.0700803 1.11022e-09
0.0701702 1.10339e-09
0.0702601 1.01147e-09
0.07035 7.82364e-10
0.0704399 4.76223e-10
0.0705298 1.41259e-10
0.0706197 -2.611e-10
0.0707096 -7.22935e-10
0.0707995 -1.29494e-09
0.0708895 -1.89026e-09
0.0709794 -2.68743e-09
0.0710693 -3.60968e-09
0.0711592 -4.7051e-09
0.0712491 -5.79489e-09
0.071339 -6.83511e-09
0.0714289 -7.81203e-09
0.0715188 -8.7694e-09
0.0716087 -9.79759e-09
0.0716986 -1.06198e-08
0.0717885 -1.13104e-08
0.0718784 -1.18997e-08
0.0719683 -1.23938e-08
0.0720582 -1.26381e-08
0.0721481 -1.26915e-08
0.072238 -1.27115e-08
0.0723279 -1.272e-08
0.0724178 -1.27099e-08
0.0725077 -1.2607e-08
0.0725976 -1.24051e-08
0.0726875 -1.21789e-08
0.0727774 -1.19708e-08
0.0728673 -1.17278e-08
0.0729572 -1.14496e-08
0.0730472 -1.11888e-08
0.0731371 -1.09402e-08
0.073227 -1.05949e-08
0.0733169 -1.02301e-08
0.0734068 -9.89401e-09
0.0734967 -9.54206e-09
0.0735866 -9.20944e-09
0.0736765 -8.81893e-09
0.0737664 -8.42519e-09
0.0738563 -8.05077e-09
0.0739462 -7.68774e-09
0.0740361 -7.26164e-09
0.074126 -6.91017e-09
0.0742159 -6.65017e-09
0.0743058 -6.4355e-09
0.0743957 -6.23582e-09
0.0744856 -6.09813e-09
0.0745755 -5.95939e-09
0.0746654 -5.80743e-09
0.0747553 -5.66178e-09
0.0748452 -5.58255e-09
0.0749351 -5.56636e-09
0.075025 -5.61842e-09
0.0751149 -5.62803e-09
0.0752048 -5.65598e-09
0.0752948 -5.69796e-09
0.0753847 -5.82446e-09
0.0754746 -5.9434e-09
0.0755645 -6.07201e-09
0.0756544 -6.15207e-09
0.0757443 -6.29074e-09
0.0758342 -6.45681e-09
0.0759241 -6.57409e-09
0.076014 -6.74699e-09
0.0761039 -7.02183e-09
0.0761938 -7.25181e-09
0.0762837 -7.48625e-09
0.0763736 -7.67822e-09
0.0764635 -7.92224e-09
0.0765534 -8.06543e-09
0.0766433 -8.34551e-09
0.0767332 -8.65792e-09
0.0768231 -9.21634e-09
0.076913 -9.86902e-09
0.0770029 -1.05323e-08
0.0770928 -1.10842e-08
0.0771827 -1.17373e-08
0.0772726 -1.24102e-08
0.0773625 -1.29851e-08
0.0774525 -1.3482e-08
0.0775424 -1.39059e-08
0.0776323 -1.43674e-08
0.0777222 -1.47294e-08
0.0778121 -1.4908e-08
0.077902 -1.4934e-08
0.0779919 -1.50301e-08
0.0780818 -1.50866e-08
0.0781717 -1.51562e-08
0.0782616 -1.51598e-08
0.0783515 -1.52751e-08
0.0784414 -1.53734e-08
0.0785313 -1.55509e-08
0.0786212 -1.56756e-08
0.0787111 -1.57603e-08
0.078801 -1.6005e-08
0.0788909 -1.62415e-08
0.0789808 -1.6292e-08
0.0790707 -1.63553e-08
0.0791606 -1.63374e-08
0.0792505 -1.64347e-08
0.0793404 -1.65206e-08
0.0794303 -1.66757e-08
0.0795202 -1.6883e-08
0.0796102 -1.71481e-08
0.0797001 -1.73927e-08
0.07979 -1.77865e-08
0.0798799 -1.81829e-08
0.0799698 -1.87198e-08
0.0800597 -1.91352e-08
0.0801496 -1.95048e-08
0.0802395 -2.01152e-08
0.0803294 -2.07561e-08
0.0804193 -2.12727e-08
0.0805092 -2.16971e-08
0.0805991 -2.21809e-08
0.080689 -2.27382e-08
0.0807789 -2.32458e-08
0.0808688 -2.35146e-08
0.0809587 -2.35379e-08
0.0810486 -2.3687e-08
0.0811385 -2.38408e-08
0.0812284 -2.39795e-08
0.0813183 -2.40058e-08
0.0814082 -2.39468e-08
0.0814981 -2.384e-08
0.081588 -2.37371e-08
0.0816779 -2.34493e-08
0.0817679 -2.31937e-08
0.0818578 -2.298e-08
0.0819477 -2.28936e-08
0.0820376 -2.27284e-08
0.0821275 -2.24641e-08
0.0822174 -2.23285e-08
0.0823073 -2.22771e-08
0.0823972 -2.22322e-08
0.0824871 -2.22358e-08
0.082577 -2.22108e-08
0.0826669 -2.21631e-08
0.0827568 -2.21361e-08
0.0828467 -2.2124e-08
0.0829366 -2.20369e-08
0.0830265 -2.18727e-08
0.0831164 -2.17579e-08
0.0832063 -2.17025e-08
0.0832962 -2.17087e-08
0.0833861 -2.15587e-08
0.083476 -2.13873e-08
0.0835659 -2.12512e-08
0.0836558 -2.13751e-08
0.0837457 -2.14961e-08
0.0838356 -2.16424e-08
0.0839256 -2.16768e-08
0.0840155 -2.18261e-08
0.0841054 -2.20063e-08
0.0841953 -2.21681e-08
0.0842852 -2.22285e-08
0.0843751 -2.21169e-08
0.084465 -2.20368e-08
0.0845549 -2.2009e-08
0.0846448 -2.18303e-08
0.0847347 -2.16937e-08
0.0848246 -2.16115e-08
0.0849145 -2.15846e-08
0.0850044 -2.16613e-08
0.0850943 -2.15479e-08
0.0851842 -2.13965e-08
0.0852741 -2.12897e-08
0.085364 -2.10954e-08
0.0854539 -2.12157e-08
0.0855438 -2.14175e-08
0.0856337 -2.17857e-08
0.0857236 -2.21049e-08
0.0858135 -2.25164e-08
0.0859034 -2.29386e-08
0.0859933 -2.3312e-08
0.0860833 -2.36411e-08
0.0861732 -2.40135e-08
0.0862631 -2.42729e-08
0.086353 -2.45579e-08
0.0864429 -2.50092e-08
0.0865328 -2.53492e-08
0.0866227 -2.52876e-08
0.0867126 -2.49777e-08
0.0868025 -2.45413e-08
0.0868924 -2.41437e-08
0.0869823 -2.36944e-08
0.0870722 -2.32551e-08
0.0871621 -2.32554e-08
0.087252 -2.34426e-08
0.0873419 -2.38687e-08
0.0874318 -2.43956e-08
0.0875217 -2.49673e-08
0.0876116 -2.55194e-08
0.0877015 -2.6423e-08
0.0877914 -2.72723e-08
0.0878813 -2.81665e-08
0.0879712 -2.89116e-08
0.0880611 -2.96572e-08
0.088151 -3.03281e-08
0.088241 -3.08774e-08
0.0883309 -3.12281e-08
0.0884208 -3.17101e-08
0.0885107 -3.19286e-08
0.0886006 -3.20497e-08
0.0886905 -3.20798e-08
0.0887804 -3.18121e-08
0.0888703 -3.15245e-08
0.0889602 -3.11149e-08
0.0890501 -3.05294e-08
0.08914 -3.0054e-08
0.0892299 -2.95284e-08
0.0893198 -2.87573e-08
0.0894097 -2.82603e-08
0.0894996 -2.78832e-08
0.0895895 -2.7646e-08
0.0896794 -2.75895e-08
0.0897693 -2.75814e-08
0.0898592 -2.79509e-08
0.0899491 -2.83053e-08
0.090039 -2.87036e-08
0.0901289 -2.92807e-08
0.0902188 -2.94282e-08
0.0903087 -2.96594e-08
0.0903987 -3.00507e-08
0.0904886 -2.99326e-08
0.0905785 -2.99914e-08
0.0906684 -3.03243e-08
0.0907583 -3.02804e-08
0.0908482 -3.01587e-08
0.0909381 -2.95936e-08
0.091028 -2.91985e-08
0.0911179 -2.91193e-08
0.0912078 -2.92589e-08
0.0912977 -3.00685e-08
0.0913876 -3.10219e-08
0.0914775 -3.19727e-08
0.0915674 -3.36525e-08
0.0916573 -3.48977e-08
0.0917472 -3.60711e-08
0.0918371 -3.77896e-08
0.091927 -4.00228e-08
0.0920169 -4.26218e-08
0.0921068 -4.46339e-08
0.0921967 -4.60805e-08
0.0922866 -4.69186e-08
0.0923765 -4.67629e-08
0.0924664 -4.65677e-08
0.0925564 -4.64538e-08
0.0926463 -4.593e-08
0.0927362 -4.57154e-08
0.0928261 -4.5467e-08
0.092916 -4.49483e-08
0.0930059 -4.42669e-08
0.0930958 -4.3602e-08
0.0931857 -4.30602e-08
0.0932756 -4.24707e-08
0.0933655 -4.19496e-08
0.0934554 -4.13993e-08
0.0935453 -4.08694e-08
0.0936352 -4.02978e-08
0.0937251 -3.97383e-08
0.093815 -3.90995e-08
0.0939049 -3.83706e-08
0.0939948 -3.7486e-08
0.0940847 -3.63677e-08
0.0941746 -3.54759e-08
0.0942645 -3.48721e-08
0.0943544 -3.44543e-08
0.0944443 -3.41968e-08
0.0945342 -3.44685e-08
0.0946241 -3.46574e-08
0.094714 -3.49681e-08
0.094804 -3.50471e-08
0.0948939 -3.50767e-08
0.0949838 -3.52804e-08
0.0950737 -3.56528e-08
0.0951636 -3.62198e-08
0.0952535 -3.716e-08
0.0953434 -3.78947e-08
0.0954333 -3.85568e-08
0.0955232 -3.90545e-08
0.0956131 -3.88571e-08
0.095703 -3.87496e-08
0.0957929 -3.8996e-08
0.0958828 -3.93685e-08
0.0959727 -4.01802e-08
0.0960626 -4.1179e-08
0.0961525 -4.25106e-08
0.0962424 -4.40131e-08
0.0963323 -4.45837e-08
0.0964222 -4.50274e-08
0.0965121 -4.51306e-08
0.096602 -4.56869e-08
0.0966919 -4.69189e-08
0.0967818 -4.77817e-08
0.0968717 -4.81011e-08
0.0969617 -4.84145e-08
0.0970516 -4.80708e-08
0.0971415 -4.7676e-08
0.0972314 -4.72579e-08
0.0973213 -4.66477e-08
0.0974112 -4.65428e-08
0.0975011 -4.66446e-08
0.097591 -4.7144e-08
0.0976809 -4.74852e-08
0.0977708 -4.74391e-08
0.0978607 -4.71186e-08
0.0979506 -4.66403e-08
0.0980405 -4.59852e-08
0.0981304 -4.63728e-08
0.0982203 -4.70494e-08
0.0983102 -4.87275e-08
0.0984001 -5.13787e-08
0.09849 -5.34105e-08
0.0985799 -5.47279e-08
0.0986698 -5.54717e-08
0.0987597 -5.63615e-08
0.0988496 -5.72391e-08
0.0989395 -5.84008e-08
0.0990294 -5.95026e-08
0.0991194 -6.01232e-08
0.0992093 -6.00916e-08
0.0992992 -6.01641e-08
0.0993891 -5.98375e-08
0.099479 -5.95043e-08
0.0995689 -5.93512e-08
0.0996588 -5.9415e-08
0.0997487 -5.9359e-08
0.0998386 -5.91138e-08
0.0999285 -5.86509e-08
0.100018 -5.79446e-08
0.100108 -5.74487e-08
0.100198 -5.6847e-08
0.100288 -5.59592e-08
0.100378 -5.48875e-08
0.100468 -5.38412e-08
0.100558 -5.29518e-08
0.100648 -5.21572e-08
0.100738 -5.15392e-08
0.100828 -5.10115e-08
0.100917 -5.05179e-08
0.101007 -4.98962e-08
0.101097 -4.90297e-08
0.101187 -4.82624e-08
0.101277 -4.76776e-08
0.101367 -4.73534e-08
0.101457 -4.71234e-08
0.101547 -4.69509e-08
0.101637 -4.66427e-08
0.101727 -4.62027e-08
0.101816 -4.57454e-08
0.101906 -4.53388e-08
0.101996 -4.48525e-08
0.102086 -4.43543e-08
0.102176 -4.39047e-08
0.102266 -4.33521e-08
0.102356 -4.26719e-08
0.102446 -4.18598e-08
0.102536 -4.12694e-08
0.102626 -4.07198e-08
0.102716 -4.00973e-08
0.102805 -3.94934e-08
0.102895 -3.8785e-08
0.102985 -3.8286e-08
0.103075 -3.83081e-08
0.103165 -3.90726e-08
0.103255 -3.9969e-08
0.103345 -4.09099e-08
0.103435 -4.17813e-08
0.103525 -4.24343e-08
0.103615 -4.25481e-08
0.103704 -4.25973e-08
0.103794 -4.28445e-08
0.103884 -4.33093e-08
0.103974 -4.40192e-08
0.104064 -4.45359e-08
0.104154 -4.44059e-08
0.104244 -4.34364e-08
0.104334 -4.25501e-08
0.104424 -4.17205e-08
0.104514 -4.10472e-08
0.104604 -4.05523e-08
0.104693 -4.0257e-08
0.104783 -4.01525e-08
0.104873 -3.97524e-08
0.104963 -3.91677e-08
0.105053 -3.8678e-08
0.105143 -3.81941e-08
0.105233 -3.81729e-08
0.105323 -3.79431e-08
0.105413 -3.76703e-08
0.105503 -3.7893e-08
0.105592 -3.81976e-08
0.105682 -3.83884e-08
0.105772 -3.88575e-08
0.105862 -3.88817e-08
0.105952 -3.90771e-08
0.106042 -3.8575e-08
0.106132 -3.79594e-08
0.106222 -3.77155e-08
0.106312 -3.7452e-08
0.106402 -3.801e-08
0.106491 -3.8217e-08
0.106581 -3.80029e-08
0.106671 -3.83881e-08
0.106761 -3.86417e-08
0.106851 -3.84828e-08
0.106941 -3.8535e-08
0.107031 -3.89409e-08
0.107121 -3.97074e-08
0.107211 -4.00299e-08
0.107301 -4.03837e-08
0.107391 -4.04452e-08
0.10748 -4.01711e-08
0.10757 -4.02293e-08
0.10766 -4.02397e-08
0.10775 -4.00566e-08
0.10784 -3.96682e-08
0.10793 -3.89295e-08
0.10802 -3.8232e-08
0.10811 -3.72676e-08
0.1082 -3.65276e-08
0.10829 -3.61095e-08
0.108379 -3.50395e-08
0.108469 -3.41554e-08
0.108559 -3.27724e-08
0.108649 -3.10233e-08
0.108739 -2.88654e-08
0.108829 -2.78898e-08
0.108919 -2.85795e-08
0.109009 -2.905e-08
0.109099 -2.93277e-08
0.109189 -2.98337e-08
0.109279 -2.9264e-08
0.109368 -2.95039e-08
0.109458 -3.12638e-08
0.109548 -3.43508e-08
0.109638 -3.89222e-08
0.109728 -4.34648e-08
0.109818 -4.67155e-08
0.109908 -4.76098e-08
0.109998 -4.65642e-08
0.110088 -4.67794e-08
0.110178 -4.64587e-08
0.110267 -4.67209e-08
0.110357 -4.74266e-08
0.110447 -4.67629e-08
0.110537 -4.58112e-08
0.110627 -4.46388e-08
0.110717 -4.34572e-08
0.110807 -4.29324e-08
0.110897 -4.32395e-08
0.110987 -4.37297e-08
0.111077 -4.36259e-08
0.111167 -4.31547e-08
0.111256 -4.28852e-08
0.111346 -4.20157e-08
0.111436 -4.12458e-08
0.111526 -4.10466e-08
0.111616 -4.04332e-08
0.111706 -3.98503e-08
0.111796 -3.88256e-08
0.111886 -3.80659e-08
0.111976 -3.63834e-08
0.112066 -3.57814e-08
0.112155 -3.55787e-08
0.112245 -3.54924e-08
0.112335 -3.47766e-08
0.112425 -3.42092e-08
0.112515 -3.37754e-08
0.112605 -3.3893e-08
0.112695 -3.44179e-08
0.112785 -3.54305e-08
0.112875 -3.5786e-08
0.112965 -3.62489e-08
0.113054 -3.69295e-08
0.113144 -3.67078e-08
0.113234 -3.68627e-08
0.113324 -3.68418e-08
0.113414 -3.67187e-08
0.113504 -3.68944e-08
0.113594 -3.6702e-08
0.113684 -3.63505e-08
0.113774 -3.58717e-08
0.113864 -3.60561e-08
0.113954 -3.65325e-08
0.114043 -3.63001e-08
0.114133 -3.65673e-08
0.114223 -3.67792e-08
0.114313 -3.66716e-08
0.114403 -3.658e-08
0.114493 -3.68176e-08
0.114583 -3.71578e-08
0.114673 -3.70177e-08
0.114763 -3.66272e-08
0.114853 -3.62934e-08
0.114942 -3.50085e-08
0.115032 -3.44158e-08
0.115122 -3.34814e-08
0.115212 -3.26778e-08
0.115302 -3.21131e-08
0.115392 -3.19623e-08
0.115482 -3.2176e-08
0.115572 -3.0651e-08
0.115662 -2.94657e-08
0.115752 -3.05027e-08
0.115842 -3.04018e-08
0.115931 -3.22963e-08
0.116021 -3.34037e-08
0.116111 -3.37723e-08
0.116201 -3.4114e-08
0.116291 -3.2763e-08
0.116381 -3.16127e-08
0.116471 -2.87132e-08
0.116561 -2.52104e-08
0.116651 -2.47922e-08
0.116741 -2.36097e-08
0.11683 -2.80709e-08
0.11692 6.85189e-08
0.11701 5.62383e-08
0.1171 4.87511e-08
0.11719 4.86518e-08
0.11728 4.98779e-08
0.11737 5.14923e-08
0.11746 5.1844e-08
0.11755 5.25466e-08
0.11764 5.40429e-08
0.11773 5.59287e-08
0.117819 5.7368e-08
0.117909 5.90466e-08
0.117999 6.05087e-08
0.118089 6.21895e-08
0.118179 6.41381e-08
0.118269 6.61287e-08
0.118359 6.83753e-08
0.118449 6.99362e-08
0.118539 7.1023e-08
0.118629 7.21956e-08
0.118718 7.27889e-08
0.118808 7.34093e-08
0.118898 7.40505e-08
0.118988 7.47556e-08
0.119078 7.55597e-08
0.119168 7.62003e-08
0.119258 7.65533e-08
0.119348 7.69439e-08
0.119438 7.73171e-08
0.119528 7.81701e-08
0.119617 7.93738e-08
0.119707 8.0699e-08
0.119797 8.23671e-08
0.119887 8.37272e-08
0.119977 8.52134e-08
0.120067 8.65077e-08
0.120157 8.83831e-08
0.120247 9.01762e-08
0.120337 9.15576e-08
0.120427 9.27364e-08
0.120517 9.40592e-08
0.120606 9.55795e-08
0.120696 9.6784e-08
0.120786 9.80881e-08
0.120876 9.87976e-08
0.120966 9.97144e-08
0.121056 9.98625e-08
0.121146 9.94578e-08
0.121236 9.80654e-08
0.121326 9.61308e-08
0.121416 9.46793e-08
0.121505 9.29624e-08
0.121595 9.1111e-08
0.121685 8.90574e-08
0.121775 8.76316e-08
0.121865 8.72917e-08
0.121955 8.73483e-08
0.122045 8.70547e-08
0.122135 8.77471e-08
0.122225 8.86424e-08
0.122315 9.07581e-08
0.122405 9.32973e-08
0.122494 9.67048e-08
0.122584 9.99923e-08
0.122674 1.0237e-07
0.122764 1.04707e-07
0.122854 1.06339e-07
0.122944 1.07131e-07
0.123034 1.07648e-07
0.123124 1.08634e-07
0.123214 1.09408e-07
0.123304 1.09478e-07
0.123393 1.0767e-07
0.123483 1.05459e-07
0.123573 1.01177e-07
0.123663 9.64259e-08
0.123753 9.0923e-08
0.123843 8.62101e-08
0.123933 8.29428e-08
0.124023 8.05131e-08
0.124113 7.83202e-08
0.124203 7.75988e-08
0.124293 7.78862e-08
0.124382 7.93519e-08
0.124472 8.25586e-08
0.124562 8.64758e-08
0.124652 9.04115e-08
0.124742 9.36638e-08
0.124832 9.70358e-08
0.124922 9.94224e-08
0.125012 1.0014e-07
0.125102 1.00009e-07
0.125192 1.0066e-07
0.125281 1.02051e-07
0.125371 1.0348e-07
0.125461 1.04733e-07
0.125551 1.04904e-07
0.125641 1.04984e-07
0.125731 1.05069e-07
0.125821 1.05145e-07
0.125911 1.05073e-07
0.126001 1.05072e-07
0.126091 1.05567e-07
0.126181 1.06174e-07
0.12627 1.06625e-07
0.12636 1.06022e-07
0.12645 1.05304e-07
0.12654 1.04708e-07
0.12663 1.05654e-07
0.12672 1.06346e-07
0.12681 1.06935e-07
0.1269 1.06757e-07
0.12699 1.07539e-07
0.12708 1.08329e-07
0.127169 1.09442e-07
0.127259 1.09873e-07
0.127349 1.10037e-07
0.127439 1.10701e-07
0.127529 1.11873e-07
0.127619 1.12341e-07
0.127709 1.11687e-07
0.127799 1.11167e-07
0.127889 1.11631e-07
0.127979 1.124e-07
0.128068 1.12034e-07
0.128158 1.11395e-07
0.128248 1.10831e-07
0.128338 1.11108e-07
0.128428 1.12058e-07
0.128518 1.1277e-07
0.128608 1.13165e-07
0.128698 1.1378e-07
0.128788 1.15124e-07
0.128878 1.16334e-07
0.128968 1.1704e-07
0.129057 1.18477e-07
0.129147 1.22055e-07
0.129237 1.26145e-07
0.129327 1.30481e-07
0.129417 1.35233e-07
0.129507 1.37689e-07
0.129597 1.40257e-07
0.129687 1.40927e-07
0.129777 1.40816e-07
0.129867 1.39783e-07
0.129956 1.3877e-07
0.130046 1.36503e-07
0.130136 1.34111e-07
0.130226 1.31771e-07
0.130316 1.2957e-07
0.130406 1.26905e-07
0.130496 1.25101e-07
0.130586 1.24251e-07
0.130676 1.23206e-07
0.130766 1.22251e-07
0.130856 1.21055e-07
0.130945 1.19497e-07
0.131035 1.17237e-07
0.131125 1.15084e-07
0.131215 1.12404e-07
0.131305 1.10408e-07
0.131395 1.0892e-07
0.131485 1.07828e-07
0.131575 1.02195e-07
0.131665 1.02087e-07
0.131755 1.06644e-07
0.131844 1.14366e-07
0.131934 1.18085e-07
0.132024 1.18149e-07
0.132114 1.16576e-07
0.132204 1.15284e-07
0.132294 1.14751e-07
0.132384 1.13276e-07
0.132474 1.11675e-07
0.132564 1.09183e-07
0.132654 1.07098e-07
0.132744 1.04256e-07
0.132833 1.00797e-07
0.132923 9.7503e-08
0.133013 9.51675e-08
0.133103 9.39844e-08
0.133193 9.13541e-08
0.133283 8.76305e-08
0.133373 8.15652e-08
0.133463 1.82634e-07
0.133553 2.64374e-07
0.133643 2.57179e-07
0.133732 2.55419e-07
0.133822 2.53501e-07
0.133912 2.52305e-07
0.134002 2.51644e-07
0.134092 2.52122e-07
0.134182 2.52622e-07
0.134272 2.52734e-07
0.134362 2.53126e-07
0.134452 2.53561e-07
0.134542 2.54248e-07
0.134631 2.55202e-07
0.134721 2.56867e-07
0.134811 2.58728e-07
