-0.134811 -5.86539e-08
-0.134721 -5.85178e-08
-0.134631 -5.87314e-08
-0.134542 -5.89024e-08
-0.134452 -5.92179e-08
-0.134362 -5.9619e-08
-0.134272 -6.04683e-08
-0.134182 -6.15231e-08
-0.134092 -6.25869e-08
-0.134002 -6.37008e-08
-0.133912 -6.48375e-08
-0.133822 -6.52841e-08
-0.133732 -6.59728e-08
-0.133642 -6.65955e-08
-0.133553 -6.67214e-08
-0.133463 -6.65803e-08
-0.133373 -6.63431e-08
-0.133283 -6.59098e-08
-0.133193 -6.50199e-08
-0.133103 -6.42029e-08
-0.133013 -6.30841e-08
-0.132923 -6.20472e-08
-0.132833 -6.06731e-08
-0.132743 -6.04827e-08
-0.132654 -5.98118e-08
-0.132564 -5.94019e-08
-0.132474 -5.93806e-08
-0.132384 -5.99535e-08
-0.132294 -6.04829e-08
-0.132204 -6.08492e-08
-0.132114 -6.12881e-08
-0.132024 -6.17959e-08
-0.131934 -6.22436e-08
-0.131844 -6.29488e-08
-0.131754 -6.36952e-08
-0.131665 -6.39421e-08
-0.131575 -6.4662e-08
-0.131485 -6.53044e-08
-0.131395 -6.57348e-08
-0.131305 -6.53835e-08
-0.131215 -6.52831e-08
-0.131125 -6.60016e-08
-0.131035 -6.63304e-08
-0.130945 -6.70925e-08
-0.130855 -6.75401e-08
-0.130766 -6.79392e-08
-0.130676 -6.77909e-08
-0.130586 -6.79838e-08
-0.130496 -6.78604e-08
-0.130406 -6.76742e-08
-0.130316 -6.74978e-08
-0.130226 -6.78789e-08
-0.130136 -6.7488e-08
-0.130046 -6.70413e-08
-0.129956 -6.63994e-08
-0.129867 -6.56447e-08
-0.129777 -6.49469e-08
-0.129687 -6.43698e-08
-0.129597 -6.43383e-08
-0.129507 -6.38774e-08
-0.129417 -6.37056e-08
-0.129327 -6.32217e-08
-0.129237 -6.30774e-08
-0.129147 -6.30172e-08
-0.129057 -6.32344e-08
-0.128967 -6.36725e-08
-0.128878 -6.46294e-08
-0.128788 -6.59705e-08
-0.128698 -6.72385e-08
-0.128608 -6.78026e-08
-0.128518 -6.85623e-08
-0.128428 -6.94781e-08
-0.128338 -7.01685e-08
-0.128248 -7.13395e-08
-0.128158 -7.19008e-08
-0.128068 -7.267e-08
-0.127979 -7.30466e-08
-0.127889 -7.30161e-08
-0.127799 -7.29821e-08
-0.127709 -7.27847e-08
-0.127619 -7.22499e-08
-0.127529 -7.22712e-08
-0.127439 -7.19268e-08
-0.127349 -7.21348e-08
-0.127259 -7.19369e-08
-0.127169 -7.19615e-08
-0.127079 -7.15509e-08
-0.12699 -7.10523e-08
-0.1269 -7.1124e-08
-0.12681 -7.13611e-08
-0.12672 -7.1211e-08
-0.12663 -7.15455e-08
-0.12654 -7.25416e-08
-0.12645 -7.29401e-08
-0.12636 -7.35502e-08
-0.12627 -7.3437e-08
-0.12618 -7.35795e-08
-0.126091 -7.31376e-08
-0.126001 -7.3237e-08
-0.125911 -7.29637e-08
-0.125821 -7.28697e-08
-0.125731 -7.25419e-08
-0.125641 -7.29994e-08
-0.125551 -7.26621e-08
-0.125461 -7.22362e-08
-0.125371 -7.16663e-08
-0.125281 -7.13139e-08
-0.125191 -7.09029e-08
-0.125102 -7.09083e-08
-0.125012 -7.15354e-08
-0.124922 -7.2398e-08
-0.124832 -7.25422e-08
-0.124742 -7.30758e-08
-0.124652 -7.32334e-08
-0.124562 -7.34412e-08
-0.124472 -7.37771e-08
-0.124382 -7.42902e-08
-0.124292 -7.48035e-08
-0.124203 -7.55801e-08
-0.124113 -7.63949e-08
-0.124023 -7.68692e-08
-0.123933 -7.67041e-08
-0.123843 -7.68673e-08
-0.123753 -7.72797e-08
-0.123663 -7.78087e-08
-0.123573 -7.82817e-08
-0.123483 -7.82501e-08
-0.123393 -7.83471e-08
-0.123304 -7.87304e-08
-0.123214 -7.88009e-08
-0.123124 -7.79763e-08
-0.123034 -7.72063e-08
-0.122944 -7.68828e-08
-0.122854 -7.66066e-08
-0.122764 -7.62319e-08
-0.122674 -7.57233e-08
-0.122584 -7.51582e-08
-0.122494 -7.47184e-08
-0.122404 -7.49183e-08
-0.122315 -7.48488e-08
-0.122225 -7.44209e-08
-0.122135 -7.43697e-08
-0.122045 -7.50547e-08
-0.121955 -7.54504e-08
-0.121865 -7.57648e-08
-0.121775 -7.61013e-08
-0.121685 -7.65626e-08
-0.121595 -7.68777e-08
-0.121505 -7.71915e-08
-0.121416 -7.76182e-08
-0.121326 -7.7857e-08
-0.121236 -7.80675e-08
-0.121146 -7.83123e-08
-0.121056 -7.8408e-08
-0.120966 -7.8541e-08
-0.120876 -7.84446e-08
-0.120786 -7.85012e-08
-0.120696 -7.82436e-08
-0.120606 -7.77997e-08
-0.120516 -7.76489e-08
-0.120427 -7.7573e-08
-0.120337 -7.72589e-08
-0.120247 -7.70184e-08
-0.120157 -7.69305e-08
-0.120067 -7.69741e-08
-0.119977 -7.66977e-08
-0.119887 -7.66931e-08
-0.119797 -7.68443e-08
-0.119707 -7.70575e-08
-0.119617 -7.74932e-08
-0.119528 -7.79276e-08
-0.119438 -7.81527e-08
-0.119348 -7.8291e-08
-0.119258 -7.84545e-08
-0.119168 -7.8546e-08
-0.119078 -7.85936e-08
-0.118988 -7.86491e-08
-0.118898 -7.86098e-08
-0.118808 -7.82672e-08
-0.118718 -7.79989e-08
-0.118628 -7.75851e-08
-0.118539 -7.74968e-08
-0.118449 -7.72941e-08
-0.118359 -7.71471e-08
-0.118269 -7.71892e-08
-0.118179 -7.73835e-08
-0.118089 -7.73492e-08
-0.117999 -7.74158e-08
-0.117909 -7.73782e-08
-0.117819 -7.76926e-08
-0.117729 -7.77922e-08
-0.11764 -7.78357e-08
-0.11755 -7.77795e-08
-0.11746 -7.75393e-08
-0.11737 -7.73935e-08
-0.11728 -7.74295e-08
-0.11719 -7.72339e-08
-0.1171 -7.70621e-08
-0.11701 -7.69185e-08
-0.11692 -7.69739e-08
-0.11683 -7.69194e-08
-0.116741 -7.6749e-08
-0.116651 -7.70775e-08
-0.116561 -7.73613e-08
-0.116471 -7.76537e-08
-0.116381 -7.79987e-08
-0.116291 -7.82808e-08
-0.116201 -7.83473e-08
-0.116111 -7.85873e-08
-0.116021 -7.88702e-08
-0.115931 -7.91359e-08
-0.115841 -7.93287e-08
-0.115752 -7.97435e-08
-0.115662 -7.98648e-08
-0.115572 -7.97725e-08
-0.115482 -7.97882e-08
-0.115392 -7.98326e-08
-0.115302 -7.97426e-08
-0.115212 -7.96578e-08
-0.115122 -7.97399e-08
-0.115032 -7.96794e-08
-0.114942 -7.96276e-08
-0.114853 -7.96002e-08
-0.114763 -7.93482e-08
-0.114673 -7.9228e-08
-0.114583 -7.92665e-08
-0.114493 -7.93164e-08
-0.114403 -7.91456e-08
-0.114313 -7.89566e-08
-0.114223 -7.90123e-08
-0.114133 -7.89823e-08
-0.114043 -7.90047e-08
-0.113953 -7.89373e-08
-0.113864 -7.87849e-08
-0.113774 -7.87232e-08
-0.113684 -7.8691e-08
-0.113594 -7.84434e-08
-0.113504 -7.82667e-08
-0.113414 -7.79402e-08
-0.113324 -7.78907e-08
-0.113234 -7.78633e-08
-0.113144 -7.77842e-08
-0.113054 -7.77317e-08
-0.112965 -7.75622e-08
-0.112875 -7.76778e-08
-0.112785 -7.7644e-08
-0.112695 -7.76306e-08
-0.112605 -7.78425e-08
-0.112515 -7.81605e-08
-0.112425 -7.82535e-08
-0.112335 -7.86898e-08
-0.112245 -7.88214e-08
-0.112155 -7.89004e-08
-0.112065 -7.89936e-08
-0.111976 -7.91517e-08
-0.111886 -7.92967e-08
-0.111796 -7.95106e-08
-0.111706 -7.977e-08
-0.111616 -7.97768e-08
-0.111526 -7.96471e-08
-0.111436 -7.95668e-08
-0.111346 -7.96423e-08
-0.111256 -7.95155e-08
-0.111166 -7.955e-08
-0.111077 -7.96579e-08
-0.110987 -7.97138e-08
-0.110897 -7.95202e-08
-0.110807 -7.9365e-08
-0.110717 -7.90307e-08
-0.110627 -7.89441e-08
-0.110537 -7.89194e-08
-0.110447 -7.8954e-08
-0.110357 -7.87491e-08
-0.110267 -7.8581e-08
-0.110178 -7.83684e-08
-0.110088 -7.83218e-08
-0.109998 -7.80558e-08
-0.109908 -7.79739e-08
-0.109818 -7.80368e-08
-0.109728 -7.80302e-08
-0.109638 -7.80025e-08
-0.109548 -7.81024e-08
-0.109458 -7.80686e-08
-0.109368 -7.82102e-08
-0.109278 -7.83513e-08
-0.109189 -7.83746e-08
-0.109099 -7.84595e-08
-0.109009 -7.83722e-08
-0.108919 -7.83823e-08
-0.108829 -7.84834e-08
-0.108739 -7.85319e-08
-0.108649 -7.86439e-08
-0.108559 -7.86016e-08
-0.108469 -7.85616e-08
-0.108379 -7.84717e-08
-0.10829 -7.84336e-08
-0.1082 -7.84843e-08
-0.10811 -7.84259e-08
-0.10802 -7.84219e-08
-0.10793 -7.84925e-08
-0.10784 -7.84835e-08
-0.10775 -7.83501e-08
-0.10766 -7.82446e-08
-0.10757 -7.81497e-08
-0.10748 -7.82152e-08
-0.10739 -7.81527e-08
-0.107301 -7.80923e-08
-0.107211 -7.7935e-08
-0.107121 -7.77704e-08
-0.107031 -7.78291e-08
-0.106941 -7.77261e-08
-0.106851 -7.77655e-08
-0.106761 -7.79529e-08
-0.106671 -7.80475e-08
-0.106581 -7.8271e-08
-0.106491 -7.84143e-08
-0.106402 -7.84654e-08
-0.106312 -7.85154e-08
-0.106222 -7.85721e-08
-0.106132 -7.85756e-08
-0.106042 -7.85954e-08
-0.105952 -7.85835e-08
-0.105862 -7.86275e-08
-0.105772 -7.84396e-08
-0.105682 -7.82307e-08
-0.105592 -7.8e-08
-0.105502 -7.76793e-08
-0.105413 -7.74306e-08
-0.105323 -7.728e-08
-0.105233 -7.71284e-08
-0.105143 -7.70592e-08
-0.105053 -7.69493e-08
-0.104963 -7.68996e-08
-0.104873 -7.67525e-08
-0.104783 -7.66415e-08
-0.104693 -7.64871e-08
-0.104603 -7.64886e-08
-0.104514 -7.64837e-08
-0.104424 -7.64783e-08
-0.104334 -7.64505e-08
-0.104244 -7.65776e-08
-0.104154 -7.65677e-08
-0.104064 -7.64097e-08
-0.103974 -7.64262e-08
-0.103884 -7.62485e-08
-0.103794 -7.62797e-08
-0.103704 -7.6272e-08
-0.103614 -7.62794e-08
-0.103525 -7.62649e-08
-0.103435 -7.62291e-08
-0.103345 -7.61555e-08
-0.103255 -7.60888e-08
-0.103165 -7.59674e-08
-0.103075 -7.60133e-08
-0.102985 -7.60656e-08
-0.102895 -7.6075e-08
-0.102805 -7.60788e-08
-0.102715 -7.59958e-08
-0.102626 -7.60789e-08
-0.102536 -7.61368e-08
-0.102446 -7.61292e-08
-0.102356 -7.62367e-08
-0.102266 -7.6362e-08
-0.102176 -7.64549e-08
-0.102086 -7.65237e-08
-0.101996 -7.66431e-08
-0.101906 -7.66672e-08
-0.101816 -7.67031e-08
-0.101727 -7.67792e-08
-0.101637 -7.67781e-08
-0.101547 -7.67154e-08
-0.101457 -7.66129e-08
-0.101367 -7.64268e-08
-0.101277 -7.63016e-08
-0.101187 -7.61512e-08
-0.101097 -7.59348e-08
-0.101007 -7.57383e-08
-0.100917 -7.54676e-08
-0.100827 -7.53637e-08
-0.100738 -7.5149e-08
-0.100648 -7.50304e-08
-0.100558 -7.49358e-08
-0.100468 -7.47611e-08
-0.100378 -7.48055e-08
-0.100288 -7.48494e-08
-0.100198 -7.48036e-08
-0.100108 -7.49152e-08
-0.100018 -7.49451e-08
-0.0999284 -7.51326e-08
-0.0998385 -7.52324e-08
-0.0997486 -7.52055e-08
-0.0996587 -7.52342e-08
-0.0995688 -7.52221e-08
-0.0994789 -7.52333e-08
-0.099389 -7.5394e-08
-0.0992991 -7.53912e-08
-0.0992092 -7.54421e-08
-0.0991193 -7.53693e-08
-0.0990294 -7.53183e-08
-0.0989395 -7.51513e-08
-0.0988496 -7.49721e-08
-0.0987597 -7.48695e-08
-0.0986698 -7.47657e-08
-0.0985799 -7.46769e-08
-0.09849 -7.45953e-08
-0.0984001 -7.43658e-08
-0.0983102 -7.40704e-08
-0.0982202 -7.38207e-08
-0.0981303 -7.36207e-08
-0.0980404 -7.34895e-08
-0.0979505 -7.33599e-08
-0.0978606 -7.32943e-08
-0.0977707 -7.31856e-08
-0.0976808 -7.31703e-08
-0.0975909 -7.30558e-08
-0.097501 -7.29834e-08
-0.0974111 -7.29384e-08
-0.0973212 -7.29598e-08
-0.0972313 -7.28986e-08
-0.0971414 -7.29413e-08
-0.0970515 -7.30092e-08
-0.0969616 -7.29806e-08
-0.0968717 -7.29846e-08
-0.0967818 -7.30369e-08
-0.0966919 -7.30133e-08
-0.096602 -7.30882e-08
-0.0965121 -7.31965e-08
-0.0964222 -7.32294e-08
-0.0963323 -7.33157e-08
-0.0962424 -7.33458e-08
-0.0961525 -7.34759e-08
-0.0960626 -7.34161e-08
-0.0959726 -7.33958e-08
-0.0958827 -7.3317e-08
-0.0957928 -7.32314e-08
-0.0957029 -7.3137e-08
-0.095613 -7.31073e-08
-0.0955231 -7.30274e-08
-0.0954332 -7.29595e-08
-0.0953433 -7.28358e-08
-0.0952534 -7.27216e-08
-0.0951635 -7.25842e-08
-0.0950736 -7.24074e-08
-0.0949837 -7.23227e-08
-0.0948938 -7.21994e-08
-0.0948039 -7.21734e-08
-0.094714 -7.21207e-08
-0.0946241 -7.19784e-08
-0.0945342 -7.18008e-08
-0.0944443 -7.16134e-08
-0.0943544 -7.14301e-08
-0.0942645 -7.12872e-08
-0.0941746 -7.11189e-08
-0.0940847 -7.10426e-08
-0.0939948 -7.07924e-08
-0.0939049 -7.05602e-08
-0.0938149 -7.03807e-08
-0.093725 -7.02356e-08
-0.0936351 -7.00728e-08
-0.0935452 -6.99841e-08
-0.0934553 -6.99147e-08
-0.0933654 -6.98087e-08
-0.0932755 -6.9689e-08
-0.0931856 -6.96824e-08
-0.0930957 -6.96536e-08
-0.0930058 -6.96493e-08
-0.0929159 -6.98333e-08
-0.092826 -6.99122e-08
-0.0927361 -6.99853e-08
-0.0926462 -7.00049e-08
-0.0925563 -7.00849e-08
-0.0924664 -7.00123e-08
-0.0923765 -6.99607e-08
-0.0922866 -6.99584e-08
-0.0921967 -6.99614e-08
-0.0921068 -6.9849e-08
-0.0920169 -6.97456e-08
-0.091927 -6.95558e-08
-0.0918371 -6.92961e-08
-0.0917472 -6.90802e-08
-0.0916572 -6.89068e-08
-0.0915673 -6.87701e-08
-0.0914774 -6.86276e-08
-0.0913875 -6.85425e-08
-0.0912976 -6.84373e-08
-0.0912077 -6.83396e-08
-0.0911178 -6.82202e-08
-0.0910279 -6.81287e-08
-0.090938 -6.80374e-08
-0.0908481 -6.79772e-08
-0.0907582 -6.7965e-08
-0.0906683 -6.79021e-08
-0.0905784 -6.77807e-08
-0.0904885 -6.7668e-08
-0.0903986 -6.75166e-08
-0.0903087 -6.74605e-08
-0.0902188 -6.73399e-08
-0.0901289 -6.73106e-08
-0.090039 -6.72616e-08
-0.0899491 -6.72312e-08
-0.0898592 -6.72459e-08
-0.0897693 -6.73031e-08
-0.0896794 -6.72789e-08
-0.0895895 -6.72742e-08
-0.0894995 -6.72459e-08
-0.0894096 -6.72866e-08
-0.0893197 -6.7333e-08
-0.0892298 -6.7249e-08
-0.0891399 -6.72428e-08
-0.08905 -6.71611e-08
-0.0889601 -6.71412e-08
-0.0888702 -6.70695e-08
-0.0887803 -6.69384e-08
-0.0886904 -6.68227e-08
-0.0886005 -6.67222e-08
-0.0885106 -6.66324e-08
-0.0884207 -6.65432e-08
-0.0883308 -6.64007e-08
-0.0882409 -6.6364e-08
-0.088151 -6.63216e-08
-0.0880611 -6.61938e-08
-0.0879712 -6.60811e-08
-0.0878813 -6.59565e-08
-0.0877914 -6.58464e-08
-0.0877015 -6.57487e-08
-0.0876116 -6.56284e-08
-0.0875217 -6.55196e-08
-0.0874318 -6.54519e-08
-0.0873418 -6.53178e-08
-0.0872519 -6.51603e-08
-0.087162 -6.49744e-08
-0.0870721 -6.48237e-08
-0.0869822 -6.47112e-08
-0.0868923 -6.46529e-08
-0.0868024 -6.45467e-08
-0.0867125 -6.44698e-08
-0.0866226 -6.43802e-08
-0.0865327 -6.42853e-08
-0.0864428 -6.42197e-08
-0.0863529 -6.40864e-08
-0.086263 -6.40321e-08
-0.0861731 -6.39158e-08
-0.0860832 -6.38912e-08
-0.0859933 -6.37917e-08
-0.0859034 -6.37208e-08
-0.0858135 -6.35359e-08
-0.0857236 -6.34381e-08
-0.0856337 -6.33378e-08
-0.0855438 -6.32405e-08
-0.0854539 -6.31446e-08
-0.085364 -6.30285e-08
-0.0852741 -6.29692e-08
-0.0851841 -6.2947e-08
-0.0850942 -6.28811e-08
-0.0850043 -6.28247e-08
-0.0849144 -6.27728e-08
-0.0848245 -6.27454e-08
-0.0847346 -6.27292e-08
-0.0846447 -6.26704e-08
-0.0845548 -6.2619e-08
-0.0844649 -6.25637e-08
-0.084375 -6.24931e-08
-0.0842851 -6.24439e-08
-0.0841952 -6.23695e-08
-0.0841053 -6.23463e-08
-0.0840154 -6.23025e-08
-0.0839255 -6.22424e-08
-0.0838356 -6.21626e-08
-0.0837457 -6.20779e-08
-0.0836558 -6.20163e-08
-0.0835659 -6.19551e-08
-0.083476 -6.18824e-08
-0.0833861 -6.17852e-08
-0.0832962 -6.17114e-08
-0.0832063 -6.16177e-08
-0.0831164 -6.15316e-08
-0.0830264 -6.14842e-08
-0.0829365 -6.14209e-08
-0.0828466 -6.13846e-08
-0.0827567 -6.13265e-08
-0.0826668 -6.12511e-08
-0.0825769 -6.11516e-08
-0.082487 -6.11035e-08
-0.0823971 -6.10914e-08
-0.0823072 -6.10494e-08
-0.0822173 -6.09871e-08
-0.0821274 -6.09106e-08
-0.0820375 -6.08245e-08
-0.0819476 -6.07337e-08
-0.0818577 -6.06445e-08
-0.0817678 -6.0542e-08
-0.0816779 -6.04428e-08
-0.081588 -6.03687e-08
-0.0814981 -6.0236e-08
-0.0814082 -6.0114e-08
-0.0813183 -6.00085e-08
-0.0812284 -5.99005e-08
-0.0811385 -5.97793e-08
-0.0810486 -5.97053e-08
-0.0809587 -5.95891e-08
-0.0808687 -5.9496e-08
-0.0807788 -5.9405e-08
-0.0806889 -5.93063e-08
-0.080599 -5.92023e-08
-0.0805091 -5.91101e-08
-0.0804192 -5.89976e-08
-0.0803293 -5.89024e-08
-0.0802394 -5.88183e-08
-0.0801495 -5.8757e-08
-0.0800596 -5.8727e-08
-0.0799697 -5.86258e-08
-0.0798798 -5.84757e-08
-0.0797899 -5.83741e-08
-0.0797 -5.82227e-08
-0.0796101 -5.80944e-08
-0.0795202 -5.7936e-08
-0.0794303 -5.78179e-08
-0.0793404 -5.77113e-08
-0.0792505 -5.75836e-08
-0.0791606 -5.74006e-08
-0.0790707 -5.72487e-08
-0.0789808 -5.70773e-08
-0.0788909 -5.68714e-08
-0.078801 -5.66883e-08
-0.078711 -5.65292e-08
-0.0786211 -5.6398e-08
-0.0785312 -5.62344e-08
-0.0784413 -5.6064e-08
-0.0783514 -5.58973e-08
-0.0782615 -5.57621e-08
-0.0781716 -5.56014e-08
-0.0780817 -5.54837e-08
-0.0779918 -5.53301e-08
-0.0779019 -5.51865e-08
-0.077812 -5.50847e-08
-0.0777221 -5.49925e-08
-0.0776322 -5.49083e-08
-0.0775423 -5.48755e-08
-0.0774524 -5.47943e-08
-0.0773625 -5.47072e-08
-0.0772726 -5.46448e-08
-0.0771827 -5.45748e-08
-0.0770928 -5.4489e-08
-0.0770029 -5.44388e-08
-0.076913 -5.43619e-08
-0.0768231 -5.42845e-08
-0.0767332 -5.42107e-08
-0.0766433 -5.41354e-08
-0.0765534 -5.40487e-08
-0.0764634 -5.39409e-08
-0.0763735 -5.38339e-08
-0.0762836 -5.3733e-08
-0.0761937 -5.36102e-08
-0.0761038 -5.34946e-08
-0.0760139 -5.33966e-08
-0.075924 -5.32612e-08
-0.0758341 -5.31379e-08
-0.0757442 -5.2988e-08
-0.0756543 -5.28545e-08
-0.0755644 -5.26998e-08
-0.0754745 -5.25607e-08
-0.0753846 -5.24454e-08
-0.0752947 -5.23177e-08
-0.0752048 -5.22235e-08
-0.0751149 -5.21122e-08
-0.075025 -5.20161e-08
-0.0749351 -5.18922e-08
-0.0748452 -5.18133e-08
-0.0747553 -5.1759e-08
-0.0746654 -5.17166e-08
-0.0745755 -5.168e-08
-0.0744856 -5.16445e-08
-0.0743957 -5.16103e-08
-0.0743057 -5.15936e-08
-0.0742158 -5.1582e-08
-0.0741259 -5.15896e-08
-0.074036 -5.15847e-08
-0.0739461 -5.15751e-08
-0.0738562 -5.15485e-08
-0.0737663 -5.15386e-08
-0.0736764 -5.15277e-08
-0.0735865 -5.15127e-08
-0.0734966 -5.14916e-08
-0.0734067 -5.14872e-08
-0.0733168 -5.1451e-08
-0.0732269 -5.14406e-08
-0.073137 -5.14273e-08
-0.0730471 -5.14104e-08
-0.0729572 -5.13896e-08
-0.0728673 -5.13859e-08
-0.0727774 -5.13244e-08
-0.0726875 -5.1282e-08
-0.0725976 -5.12252e-08
-0.0725077 -5.11855e-08
-0.0724178 -5.11284e-08
-0.0723279 -5.10575e-08
-0.072238 -5.1e-08
-0.072148 -5.09347e-08
-0.0720581 -5.08577e-08
-0.0719682 -5.07758e-08
-0.0718783 -5.06796e-08
-0.0717884 -5.06301e-08
-0.0716985 -5.05814e-08
-0.0716086 -5.04974e-08
-0.0715187 -5.04121e-08
-0.0714288 -5.03462e-08
-0.0713389 -5.02979e-08
-0.071249 -5.02073e-08
-0.0711591 -5.01195e-08
-0.0710692 -5.0018e-08
-0.0709793 -4.99205e-08
-0.0708894 -4.98486e-08
-0.0707995 -4.97748e-08
-0.0707096 -4.96974e-08
-0.0706197 -4.96034e-08
-0.0705298 -4.94984e-08
-0.0704399 -4.9392e-08
-0.07035 -4.92574e-08
-0.0702601 -4.9112e-08
-0.0701702 -4.90094e-08
-0.0700803 -4.89064e-08
-0.0699903 -4.8809e-08
-0.0699004 -4.87242e-08
-0.0698105 -4.86237e-08
-0.0697206 -4.85262e-08
-0.0696307 -4.84496e-08
-0.0695408 -4.83565e-08
-0.0694509 -4.82655e-08
-0.069361 -4.82074e-08
-0.0692711 -4.81151e-08
-0.0691812 -4.80255e-08
-0.0690913 -4.79439e-08
-0.0690014 -4.78581e-08
-0.0689115 -4.77543e-08
-0.0688216 -4.7646e-08
-0.0687317 -4.75239e-08
-0.0686418 -4.74141e-08
-0.0685519 -4.73019e-08
-0.068462 -4.72097e-08
-0.0683721 -4.71126e-08
-0.0682822 -4.70481e-08
-0.0681923 -4.69997e-08
-0.0681024 -4.69613e-08
-0.0680125 -4.69185e-08
-0.0679226 -4.6873e-08
-0.0678326 -4.67777e-08
-0.0677427 -4.67326e-08
-0.0676528 -4.66797e-08
-0.0675629 -4.66033e-08
-0.067473 -4.65186e-08
-0.0673831 -4.64545e-08
-0.0672932 -4.6406e-08
-0.0672033 -4.63358e-08
-0.0671134 -4.62598e-08
-0.0670235 -4.61719e-08
-0.0669336 -4.60783e-08
-0.0668437 -4.59969e-08
-0.0667538 -4.58856e-08
-0.0666639 -4.57986e-08
-0.066574 -4.57132e-08
-0.0664841 -4.56308e-08
-0.0663942 -4.55341e-08
-0.0663043 -4.54239e-08
-0.0662144 -4.52998e-08
-0.0661245 -4.51606e-08
-0.0660346 -4.50335e-08
-0.0659447 -4.48757e-08
-0.0658548 -4.46948e-08
-0.0657649 -4.45571e-08
-0.0656749 -4.44034e-08
-0.065585 -4.42344e-08
-0.0654951 -4.40951e-08
-0.0654052 -4.39672e-08
-0.0653153 -4.38462e-08
-0.0652254 -4.37022e-08
-0.0651355 -4.3575e-08
-0.0650456 -4.34583e-08
-0.0649557 -4.33418e-08
-0.0648658 -4.32355e-08
-0.0647759 -4.31183e-08
-0.064686 -4.29937e-08
-0.0645961 -4.29026e-08
-0.0645062 -4.2829e-08
-0.0644163 -4.27587e-08
-0.0643264 -4.26699e-08
-0.0642365 -4.2575e-08
-0.0641466 -4.24856e-08
-0.0640567 -4.2406e-08
-0.0639668 -4.23287e-08
-0.0638769 -4.22578e-08
-0.063787 -4.22027e-08
-0.0636971 -4.21206e-08
-0.0636072 -4.20538e-08
-0.0635172 -4.19833e-08
-0.0634273 -4.19148e-08
-0.0633374 -4.18531e-08
-0.0632475 -4.17798e-08
-0.0631576 -4.17152e-08
-0.0630677 -4.16502e-08
-0.0629778 -4.16035e-08
-0.0628879 -4.15424e-08
-0.062798 -4.15068e-08
-0.0627081 -4.14694e-08
-0.0626182 -4.14233e-08
-0.0625283 -4.13713e-08
-0.0624384 -4.13146e-08
-0.0623485 -4.12494e-08
-0.0622586 -4.11928e-08
-0.0621687 -4.11536e-08
-0.0620788 -4.11081e-08
-0.0619889 -4.1057e-08
-0.061899 -4.10325e-08
-0.0618091 -4.10181e-08
-0.0617192 -4.09903e-08
-0.0616293 -4.09611e-08
-0.0615394 -4.09148e-08
-0.0614495 -4.09015e-08
-0.0613595 -4.08889e-08
-0.0612696 -4.08542e-08
-0.0611797 -4.07993e-08
-0.0610898 -4.075e-08
-0.0609999 -4.06678e-08
-0.06091 -4.06088e-08
-0.0608201 -4.05296e-08
-0.0607302 -4.04503e-08
-0.0606403 -4.03701e-08
-0.0605504 -4.0262e-08
-0.0604605 -4.01486e-08
-0.0603706 -4.00257e-08
-0.0602807 -3.99124e-08
-0.0601908 -3.97962e-08
-0.0601009 -3.96941e-08
-0.060011 -3.95946e-08
-0.0599211 -3.94769e-08
-0.0598312 -3.93291e-08
-0.0597413 -3.92102e-08
-0.0596514 -3.90734e-08
-0.0595615 -3.89466e-08
-0.0594716 -3.88366e-08
-0.0593817 -3.87267e-08
-0.0592918 -3.86026e-08
-0.0592018 -3.84922e-08
-0.0591119 -3.83888e-08
-0.059022 -3.83001e-08
-0.0589321 -3.82146e-08
-0.0588422 -3.81611e-08
-0.0587523 -3.81055e-08
-0.0586624 -3.80301e-08
-0.0585725 -3.79691e-08
-0.0584826 -3.79278e-08
-0.0583927 -3.78802e-08
-0.0583028 -3.78111e-08
-0.0582129 -3.77344e-08
-0.058123 -3.76875e-08
-0.0580331 -3.76259e-08
-0.0579432 -3.75731e-08
-0.0578533 -3.75085e-08
-0.0577634 -3.74703e-08
-0.0576735 -3.7419e-08
-0.0575836 -3.73527e-08
-0.0574937 -3.73051e-08
-0.0574038 -3.72564e-08
-0.0573139 -3.71855e-08
-0.057224 -3.71142e-08
-0.0571341 -3.70336e-08
-0.0570442 -3.69676e-08
-0.0569542 -3.68813e-08
-0.0568643 -3.67705e-08
-0.0567744 -3.66677e-08
-0.0566845 -3.65563e-08
-0.0565946 -3.6448e-08
-0.0565047 -3.63255e-08
-0.0564148 -3.62239e-08
-0.0563249 -3.61072e-08
-0.056235 -3.59816e-08
-0.0561451 -3.58652e-08
-0.0560552 -3.57456e-08
-0.0559653 -3.56129e-08
-0.0558754 -3.54807e-08
-0.0557855 -3.53293e-08
-0.0556956 -3.51785e-08
-0.0556057 -3.50305e-08
-0.0555158 -3.48807e-08
-0.0554259 -3.4748e-08
-0.055336 -3.46067e-08
-0.0552461 -3.44621e-08
-0.0551562 -3.43029e-08
-0.0550663 -3.41337e-08
-0.0549764 -3.39782e-08
-0.0548865 -3.38324e-08
-0.0547965 -3.37029e-08
-0.0547066 -3.35736e-08
-0.0546167 -3.34263e-08
-0.0545268 -3.32854e-08
-0.0544369 -3.31522e-08
-0.054347 -3.30243e-08
-0.0542571 -3.28896e-08
-0.0541672 -3.27651e-08
-0.0540773 -3.26363e-08
-0.0539874 -3.25004e-08
-0.0538975 -3.23662e-08
-0.0538076 -3.22384e-08
-0.0537177 -3.21204e-08
-0.0536278 -3.19928e-08
-0.0535379 -3.18572e-08
-0.053448 -3.17344e-08
-0.0533581 -3.16086e-08
-0.0532682 -3.1471e-08
-0.0531783 -3.13629e-08
-0.0530884 -3.12685e-08
-0.0529985 -3.11629e-08
-0.0529086 -3.10639e-08
-0.0528187 -3.09516e-08
-0.0527288 -3.08569e-08
-0.0526388 -3.07447e-08
-0.0525489 -3.06393e-08
-0.052459 -3.05245e-08
-0.0523691 -3.04055e-08
-0.0522792 -3.02892e-08
-0.0521893 -3.01746e-08
-0.0520994 -3.00716e-08
-0.0520095 -2.99627e-08
-0.0519196 -2.98485e-08
-0.0518297 -2.9733e-08
-0.0517398 -2.96164e-08
-0.0516499 -2.95021e-08
-0.05156 -2.93946e-08
-0.0514701 -2.92815e-08
-0.0513802 -2.91737e-08
-0.0512903 -2.90689e-08
-0.0512004 -2.89805e-08
-0.0511105 -2.88897e-08
-0.0510206 -2.87804e-08
-0.0509307 -2.86826e-08
-0.0508408 -2.85741e-08
-0.0507509 -2.84658e-08
-0.050661 -2.83576e-08
-0.0505711 -2.82543e-08
-0.0504811 -2.81481e-08
-0.0503912 -2.80291e-08
-0.0503013 -2.79172e-08
-0.0502114 -2.7804e-08
-0.0501215 -2.76823e-08
-0.0500316 -2.7553e-08
-0.0499417 -2.74303e-08
-0.0498518 -2.73104e-08
-0.0497619 -2.71852e-08
-0.049672 -2.70547e-08
-0.0495821 -2.69242e-08
-0.0494922 -2.67996e-08
-0.0494023 -2.66578e-08
-0.0493124 -2.6512e-08
-0.0492225 -2.63634e-08
-0.0491326 -2.61944e-08
-0.0490427 -2.60232e-08
-0.0489528 -2.58531e-08
-0.0488629 -2.56785e-08
-0.048773 -2.5497e-08
-0.0486831 -2.53217e-08
-0.0485932 -2.51335e-08
-0.0485033 -2.49588e-08
-0.0484134 -2.47792e-08
-0.0483234 -2.45904e-08
-0.0482335 -2.43878e-08
-0.0481436 -2.42021e-08
-0.0480537 -2.40166e-08
-0.0479638 -2.38408e-08
-0.0478739 -2.36647e-08
-0.047784 -2.34905e-08
-0.0476941 -2.33107e-08
-0.0476042 -2.31448e-08
-0.0475143 -2.29854e-08
-0.0474244 -2.28394e-08
-0.0473345 -2.26683e-08
-0.0472446 -2.2496e-08
-0.0471547 -2.23339e-08
-0.0470648 -2.2166e-08
-0.0469749 -2.2009e-08
-0.046885 -2.18503e-08
-0.0467951 -2.169e-08
-0.0467052 -2.15555e-08
-0.0466153 -2.14202e-08
-0.0465254 -2.12916e-08
-0.0464355 -2.11561e-08
-0.0463456 -2.10153e-08
-0.0462557 -2.08828e-08
-0.0461657 -2.07534e-08
-0.0460758 -2.0612e-08
-0.0459859 -2.04613e-08
-0.045896 -2.03073e-08
-0.0458061 -2.01704e-08
-0.0457162 -2.00191e-08
-0.0456263 -1.98788e-08
-0.0455364 -1.97365e-08
-0.0454465 -1.96005e-08
-0.0453566 -1.94707e-08
-0.0452667 -1.93365e-08
-0.0451768 -1.92048e-08
-0.0450869 -1.90608e-08
-0.044997 -1.89366e-08
-0.0449071 -1.88025e-08
-0.0448172 -1.86695e-08
-0.0447273 -1.85339e-08
-0.0446374 -1.83901e-08
-0.0445475 -1.82562e-08
-0.0444576 -1.81131e-08
-0.0443677 -1.79787e-08
-0.0442778 -1.78471e-08
-0.0441879 -1.77048e-08
-0.044098 -1.75651e-08
-0.044008 -1.74264e-08
-0.0439181 -1.73014e-08
-0.0438282 -1.71746e-08
-0.0437383 -1.7051e-08
-0.0436484 -1.69135e-08
-0.0435585 -1.67768e-08
-0.0434686 -1.66435e-08
-0.0433787 -1.65009e-08
-0.0432888 -1.63626e-08
-0.0431989 -1.62026e-08
-0.043109 -1.60562e-08
-0.0430191 -1.59112e-08
-0.0429292 -1.57658e-08
-0.0428393 -1.56282e-08
-0.0427494 -1.54952e-08
-0.0426595 -1.53699e-08
-0.0425696 -1.52298e-08
-0.0424797 -1.5095e-08
-0.0423898 -1.49561e-08
-0.0422999 -1.48171e-08
-0.04221 -1.46783e-08
-0.0421201 -1.45381e-08
-0.0420302 -1.43893e-08
-0.0419403 -1.42427e-08
-0.0418503 -1.41017e-08
-0.0417604 -1.39623e-08
-0.0416705 -1.3812e-08
-0.0415806 -1.36616e-08
-0.0414907 -1.35125e-08
-0.0414008 -1.33779e-08
-0.0413109 -1.32364e-08
-0.041221 -1.30994e-08
-0.0411311 -1.29575e-08
-0.0410412 -1.28059e-08
-0.0409513 -1.26442e-08
-0.0408614 -1.24908e-08
-0.0407715 -1.23365e-08
-0.0406816 -1.21851e-08
-0.0405917 -1.2028e-08
-0.0405018 -1.18713e-08
-0.0404119 -1.17141e-08
-0.040322 -1.15573e-08
-0.0402321 -1.14012e-08
-0.0401422 -1.12407e-08
-0.0400523 -1.1078e-08
-0.0399624 -1.09089e-08
-0.0398725 -1.07443e-08
-0.0397826 -1.05843e-08
-0.0396927 -1.04225e-08
-0.0396027 -1.02677e-08
-0.0395128 -1.01052e-08
-0.0394229 -9.94679e-09
-0.039333 -9.78382e-09
-0.0392431 -9.62562e-09
-0.0391532 -9.47001e-09
-0.0390633 -9.31236e-09
-0.0389734 -9.15217e-09
-0.0388835 -8.99321e-09
-0.0387936 -8.83948e-09
-0.0387037 -8.68577e-09
-0.0386138 -8.52856e-09
-0.0385239 -8.3683e-09
-0.038434 -8.20854e-09
-0.0383441 -8.06334e-09
-0.0382542 -7.90654e-09
-0.0381643 -7.75807e-09
-0.0380744 -7.60814e-09
-0.0379845 -7.46079e-09
-0.0378946 -7.31609e-09
-0.0378047 -7.17421e-09
-0.0377148 -7.04159e-09
-0.0376249 -6.9039e-09
-0.037535 -6.75853e-09
-0.037445 -6.62366e-09
-0.0373551 -6.49731e-09
-0.0372652 -6.38058e-09
-0.0371753 -6.25983e-09
-0.0370854 -6.14231e-09
-0.0369955 -6.01843e-09
-0.0369056 -5.90887e-09
-0.0368157 -5.8036e-09
-0.0367258 -5.69797e-09
-0.0366359 -5.59686e-09
-0.036546 -5.48909e-09
-0.0364561 -5.38281e-09
-0.0363662 -5.28081e-09
-0.0362763 -5.17831e-09
-0.0361864 -5.09289e-09
-0.0360965 -5.00841e-09
-0.0360066 -4.92336e-09
-0.0359167 -4.84785e-09
-0.0358268 -4.77374e-09
-0.0357369 -4.70339e-09
-0.035647 -4.62333e-09
-0.0355571 -4.55105e-09
-0.0354672 -4.47647e-09
-0.0353773 -4.40345e-09
-0.0352873 -4.32817e-09
-0.0351974 -4.25032e-09
-0.0351075 -4.17209e-09
-0.0350176 -4.09707e-09
-0.0349277 -4.0283e-09
-0.0348378 -3.96407e-09
-0.0347479 -3.89298e-09
-0.034658 -3.82272e-09
-0.0345681 -3.74661e-09
-0.0344782 -3.67886e-09
-0.0343883 -3.61003e-09
-0.0342984 -3.55199e-09
-0.0342085 -3.49172e-09
-0.0341186 -3.4242e-09
-0.0340287 -3.35426e-09
-0.0339388 -3.28675e-09
-0.0338489 -3.21511e-09
-0.033759 -3.15145e-09
-0.0336691 -3.08974e-09
-0.0335792 -3.03193e-09
-0.0334893 -2.97145e-09
-0.0333994 -2.91809e-09
-0.0333095 -2.86827e-09
-0.0332196 -2.82546e-09
-0.0331296 -2.78246e-09
-0.0330397 -2.73453e-09
-0.0329498 -2.68121e-09
-0.0328599 -2.63198e-09
-0.03277 -2.58683e-09
-0.0326801 -2.54684e-09
-0.0325902 -2.50213e-09
-0.0325003 -2.4708e-09
-0.0324104 -2.44221e-09
-0.0323205 -2.41251e-09
-0.0322306 -2.38169e-09
-0.0321407 -2.34981e-09
-0.0320508 -2.32091e-09
-0.0319609 -2.28552e-09
-0.031871 -2.25802e-09
-0.0317811 -2.23263e-09
-0.0316912 -2.21273e-09
-0.0316013 -2.18484e-09
-0.0315114 -2.15454e-09
-0.0314215 -2.13731e-09
-0.0313316 -2.11302e-09
-0.0312417 -2.08941e-09
-0.0311518 -2.06297e-09
-0.0310619 -2.03192e-09
-0.0309719 -1.99826e-09
-0.030882 -1.9694e-09
-0.0307921 -1.94258e-09
-0.0307022 -1.91402e-09
-0.0306123 -1.88551e-09
-0.0305224 -1.85287e-09
-0.0304325 -1.82203e-09
-0.0303426 -1.7905e-09
-0.0302527 -1.75649e-09
-0.0301628 -1.73187e-09
-0.0300729 -1.70313e-09
-0.029983 -1.66668e-09
-0.0298931 -1.62857e-09
-0.0298032 -1.59393e-09
-0.0297133 -1.55617e-09
-0.0296234 -1.51588e-09
-0.0295335 -1.47312e-09
-0.0294436 -1.42656e-09
-0.0293537 -1.38299e-09
-0.0292638 -1.339e-09
-0.0291739 -1.29968e-09
-0.029084 -1.26928e-09
-0.0289941 -1.23721e-09
-0.0289042 -1.20452e-09
-0.0288142 -1.17255e-09
-0.0287243 -1.142e-09
-0.0286344 -1.11017e-09
-0.0285445 -1.07223e-09
-0.0284546 -1.0292e-09
-0.0283647 -9.86006e-10
-0.0282748 -9.53587e-10
-0.0281849 -9.21952e-10
-0.028095 -8.8721e-10
-0.0280051 -8.57077e-10
-0.0279152 -8.24356e-10
-0.0278253 -8.00049e-10
-0.0277354 -7.78885e-10
-0.0276455 -7.60958e-10
-0.0275556 -7.40834e-10
-0.0274657 -7.1734e-10
-0.0273758 -6.9277e-10
-0.0272859 -6.7347e-10
-0.027196 -6.59877e-10
-0.0271061 -6.40827e-10
-0.0270162 -6.24197e-10
-0.0269263 -6.10666e-10
-0.0268364 -5.9798e-10
-0.0267465 -5.92288e-10
-0.0266565 -5.9331e-10
-0.0265666 -5.8982e-10
-0.0264767 -5.9014e-10
-0.0263868 -5.89799e-10
-0.0262969 -5.87791e-10
-0.026207 -5.93074e-10
-0.0261171 -5.88152e-10
-0.0260272 -5.8826e-10
-0.0259373 -5.87438e-10
-0.0258474 -5.86973e-10
-0.0257575 -5.89866e-10
-0.0256676 -6.05544e-10
-0.0255777 -6.15461e-10
-0.0254878 -6.24475e-10
-0.0253979 -6.42661e-10
-0.025308 -6.52909e-10
-0.0252181 -6.67844e-10
-0.0251282 -6.78315e-10
-0.0250383 -6.91925e-10
-0.0249484 -6.96679e-10
-0.0248585 -7.01775e-10
-0.0247686 -7.01985e-10
-0.0246787 -7.13766e-10
-0.0245888 -7.26963e-10
-0.0244988 -7.29323e-10
-0.0244089 -7.40242e-10
-0.024319 -7.48494e-10
-0.0242291 -7.49677e-10
-0.0241392 -7.49525e-10
-0.0240493 -7.47962e-10
-0.0239594 -7.52634e-10
-0.0238695 -7.44524e-10
-0.0237796 -7.39949e-10
-0.0236897 -7.27128e-10
-0.0235998 -7.24704e-10
-0.0235099 -7.13175e-10
-0.02342 -6.98134e-10
-0.0233301 -6.80419e-10
-0.0232402 -6.60475e-10
-0.0231503 -6.33456e-10
-0.0230604 -6.08558e-10
-0.0229705 -5.86183e-10
-0.0228806 -5.65325e-10
-0.0227907 -5.38404e-10
-0.0227008 -5.04257e-10
-0.0226109 -4.71707e-10
-0.022521 -4.40707e-10
-0.0224311 -4.05463e-10
-0.0223411 -3.65896e-10
-0.0222512 -3.24228e-10
-0.0221613 -2.89489e-10
-0.0220714 -2.55277e-10
-0.0219815 -2.21907e-10
-0.0218916 -1.89919e-10
-0.0218017 -1.57433e-10
-0.0217118 -1.17706e-10
-0.0216219 -7.39895e-11
-0.021532 -3.87245e-11
-0.0214421 -8.79714e-12
-0.0213522 3.01462e-11
-0.0212623 7.12168e-11
-0.0211724 1.0877e-10
-0.0210825 1.39347e-10
-0.0209926 1.66028e-10
-0.0209027 2.04514e-10
-0.0208128 2.35235e-10
-0.0207229 2.67563e-10
-0.020633 2.98187e-10
-0.0205431 3.34208e-10
-0.0204532 3.65204e-10
-0.0203633 3.89121e-10
-0.0202734 4.21853e-10
-0.0201835 4.49287e-10
-0.0200935 4.75133e-10
-0.0200036 4.98612e-10
-0.0199137 5.24819e-10
-0.0198238 5.52572e-10
-0.0197339 5.80979e-10
-0.019644 6.0689e-10
-0.0195541 6.26699e-10
-0.0194642 6.54914e-10
-0.0193743 6.79827e-10
-0.0192844 7.08862e-10
-0.0191945 7.32287e-10
-0.0191046 7.51041e-10
-0.0190147 7.63874e-10
-0.0189248 7.76807e-10
-0.0188349 7.95127e-10
-0.018745 8.07088e-10
-0.0186551 8.2377e-10
-0.0185652 8.36668e-10
-0.0184753 8.46724e-10
-0.0183854 8.55436e-10
-0.0182955 8.66221e-10
-0.0182056 8.81826e-10
-0.0181157 8.89247e-10
-0.0180258 9.00334e-10
-0.0179358 8.94638e-10
-0.0178459 8.86698e-10
-0.017756 8.87372e-10
-0.0176661 8.87544e-10
-0.0175762 8.83462e-10
-0.0174863 8.84751e-10
-0.0173964 8.75969e-10
-0.0173065 8.7032e-10
-0.0172166 8.69249e-10
-0.0171267 8.66925e-10
-0.0170368 8.63967e-10
-0.0169469 8.56505e-10
-0.016857 8.39134e-10
-0.0167671 8.15759e-10
-0.0166772 8.00255e-10
-0.0165873 7.83079e-10
-0.0164974 7.70475e-10
-0.0164075 7.50865e-10
-0.0163176 7.24459e-10
-0.0162277 7.13093e-10
-0.0161378 6.91197e-10
-0.0160479 6.75704e-10
-0.015958 6.57782e-10
-0.0158681 6.40517e-10
-0.0157781 6.18013e-10
-0.0156882 5.93464e-10
-0.0155983 5.66452e-10
-0.0155084 5.40535e-10
-0.0154185 5.17394e-10
-0.0153286 4.79454e-10
-0.0152387 4.49397e-10
-0.0151488 4.20383e-10
-0.0150589 3.85161e-10
-0.014969 3.56861e-10
-0.0148791 3.27445e-10
-0.0147892 2.97383e-10
-0.0146993 2.6967e-10
-0.0146094 2.37847e-10
-0.0145195 2.01663e-10
-0.0144296 1.66895e-10
-0.0143397 1.31271e-10
-0.0142498 9.66834e-11
-0.0141599 5.72096e-11
-0.01407 2.22394e-11
-0.0139801 -8.31851e-12
-0.0138902 -4.18845e-11
-0.0138003 -7.51357e-11
-0.0137104 -1.07361e-10
-0.0136204 -1.42117e-10
-0.0135305 -1.77656e-10
-0.0134406 -2.10913e-10
-0.0133507 -2.44526e-10
-0.0132608 -2.72471e-10
-0.0131709 -2.9987e-10
-0.013081 -3.32044e-10
-0.0129911 -3.52261e-10
-0.0129012 -3.7738e-10
-0.0128113 -4.07101e-10
-0.0127214 -4.29341e-10
-0.0126315 -4.51427e-10
-0.0125416 -4.79053e-10
-0.0124517 -4.96908e-10
-0.0123618 -5.1557e-10
-0.0122719 -5.32614e-10
-0.012182 -5.48236e-10
-0.0120921 -5.61073e-10
-0.0120022 -5.74144e-10
-0.0119123 -5.84964e-10
-0.0118224 -6.03268e-10
-0.0117325 -6.19131e-10
-0.0116426 -6.34106e-10
-0.0115527 -6.43338e-10
-0.0114627 -6.57022e-10
-0.0113728 -6.62731e-10
-0.0112829 -6.69544e-10
-0.011193 -6.78729e-10
-0.0111031 -6.84652e-10
-0.0110132 -6.88271e-10
-0.0109233 -6.95325e-10
-0.0108334 -7.04753e-10
-0.0107435 -7.13023e-10
-0.0106536 -7.21593e-10
-0.0105637 -7.32958e-10
-0.0104738 -7.35512e-10
-0.0103839 -7.46924e-10
-0.010294 -7.51117e-10
-0.0102041 -7.61292e-10
-0.0101142 -7.70369e-10
-0.0100243 -7.74851e-10
-0.00993438 -7.83408e-10
-0.00984447 -7.90113e-10
-0.00975457 -8.04103e-10
-0.00966466 -8.12691e-10
-0.00957476 -8.21911e-10
-0.00948486 -8.31057e-10
-0.00939495 -8.3841e-10
-0.00930505 -8.52423e-10
-0.00921514 -8.64106e-10
-0.00912524 -8.80348e-10
-0.00903534 -8.88353e-10
-0.00894543 -9.02397e-10
-0.00885553 -9.15626e-10
-0.00876562 -9.27422e-10
-0.00867572 -9.4598e-10
-0.00858582 -9.52079e-10
-0.00849591 -9.60064e-10
-0.00840601 -9.73209e-10
-0.0083161 -9.86084e-10
-0.0082262 -1.00163e-09
-0.00813629 -1.01289e-09
-0.00804639 -1.02378e-09
-0.00795649 -1.03276e-09
-0.00786658 -1.04445e-09
-0.00777668 -1.05704e-09
-0.00768677 -1.06833e-09
-0.00759687 -1.08026e-09
-0.00750697 -1.08437e-09
-0.00741706 -1.09477e-09
-0.00732716 -1.1086e-09
-0.00723725 -1.11802e-09
-0.00714735 -1.129e-09
-0.00705744 -1.13465e-09
-0.00696754 -1.14325e-09
-0.00687764 -1.14464e-09
-0.00678773 -1.14698e-09
-0.00669783 -1.1515e-09
-0.00660792 -1.15459e-09
-0.00651802 -1.15923e-09
-0.00642812 -1.16306e-09
-0.00633821 -1.17206e-09
-0.00624831 -1.17748e-09
-0.0061584 -1.17523e-09
-0.0060685 -1.17683e-09
-0.00597859 -1.17852e-09
-0.00588869 -1.17429e-09
-0.00579879 -1.16846e-09
-0.00570888 -1.16106e-09
-0.00561898 -1.15338e-09
-0.00552907 -1.1484e-09
-0.00543917 -1.14227e-09
-0.00534927 -1.13513e-09
-0.00525936 -1.13083e-09
-0.00516946 -1.12662e-09
-0.00507955 -1.11134e-09
-0.00498965 -1.10364e-09
-0.00489975 -1.09119e-09
-0.00480984 -1.08034e-09
-0.00471994 -1.06431e-09
-0.00463003 -1.04734e-09
-0.00454013 -1.02989e-09
-0.00445022 -1.01614e-09
-0.00436032 -9.97262e-10
-0.00427042 -9.73214e-10
-0.00418051 -9.59429e-10
-0.00409061 -9.43843e-10
-0.0040007 -9.23973e-10
-0.0039108 -9.01801e-10
-0.0038209 -8.77805e-10
-0.00373099 -8.63607e-10
-0.00364109 -8.36988e-10
-0.00355118 -8.13877e-10
-0.00346128 -7.88937e-10
-0.00337137 -7.67303e-10
-0.00328147 -7.36015e-10
-0.00319157 -7.0969e-10
-0.00310166 -6.8614e-10
-0.00301176 -6.60782e-10
-0.00292185 -6.32978e-10
-0.00283195 -6.01293e-10
-0.00274205 -5.72833e-10
-0.00265214 -5.56483e-10
-0.00256224 -5.30946e-10
-0.00247233 -5.07884e-10
-0.00238243 -4.84121e-10
-0.00229252 -4.53895e-10
-0.00220262 -4.27928e-10
-0.00211272 -4.0452e-10
-0.00202281 -3.72534e-10
-0.00193291 -3.44286e-10
-0.001843 -3.1576e-10
-0.0017531 -2.92184e-10
-0.0016632 -2.68319e-10
-0.00157329 -2.58663e-10
-0.00148339 -2.41233e-10
-0.00139348 -2.24263e-10
-0.00130358 -2.02411e-10
-0.00121368 -1.79178e-10
-0.00112377 -1.64474e-10
-0.00103387 -1.39529e-10
-0.000943963 -1.14911e-10
-0.000854059 -9.73886e-11
-0.000764154 -8.37367e-11
-0.00067425 -7.5388e-11
-0.000584346 -6.53866e-11
-0.000494442 -6.38219e-11
-0.000404538 -5.32487e-11
-0.000314634 -4.29138e-11
-0.00022473 -3.03346e-11
-0.000134825 -2.13979e-11
-4.49212e-05 -1.12737e-11
4.49829e-05 0
0.000134887 7.17673e-12
0.000224791 1.04005e-11
0.000314695 6.51874e-12
0.0004046 2.96423e-12
0.000494504 -8.43015e-13
0.000584408 -2.84887e-12
0.000674312 -6.60922e-12
0.000764216 -1.10004e-11
0.00085412 -2.0286e-11
0.000944024 -2.96377e-11
0.00103393 -4.09873e-11
0.00112383 -5.43887e-11
0.00121374 -6.13768e-11
0.00130364 -8.0592e-11
0.00139355 -1.04731e-10
0.00148345 -1.25749e-10
0.00157335 -1.48112e-10
0.00166326 -1.66877e-10
0.00175316 -1.973e-10
0.00184307 -2.28731e-10
0.00193297 -2.65364e-10
0.00202287 -3.00156e-10
0.00211278 -3.39173e-10
0.00220268 -3.70261e-10
0.00229259 -4.0122e-10
0.00238249 -4.43969e-10
0.00247239 -4.84384e-10
0.0025623 -5.26555e-10
0.0026522 -5.7443e-10
0.00274211 -6.15278e-10
0.00283201 -6.70618e-10
0.00292192 -7.30089e-10
0.00301182 -7.88558e-10
0.00310172 -8.45552e-10
0.00319163 -9.00654e-10
0.00328153 -9.51792e-10
0.00337144 -1.00529e-09
0.00346134 -1.05526e-09
0.00355124 -1.11069e-09
0.00364115 -1.17005e-09
0.00373105 -1.23666e-09
0.00382096 -1.29292e-09
0.00391086 -1.36408e-09
0.00400077 -1.43649e-09
0.00409067 -1.50981e-09
0.00418057 -1.57829e-09
0.00427048 -1.64161e-09
0.00436038 -1.71008e-09
0.00445029 -1.77025e-09
0.00454019 -1.82777e-09
0.00463009 -1.89387e-09
0.00472 -1.96066e-09
0.0048099 -2.02932e-09
0.00489981 -2.0924e-09
0.00498971 -2.16254e-09
0.00507962 -2.23224e-09
0.00516952 -2.31167e-09
0.00525942 -2.37667e-09
0.00534933 -2.44171e-09
0.00543923 -2.50542e-09
0.00552914 -2.56386e-09
0.00561904 -2.6241e-09
0.00570894 -2.68841e-09
0.00579885 -2.74897e-09
0.00588875 -2.80784e-09
0.00597866 -2.86495e-09
0.00606856 -2.91777e-09
0.00615846 -2.97694e-09
0.00624837 -3.04023e-09
0.00633827 -3.09286e-09
0.00642818 -3.14202e-09
0.00651808 -3.19081e-09
0.00660799 -3.23844e-09
0.00669789 -3.2886e-09
0.00678779 -3.3344e-09
0.0068777 -3.3776e-09
0.0069676 -3.42287e-09
0.00705751 -3.45527e-09
0.00714741 -3.49476e-09
0.00723731 -3.53312e-09
0.00732722 -3.57257e-09
0.00741712 -3.60691e-09
0.00750703 -3.64209e-09
0.00759693 -3.68168e-09
0.00768684 -3.71458e-09
0.00777674 -3.74442e-09
0.00786664 -3.76782e-09
0.00795655 -3.79465e-09
0.00804645 -3.81912e-09
0.00813636 -3.83669e-09
0.00822626 -3.85964e-09
0.00831616 -3.87725e-09
0.00840607 -3.89913e-09
0.00849597 -3.9194e-09
0.00858588 -3.94408e-09
0.00867578 -3.97009e-09
0.00876569 -3.98028e-09
0.00885559 -3.99078e-09
0.00894549 -4.00044e-09
0.0090354 -4.0098e-09
0.0091253 -4.02052e-09
0.00921521 -4.02314e-09
0.00930511 -4.02968e-09
0.00939501 -4.03376e-09
0.00948492 -4.0445e-09
0.00957482 -4.05299e-09
0.00966473 -4.06124e-09
0.00975463 -4.06992e-09
0.00984453 -4.06749e-09
0.00993444 -4.07101e-09
0.0100243 -4.07017e-09
0.0101142 -4.0711e-09
0.0102042 -4.06822e-09
0.0102941 -4.06096e-09
0.010384 -4.0592e-09
0.0104739 -4.05329e-09
0.0105638 -4.05741e-09
0.0106537 -4.05085e-09
0.0107436 -4.04599e-09
0.0108335 -4.04497e-09
0.0109234 -4.04174e-09
0.0110133 -4.04127e-09
0.0111032 -4.03877e-09
0.0111931 -4.03466e-09
0.011283 -4.02719e-09
0.0113729 -4.01986e-09
0.0114628 -4.01667e-09
0.0115527 -4.01017e-09
0.0116426 -4.01103e-09
0.0117325 -4.00102e-09
0.0118224 -3.99234e-09
0.0119123 -3.98815e-09
0.0120022 -3.99e-09
0.0120921 -3.99335e-09
0.012182 -3.99325e-09
0.0122719 -3.99226e-09
0.0123619 -3.9904e-09
0.0124518 -3.98884e-09
0.0125417 -3.99419e-09
0.0126316 -3.99206e-09
0.0127215 -3.99715e-09
0.0128114 -3.99767e-09
0.0129013 -3.99595e-09
0.0129912 -4.00146e-09
0.0130811 -4.01418e-09
0.013171 -4.02066e-09
0.0132609 -4.02723e-09
0.0133508 -4.03663e-09
0.0134407 -4.04032e-09
0.0135306 -4.0498e-09
0.0136205 -4.05748e-09
0.0137104 -4.06323e-09
0.0138003 -4.07141e-09
0.0138902 -4.07645e-09
0.0139801 -4.08636e-09
0.01407 -4.09947e-09
0.0141599 -4.1106e-09
0.0142498 -4.11647e-09
0.0143397 -4.12578e-09
0.0144296 -4.13304e-09
0.0145196 -4.13942e-09
0.0146095 -4.14772e-09
0.0146994 -4.1519e-09
0.0147893 -4.15889e-09
0.0148792 -4.16098e-09
0.0149691 -4.16533e-09
0.015059 -4.17383e-09
0.0151489 -4.17598e-09
0.0152388 -4.17939e-09
0.0153287 -4.18152e-09
0.0154186 -4.17221e-09
0.0155085 -4.1713e-09
0.0155984 -4.17023e-09
0.0156883 -4.1636e-09
0.0157782 -4.15547e-09
0.0158681 -4.14956e-09
0.015958 -4.14438e-09
0.0160479 -4.13805e-09
0.0161378 -4.13429e-09
0.0162277 -4.12372e-09
0.0163176 -4.11775e-09
0.0164075 -4.0995e-09
0.0164974 -4.07728e-09
0.0165873 -4.06422e-09
0.0166773 -4.05151e-09
0.0167672 -4.03304e-09
0.0168571 -4.00904e-09
0.016947 -3.99134e-09
0.0170369 -3.9757e-09
0.0171268 -3.96039e-09
0.0172167 -3.94448e-09
0.0173066 -3.9288e-09
0.0173965 -3.90665e-09
0.0174864 -3.8813e-09
0.0175763 -3.8601e-09
0.0176662 -3.83834e-09
0.0177561 -3.82193e-09
0.017846 -3.80045e-09
0.0179359 -3.77292e-09
0.0180258 -3.7464e-09
0.0181157 -3.72759e-09
0.0182056 -3.70092e-09
0.0182955 -3.68175e-09
0.0183854 -3.657e-09
0.0184753 -3.62798e-09
0.0185652 -3.60244e-09
0.0186551 -3.57781e-09
0.018745 -3.55478e-09
0.0188349 -3.52731e-09
0.0189249 -3.50601e-09
0.0190148 -3.4798e-09
0.0191047 -3.45042e-09
0.0191946 -3.42022e-09
0.0192845 -3.39445e-09
0.0193744 -3.37544e-09
0.0194643 -3.34764e-09
0.0195542 -3.31983e-09
0.0196441 -3.28748e-09
0.019734 -3.25731e-09
0.0198239 -3.22907e-09
0.0199138 -3.20548e-09
0.0200037 -3.18665e-09
0.0200936 -3.16697e-09
0.0201835 -3.14451e-09
0.0202734 -3.12118e-09
0.0203633 -3.10579e-09
0.0204532 -3.08386e-09
0.0205431 -3.06553e-09
0.020633 -3.04946e-09
0.0207229 -3.02823e-09
0.0208128 -3.00657e-09
0.0209027 -2.99051e-09
0.0209926 -2.98876e-09
0.0210826 -2.98183e-09
0.0211725 -2.97929e-09
0.0212624 -2.98038e-09
0.0213523 -2.98259e-09
0.0214422 -2.98118e-09
0.0215321 -2.97621e-09
0.021622 -2.97908e-09
0.0217119 -2.98955e-09
0.0218018 -2.99544e-09
0.0218917 -2.99842e-09
0.0219816 -3.0071e-09
0.0220715 -3.01834e-09
0.0221614 -3.0303e-09
0.0222513 -3.04508e-09
0.0223412 -3.06787e-09
0.0224311 -3.08527e-09
0.022521 -3.09871e-09
0.0226109 -3.11358e-09
0.0227008 -3.13244e-09
0.0227907 -3.15312e-09
0.0228806 -3.17048e-09
0.0229705 -3.19055e-09
0.0230604 -3.20975e-09
0.0231503 -3.22894e-09
0.0232403 -3.25118e-09
0.0233302 -3.26944e-09
0.0234201 -3.29056e-09
0.02351 -3.31158e-09
0.0235999 -3.33024e-09
0.0236898 -3.34317e-09
0.0237797 -3.36774e-09
0.0238696 -3.38239e-09
0.0239595 -3.40889e-09
0.0240494 -3.42884e-09
0.0241393 -3.45046e-09
0.0242292 -3.47097e-09
0.0243191 -3.4933e-09
0.024409 -3.50809e-09
0.0244989 -3.52474e-09
0.0245888 -3.55037e-09
0.0246787 -3.56503e-09
0.0247686 -3.57917e-09
0.0248585 -3.60446e-09
0.0249484 -3.62337e-09
0.0250383 -3.64708e-09
0.0251282 -3.66014e-09
0.0252181 -3.6714e-09
0.025308 -3.68115e-09
0.025398 -3.6968e-09
0.0254879 -3.70163e-09
0.0255778 -3.71403e-09
0.0256677 -3.72238e-09
0.0257576 -3.71696e-09
0.0258475 -3.71939e-09
0.0259374 -3.72637e-09
0.0260273 -3.73064e-09
0.0261172 -3.72879e-09
0.0262071 -3.72776e-09
0.026297 -3.70891e-09
0.0263869 -3.69664e-09
0.0264768 -3.6837e-09
0.0265667 -3.66593e-09
0.0266566 -3.65343e-09
0.0267465 -3.63033e-09
0.0268364 -3.60116e-09
0.0269263 -3.57689e-09
0.0270162 -3.54965e-09
0.0271061 -3.5217e-09
0.027196 -3.48888e-09
0.0272859 -3.45083e-09
0.0273758 -3.40996e-09
0.0274657 -3.37246e-09
0.0275557 -3.33686e-09
0.0276456 -3.29964e-09
0.0277355 -3.26759e-09
0.0278254 -3.23288e-09
0.0279153 -3.1957e-09
0.0280052 -3.16767e-09
0.0280951 -3.12621e-09
0.028185 -3.09057e-09
0.0282749 -3.04563e-09
0.0283648 -3.0047e-09
0.0284547 -2.96906e-09
0.0285446 -2.93309e-09
0.0286345 -2.89666e-09
0.0287244 -2.86057e-09
0.0288143 -2.82964e-09
0.0289042 -2.80006e-09
0.0289941 -2.77932e-09
0.029084 -2.75573e-09
0.0291739 -2.72441e-09
0.0292638 -2.70333e-09
0.0293537 -2.68152e-09
0.0294436 -2.65797e-09
0.0295335 -2.63521e-09
0.0296234 -2.60948e-09
0.0297134 -2.58189e-09
0.0298033 -2.55991e-09
0.0298932 -2.53694e-09
0.0299831 -2.52381e-09
0.030073 -2.51367e-09
0.0301629 -2.49791e-09
0.0302528 -2.48028e-09
0.0303427 -2.47179e-09
0.0304326 -2.45437e-09
0.0305225 -2.43497e-09
0.0306124 -2.42128e-09
0.0307023 -2.40402e-09
0.0307922 -2.3837e-09
0.0308821 -2.36697e-09
0.030972 -2.35378e-09
0.0310619 -2.34584e-09
0.0311518 -2.33814e-09
0.0312417 -2.33274e-09
0.0313316 -2.32881e-09
0.0314215 -2.32483e-09
0.0315114 -2.30613e-09
0.0316013 -2.30004e-09
0.0316912 -2.29431e-09
0.0317811 -2.27851e-09
0.0318711 -2.26122e-09
0.031961 -2.24718e-09
0.0320509 -2.24104e-09
0.0321408 -2.22741e-09
0.0322307 -2.22184e-09
0.0323206 -2.21648e-09
0.0324105 -2.20848e-09
0.0325004 -2.19704e-09
0.0325903 -2.18419e-09
0.0326802 -2.18349e-09
0.0327701 -2.17626e-09
0.03286 -2.16862e-09
0.0329499 -2.1591e-09
0.0330398 -2.15343e-09
0.0331297 -2.14089e-09
0.0332196 -2.12703e-09
0.0333095 -2.11685e-09
0.0333994 -2.10441e-09
0.0334893 -2.08931e-09
0.0335792 -2.08236e-09
0.0336691 -2.07048e-09
0.033759 -2.05774e-09
0.0338489 -2.05066e-09
0.0339388 -2.04902e-09
0.0340288 -2.04423e-09
0.0341187 -2.03662e-09
0.0342086 -2.02593e-09
0.0342985 -2.01543e-09
0.0343884 -2.00429e-09
0.0344783 -2.00125e-09
0.0345682 -1.99659e-09
0.0346581 -2.00216e-09
0.034748 -2.00328e-09
0.0348379 -2.00642e-09
0.0349278 -2.00774e-09
0.0350177 -2.0164e-09
0.0351076 -2.02475e-09
0.0351975 -2.0352e-09
0.0352874 -2.04721e-09
0.0353773 -2.06264e-09
0.0354672 -2.07979e-09
0.0355571 -2.10074e-09
0.035647 -2.11971e-09
0.0357369 -2.1475e-09
0.0358268 -2.17384e-09
0.0359167 -2.20104e-09
0.0360066 -2.22545e-09
0.0360965 -2.25544e-09
0.0361865 -2.2773e-09
0.0362764 -2.30217e-09
0.0363663 -2.34252e-09
0.0364562 -2.38372e-09
0.0365461 -2.42577e-09
0.036636 -2.47101e-09
0.0367259 -2.51084e-09
0.0368158 -2.5498e-09
0.0369057 -2.58855e-09
0.0369956 -2.62659e-09
0.0370855 -2.66886e-09
0.0371754 -2.70136e-09
0.0372653 -2.72998e-09
0.0373552 -2.75911e-09
0.0374451 -2.79431e-09
0.037535 -2.82974e-09
0.0376249 -2.87199e-09
0.0377148 -2.91237e-09
0.0378047 -2.94324e-09
0.0378946 -2.97871e-09
0.0379845 -3.01832e-09
0.0380744 -3.05939e-09
0.0381643 -3.09527e-09
0.0382542 -3.12836e-09
0.0383441 -3.16475e-09
0.0384341 -3.18991e-09
0.038524 -3.22674e-09
0.0386139 -3.25958e-09
0.0387038 -3.29339e-09
0.0387937 -3.32353e-09
0.0388836 -3.35763e-09
0.0389735 -3.39856e-09
0.0390634 -3.44576e-09
0.0391533 -3.49322e-09
0.0392432 -3.5409e-09
0.0393331 -3.59555e-09
0.039423 -3.65052e-09
0.0395129 -3.70808e-09
0.0396028 -3.77183e-09
0.0396927 -3.82837e-09
0.0397826 -3.88513e-09
0.0398725 -3.94591e-09
0.0399624 -4.01462e-09
0.0400523 -4.08853e-09
0.0401422 -4.16349e-09
0.0402321 -4.2455e-09
0.040322 -4.33369e-09
0.0404119 -4.42767e-09
0.0405018 -4.51762e-09
0.0405918 -4.60567e-09
0.0406817 -4.69909e-09
0.0407716 -4.79589e-09
0.0408615 -4.90297e-09
0.0409514 -5.01564e-09
0.0410413 -5.13679e-09
0.0411312 -5.25994e-09
0.0412211 -5.38414e-09
0.041311 -5.50608e-09
0.0414009 -5.63366e-09
0.0414908 -5.76578e-09
0.0415807 -5.90611e-09
0.0416706 -6.04762e-09
0.0417605 -6.19144e-09
0.0418504 -6.32937e-09
0.0419403 -6.47532e-09
0.0420302 -6.62496e-09
0.0421201 -6.78395e-09
0.04221 -6.94086e-09
0.0422999 -7.10066e-09
0.0423898 -7.25961e-09
0.0424797 -7.42283e-09
0.0425696 -7.59596e-09
0.0426595 -7.77435e-09
0.0427495 -7.94717e-09
0.0428394 -8.11796e-09
0.0429293 -8.27937e-09
0.0430192 -8.44448e-09
0.0431091 -8.60662e-09
0.043199 -8.76731e-09
0.0432889 -8.93704e-09
0.0433788 -9.09098e-09
0.0434687 -9.24833e-09
0.0435586 -9.40468e-09
0.0436485 -9.5581e-09
0.0437384 -9.70224e-09
0.0438283 -9.84141e-09
0.0439182 -9.98264e-09
0.0440081 -1.01112e-08
0.044098 -1.02449e-08
0.0441879 -1.03749e-08
0.0442778 -1.05121e-08
0.0443677 -1.06343e-08
0.0444576 -1.07514e-08
0.0445475 -1.08766e-08
0.0446374 -1.09907e-08
0.0447273 -1.11103e-08
0.0448172 -1.12273e-08
0.0449072 -1.13449e-08
0.0449971 -1.1457e-08
0.045087 -1.15567e-08
0.0451769 -1.1681e-08
0.0452668 -1.18e-08
0.0453567 -1.19108e-08
0.0454466 -1.20085e-08
0.0455365 -1.21143e-08
0.0456264 -1.22279e-08
0.0457163 -1.23503e-08
0.0458062 -1.24881e-08
0.0458961 -1.2605e-08
0.045986 -1.27389e-08
0.0460759 -1.28697e-08
0.0461658 -1.30004e-08
0.0462557 -1.31248e-08
0.0463456 -1.32368e-08
0.0464355 -1.33689e-08
0.0465254 -1.34906e-08
0.0466153 -1.361e-08
0.0467052 -1.37287e-08
0.0467951 -1.3849e-08
0.046885 -1.39849e-08
0.0469749 -1.41111e-08
0.0470649 -1.42298e-08
0.0471548 -1.43628e-08
0.0472447 -1.44871e-08
0.0473346 -1.46138e-08
0.0474245 -1.47509e-08
0.0475144 -1.48742e-08
0.0476043 -1.50038e-08
0.0476942 -1.5124e-08
0.0477841 -1.52475e-08
0.047874 -1.53647e-08
0.0479639 -1.54899e-08
0.0480538 -1.5607e-08
0.0481437 -1.57231e-08
0.0482336 -1.58404e-08
0.0483235 -1.5974e-08
0.0484134 -1.6094e-08
0.0485033 -1.62149e-08
0.0485932 -1.63285e-08
0.0486831 -1.64627e-08
0.048773 -1.65947e-08
0.0488629 -1.67229e-08
0.0489528 -1.68477e-08
0.0490427 -1.69713e-08
0.0491326 -1.70922e-08
0.0492226 -1.72172e-08
0.0493125 -1.73338e-08
0.0494024 -1.74572e-08
0.0494923 -1.75718e-08
0.0495822 -1.76892e-08
0.0496721 -1.78089e-08
0.049762 -1.7939e-08
0.0498519 -1.80683e-08
0.0499418 -1.81971e-08
0.0500317 -1.83274e-08
0.0501216 -1.84714e-08
0.0502115 -1.86189e-08
0.0503014 -1.87644e-08
0.0503913 -1.88948e-08
0.0504812 -1.90415e-08
0.0505711 -1.91847e-08
0.050661 -1.93325e-08
0.0507509 -1.94857e-08
0.0508408 -1.96394e-08
0.0509307 -1.98083e-08
0.0510206 -1.99777e-08
0.0511105 -2.01543e-08
0.0512004 -2.0335e-08
0.0512903 -2.05027e-08
0.0513803 -2.06783e-08
0.0514702 -2.08542e-08
0.0515601 -2.10328e-08
0.05165 -2.11966e-08
0.0517399 -2.13688e-08
0.0518298 -2.15335e-08
0.0519197 -2.16998e-08
0.0520096 -2.18601e-08
0.0520995 -2.20066e-08
0.0521894 -2.2147e-08
0.0522793 -2.22899e-08
0.0523692 -2.24237e-08
0.0524591 -2.25639e-08
0.052549 -2.26986e-08
0.0526389 -2.28274e-08
0.0527288 -2.29637e-08
0.0528187 -2.30861e-08
0.0529086 -2.32195e-08
0.0529985 -2.3328e-08
0.0530884 -2.34363e-08
0.0531783 -2.35307e-08
0.0532682 -2.36284e-08
0.0533581 -2.37435e-08
0.053448 -2.38318e-08
0.053538 -2.39185e-08
0.0536279 -2.40212e-08
0.0537178 -2.4127e-08
0.0538077 -2.42258e-08
0.0538976 -2.43286e-08
0.0539875 -2.44286e-08
0.0540774 -2.4523e-08
0.0541673 -2.4627e-08
0.0542572 -2.4725e-08
0.0543471 -2.48325e-08
0.054437 -2.4942e-08
0.0545269 -2.50545e-08
0.0546168 -2.51678e-08
0.0547067 -2.52879e-08
0.0547966 -2.53915e-08
0.0548865 -2.55016e-08
0.0549764 -2.56116e-08
0.0550663 -2.57224e-08
0.0551562 -2.58573e-08
0.0552461 -2.5974e-08
0.055336 -2.60766e-08
0.0554259 -2.61856e-08
0.0555158 -2.62865e-08
0.0556057 -2.64053e-08
0.0556956 -2.65192e-08
0.0557856 -2.66201e-08
0.0558755 -2.67194e-08
0.0559654 -2.6813e-08
0.0560553 -2.69169e-08
0.0561452 -2.70172e-08
0.0562351 -2.71232e-08
0.056325 -2.72441e-08
0.0564149 -2.73648e-08
0.0565048 -2.74725e-08
0.0565947 -2.75755e-08
0.0566846 -2.76723e-08
0.0567745 -2.77704e-08
0.0568644 -2.78724e-08
0.0569543 -2.79826e-08
0.0570442 -2.80831e-08
0.0571341 -2.81872e-08
0.057224 -2.83019e-08
0.0573139 -2.83825e-08
0.0574038 -2.84847e-08
0.0574937 -2.85743e-08
0.0575836 -2.86616e-08
0.0576735 -2.87695e-08
0.0577634 -2.88774e-08
0.0578533 -2.89967e-08
0.0579433 -2.91251e-08
0.0580332 -2.9247e-08
0.0581231 -2.93681e-08
0.058213 -2.94658e-08
0.0583029 -2.95895e-08
0.0583928 -2.9706e-08
0.0584827 -2.97997e-08
0.0585726 -2.98966e-08
0.0586625 -3.00099e-08
0.0587524 -3.01356e-08
0.0588423 -3.02208e-08
0.0589322 -3.03098e-08
0.0590221 -3.04352e-08
0.059112 -3.05396e-08
0.0592019 -3.06448e-08
0.0592918 -3.07392e-08
0.0593817 -3.08462e-08
0.0594716 -3.09448e-08
0.0595615 -3.10518e-08
0.0596514 -3.11668e-08
0.0597413 -3.12879e-08
0.0598312 -3.13902e-08
0.0599211 -3.15034e-08
0.060011 -3.15836e-08
0.060101 -3.16673e-08
0.0601909 -3.17467e-08
0.0602808 -3.18249e-08
0.0603707 -3.19096e-08
0.0604606 -3.19944e-08
0.0605505 -3.2074e-08
0.0606404 -3.21423e-08
0.0607303 -3.22025e-08
0.0608202 -3.22796e-08
0.0609101 -3.23646e-08
0.061 -3.24496e-08
0.0610899 -3.25428e-08
0.0611798 -3.26165e-08
0.0612697 -3.2712e-08
0.0613596 -3.27842e-08
0.0614495 -3.28533e-08
0.0615394 -3.29329e-08
0.0616293 -3.30225e-08
0.0617192 -3.31079e-08
0.0618091 -3.31957e-08
0.061899 -3.32838e-08
0.0619889 -3.33889e-08
0.0620788 -3.35069e-08
0.0621687 -3.36228e-08
0.0622587 -3.37274e-08
0.0623486 -3.38413e-08
0.0624385 -3.39575e-08
0.0625284 -3.40691e-08
0.0626183 -3.41844e-08
0.0627082 -3.43091e-08
0.0627981 -3.44155e-08
0.062888 -3.45076e-08
0.0629779 -3.46113e-08
0.0630678 -3.47088e-08
0.0631577 -3.4818e-08
0.0632476 -3.49052e-08
0.0633375 -3.4997e-08
0.0634274 -3.50862e-08
0.0635173 -3.51755e-08
0.0636072 -3.52585e-08
0.0636971 -3.53306e-08
0.063787 -3.54096e-08
0.0638769 -3.54564e-08
0.0639668 -3.54993e-08
0.0640567 -3.55372e-08
0.0641466 -3.55542e-08
0.0642365 -3.55907e-08
0.0643264 -3.56195e-08
0.0644164 -3.56646e-08
0.0645063 -3.56967e-08
0.0645962 -3.57227e-08
0.0646861 -3.57279e-08
0.064776 -3.57706e-08
0.0648659 -3.57965e-08
0.0649558 -3.5836e-08
0.0650457 -3.58901e-08
0.0651356 -3.59454e-08
0.0652255 -3.6017e-08
0.0653154 -3.60862e-08
0.0654053 -3.61316e-08
0.0654952 -3.61655e-08
0.0655851 -3.61929e-08
0.065675 -3.62572e-08
0.0657649 -3.63166e-08
0.0658548 -3.63634e-08
0.0659447 -3.64404e-08
0.0660346 -3.65069e-08
0.0661245 -3.65615e-08
0.0662144 -3.66261e-08
0.0663043 -3.66776e-08
0.0663942 -3.67249e-08
0.0664841 -3.67576e-08
0.0665741 -3.67784e-08
0.066664 -3.67987e-08
0.0667539 -3.68367e-08
0.0668438 -3.6879e-08
0.0669337 -3.6904e-08
0.0670236 -3.69317e-08
0.0671135 -3.69545e-08
0.0672034 -3.69811e-08
0.0672933 -3.70127e-08
0.0673832 -3.70122e-08
0.0674731 -3.70465e-08
0.067563 -3.70874e-08
0.0676529 -3.71308e-08
0.0677428 -3.71631e-08
0.0678327 -3.71894e-08
0.0679226 -3.72522e-08
0.0680125 -3.72777e-08
0.0681024 -3.73335e-08
0.0681923 -3.73928e-08
0.0682822 -3.74514e-08
0.0683721 -3.75313e-08
0.068462 -3.76395e-08
0.0685519 -3.77285e-08
0.0686418 -3.78334e-08
0.0687318 -3.79558e-08
0.0688217 -3.80983e-08
0.0689116 -3.82515e-08
0.0690015 -3.83951e-08
0.0690914 -3.8517e-08
0.0691813 -3.8641e-08
0.0692712 -3.87415e-08
0.0693611 -3.88381e-08
0.069451 -3.89273e-08
0.0695409 -3.90493e-08
0.0696308 -3.91749e-08
0.0697207 -3.92884e-08
0.0698106 -3.94189e-08
0.0699005 -3.95697e-08
0.0699904 -3.96826e-08
0.0700803 -3.97886e-08
0.0701702 -3.98677e-08
0.0702601 -3.99319e-08
0.07035 -4.00284e-08
0.0704399 -4.01051e-08
0.0705298 -4.01387e-08
0.0706197 -4.01873e-08
0.0707096 -4.02492e-08
0.0707995 -4.03307e-08
0.0708895 -4.0375e-08
0.0709794 -4.04035e-08
0.0710693 -4.04589e-08
0.0711592 -4.05224e-08
0.0712491 -4.05881e-08
0.071339 -4.06826e-08
0.0714289 -4.07731e-08
0.0715188 -4.086e-08
0.0716087 -4.0953e-08
0.0716986 -4.10433e-08
0.0717885 -4.10812e-08
0.0718784 -4.11144e-08
0.0719683 -4.11676e-08
0.0720582 -4.12083e-08
0.0721481 -4.1259e-08
0.072238 -4.1306e-08
0.0723279 -4.1341e-08
0.0724178 -4.13914e-08
0.0725077 -4.14343e-08
0.0725976 -4.14852e-08
0.0726875 -4.15535e-08
0.0727774 -4.16189e-08
0.0728673 -4.16807e-08
0.0729572 -4.17144e-08
0.0730472 -4.17761e-08
0.0731371 -4.18455e-08
0.073227 -4.19373e-08
0.0733169 -4.20452e-08
0.0734068 -4.21512e-08
0.0734967 -4.22573e-08
0.0735866 -4.23448e-08
0.0736765 -4.24357e-08
0.0737664 -4.25154e-08
0.0738563 -4.26013e-08
0.0739462 -4.27181e-08
0.0740361 -4.28355e-08
0.074126 -4.2963e-08
0.0742159 -4.30673e-08
0.0743058 -4.31812e-08
0.0743957 -4.32875e-08
0.0744856 -4.33841e-08
0.0745755 -4.34479e-08
0.0746654 -4.35416e-08
0.0747553 -4.36395e-08
0.0748452 -4.3737e-08
0.0749351 -4.38378e-08
0.075025 -4.39637e-08
0.0751149 -4.40463e-08
0.0752048 -4.41227e-08
0.0752948 -4.4189e-08
0.0753847 -4.42565e-08
0.0754746 -4.43168e-08
0.0755645 -4.43895e-08
0.0756544 -4.44854e-08
0.0757443 -4.45519e-08
0.0758342 -4.46357e-08
0.0759241 -4.47065e-08
0.076014 -4.47926e-08
0.0761039 -4.48128e-08
0.0761938 -4.48532e-08
0.0762837 -4.49057e-08
0.0763736 -4.49298e-08
0.0764635 -4.49861e-08
0.0765534 -4.50296e-08
0.0766433 -4.50551e-08
0.0767332 -4.50472e-08
0.0768231 -4.50244e-08
0.076913 -4.49867e-08
0.0770029 -4.49532e-08
0.0770928 -4.49218e-08
0.0771827 -4.49465e-08
0.0772726 -4.49341e-08
0.0773625 -4.49428e-08
0.0774525 -4.49563e-08
0.0775424 -4.49787e-08
0.0776323 -4.49936e-08
0.0777222 -4.50836e-08
0.0778121 -4.51888e-08
0.077902 -4.53091e-08
0.0779919 -4.54404e-08
0.0780818 -4.55645e-08
0.0781717 -4.56483e-08
0.0782616 -4.57965e-08
0.0783515 -4.59365e-08
0.0784414 -4.60978e-08
0.0785313 -4.62522e-08
0.0786212 -4.63813e-08
0.0787111 -4.64836e-08
0.078801 -4.66319e-08
0.0788909 -4.6787e-08
0.0789808 -4.6966e-08
0.0790707 -4.71348e-08
0.0791606 -4.72806e-08
0.0792505 -4.74388e-08
0.0793404 -4.75874e-08
0.0794303 -4.76959e-08
0.0795202 -4.7825e-08
0.0796102 -4.79536e-08
0.0797001 -4.8081e-08
0.07979 -4.81744e-08
0.0798799 -4.82441e-08
0.0799698 -4.83594e-08
0.0800597 -4.84828e-08
0.0801496 -4.85413e-08
0.0802395 -4.86455e-08
0.0803294 -4.87406e-08
0.0804193 -4.88209e-08
0.0805092 -4.89021e-08
0.0805991 -4.89658e-08
0.080689 -4.90596e-08
0.0807789 -4.91722e-08
0.0808688 -4.93009e-08
0.0809587 -4.93987e-08
0.0810486 -4.95198e-08
0.0811385 -4.96189e-08
0.0812284 -4.97618e-08
0.0813183 -4.99088e-08
0.0814082 -5.00566e-08
0.0814981 -5.02039e-08
0.081588 -5.0363e-08
0.0816779 -5.04992e-08
0.0817679 -5.06548e-08
0.0818578 -5.08226e-08
0.0819477 -5.09769e-08
0.0820376 -5.11866e-08
0.0821275 -5.13608e-08
0.0822174 -5.14658e-08
0.0823073 -5.1593e-08
0.0823972 -5.1717e-08
0.0824871 -5.18131e-08
0.082577 -5.19956e-08
0.0826669 -5.21915e-08
0.0827568 -5.23807e-08
0.0828467 -5.25062e-08
0.0829366 -5.26026e-08
0.0830265 -5.26772e-08
0.0831164 -5.2722e-08
0.0832063 -5.2826e-08
0.0832962 -5.2957e-08
0.0833861 -5.30537e-08
0.083476 -5.31992e-08
0.0835659 -5.32899e-08
0.0836558 -5.33775e-08
0.0837457 -5.35063e-08
0.0838356 -5.36195e-08
0.0839256 -5.37604e-08
0.0840155 -5.38502e-08
0.0841054 -5.40063e-08
0.0841953 -5.41289e-08
0.0842852 -5.43171e-08
0.0843751 -5.44782e-08
0.084465 -5.46217e-08
0.0845549 -5.47485e-08
0.0846448 -5.49304e-08
0.0847347 -5.5086e-08
0.0848246 -5.52409e-08
0.0849145 -5.53708e-08
0.0850044 -5.55353e-08
0.0850943 -5.56997e-08
0.0851842 -5.58111e-08
0.0852741 -5.59115e-08
0.085364 -5.59981e-08
0.0854539 -5.61028e-08
0.0855438 -5.62081e-08
0.0856337 -5.62884e-08
0.0857236 -5.63289e-08
0.0858135 -5.63382e-08
0.0859034 -5.64104e-08
0.0859933 -5.64572e-08
0.0860833 -5.65341e-08
0.0861732 -5.65786e-08
0.0862631 -5.66912e-08
0.086353 -5.67002e-08
0.0864429 -5.67933e-08
0.0865328 -5.68563e-08
0.0866227 -5.69202e-08
0.0867126 -5.6972e-08
0.0868025 -5.70427e-08
0.0868924 -5.71122e-08
0.0869823 -5.71289e-08
0.0870722 -5.7157e-08
0.0871621 -5.71993e-08
0.087252 -5.72615e-08
0.0873419 -5.73556e-08
0.0874318 -5.74181e-08
0.0875217 -5.74566e-08
0.0876116 -5.74556e-08
0.0877015 -5.75257e-08
0.0877914 -5.75816e-08
0.0878813 -5.76638e-08
0.0879712 -5.77588e-08
0.0880611 -5.77982e-08
0.088151 -5.78666e-08
0.088241 -5.79074e-08
0.0883309 -5.79217e-08
0.0884208 -5.80556e-08
0.0885107 -5.81747e-08
0.0886006 -5.83151e-08
0.0886905 -5.85051e-08
0.0887804 -5.86427e-08
0.0888703 -5.87687e-08
0.0889602 -5.88247e-08
0.0890501 -5.88768e-08
0.08914 -5.90332e-08
0.0892299 -5.91422e-08
0.0893198 -5.9302e-08
0.0894097 -5.93462e-08
0.0894996 -5.9396e-08
0.0895895 -5.94735e-08
0.0896794 -5.95106e-08
0.0897693 -5.96006e-08
0.0898592 -5.96577e-08
0.0899491 -5.97893e-08
0.090039 -5.99642e-08
0.0901289 -6.01097e-08
0.0902188 -6.02381e-08
0.0903087 -6.03943e-08
0.0903987 -6.04938e-08
0.0904886 -6.06538e-08
0.0905785 -6.07842e-08
0.0906684 -6.09366e-08
0.0907583 -6.10707e-08
0.0908482 -6.11244e-08
0.0909381 -6.12046e-08
0.091028 -6.13258e-08
0.0911179 -6.14912e-08
0.0912078 -6.16655e-08
0.0912977 -6.17594e-08
0.0913876 -6.18991e-08
0.0914775 -6.20196e-08
0.0915674 -6.22032e-08
0.0916573 -6.23463e-08
0.0917472 -6.25132e-08
0.0918371 -6.26012e-08
0.091927 -6.27638e-08
0.0920169 -6.28651e-08
0.0921068 -6.29007e-08
0.0921967 -6.29569e-08
0.0922866 -6.29651e-08
0.0923765 -6.29788e-08
0.0924664 -6.30813e-08
0.0925564 -6.32087e-08
0.0926463 -6.32182e-08
0.0927362 -6.32348e-08
0.0928261 -6.32687e-08
0.092916 -6.33277e-08
0.0930059 -6.33406e-08
0.0930958 -6.35017e-08
0.0931857 -6.36288e-08
0.0932756 -6.36994e-08
0.0933655 -6.38385e-08
0.0934554 -6.3932e-08
0.0935453 -6.39428e-08
0.0936352 -6.39639e-08
0.0937251 -6.40201e-08
0.093815 -6.40839e-08
0.0939049 -6.41756e-08
0.0939948 -6.43844e-08
0.0940847 -6.45194e-08
0.0941746 -6.45724e-08
0.0942645 -6.46472e-08
0.0943544 -6.47431e-08
0.0944443 -6.49219e-08
0.0945342 -6.51497e-08
0.0946241 -6.53552e-08
0.094714 -6.56216e-08
0.094804 -6.58223e-08
0.0948939 -6.59639e-08
0.0949838 -6.60647e-08
0.0950737 -6.60716e-08
0.0951636 -6.61601e-08
0.0952535 -6.62134e-08
0.0953434 -6.62711e-08
0.0954333 -6.6281e-08
0.0955232 -6.62037e-08
0.0956131 -6.61416e-08
0.095703 -6.60421e-08
0.0957929 -6.59559e-08
0.0958828 -6.58579e-08
0.0959727 -6.58593e-08
0.0960626 -6.59113e-08
0.0961525 -6.60637e-08
0.0962424 -6.60709e-08
0.0963323 -6.61546e-08
0.0964222 -6.62855e-08
0.0965121 -6.64794e-08
0.096602 -6.66588e-08
0.0966919 -6.68377e-08
0.0967818 -6.70728e-08
0.0968717 -6.72124e-08
0.0969617 -6.73714e-08
0.0970516 -6.75199e-08
0.0971415 -6.76128e-08
0.0972314 -6.77137e-08
0.0973213 -6.79815e-08
0.0974112 -6.81464e-08
0.0975011 -6.82925e-08
0.097591 -6.8401e-08
0.0976809 -6.8463e-08
0.0977708 -6.84434e-08
0.0978607 -6.85486e-08
0.0979506 -6.86094e-08
0.0980405 -6.87902e-08
0.0981304 -6.89539e-08
0.0982203 -6.91154e-08
0.0983102 -6.92937e-08
0.0984001 -6.94702e-08
0.09849 -6.96021e-08
0.0985799 -6.96647e-08
0.0986698 -6.97834e-08
0.0987597 -6.99375e-08
0.0988496 -7.00946e-08
0.0989395 -7.02953e-08
0.0990294 -7.04758e-08
0.0991194 -7.04632e-08
0.0992093 -7.04445e-08
0.0992992 -7.03571e-08
0.0993891 -7.03228e-08
0.099479 -7.0127e-08
0.0995689 -7.00497e-08
0.0996588 -6.99335e-08
0.0997487 -6.98477e-08
0.0998386 -6.99121e-08
0.0999285 -6.98358e-08
0.100018 -6.97223e-08
0.100108 -6.9724e-08
0.100198 -6.96534e-08
0.100288 -6.97807e-08
0.100378 -6.98228e-08
0.100468 -6.99067e-08
0.100558 -7.02261e-08
0.100648 -7.05074e-08
0.100738 -7.08258e-08
0.100828 -7.11473e-08
0.100917 -7.12574e-08
0.101007 -7.15453e-08
0.101097 -7.17852e-08
0.101187 -7.21582e-08
0.101277 -7.24825e-08
0.101367 -7.26904e-08
0.101457 -7.29427e-08
0.101547 -7.31258e-08
0.101637 -7.32511e-08
0.101727 -7.3365e-08
0.101816 -7.3463e-08
0.101906 -7.35937e-08
0.101996 -7.37531e-08
0.102086 -7.37942e-08
0.102176 -7.38473e-08
0.102266 -7.38137e-08
0.102356 -7.3707e-08
0.102446 -7.36811e-08
0.102536 -7.3696e-08
0.102626 -7.35774e-08
0.102716 -7.34268e-08
0.102805 -7.3277e-08
0.102895 -7.30388e-08
0.102985 -7.28491e-08
0.103075 -7.26976e-08
0.103165 -7.24816e-08
0.103255 -7.23542e-08
0.103345 -7.22784e-08
0.103435 -7.22923e-08
0.103525 -7.22674e-08
0.103615 -7.24086e-08
0.103704 -7.24984e-08
0.103794 -7.26816e-08
0.103884 -7.28644e-08
0.103974 -7.32386e-08
0.104064 -7.33546e-08
0.104154 -7.36036e-08
0.104244 -7.3787e-08
0.104334 -7.38899e-08
0.104424 -7.40472e-08
0.104514 -7.4189e-08
0.104604 -7.42424e-08
0.104693 -7.41763e-08
0.104783 -7.42508e-08
0.104873 -7.41878e-08
0.104963 -7.41147e-08
0.105053 -7.39225e-08
0.105143 -7.38676e-08
0.105233 -7.37728e-08
0.105323 -7.37689e-08
0.105413 -7.37233e-08
0.105503 -7.37309e-08
0.105592 -7.36981e-08
0.105682 -7.36706e-08
0.105772 -7.36802e-08
0.105862 -7.37118e-08
0.105952 -7.36452e-08
0.106042 -7.37353e-08
0.106132 -7.38174e-08
0.106222 -7.38611e-08
0.106312 -7.38846e-08
0.106402 -7.38424e-08
0.106491 -7.37956e-08
0.106581 -7.3743e-08
0.106671 -7.36723e-08
0.106761 -7.36273e-08
0.106851 -7.35292e-08
0.106941 -7.3405e-08
0.107031 -7.33787e-08
0.107121 -7.30052e-08
0.107211 -7.29266e-08
0.107301 -7.28002e-08
0.107391 -7.25701e-08
0.10748 -7.24042e-08
0.10757 -7.22115e-08
0.10766 -7.21728e-08
0.10775 -7.22812e-08
0.10784 -7.24549e-08
0.10793 -7.25348e-08
0.10802 -7.2766e-08
0.10811 -7.30392e-08
0.1082 -7.35164e-08
0.10829 -7.37704e-08
0.108379 -7.42561e-08
0.108469 -7.47699e-08
0.108559 -7.51265e-08
0.108649 -7.54172e-08
0.108739 -7.54494e-08
0.108829 -7.53347e-08
0.108919 -7.52685e-08
0.109009 -7.52019e-08
0.109099 -7.51138e-08
0.109189 -7.4895e-08
0.109279 -7.47187e-08
0.109368 -7.44574e-08
0.109458 -7.40944e-08
0.109548 -7.39885e-08
0.109638 -7.38293e-08
0.109728 -7.3767e-08
0.109818 -7.3803e-08
0.109908 -7.38266e-08
0.109998 -7.37868e-08
0.110088 -7.38824e-08
0.110178 -7.37887e-08
0.110267 -7.38304e-08
0.110357 -7.37779e-08
0.110447 -7.37909e-08
0.110537 -7.36815e-08
0.110627 -7.35751e-08
0.110717 -7.3498e-08
0.110807 -7.36041e-08
0.110897 -7.35348e-08
0.110987 -7.35846e-08
0.111077 -7.36213e-08
0.111167 -7.36968e-08
0.111256 -7.38784e-08
0.111346 -7.41446e-08
0.111436 -7.42862e-08
0.111526 -7.44756e-08
0.111616 -7.47146e-08
0.111706 -7.4872e-08
0.111796 -7.48232e-08
0.111886 -7.48057e-08
0.111976 -7.47762e-08
0.112066 -7.47236e-08
0.112155 -7.46072e-08
0.112245 -7.44195e-08
0.112335 -7.42612e-08
0.112425 -7.38239e-08
0.112515 -7.37277e-08
0.112605 -7.34806e-08
0.112695 -7.31083e-08
0.112785 -7.30411e-08
0.112875 -7.30836e-08
0.112965 -7.31366e-08
0.113054 -7.35391e-08
0.113144 -7.37113e-08
0.113234 -7.39556e-08
0.113324 -7.40745e-08
0.113414 -7.40924e-08
0.113504 -7.43961e-08
0.113594 -7.45239e-08
0.113684 -7.47562e-08
0.113774 -7.49665e-08
0.113864 -7.50796e-08
0.113954 -7.51021e-08
0.114043 -7.484e-08
0.114133 -7.45685e-08
0.114223 -7.45035e-08
0.114313 -7.43097e-08
0.114403 -7.43532e-08
0.114493 -7.43303e-08
0.114583 -7.4024e-08
0.114673 -7.37623e-08
0.114763 -7.35811e-08
0.114853 -7.34508e-08
0.114942 -7.32379e-08
0.115032 -7.32256e-08
0.115122 -7.32762e-08
0.115212 -7.3029e-08
0.115302 -7.27497e-08
0.115392 -7.25699e-08
0.115482 -7.24296e-08
0.115572 -7.25383e-08
0.115662 -7.26597e-08
0.115752 -7.26891e-08
0.115842 -7.25173e-08
0.115931 -7.25347e-08
0.116021 -7.23934e-08
0.116111 -7.23124e-08
0.116201 -7.23379e-08
0.116291 -7.25774e-08
0.116381 -7.28415e-08
0.116471 -7.30586e-08
0.116561 -7.30055e-08
0.116651 -7.29001e-08
0.116741 -7.28107e-08
0.11683 -7.29783e-08
0.11692 -7.30415e-08
0.11701 -7.30706e-08
0.1171 -7.33842e-08
0.11719 -7.35667e-08
0.11728 -7.37868e-08
0.11737 -7.38849e-08
0.11746 -7.3946e-08
0.11755 -7.41131e-08
0.11764 -7.44578e-08
0.11773 -7.44995e-08
0.117819 -7.46154e-08
0.117909 -7.46434e-08
0.117999 -7.47617e-08
0.118089 -7.47344e-08
0.118179 -7.48327e-08
0.118269 -7.46423e-08
0.118359 -7.44362e-08
0.118449 -7.41588e-08
0.118539 -7.40019e-08
0.118629 -7.35043e-08
0.118718 -7.32921e-08
0.118808 -7.32287e-08
0.118898 -7.30485e-08
0.118988 -7.28414e-08
0.119078 -7.27367e-08
0.119168 -7.25136e-08
0.119258 -7.21919e-08
0.119348 -7.21264e-08
0.119438 -7.20799e-08
0.119528 -7.21938e-08
0.119617 -7.22186e-08
0.119707 -7.24287e-08
0.119797 -7.24805e-08
0.119887 -7.2568e-08
0.119977 -7.28189e-08
0.120067 -7.31478e-08
0.120157 -7.30254e-08
0.120247 -7.32038e-08
0.120337 -7.35156e-08
0.120427 -7.35518e-08
0.120517 -7.34476e-08
0.120606 -7.32157e-08
0.120696 -7.31077e-08
0.120786 -7.30227e-08
0.120876 -7.29292e-08
0.120966 -7.29207e-08
0.121056 -7.27405e-08
0.121146 -7.26589e-08
0.121236 -7.2844e-08
0.121326 -7.29117e-08
0.121416 -7.29687e-08
0.121505 -7.29598e-08
0.121595 -7.3008e-08
0.121685 -7.32355e-08
0.121775 -7.3279e-08
0.121865 -7.31401e-08
0.121955 -7.29459e-08
0.122045 -7.25942e-08
0.122135 -7.19285e-08
0.122225 -7.1771e-08
0.122315 -7.15866e-08
0.122405 -7.11888e-08
0.122494 -7.05557e-08
0.122584 -7.04484e-08
0.122674 -7.02396e-08
0.122764 -6.99321e-08
0.122854 -6.95346e-08
0.122944 -6.93431e-08
0.123034 -6.90616e-08
0.123124 -6.95346e-08
0.123214 -7.00589e-08
0.123304 -7.00928e-08
0.123393 -7.00865e-08
0.123483 -7.03272e-08
0.123573 -7.07628e-08
0.123663 -7.06128e-08
0.123753 -7.04939e-08
0.123843 -7.03807e-08
0.123933 -7.07031e-08
0.124023 -7.12397e-08
0.124113 -7.10681e-08
0.124203 -7.05853e-08
0.124293 -7.01908e-08
0.124382 -6.97829e-08
0.124472 -6.93306e-08
0.124562 -6.88788e-08
0.124652 -6.84707e-08
0.124742 -6.82434e-08
0.124832 -6.77475e-08
0.124922 -6.75805e-08
0.125012 -6.63808e-08
0.125102 -6.56325e-08
0.125192 -6.53582e-08
0.125281 -6.5086e-08
0.125371 -6.49656e-08
0.125461 -6.53013e-08
0.125551 -6.5714e-08
0.125641 -6.64116e-08
0.125731 -6.60761e-08
0.125821 -6.65636e-08
0.125911 -6.69828e-08
0.126001 -6.78524e-08
0.126091 -6.86442e-08
0.126181 -6.9372e-08
0.12627 -6.97492e-08
0.12636 -7.02944e-08
0.12645 -6.9938e-08
0.12654 -6.98024e-08
0.12663 -6.90827e-08
0.12672 -6.86472e-08
0.12681 -6.85631e-08
0.1269 -6.81806e-08
0.12699 -6.75759e-08
0.12708 -6.70826e-08
0.127169 -6.65748e-08
0.127259 -6.58966e-08
0.127349 -6.53507e-08
0.127439 -6.47767e-08
0.127529 -6.46838e-08
0.127619 -6.3998e-08
0.127709 -6.41958e-08
0.127799 -6.45645e-08
0.127889 -6.47113e-08
0.127979 -6.47447e-08
0.128068 -6.50731e-08
0.128158 -6.50815e-08
0.128248 -6.55585e-08
0.128338 -6.51809e-08
0.128428 -6.52635e-08
0.128518 -6.50634e-08
0.128608 -6.53205e-08
0.128698 -6.60439e-08
0.128788 -6.59073e-08
0.128878 -6.52014e-08
0.128968 -6.51474e-08
0.129057 -6.48715e-08
0.129147 -6.49444e-08
0.129237 -6.49773e-08
0.129327 -6.51364e-08
0.129417 -6.55631e-08
0.129507 -6.5645e-08
0.129597 -6.59821e-08
0.129687 -6.57295e-08
0.129777 -6.57075e-08
0.129867 -6.6042e-08
0.129956 -6.62439e-08
0.130046 -6.63802e-08
0.130136 -6.64983e-08
0.130226 -6.64714e-08
0.130316 -6.60819e-08
0.130406 -6.60545e-08
0.130496 -6.61078e-08
0.130586 -6.59848e-08
0.130676 -6.59442e-08
0.130766 -6.5933e-08
0.130856 -6.56534e-08
0.130945 -6.55683e-08
0.131035 -6.54081e-08
0.131125 -6.51057e-08
0.131215 -6.45841e-08
0.131305 -6.4422e-08
0.131395 -6.45806e-08
0.131485 -6.38482e-08
0.131575 -6.30763e-08
0.131665 -6.22276e-08
0.131755 -6.15767e-08
0.131844 -6.09172e-08
0.131934 -6.02551e-08
0.132024 -5.96541e-08
0.132114 -5.92361e-08
0.132204 -5.92656e-08
0.132294 -5.92148e-08
0.132384 -5.90938e-08
0.132474 -5.87371e-08
0.132564 -5.90098e-08
0.132654 -5.93516e-08
0.132744 -6.00931e-08
0.132833 -6.04419e-08
0.132923 -6.13689e-08
0.133013 -6.19666e-08
0.133103 -6.2713e-08
0.133193 -6.28979e-08
0.133283 -6.3345e-08
0.133373 -6.37235e-08
0.133463 -6.40149e-08
0.133553 -6.44351e-08
0.133643 -6.48809e-08
0.133732 -6.47975e-08
0.133822 -6.41742e-08
0.133912 -6.38644e-08
0.134002 -6.31578e-08
0.134092 -6.27979e-08
0.134182 -6.23405e-08
0.134272 -6.19973e-08
0.134362 -6.13885e-08
0.134452 -6.09501e-08
0.134542 -6.04627e-08
0.134631 -5.98132e-08
0.134721 -5.89867e-08
0.134811 -5.87672e-08
