-0.134811 -5.30215e-08
-0.134721 -5.30743e-08
-0.134631 -5.29035e-08
-0.134542 -5.27343e-08
-0.134452 -5.28901e-08
-0.134362 -5.2415e-08
-0.134272 -5.20306e-08
-0.134182 -5.24013e-08
-0.134092 -5.28315e-08
-0.134002 -5.26897e-08
-0.133912 -5.28111e-08
-0.133822 -5.229e-08
-0.133732 -5.13486e-08
-0.133642 -5.14884e-08
-0.133553 -5.17142e-08
-0.133463 -5.11849e-08
-0.133373 -5.12717e-08
-0.133283 -5.12584e-08
-0.133193 -5.08366e-08
-0.133103 -5.04947e-08
-0.133013 -4.97388e-08
-0.132923 -4.94017e-08
-0.132833 -4.89223e-08
-0.132743 -4.76461e-08
-0.132654 -4.66037e-08
-0.132564 -4.53688e-08
-0.132474 -4.36009e-08
-0.132384 -4.26053e-08
-0.132294 -4.0911e-08
-0.132204 -3.97779e-08
-0.132114 -3.81704e-08
-0.132024 -3.76931e-08
-0.131934 -3.78296e-08
-0.131844 -3.69957e-08
-0.131754 -3.67417e-08
-0.131665 -3.62821e-08
-0.131575 -3.60585e-08
-0.131485 -3.62562e-08
-0.131395 -3.6875e-08
-0.131305 -3.71725e-08
-0.131215 -3.69809e-08
-0.131125 -3.71732e-08
-0.131035 -3.73906e-08
-0.130945 -3.72976e-08
-0.130855 -3.65219e-08
-0.130766 -3.71523e-08
-0.130676 -3.64414e-08
-0.130586 -3.46012e-08
-0.130496 -3.42925e-08
-0.130406 -3.35532e-08
-0.130316 -3.21227e-08
-0.130226 -3.07354e-08
-0.130136 -2.98569e-08
-0.130046 -2.94374e-08
-0.129956 -2.87519e-08
-0.129867 -2.83588e-08
-0.129777 -2.8436e-08
-0.129687 -2.88034e-08
-0.129597 -2.83043e-08
-0.129507 -2.81113e-08
-0.129417 -2.78072e-08
-0.129327 -2.75974e-08
-0.129237 -2.77337e-08
-0.129147 -2.81968e-08
-0.129057 -2.85967e-08
-0.128967 -2.87978e-08
-0.128878 -2.88083e-08
-0.128788 -2.94135e-08
-0.128698 -2.89132e-08
-0.128608 -2.88304e-08
-0.128518 -2.83228e-08
-0.128428 -2.84866e-08
-0.128338 -2.87691e-08
-0.128248 -2.9243e-08
-0.128158 -2.9405e-08
-0.128068 -2.91615e-08
-0.127979 -2.88049e-08
-0.127889 -2.88365e-08
-0.127799 -2.84221e-08
-0.127709 -2.78824e-08
-0.127619 -2.76985e-08
-0.127529 -2.71737e-08
-0.127439 -2.64756e-08
-0.127349 -2.58127e-08
-0.127259 -2.5489e-08
-0.127169 -2.4792e-08
-0.127079 -2.37576e-08
-0.12699 -2.33769e-08
-0.1269 -2.36878e-08
-0.12681 -2.3419e-08
-0.12672 -2.35317e-08
-0.12663 -2.34105e-08
-0.12654 -2.37652e-08
-0.12645 -2.3346e-08
-0.12636 -2.32675e-08
-0.12627 -2.34305e-08
-0.12618 -2.31812e-08
-0.126091 -2.35485e-08
-0.126001 -2.41049e-08
-0.125911 -2.40699e-08
-0.125821 -2.38338e-08
-0.125731 -2.33823e-08
-0.125641 -2.34295e-08
-0.125551 -2.31955e-08
-0.125461 -2.31042e-08
-0.125371 -2.23421e-08
-0.125281 -2.17226e-08
-0.125191 -2.19252e-08
-0.125102 -2.17547e-08
-0.125012 -2.13999e-08
-0.124922 -2.10573e-08
-0.124832 -2.06009e-08
-0.124742 -2.0318e-08
-0.124652 -2.03396e-08
-0.124562 -1.99905e-08
-0.124472 -1.94982e-08
-0.124382 -1.94144e-08
-0.124292 -1.92817e-08
-0.124203 -1.90876e-08
-0.124113 -1.85775e-08
-0.124023 -1.83643e-08
-0.123933 -1.78308e-08
-0.123843 -1.73794e-08
-0.123753 -1.7219e-08
-0.123663 -1.6877e-08
-0.123573 -1.62677e-08
-0.123483 -1.60329e-08
-0.123393 -1.57696e-08
-0.123304 -1.47867e-08
-0.123214 -1.37458e-08
-0.123124 -1.35377e-08
-0.123034 -1.33364e-08
-0.122944 -1.32053e-08
-0.122854 -1.32443e-08
-0.122764 -1.33809e-08
-0.122674 -1.31807e-08
-0.122584 -1.32098e-08
-0.122494 -1.34948e-08
-0.122404 -1.3304e-08
-0.122315 -1.36163e-08
-0.122225 -1.34465e-08
-0.122135 -1.34619e-08
-0.122045 -1.37921e-08
-0.121955 -1.37069e-08
-0.121865 -1.38178e-08
-0.121775 -1.35573e-08
-0.121685 -1.31181e-08
-0.121595 -1.29516e-08
-0.121505 -1.27193e-08
-0.121416 -1.24393e-08
-0.121326 -1.23419e-08
-0.121236 -1.20989e-08
-0.121146 -1.17942e-08
-0.121056 -1.1359e-08
-0.120966 -1.12216e-08
-0.120876 -1.1049e-08
-0.120786 -1.08941e-08
-0.120696 -1.09217e-08
-0.120606 -1.0865e-08
-0.120516 -1.09299e-08
-0.120427 -1.10429e-08
-0.120337 -1.12867e-08
-0.120247 -1.14089e-08
-0.120157 -1.13899e-08
-0.120067 -1.12443e-08
-0.119977 -1.13501e-08
-0.119887 -1.11028e-08
-0.119797 -1.09308e-08
-0.119707 -1.07323e-08
-0.119617 -1.04876e-08
-0.119528 -1.02044e-08
-0.119438 -1.00481e-08
-0.119348 -9.84248e-09
-0.119258 -9.44652e-09
-0.119168 -9.14027e-09
-0.119078 -8.91252e-09
-0.118988 -8.84756e-09
-0.118898 -8.79557e-09
-0.118808 -8.91595e-09
-0.118718 -8.96064e-09
-0.118628 -8.83623e-09
-0.118539 -8.52024e-09
-0.118449 -8.29983e-09
-0.118359 -8.48071e-09
-0.118269 -8.52872e-09
-0.118179 -8.62852e-09
-0.118089 -8.70906e-09
-0.117999 -8.63955e-09
-0.117909 -8.66717e-09
-0.117819 -8.58455e-09
-0.117729 -8.51922e-09
-0.11764 -8.75571e-09
-0.11755 -9.04036e-09
-0.11746 -9.02694e-09
-0.11737 -9.12545e-09
-0.11728 -8.83547e-09
-0.11719 -8.75741e-09
-0.1171 -8.73044e-09
-0.11701 -8.80984e-09
-0.11692 -8.6999e-09
-0.11683 -8.73719e-09
-0.116741 -8.78313e-09
-0.116651 -8.67773e-09
-0.116561 -8.44557e-09
-0.116471 -8.13195e-09
-0.116381 -7.81289e-09
-0.116291 -7.87533e-09
-0.116201 -8.10396e-09
-0.116111 -8.2447e-09
-0.116021 -8.10687e-09
-0.115931 -8.14683e-09
-0.115841 -8.21258e-09
-0.115752 -8.11801e-09
-0.115662 -8.17656e-09
-0.115572 -8.33338e-09
-0.115482 -8.47315e-09
-0.115392 -8.37162e-09
-0.115302 -8.45337e-09
-0.115212 -8.54453e-09
-0.115122 -8.55889e-09
-0.115032 -8.83561e-09
-0.114942 -9.07647e-09
-0.114853 -9.41867e-09
-0.114763 -9.68241e-09
-0.114673 -9.80779e-09
-0.114583 -9.98939e-09
-0.114493 -9.79375e-09
-0.114403 -9.97165e-09
-0.114313 -1.00236e-08
-0.114223 -9.90551e-09
-0.114133 -9.76778e-09
-0.114043 -9.45162e-09
-0.113953 -9.06495e-09
-0.113864 -8.9658e-09
-0.113774 -8.82891e-09
-0.113684 -8.77526e-09
-0.113594 -8.64346e-09
-0.113504 -8.50478e-09
-0.113414 -8.61517e-09
-0.113324 -8.5519e-09
-0.113234 -8.52346e-09
-0.113144 -8.69212e-09
-0.113054 -8.67147e-09
-0.112965 -8.81548e-09
-0.112875 -8.87364e-09
-0.112785 -9.00383e-09
-0.112695 -9.18685e-09
-0.112605 -8.99766e-09
-0.112515 -8.97662e-09
-0.112425 -8.88015e-09
-0.112335 -8.77857e-09
-0.112245 -8.80099e-09
-0.112155 -8.88986e-09
-0.112065 -8.86436e-09
-0.111976 -8.95444e-09
-0.111886 -8.98961e-09
-0.111796 -8.85227e-09
-0.111706 -8.94101e-09
-0.111616 -9.04011e-09
-0.111526 -9.13215e-09
-0.111436 -9.23307e-09
-0.111346 -9.26018e-09
-0.111256 -9.1755e-09
-0.111166 -9.34878e-09
-0.111077 -9.23998e-09
-0.110987 -9.09997e-09
-0.110897 -8.99855e-09
-0.110807 -8.88075e-09
-0.110717 -8.71971e-09
-0.110627 -8.5536e-09
-0.110537 -8.42509e-09
-0.110447 -8.16486e-09
-0.110357 -8.14462e-09
-0.110267 -8.03223e-09
-0.110178 -8.05437e-09
-0.110088 -8.033e-09
-0.109998 -8.00426e-09
-0.109908 -7.88909e-09
-0.109818 -7.98127e-09
-0.109728 -7.99529e-09
-0.109638 -8.10186e-09
-0.109548 -8.04736e-09
-0.109458 -8.08278e-09
-0.109368 -8.05302e-09
-0.109278 -8.08361e-09
-0.109189 -7.96888e-09
-0.109099 -8.07025e-09
-0.109009 -8.08902e-09
-0.108919 -8.17449e-09
-0.108829 -8.18933e-09
-0.108739 -8.05714e-09
-0.108649 -8.12695e-09
-0.108559 -8.0693e-09
-0.108469 -8.0866e-09
-0.108379 -8.25239e-09
-0.10829 -8.28395e-09
-0.1082 -8.19048e-09
-0.10811 -8.24263e-09
-0.10802 -8.25436e-09
-0.10793 -8.26607e-09
-0.10784 -8.20975e-09
-0.10775 -8.22528e-09
-0.10766 -8.20344e-09
-0.10757 -8.01588e-09
-0.10748 -7.81206e-09
-0.10739 -7.58201e-09
-0.107301 -7.41059e-09
-0.107211 -7.33608e-09
-0.107121 -7.37259e-09
-0.107031 -7.28905e-09
-0.106941 -7.28206e-09
-0.106851 -7.22483e-09
-0.106761 -7.27826e-09
-0.106671 -7.34149e-09
-0.106581 -7.53172e-09
-0.106491 -7.64131e-09
-0.106402 -7.70059e-09
-0.106312 -7.9466e-09
-0.106222 -7.98066e-09
-0.106132 -7.93841e-09
-0.106042 -7.93338e-09
-0.105952 -7.82054e-09
-0.105862 -7.778e-09
-0.105772 -7.69319e-09
-0.105682 -7.62057e-09
-0.105592 -7.50385e-09
-0.105502 -7.32477e-09
-0.105413 -7.20319e-09
-0.105323 -7.12148e-09
-0.105233 -7.11953e-09
-0.105143 -7.1666e-09
-0.105053 -7.31552e-09
-0.104963 -7.41033e-09
-0.104873 -7.30399e-09
-0.104783 -7.29805e-09
-0.104693 -7.39138e-09
-0.104603 -7.34586e-09
-0.104514 -7.39583e-09
-0.104424 -7.44095e-09
-0.104334 -7.4588e-09
-0.104244 -7.38807e-09
-0.104154 -7.33049e-09
-0.104064 -7.27026e-09
-0.103974 -7.12686e-09
-0.103884 -7.11409e-09
-0.103794 -7.0166e-09
-0.103704 -7.00354e-09
-0.103614 -7.14412e-09
-0.103525 -7.20478e-09
-0.103435 -7.24733e-09
-0.103345 -7.42114e-09
-0.103255 -7.64e-09
-0.103165 -7.74992e-09
-0.103075 -7.85028e-09
-0.102985 -7.93315e-09
-0.102895 -7.96183e-09
-0.102805 -7.98429e-09
-0.102715 -8.01364e-09
-0.102626 -7.99282e-09
-0.102536 -7.84122e-09
-0.102446 -7.90743e-09
-0.102356 -7.84441e-09
-0.102266 -7.99092e-09
-0.102176 -8.04643e-09
-0.102086 -8.09931e-09
-0.101996 -8.21839e-09
-0.101906 -8.40266e-09
-0.101816 -8.47362e-09
-0.101727 -8.64341e-09
-0.101637 -8.81617e-09
-0.101547 -8.9636e-09
-0.101457 -9.19205e-09
-0.101367 -9.34562e-09
-0.101277 -9.36073e-09
-0.101187 -9.40674e-09
-0.101097 -9.50215e-09
-0.101007 -9.45662e-09
-0.100917 -9.45566e-09
-0.100827 -9.34618e-09
-0.100738 -9.36385e-09
-0.100648 -9.49893e-09
-0.100558 -9.5476e-09
-0.100468 -9.54458e-09
-0.100378 -9.4641e-09
-0.100288 -9.41382e-09
-0.100198 -9.44783e-09
-0.100108 -9.35398e-09
-0.100018 -9.27363e-09
-0.0999284 -9.20862e-09
-0.0998385 -9.22515e-09
-0.0997486 -9.26434e-09
-0.0996587 -9.24755e-09
-0.0995688 -9.29108e-09
-0.0994789 -9.24116e-09
-0.099389 -9.24811e-09
-0.0992991 -9.22693e-09
-0.0992092 -9.3455e-09
-0.0991193 -9.36839e-09
-0.0990294 -9.38363e-09
-0.0989395 -9.57573e-09
-0.0988496 -9.71751e-09
-0.0987597 -9.85206e-09
-0.0986698 -1.0019e-08
-0.0985799 -1.0119e-08
-0.09849 -1.02977e-08
-0.0984001 -1.0456e-08
-0.0983102 -1.05586e-08
-0.0982202 -1.06278e-08
-0.0981303 -1.06525e-08
-0.0980404 -1.06746e-08
-0.0979505 -1.06293e-08
-0.0978606 -1.06251e-08
-0.0977707 -1.05243e-08
-0.0976808 -1.04976e-08
-0.0975909 -1.05114e-08
-0.097501 -1.04132e-08
-0.0974111 -1.03095e-08
-0.0973212 -1.03202e-08
-0.0972313 -1.0374e-08
-0.0971414 -1.04589e-08
-0.0970515 -1.04788e-08
-0.0969616 -1.04734e-08
-0.0968717 -1.05278e-08
-0.0967818 -1.05458e-08
-0.0966919 -1.05905e-08
-0.096602 -1.0631e-08
-0.0965121 -1.0637e-08
-0.0964222 -1.06292e-08
-0.0963323 -1.06508e-08
-0.0962424 -1.06643e-08
-0.0961525 -1.06308e-08
-0.0960626 -1.05862e-08
-0.0959726 -1.06466e-08
-0.0958827 -1.08031e-08
-0.0957928 -1.08791e-08
-0.0957029 -1.09495e-08
-0.095613 -1.10106e-08
-0.0955231 -1.10299e-08
-0.0954332 -1.09804e-08
-0.0953433 -1.09399e-08
-0.0952534 -1.09974e-08
-0.0951635 -1.10034e-08
-0.0950736 -1.10237e-08
-0.0949837 -1.09572e-08
-0.0948938 -1.09467e-08
-0.0948039 -1.09225e-08
-0.094714 -1.09252e-08
-0.0946241 -1.08998e-08
-0.0945342 -1.08911e-08
-0.0944443 -1.09036e-08
-0.0943544 -1.09947e-08
-0.0942645 -1.10783e-08
-0.0941746 -1.1085e-08
-0.0940847 -1.10649e-08
-0.0939948 -1.1116e-08
-0.0939049 -1.11392e-08
-0.0938149 -1.12172e-08
-0.093725 -1.12607e-08
-0.0936351 -1.13204e-08
-0.0935452 -1.13217e-08
-0.0934553 -1.12692e-08
-0.0933654 -1.12996e-08
-0.0932755 -1.13966e-08
-0.0931856 -1.14101e-08
-0.0930957 -1.14762e-08
-0.0930058 -1.15286e-08
-0.0929159 -1.15141e-08
-0.092826 -1.15455e-08
-0.0927361 -1.15041e-08
-0.0926462 -1.15343e-08
-0.0925563 -1.15418e-08
-0.0924664 -1.1613e-08
-0.0923765 -1.16812e-08
-0.0922866 -1.17159e-08
-0.0921967 -1.17876e-08
-0.0921068 -1.17976e-08
-0.0920169 -1.1825e-08
-0.091927 -1.18782e-08
-0.0918371 -1.20032e-08
-0.0917472 -1.19944e-08
-0.0916572 -1.19835e-08
-0.0915673 -1.19788e-08
-0.0914774 -1.19783e-08
-0.0913875 -1.19265e-08
-0.0912976 -1.18228e-08
-0.0912077 -1.1747e-08
-0.0911178 -1.16465e-08
-0.0910279 -1.15569e-08
-0.090938 -1.14695e-08
-0.0908481 -1.13802e-08
-0.0907582 -1.12886e-08
-0.0906683 -1.11548e-08
-0.0905784 -1.10251e-08
-0.0904885 -1.0927e-08
-0.0903986 -1.08732e-08
-0.0903087 -1.08317e-08
-0.0902188 -1.07957e-08
-0.0901289 -1.06792e-08
-0.090039 -1.0632e-08
-0.0899491 -1.0634e-08
-0.0898592 -1.05827e-08
-0.0897693 -1.05507e-08
-0.0896794 -1.05317e-08
-0.0895895 -1.05523e-08
-0.0894995 -1.05986e-08
-0.0894096 -1.05302e-08
-0.0893197 -1.0542e-08
-0.0892298 -1.0566e-08
-0.0891399 -1.05325e-08
-0.08905 -1.04828e-08
-0.0889601 -1.05188e-08
-0.0888702 -1.04313e-08
-0.0887803 -1.04507e-08
-0.0886904 -1.03811e-08
-0.0886005 -1.03755e-08
-0.0885106 -1.03649e-08
-0.0884207 -1.02933e-08
-0.0883308 -1.02491e-08
-0.0882409 -1.01624e-08
-0.088151 -1.0103e-08
-0.0880611 -1.00633e-08
-0.0879712 -1.00201e-08
-0.0878813 -9.94225e-09
-0.0877914 -9.9061e-09
-0.0877015 -9.84376e-09
-0.0876116 -9.74585e-09
-0.0875217 -9.70563e-09
-0.0874318 -9.60221e-09
-0.0873418 -9.57099e-09
-0.0872519 -9.44353e-09
-0.087162 -9.3657e-09
-0.0870721 -9.26147e-09
-0.0869822 -9.22527e-09
-0.0868923 -9.11682e-09
-0.0868024 -8.98322e-09
-0.0867125 -8.89358e-09
-0.0866226 -8.76774e-09
-0.0865327 -8.68359e-09
-0.0864428 -8.58629e-09
-0.0863529 -8.52233e-09
-0.086263 -8.48769e-09
-0.0861731 -8.49597e-09
-0.0860832 -8.44252e-09
-0.0859933 -8.437e-09
-0.0859034 -8.44235e-09
-0.0858135 -8.47367e-09
-0.0857236 -8.49101e-09
-0.0856337 -8.50883e-09
-0.0855438 -8.55206e-09
-0.0854539 -8.54754e-09
-0.085364 -8.5078e-09
-0.0852741 -8.49395e-09
-0.0851841 -8.51771e-09
-0.0850942 -8.54535e-09
-0.0850043 -8.54539e-09
-0.0849144 -8.50499e-09
-0.0848245 -8.44345e-09
-0.0847346 -8.41413e-09
-0.0846447 -8.39052e-09
-0.0845548 -8.40257e-09
-0.0844649 -8.38525e-09
-0.084375 -8.33206e-09
-0.0842851 -8.30278e-09
-0.0841952 -8.23253e-09
-0.0841053 -8.1755e-09
-0.0840154 -8.11588e-09
-0.0839255 -8.08943e-09
-0.0838356 -8.01538e-09
-0.0837457 -7.95783e-09
-0.0836558 -7.89499e-09
-0.0835659 -7.81871e-09
-0.083476 -7.8352e-09
-0.0833861 -7.83103e-09
-0.0832962 -7.84516e-09
-0.0832063 -7.85118e-09
-0.0831164 -7.87192e-09
-0.0830264 -7.8346e-09
-0.0829365 -7.80822e-09
-0.0828466 -7.77521e-09
-0.0827567 -7.71281e-09
-0.0826668 -7.66571e-09
-0.0825769 -7.59221e-09
-0.082487 -7.51038e-09
-0.0823971 -7.42481e-09
-0.0823072 -7.40915e-09
-0.0822173 -7.40969e-09
-0.0821274 -7.4219e-09
-0.0820375 -7.40372e-09
-0.0819476 -7.39937e-09
-0.0818577 -7.40326e-09
-0.0817678 -7.40053e-09
-0.0816779 -7.45188e-09
-0.081588 -7.4537e-09
-0.0814981 -7.49191e-09
-0.0814082 -7.49412e-09
-0.0813183 -7.51214e-09
-0.0812284 -7.47718e-09
-0.0811385 -7.50708e-09
-0.0810486 -7.4647e-09
-0.0809587 -7.40983e-09
-0.0808687 -7.36431e-09
-0.0807788 -7.33968e-09
-0.0806889 -7.29814e-09
-0.080599 -7.27957e-09
-0.0805091 -7.22568e-09
-0.0804192 -7.20941e-09
-0.0803293 -7.1584e-09
-0.0802394 -7.08468e-09
-0.0801495 -6.95669e-09
-0.0800596 -6.85613e-09
-0.0799697 -6.72791e-09
-0.0798798 -6.65431e-09
-0.0797899 -6.55931e-09
-0.0797 -6.53734e-09
-0.0796101 -6.49477e-09
-0.0795202 -6.42409e-09
-0.0794303 -6.35585e-09
-0.0793404 -6.32548e-09
-0.0792505 -6.28635e-09
-0.0791606 -6.27133e-09
-0.0790707 -6.25772e-09
-0.0789808 -6.24547e-09
-0.0788909 -6.24476e-09
-0.078801 -6.23018e-09
-0.078711 -6.22354e-09
-0.0786211 -6.21085e-09
-0.0785312 -6.15224e-09
-0.0784413 -6.1313e-09
-0.0783514 -6.12985e-09
-0.0782615 -6.10314e-09
-0.0781716 -6.06642e-09
-0.0780817 -6.06794e-09
-0.0779918 -6.04147e-09
-0.0779019 -6.00999e-09
-0.077812 -5.97476e-09
-0.0777221 -5.95771e-09
-0.0776322 -5.90908e-09
-0.0775423 -5.87349e-09
-0.0774524 -5.81905e-09
-0.0773625 -5.79008e-09
-0.0772726 -5.72834e-09
-0.0771827 -5.68427e-09
-0.0770928 -5.61326e-09
-0.0770029 -5.57261e-09
-0.076913 -5.49627e-09
-0.0768231 -5.41489e-09
-0.0767332 -5.30893e-09
-0.0766433 -5.22605e-09
-0.0765534 -5.11582e-09
-0.0764634 -5.07536e-09
-0.0763735 -4.96013e-09
-0.0762836 -4.86579e-09
-0.0761937 -4.76155e-09
-0.0761038 -4.66664e-09
-0.0760139 -4.5375e-09
-0.075924 -4.42234e-09
-0.0758341 -4.33068e-09
-0.0757442 -4.22801e-09
-0.0756543 -4.12095e-09
-0.0755644 -4.0521e-09
-0.0754745 -3.97754e-09
-0.0753846 -3.91932e-09
-0.0752947 -3.85004e-09
-0.0752048 -3.78685e-09
-0.0751149 -3.71654e-09
-0.075025 -3.67728e-09
-0.0749351 -3.5964e-09
-0.0748452 -3.48861e-09
-0.0747553 -3.44115e-09
-0.0746654 -3.36782e-09
-0.0745755 -3.30416e-09
-0.0744856 -3.2117e-09
-0.0743957 -3.12129e-09
-0.0743057 -3.02552e-09
-0.0742158 -2.93903e-09
-0.0741259 -2.87378e-09
-0.074036 -2.77229e-09
-0.0739461 -2.6812e-09
-0.0738562 -2.60171e-09
-0.0737663 -2.51907e-09
-0.0736764 -2.43864e-09
-0.0735865 -2.37153e-09
-0.0734966 -2.32772e-09
-0.0734067 -2.26791e-09
-0.0733168 -2.15986e-09
-0.0732269 -2.09131e-09
-0.073137 -2.01523e-09
-0.0730471 -1.95128e-09
-0.0729572 -1.89213e-09
-0.0728673 -1.83437e-09
-0.0727774 -1.81962e-09
-0.0726875 -1.74956e-09
-0.0725976 -1.69855e-09
-0.0725077 -1.64948e-09
-0.0724178 -1.58839e-09
-0.0723279 -1.51669e-09
-0.072238 -1.4505e-09
-0.072148 -1.36765e-09
-0.0720581 -1.28416e-09
-0.0719682 -1.20025e-09
-0.0718783 -1.12006e-09
-0.0717884 -1.03133e-09
-0.0716985 -9.48629e-10
-0.0716086 -8.27894e-10
-0.0715187 -7.39952e-10
-0.0714288 -6.57664e-10
-0.0713389 -5.64691e-10
-0.071249 -5.2395e-10
-0.0711591 -4.97571e-10
-0.0710692 -4.32582e-10
-0.0709793 -3.80539e-10
-0.0708894 -3.08895e-10
-0.0707995 -2.55834e-10
-0.0707096 -2.16805e-10
-0.0706197 -2.02787e-10
-0.0705298 -1.71575e-10
-0.0704399 -1.48607e-10
-0.07035 -1.41141e-10
-0.0702601 -1.33907e-10
-0.0701702 -1.1664e-10
-0.0700803 -1.13228e-10
-0.0699903 -9.4814e-11
-0.0699004 -5.11669e-11
-0.0698105 -3.53035e-11
-0.0697206 -2.77236e-11
-0.0696307 1.4458e-11
-0.0695408 3.0677e-11
-0.0694509 4.10834e-11
-0.069361 5.17897e-11
-0.0692711 7.63067e-11
-0.0691812 1.02072e-10
-0.0690913 1.43301e-10
-0.0690014 1.53059e-10
-0.0689115 1.75075e-10
-0.0688216 1.82845e-10
-0.0687317 1.82684e-10
-0.0686418 2.07993e-10
-0.0685519 2.16278e-10
-0.068462 2.53124e-10
-0.0683721 2.66544e-10
-0.0682822 3.05901e-10
-0.0681923 3.44834e-10
-0.0681024 3.93515e-10
-0.0680125 4.67655e-10
-0.0679226 5.32198e-10
-0.0678326 6.01042e-10
-0.0677427 6.91259e-10
-0.0676528 7.67039e-10
-0.0675629 8.15412e-10
-0.067473 8.63424e-10
-0.0673831 9.38223e-10
-0.0672932 1.01246e-09
-0.0672033 1.07565e-09
-0.0671134 1.1215e-09
-0.0670235 1.15352e-09
-0.0669336 1.19186e-09
-0.0668437 1.25191e-09
-0.0667538 1.29771e-09
-0.0666639 1.34711e-09
-0.066574 1.39192e-09
-0.0664841 1.45461e-09
-0.0663942 1.50502e-09
-0.0663043 1.56533e-09
-0.0662144 1.62978e-09
-0.0661245 1.66932e-09
-0.0660346 1.72292e-09
-0.0659447 1.75073e-09
-0.0658548 1.79588e-09
-0.0657649 1.87183e-09
-0.0656749 1.93859e-09
-0.065585 1.99227e-09
-0.0654951 2.01263e-09
-0.0654052 2.05574e-09
-0.0653153 2.08962e-09
-0.0652254 2.12411e-09
-0.0651355 2.1517e-09
-0.0650456 2.16992e-09
-0.0649557 2.19181e-09
-0.0648658 2.21418e-09
-0.0647759 2.23149e-09
-0.064686 2.24551e-09
-0.0645961 2.23277e-09
-0.0645062 2.22912e-09
-0.0644163 2.21085e-09
-0.0643264 2.18741e-09
-0.0642365 2.16999e-09
-0.0641466 2.17419e-09
-0.0640567 2.17442e-09
-0.0639668 2.19152e-09
-0.0638769 2.20179e-09
-0.063787 2.20362e-09
-0.0636971 2.21416e-09
-0.0636072 2.22445e-09
-0.0635172 2.22031e-09
-0.0634273 2.23852e-09
-0.0633374 2.25627e-09
-0.0632475 2.27951e-09
-0.0631576 2.30361e-09
-0.0630677 2.33617e-09
-0.0629778 2.35832e-09
-0.0628879 2.3808e-09
-0.062798 2.37921e-09
-0.0627081 2.39262e-09
-0.0626182 2.42493e-09
-0.0625283 2.4433e-09
-0.0624384 2.46185e-09
-0.0623485 2.49684e-09
-0.0622586 2.54931e-09
-0.0621687 2.58136e-09
-0.0620788 2.60633e-09
-0.0619889 2.63744e-09
-0.061899 2.66698e-09
-0.0618091 2.69613e-09
-0.0617192 2.72455e-09
-0.0616293 2.75216e-09
-0.0615394 2.76936e-09
-0.0614495 2.81738e-09
-0.0613595 2.85083e-09
-0.0612696 2.89692e-09
-0.0611797 2.93824e-09
-0.0610898 2.96254e-09
-0.0609999 2.99153e-09
-0.06091 3.03858e-09
-0.0608201 3.07059e-09
-0.0607302 3.12161e-09
-0.0606403 3.16825e-09
-0.0605504 3.18324e-09
-0.0604605 3.21857e-09
-0.0603706 3.26001e-09
-0.0602807 3.29093e-09
-0.0601908 3.30126e-09
-0.0601009 3.32801e-09
-0.060011 3.36043e-09
-0.0599211 3.38945e-09
-0.0598312 3.39093e-09
-0.0597413 3.43046e-09
-0.0596514 3.45128e-09
-0.0595615 3.46071e-09
-0.0594716 3.4655e-09
-0.0593817 3.48098e-09
-0.0592918 3.50451e-09
-0.0592018 3.50965e-09
-0.0591119 3.49392e-09
-0.059022 3.50809e-09
-0.0589321 3.53452e-09
-0.0588422 3.5584e-09
-0.0587523 3.56978e-09
-0.0586624 3.60699e-09
-0.0585725 3.6272e-09
-0.0584826 3.65247e-09
-0.0583927 3.69515e-09
-0.0583028 3.73056e-09
-0.0582129 3.74795e-09
-0.058123 3.78402e-09
-0.0580331 3.81943e-09
-0.0579432 3.86982e-09
-0.0578533 3.90896e-09
-0.0577634 3.95793e-09
-0.0576735 4.01861e-09
-0.0575836 4.07429e-09
-0.0574937 4.13166e-09
-0.0574038 4.18425e-09
-0.0573139 4.23225e-09
-0.057224 4.27982e-09
-0.0571341 4.33767e-09
-0.0570442 4.39097e-09
-0.0569542 4.45042e-09
-0.0568643 4.50027e-09
-0.0567744 4.565e-09
-0.0566845 4.61959e-09
-0.0565946 4.67886e-09
-0.0565047 4.72268e-09
-0.0564148 4.76235e-09
-0.0563249 4.79522e-09
-0.056235 4.84422e-09
-0.0561451 4.90574e-09
-0.0560552 4.97068e-09
-0.0559653 5.00014e-09
-0.0558754 5.04687e-09
-0.0557855 5.07943e-09
-0.0556956 5.1311e-09
-0.0556057 5.18789e-09
-0.0555158 5.2166e-09
-0.0554259 5.2391e-09
-0.055336 5.26902e-09
-0.0552461 5.29279e-09
-0.0551562 5.31565e-09
-0.0550663 5.34442e-09
-0.0549764 5.38972e-09
-0.0548865 5.44631e-09
-0.0547965 5.4828e-09
-0.0547066 5.53685e-09
-0.0546167 5.56772e-09
-0.0545268 5.60234e-09
-0.0544369 5.63245e-09
-0.054347 5.66878e-09
-0.0542571 5.7032e-09
-0.0541672 5.71645e-09
-0.0540773 5.74097e-09
-0.0539874 5.74792e-09
-0.0538975 5.7652e-09
-0.0538076 5.77687e-09
-0.0537177 5.77299e-09
-0.0536278 5.7858e-09
-0.0535379 5.79935e-09
-0.053448 5.8084e-09
-0.0533581 5.818e-09
-0.0532682 5.82882e-09
-0.0531783 5.83375e-09
-0.0530884 5.84717e-09
-0.0529985 5.85622e-09
-0.0529086 5.88658e-09
-0.0528187 5.88879e-09
-0.0527288 5.91109e-09
-0.0526388 5.9299e-09
-0.0525489 5.94729e-09
-0.052459 5.96403e-09
-0.0523691 5.98166e-09
-0.0522792 6.00787e-09
-0.0521893 6.04479e-09
-0.0520994 6.08901e-09
-0.0520095 6.11506e-09
-0.0519196 6.13417e-09
-0.0518297 6.16944e-09
-0.0517398 6.20831e-09
-0.0516499 6.24946e-09
-0.05156 6.29359e-09
-0.0514701 6.33666e-09
-0.0513802 6.37704e-09
-0.0512903 6.4216e-09
-0.0512004 6.46586e-09
-0.0511105 6.53589e-09
-0.0510206 6.58921e-09
-0.0509307 6.65737e-09
-0.0508408 6.71346e-09
-0.0507509 6.78441e-09
-0.050661 6.84861e-09
-0.0505711 6.90066e-09
-0.0504811 6.95473e-09
-0.0503912 7.02588e-09
-0.0503013 7.09274e-09
-0.0502114 7.16326e-09
-0.0501215 7.23493e-09
-0.0500316 7.29634e-09
-0.0499417 7.36279e-09
-0.0498518 7.42862e-09
-0.0497619 7.49983e-09
-0.049672 7.5521e-09
-0.0495821 7.60668e-09
-0.0494922 7.66036e-09
-0.0494023 7.72662e-09
-0.0493124 7.78999e-09
-0.0492225 7.84579e-09
-0.0491326 7.89724e-09
-0.0490427 7.93892e-09
-0.0489528 7.99931e-09
-0.0488629 8.05432e-09
-0.048773 8.09802e-09
-0.0486831 8.14128e-09
-0.0485932 8.16666e-09
-0.0485033 8.20108e-09
-0.0484134 8.23896e-09
-0.0483234 8.28322e-09
-0.0482335 8.32376e-09
-0.0481436 8.37118e-09
-0.0480537 8.4078e-09
-0.0479638 8.44995e-09
-0.0478739 8.48939e-09
-0.047784 8.54389e-09
-0.0476941 8.58228e-09
-0.0476042 8.62376e-09
-0.0475143 8.6669e-09
-0.0474244 8.70617e-09
-0.0473345 8.74379e-09
-0.0472446 8.78375e-09
-0.0471547 8.8216e-09
-0.0470648 8.87488e-09
-0.0469749 8.92948e-09
-0.046885 8.96819e-09
-0.0467951 9.01341e-09
-0.0467052 9.05684e-09
-0.0466153 9.09251e-09
-0.0465254 9.13518e-09
-0.0464355 9.16407e-09
-0.0463456 9.20852e-09
-0.0462557 9.24626e-09
-0.0461657 9.29592e-09
-0.0460758 9.33988e-09
-0.0459859 9.38033e-09
-0.045896 9.42699e-09
-0.0458061 9.46171e-09
-0.0457162 9.51009e-09
-0.0456263 9.553e-09
-0.0455364 9.60236e-09
-0.0454465 9.63893e-09
-0.0453566 9.67649e-09
-0.0452667 9.73387e-09
-0.0451768 9.78397e-09
-0.0450869 9.83204e-09
-0.044997 9.8732e-09
-0.0449071 9.9049e-09
-0.0448172 9.94712e-09
-0.0447273 9.99708e-09
-0.0446374 1.00515e-08
-0.0445475 1.01068e-08
-0.0444576 1.01756e-08
-0.0443677 1.02463e-08
-0.0442778 1.03152e-08
-0.0441879 1.0382e-08
-0.044098 1.04348e-08
-0.044008 1.04924e-08
-0.0439181 1.0544e-08
-0.0438282 1.06137e-08
-0.0437383 1.0671e-08
-0.0436484 1.0737e-08
-0.0435585 1.07996e-08
-0.0434686 1.0862e-08
-0.0433787 1.09255e-08
-0.0432888 1.09823e-08
-0.0431989 1.10429e-08
-0.043109 1.1109e-08
-0.0430191 1.11859e-08
-0.0429292 1.12493e-08
-0.0428393 1.13078e-08
-0.0427494 1.1379e-08
-0.0426595 1.14518e-08
-0.0425696 1.15267e-08
-0.0424797 1.15927e-08
-0.0423898 1.16685e-08
-0.0422999 1.17319e-08
-0.04221 1.17978e-08
-0.0421201 1.18658e-08
-0.0420302 1.19354e-08
-0.0419403 1.19932e-08
-0.0418503 1.20553e-08
-0.0417604 1.21025e-08
-0.0416705 1.21684e-08
-0.0415806 1.22449e-08
-0.0414907 1.23137e-08
-0.0414008 1.23772e-08
-0.0413109 1.2445e-08
-0.041221 1.25171e-08
-0.0411311 1.25899e-08
-0.0410412 1.26592e-08
-0.0409513 1.27223e-08
-0.0408614 1.27856e-08
-0.0407715 1.28469e-08
-0.0406816 1.29093e-08
-0.0405917 1.29683e-08
-0.0405018 1.30287e-08
-0.0404119 1.30891e-08
-0.040322 1.31502e-08
-0.0402321 1.3196e-08
-0.0401422 1.32541e-08
-0.0400523 1.33088e-08
-0.0399624 1.33715e-08
-0.0398725 1.34344e-08
-0.0397826 1.34935e-08
-0.0396927 1.35535e-08
-0.0396027 1.36224e-08
-0.0395128 1.36942e-08
-0.0394229 1.37609e-08
-0.039333 1.38179e-08
-0.0392431 1.38734e-08
-0.0391532 1.39186e-08
-0.0390633 1.39788e-08
-0.0389734 1.40366e-08
-0.0388835 1.4094e-08
-0.0387936 1.41386e-08
-0.0387037 1.41961e-08
-0.0386138 1.42489e-08
-0.0385239 1.43087e-08
-0.038434 1.43737e-08
-0.0383441 1.44274e-08
-0.0382542 1.44757e-08
-0.0381643 1.45288e-08
-0.0380744 1.45908e-08
-0.0379845 1.46472e-08
-0.0378946 1.47018e-08
-0.0378047 1.4758e-08
-0.0377148 1.48143e-08
-0.0376249 1.48811e-08
-0.037535 1.49568e-08
-0.037445 1.50224e-08
-0.0373551 1.50952e-08
-0.0372652 1.51698e-08
-0.0371753 1.52395e-08
-0.0370854 1.53124e-08
-0.0369955 1.53829e-08
-0.0369056 1.54543e-08
-0.0368157 1.55308e-08
-0.0367258 1.5618e-08
-0.0366359 1.57049e-08
-0.036546 1.57843e-08
-0.0364561 1.58665e-08
-0.0363662 1.59514e-08
-0.0362763 1.60412e-08
-0.0361864 1.6132e-08
-0.0360965 1.62248e-08
-0.0360066 1.63132e-08
-0.0359167 1.64045e-08
-0.0358268 1.64969e-08
-0.0357369 1.65906e-08
-0.035647 1.66894e-08
-0.0355571 1.67881e-08
-0.0354672 1.68767e-08
-0.0353773 1.69686e-08
-0.0352873 1.70538e-08
-0.0351974 1.71289e-08
-0.0351075 1.72279e-08
-0.0350176 1.73179e-08
-0.0349277 1.74243e-08
-0.0348378 1.7521e-08
-0.0347479 1.76171e-08
-0.034658 1.77189e-08
-0.0345681 1.78128e-08
-0.0344782 1.79151e-08
-0.0343883 1.80226e-08
-0.0342984 1.81211e-08
-0.0342085 1.82108e-08
-0.0341186 1.8309e-08
-0.0340287 1.84151e-08
-0.0339388 1.8514e-08
-0.0338489 1.8609e-08
-0.033759 1.87036e-08
-0.0336691 1.88047e-08
-0.0335792 1.88943e-08
-0.0334893 1.89729e-08
-0.0333994 1.90517e-08
-0.0333095 1.91244e-08
-0.0332196 1.92086e-08
-0.0331296 1.92861e-08
-0.0330397 1.937e-08
-0.0329498 1.94503e-08
-0.0328599 1.95265e-08
-0.03277 1.95949e-08
-0.0326801 1.9672e-08
-0.0325902 1.97563e-08
-0.0325003 1.98253e-08
-0.0324104 1.98883e-08
-0.0323205 1.99484e-08
-0.0322306 2e-08
-0.0321407 2.00528e-08
-0.0320508 2.00991e-08
-0.0319609 2.0149e-08
-0.031871 2.01873e-08
-0.0317811 2.02326e-08
-0.0316912 2.02782e-08
-0.0316013 2.03255e-08
-0.0315114 2.03715e-08
-0.0314215 2.04125e-08
-0.0313316 2.04539e-08
-0.0312417 2.04984e-08
-0.0311518 2.05294e-08
-0.0310619 2.05652e-08
-0.0309719 2.05966e-08
-0.030882 2.06263e-08
-0.0307921 2.06535e-08
-0.0307022 2.06749e-08
-0.0306123 2.07079e-08
-0.0305224 2.0735e-08
-0.0304325 2.07584e-08
-0.0303426 2.0771e-08
-0.0302527 2.07861e-08
-0.0301628 2.07915e-08
-0.0300729 2.08098e-08
-0.029983 2.08275e-08
-0.0298931 2.08457e-08
-0.0298032 2.08566e-08
-0.0297133 2.08707e-08
-0.0296234 2.08868e-08
-0.0295335 2.08993e-08
-0.0294436 2.09147e-08
-0.0293537 2.09176e-08
-0.0292638 2.09178e-08
-0.0291739 2.09231e-08
-0.029084 2.09269e-08
-0.0289941 2.09275e-08
-0.0289042 2.09294e-08
-0.0288142 2.09276e-08
-0.0287243 2.09204e-08
-0.0286344 2.09115e-08
-0.0285445 2.09052e-08
-0.0284546 2.09061e-08
-0.0283647 2.09028e-08
-0.0282748 2.08945e-08
-0.0281849 2.08879e-08
-0.028095 2.08817e-08
-0.0280051 2.08714e-08
-0.0279152 2.08656e-08
-0.0278253 2.08601e-08
-0.0277354 2.08435e-08
-0.0276455 2.08314e-08
-0.0275556 2.08124e-08
-0.0274657 2.07992e-08
-0.0273758 2.07887e-08
-0.0272859 2.07713e-08
-0.027196 2.07589e-08
-0.0271061 2.07445e-08
-0.0270162 2.07245e-08
-0.0269263 2.07063e-08
-0.0268364 2.0693e-08
-0.0267465 2.06712e-08
-0.0266565 2.06451e-08
-0.0265666 2.06295e-08
-0.0264767 2.0606e-08
-0.0263868 2.05834e-08
-0.0262969 2.05597e-08
-0.026207 2.0533e-08
-0.0261171 2.05037e-08
-0.0260272 2.04819e-08
-0.0259373 2.04636e-08
-0.0258474 2.04398e-08
-0.0257575 2.04197e-08
-0.0256676 2.03877e-08
-0.0255777 2.03675e-08
-0.0254878 2.03367e-08
-0.0253979 2.03084e-08
-0.025308 2.02832e-08
-0.0252181 2.02563e-08
-0.0251282 2.02259e-08
-0.0250383 2.01924e-08
-0.0249484 2.01614e-08
-0.0248585 2.01316e-08
-0.0247686 2.01109e-08
-0.0246787 2.00846e-08
-0.0245888 2.00569e-08
-0.0244988 2.00331e-08
-0.0244089 2.00134e-08
-0.024319 1.99876e-08
-0.0242291 1.996e-08
-0.0241392 1.99353e-08
-0.0240493 1.9915e-08
-0.0239594 1.98909e-08
-0.0238695 1.98678e-08
-0.0237796 1.98434e-08
-0.0236897 1.98242e-08
-0.0235998 1.97996e-08
-0.0235099 1.97679e-08
-0.02342 1.97441e-08
-0.0233301 1.97125e-08
-0.0232402 1.96824e-08
-0.0231503 1.96506e-08
-0.0230604 1.96249e-08
-0.0229705 1.96019e-08
-0.0228806 1.95765e-08
-0.0227907 1.95503e-08
-0.0227008 1.95349e-08
-0.0226109 1.95193e-08
-0.022521 1.94959e-08
-0.0224311 1.94718e-08
-0.0223411 1.94487e-08
-0.0222512 1.94162e-08
-0.0221613 1.93836e-08
-0.0220714 1.93494e-08
-0.0219815 1.93227e-08
-0.0218916 1.92878e-08
-0.0218017 1.92636e-08
-0.0217118 1.9234e-08
-0.0216219 1.92133e-08
-0.021532 1.91834e-08
-0.0214421 1.91515e-08
-0.0213522 1.91231e-08
-0.0212623 1.90944e-08
-0.0211724 1.90582e-08
-0.0210825 1.90203e-08
-0.0209926 1.89858e-08
-0.0209027 1.89546e-08
-0.0208128 1.892e-08
-0.0207229 1.88922e-08
-0.020633 1.88489e-08
-0.0205431 1.88132e-08
-0.0204532 1.87714e-08
-0.0203633 1.87339e-08
-0.0202734 1.86982e-08
-0.0201835 1.86592e-08
-0.0200935 1.86182e-08
-0.0200036 1.85754e-08
-0.0199137 1.85332e-08
-0.0198238 1.84966e-08
-0.0197339 1.84561e-08
-0.019644 1.84071e-08
-0.0195541 1.83655e-08
-0.0194642 1.83183e-08
-0.0193743 1.82783e-08
-0.0192844 1.82336e-08
-0.0191945 1.81987e-08
-0.0191046 1.81644e-08
-0.0190147 1.81168e-08
-0.0189248 1.80645e-08
-0.0188349 1.80173e-08
-0.018745 1.79699e-08
-0.0186551 1.79212e-08
-0.0185652 1.78784e-08
-0.0184753 1.78245e-08
-0.0183854 1.7773e-08
-0.0182955 1.77198e-08
-0.0182056 1.76636e-08
-0.0181157 1.76045e-08
-0.0180258 1.75508e-08
-0.0179358 1.74952e-08
-0.0178459 1.74347e-08
-0.017756 1.73805e-08
-0.0176661 1.73232e-08
-0.0175762 1.72551e-08
-0.0174863 1.71935e-08
-0.0173964 1.71251e-08
-0.0173065 1.70596e-08
-0.0172166 1.69929e-08
-0.0171267 1.69268e-08
-0.0170368 1.68641e-08
-0.0169469 1.67944e-08
-0.016857 1.67321e-08
-0.0167671 1.66665e-08
-0.0166772 1.65998e-08
-0.0165873 1.65344e-08
-0.0164974 1.64725e-08
-0.0164075 1.63974e-08
-0.0163176 1.6323e-08
-0.0162277 1.6251e-08
-0.0161378 1.6183e-08
-0.0160479 1.61124e-08
-0.015958 1.6036e-08
-0.0158681 1.59666e-08
-0.0157781 1.58996e-08
-0.0156882 1.58293e-08
-0.0155983 1.57577e-08
-0.0155084 1.56864e-08
-0.0154185 1.56125e-08
-0.0153286 1.5537e-08
-0.0152387 1.54612e-08
-0.0151488 1.53858e-08
-0.0150589 1.53183e-08
-0.014969 1.52465e-08
-0.0148791 1.51744e-08
-0.0147892 1.50995e-08
-0.0146993 1.50251e-08
-0.0146094 1.49431e-08
-0.0145195 1.48688e-08
-0.0144296 1.47909e-08
-0.0143397 1.4708e-08
-0.0142498 1.46276e-08
-0.0141599 1.45402e-08
-0.01407 1.44564e-08
-0.0139801 1.43758e-08
-0.0138902 1.4289e-08
-0.0138003 1.42001e-08
-0.0137104 1.41113e-08
-0.0136204 1.40183e-08
-0.0135305 1.39233e-08
-0.0134406 1.38351e-08
-0.0133507 1.37395e-08
-0.0132608 1.36414e-08
-0.0131709 1.35487e-08
-0.013081 1.34545e-08
-0.0129911 1.33563e-08
-0.0129012 1.32568e-08
-0.0128113 1.31543e-08
-0.0127214 1.30509e-08
-0.0126315 1.29522e-08
-0.0125416 1.28514e-08
-0.0124517 1.27499e-08
-0.0123618 1.26474e-08
-0.0122719 1.25389e-08
-0.012182 1.24372e-08
-0.0120921 1.23401e-08
-0.0120022 1.22422e-08
-0.0119123 1.2133e-08
-0.0118224 1.20287e-08
-0.0117325 1.19265e-08
-0.0116426 1.18167e-08
-0.0115527 1.17194e-08
-0.0114627 1.16155e-08
-0.0113728 1.15111e-08
-0.0112829 1.14087e-08
-0.011193 1.13019e-08
-0.0111031 1.12014e-08
-0.0110132 1.10974e-08
-0.0109233 1.09954e-08
-0.0108334 1.08907e-08
-0.0107435 1.07841e-08
-0.0106536 1.0684e-08
-0.0105637 1.05791e-08
-0.0104738 1.04789e-08
-0.0103839 1.03716e-08
-0.010294 1.02706e-08
-0.0102041 1.01579e-08
-0.0101142 1.0054e-08
-0.0100243 9.95005e-09
-0.00993438 9.83824e-09
-0.00984447 9.73634e-09
-0.00975457 9.62986e-09
-0.00966466 9.52772e-09
-0.00957476 9.42775e-09
-0.00948486 9.32242e-09
-0.00939495 9.21553e-09
-0.00930505 9.10927e-09
-0.00921514 9.00312e-09
-0.00912524 8.90115e-09
-0.00903534 8.79621e-09
-0.00894543 8.68936e-09
-0.00885553 8.57695e-09
-0.00876562 8.47248e-09
-0.00867572 8.35755e-09
-0.00858582 8.24828e-09
-0.00849591 8.15075e-09
-0.00840601 8.04461e-09
-0.0083161 7.9386e-09
-0.0082262 7.83525e-09
-0.00813629 7.7296e-09
-0.00804639 7.6273e-09
-0.00795649 7.52518e-09
-0.00786658 7.42534e-09
-0.00777668 7.32452e-09
-0.00768677 7.22404e-09
-0.00759687 7.12904e-09
-0.00750697 7.0314e-09
-0.00741706 6.93655e-09
-0.00732716 6.83969e-09
-0.00723725 6.74383e-09
-0.00714735 6.64891e-09
-0.00705744 6.56366e-09
-0.00696754 6.46574e-09
-0.00687764 6.36918e-09
-0.00678773 6.28301e-09
-0.00669783 6.19457e-09
-0.00660792 6.10924e-09
-0.00651802 6.01516e-09
-0.00642812 5.9294e-09
-0.00633821 5.84189e-09
-0.00624831 5.75442e-09
-0.0061584 5.6661e-09
-0.0060685 5.57641e-09
-0.00597859 5.4831e-09
-0.00588869 5.39077e-09
-0.00579879 5.29549e-09
-0.00570888 5.21295e-09
-0.00561898 5.12246e-09
-0.00552907 5.03915e-09
-0.00543917 4.95574e-09
-0.00534927 4.87148e-09
-0.00525936 4.78482e-09
-0.00516946 4.69335e-09
-0.00507955 4.60244e-09
-0.00498965 4.51573e-09
-0.00489975 4.4313e-09
-0.00480984 4.33573e-09
-0.00471994 4.24181e-09
-0.00463003 4.15122e-09
-0.00454013 4.059e-09
-0.00445022 3.96256e-09
-0.00436032 3.87001e-09
-0.00427042 3.78084e-09
-0.00418051 3.68853e-09
-0.00409061 3.60032e-09
-0.0040007 3.51111e-09
-0.0039108 3.41697e-09
-0.0038209 3.33123e-09
-0.00373099 3.24282e-09
-0.00364109 3.15149e-09
-0.00355118 3.07137e-09
-0.00346128 2.98929e-09
-0.00337137 2.91531e-09
-0.00328147 2.83094e-09
-0.00319157 2.74412e-09
-0.00310166 2.66579e-09
-0.00301176 2.59034e-09
-0.00292185 2.51114e-09
-0.00283195 2.43808e-09
-0.00274205 2.35756e-09
-0.00265214 2.276e-09
-0.00256224 2.19851e-09
-0.00247233 2.13478e-09
-0.00238243 2.06204e-09
-0.00229252 1.99198e-09
-0.00220262 1.91621e-09
-0.00211272 1.84254e-09
-0.00202281 1.77256e-09
-0.00193291 1.7048e-09
-0.001843 1.6299e-09
-0.0017531 1.54741e-09
-0.0016632 1.47129e-09
-0.00157329 1.39451e-09
-0.00148339 1.3265e-09
-0.00139348 1.25626e-09
-0.00130358 1.19304e-09
-0.00121368 1.12461e-09
-0.00112377 1.04562e-09
-0.00103387 9.68437e-10
-0.000943963 8.91431e-10
-0.000854059 8.18921e-10
-0.000764154 7.44218e-10
-0.00067425 6.63311e-10
-0.000584346 5.83237e-10
-0.000494442 5.06304e-10
-0.000404538 4.2658e-10
-0.000314634 3.49241e-10
-0.00022473 2.61881e-10
-0.000134825 1.76719e-10
-4.49212e-05 9.0436e-11
4.49829e-05 0
0.000134887 -8.42209e-11
0.000224791 -1.68955e-10
0.000314695 -2.63323e-10
0.0004046 -3.46519e-10
0.000494504 -4.36885e-10
0.000584408 -5.24294e-10
0.000674312 -6.1306e-10
0.000764216 -7.06646e-10
0.00085412 -8.00986e-10
0.000944024 -8.96335e-10
0.00103393 -9.96389e-10
0.00112383 -1.09617e-09
0.00121374 -1.19354e-09
0.00130364 -1.29145e-09
0.00139355 -1.38016e-09
0.00148345 -1.4804e-09
0.00157335 -1.58296e-09
0.00166326 -1.68257e-09
0.00175316 -1.78568e-09
0.00184307 -1.90487e-09
0.00193297 -2.01603e-09
0.00202287 -2.12538e-09
0.00211278 -2.24019e-09
0.00220268 -2.35017e-09
0.00229259 -2.46396e-09
0.00238249 -2.576e-09
0.00247239 -2.68552e-09
0.0025623 -2.79606e-09
0.0026522 -2.91021e-09
0.00274211 -3.02134e-09
0.00283201 -3.14311e-09
0.00292192 -3.25559e-09
0.00301182 -3.37043e-09
0.00310172 -3.4909e-09
0.00319163 -3.60513e-09
0.00328153 -3.72729e-09
0.00337144 -3.84492e-09
0.00346134 -3.95104e-09
0.00355124 -4.06537e-09
0.00364115 -4.17958e-09
0.00373105 -4.29841e-09
0.00382096 -4.41632e-09
0.00391086 -4.53626e-09
0.00400077 -4.65551e-09
0.00409067 -4.77512e-09
0.00418057 -4.8904e-09
0.00427048 -5.00456e-09
0.00436038 -5.12556e-09
0.00445029 -5.23934e-09
0.00454019 -5.35597e-09
0.00463009 -5.46945e-09
0.00472 -5.58408e-09
0.0048099 -5.7045e-09
0.00489981 -5.82343e-09
0.00498971 -5.9332e-09
0.00507962 -6.04987e-09
0.00516952 -6.16983e-09
0.00525942 -6.28286e-09
0.00534933 -6.39724e-09
0.00543923 -6.51529e-09
0.00552914 -6.62978e-09
0.00561904 -6.74219e-09
0.00570894 -6.86149e-09
0.00579885 -6.97466e-09
0.00588875 -7.10101e-09
0.00597866 -7.21565e-09
0.00606856 -7.33328e-09
0.00615846 -7.45742e-09
0.00624837 -7.57477e-09
0.00633827 -7.69201e-09
0.00642818 -7.81039e-09
0.00651808 -7.93245e-09
0.00660799 -8.05959e-09
0.00669789 -8.17359e-09
0.00678779 -8.29709e-09
0.0068777 -8.41746e-09
0.0069676 -8.54832e-09
0.00705751 -8.67141e-09
0.00714741 -8.78837e-09
0.00723731 -8.91129e-09
0.00732722 -9.03192e-09
0.00741712 -9.15948e-09
0.00750703 -9.28275e-09
0.00759693 -9.41471e-09
0.00768684 -9.54173e-09
0.00777674 -9.66333e-09
0.00786664 -9.79731e-09
0.00795655 -9.92857e-09
0.00804645 -1.00662e-08
0.00813636 -1.01924e-08
0.00822626 -1.03204e-08
0.00831616 -1.04421e-08
0.00840607 -1.05681e-08
0.00849597 -1.06982e-08
0.00858588 -1.08222e-08
0.00867578 -1.09534e-08
0.00876569 -1.10828e-08
0.00885559 -1.12084e-08
0.00894549 -1.1341e-08
0.0090354 -1.14685e-08
0.0091253 -1.15954e-08
0.00921521 -1.17217e-08
0.00930511 -1.18504e-08
0.00939501 -1.19664e-08
0.00948492 -1.20871e-08
0.00957482 -1.22089e-08
0.00966473 -1.23241e-08
0.00975463 -1.24443e-08
0.00984453 -1.25645e-08
0.00993444 -1.26825e-08
0.0100243 -1.27991e-08
0.0101142 -1.29114e-08
0.0102042 -1.30258e-08
0.0102941 -1.31338e-08
0.010384 -1.32458e-08
0.0104739 -1.33569e-08
0.0105638 -1.34626e-08
0.0106537 -1.35756e-08
0.0107436 -1.36757e-08
0.0108335 -1.37725e-08
0.0109234 -1.38823e-08
0.0110133 -1.3993e-08
0.0111032 -1.40961e-08
0.0111931 -1.42028e-08
0.011283 -1.43096e-08
0.0113729 -1.44112e-08
0.0114628 -1.45164e-08
0.0115527 -1.46206e-08
0.0116426 -1.47174e-08
0.0117325 -1.48169e-08
0.0118224 -1.49122e-08
0.0119123 -1.50154e-08
0.0120022 -1.51157e-08
0.0120921 -1.52173e-08
0.012182 -1.531e-08
0.0122719 -1.5411e-08
0.0123619 -1.54943e-08
0.0124518 -1.55829e-08
0.0125417 -1.568e-08
0.0126316 -1.5778e-08
0.0127215 -1.58705e-08
0.0128114 -1.59598e-08
0.0129013 -1.60496e-08
0.0129912 -1.61406e-08
0.0130811 -1.62319e-08
0.013171 -1.63265e-08
0.0132609 -1.64164e-08
0.0133508 -1.65007e-08
0.0134407 -1.65945e-08
0.0135306 -1.66799e-08
0.0136205 -1.67686e-08
0.0137104 -1.68599e-08
0.0138003 -1.69478e-08
0.0138902 -1.70386e-08
0.0139801 -1.71401e-08
0.01407 -1.72294e-08
0.0141599 -1.73145e-08
0.0142498 -1.74098e-08
0.0143397 -1.7495e-08
0.0144296 -1.75809e-08
0.0145196 -1.76669e-08
0.0146095 -1.77536e-08
0.0146994 -1.78393e-08
0.0147893 -1.79251e-08
0.0148792 -1.80165e-08
0.0149691 -1.81037e-08
0.015059 -1.81925e-08
0.0151489 -1.82871e-08
0.0152388 -1.83702e-08
0.0153287 -1.84609e-08
0.0154186 -1.85483e-08
0.0155085 -1.86435e-08
0.0155984 -1.87426e-08
0.0156883 -1.88367e-08
0.0157782 -1.8927e-08
0.0158681 -1.90175e-08
0.015958 -1.91103e-08
0.0160479 -1.92041e-08
0.0161378 -1.92966e-08
0.0162277 -1.93903e-08
0.0163176 -1.94732e-08
0.0164075 -1.95619e-08
0.0164974 -1.96535e-08
0.0165873 -1.97508e-08
0.0166773 -1.98497e-08
0.0167672 -1.99489e-08
0.0168571 -2.00518e-08
0.016947 -2.01481e-08
0.0170369 -2.02452e-08
0.0171268 -2.03352e-08
0.0172167 -2.04309e-08
0.0173066 -2.05289e-08
0.0173965 -2.06198e-08
0.0174864 -2.07123e-08
0.0175763 -2.08076e-08
0.0176662 -2.09096e-08
0.0177561 -2.10064e-08
0.017846 -2.11121e-08
0.0179359 -2.12166e-08
0.0180258 -2.13215e-08
0.0181157 -2.14193e-08
0.0182056 -2.15159e-08
0.0182955 -2.16146e-08
0.0183854 -2.17162e-08
0.0184753 -2.18192e-08
0.0185652 -2.19204e-08
0.0186551 -2.20244e-08
0.018745 -2.21247e-08
0.0188349 -2.22295e-08
0.0189249 -2.23385e-08
0.0190148 -2.24394e-08
0.0191047 -2.25493e-08
0.0191946 -2.26601e-08
0.0192845 -2.27717e-08
0.0193744 -2.28725e-08
0.0194643 -2.29781e-08
0.0195542 -2.3089e-08
0.0196441 -2.32034e-08
0.019734 -2.33007e-08
0.0198239 -2.33996e-08
0.0199138 -2.35068e-08
0.0200037 -2.3612e-08
0.0200936 -2.37125e-08
0.0201835 -2.38236e-08
0.0202734 -2.39265e-08
0.0203633 -2.4034e-08
0.0204532 -2.41384e-08
0.0205431 -2.4244e-08
0.020633 -2.43531e-08
0.0207229 -2.44591e-08
0.0208128 -2.4568e-08
0.0209027 -2.46734e-08
0.0209926 -2.47711e-08
0.0210826 -2.48753e-08
0.0211725 -2.49778e-08
0.0212624 -2.50807e-08
0.0213523 -2.51925e-08
0.0214422 -2.5294e-08
0.0215321 -2.53857e-08
0.021622 -2.54859e-08
0.0217119 -2.55857e-08
0.0218018 -2.56787e-08
0.0218917 -2.57769e-08
0.0219816 -2.58752e-08
0.0220715 -2.59713e-08
0.0221614 -2.60703e-08
0.0222513 -2.61679e-08
0.0223412 -2.62524e-08
0.0224311 -2.63452e-08
0.022521 -2.64384e-08
0.0226109 -2.65183e-08
0.0227008 -2.66144e-08
0.0227907 -2.67006e-08
0.0228806 -2.6791e-08
0.0229705 -2.68819e-08
0.0230604 -2.69611e-08
0.0231503 -2.70447e-08
0.0232403 -2.7125e-08
0.0233302 -2.72009e-08
0.0234201 -2.72709e-08
0.02351 -2.73543e-08
0.0235999 -2.74271e-08
0.0236898 -2.75059e-08
0.0237797 -2.75872e-08
0.0238696 -2.76702e-08
0.0239595 -2.77471e-08
0.0240494 -2.78294e-08
0.0241393 -2.79048e-08
0.0242292 -2.79784e-08
0.0243191 -2.80503e-08
0.024409 -2.81176e-08
0.0244989 -2.81919e-08
0.0245888 -2.82653e-08
0.0246787 -2.83327e-08
0.0247686 -2.84038e-08
0.0248585 -2.84771e-08
0.0249484 -2.8548e-08
0.0250383 -2.86155e-08
0.0251282 -2.86929e-08
0.0252181 -2.87623e-08
0.025308 -2.88345e-08
0.025398 -2.8905e-08
0.0254879 -2.89744e-08
0.0255778 -2.90382e-08
0.0256677 -2.91162e-08
0.0257576 -2.91798e-08
0.0258475 -2.92477e-08
0.0259374 -2.93157e-08
0.0260273 -2.93852e-08
0.0261172 -2.94577e-08
0.0262071 -2.95086e-08
0.026297 -2.95702e-08
0.0263869 -2.9634e-08
0.0264768 -2.97002e-08
0.0265667 -2.97706e-08
0.0266566 -2.9842e-08
0.0267465 -2.99083e-08
0.0268364 -2.99654e-08
0.0269263 -3.00296e-08
0.0270162 -3.00903e-08
0.0271061 -3.01412e-08
0.027196 -3.01986e-08
0.0272859 -3.02496e-08
0.0273758 -3.03011e-08
0.0274657 -3.03607e-08
0.0275557 -3.04184e-08
0.0276456 -3.04682e-08
0.0277355 -3.05299e-08
0.0278254 -3.05808e-08
0.0279153 -3.06367e-08
0.0280052 -3.06872e-08
0.0280951 -3.07319e-08
0.028185 -3.0783e-08
0.0282749 -3.08315e-08
0.0283648 -3.08757e-08
0.0284547 -3.09244e-08
0.0285446 -3.09862e-08
0.0286345 -3.10369e-08
0.0287244 -3.10899e-08
0.0288143 -3.11401e-08
0.0289042 -3.1191e-08
0.0289941 -3.12444e-08
0.029084 -3.1288e-08
0.0291739 -3.13363e-08
0.0292638 -3.13824e-08
0.0293537 -3.14242e-08
0.0294436 -3.14603e-08
0.0295335 -3.15117e-08
0.0296234 -3.15552e-08
0.0297134 -3.15947e-08
0.0298033 -3.16333e-08
0.0298932 -3.16682e-08
0.0299831 -3.17149e-08
0.030073 -3.17507e-08
0.0301629 -3.17895e-08
0.0302528 -3.1817e-08
0.0303427 -3.18485e-08
0.0304326 -3.18757e-08
0.0305225 -3.19089e-08
0.0306124 -3.19411e-08
0.0307023 -3.19608e-08
0.0307922 -3.19735e-08
0.0308821 -3.19962e-08
0.030972 -3.20269e-08
0.0310619 -3.2057e-08
0.0311518 -3.20864e-08
0.0312417 -3.21144e-08
0.0313316 -3.21515e-08
0.0314215 -3.21801e-08
0.0315114 -3.2209e-08
0.0316013 -3.22309e-08
0.0316912 -3.2249e-08
0.0317811 -3.22773e-08
0.0318711 -3.23071e-08
0.031961 -3.23277e-08
0.0320509 -3.23544e-08
0.0321408 -3.23879e-08
0.0322307 -3.24163e-08
0.0323206 -3.24444e-08
0.0324105 -3.24802e-08
0.0325004 -3.25223e-08
0.0325903 -3.25606e-08
0.0326802 -3.25905e-08
0.0327701 -3.26237e-08
0.03286 -3.26559e-08
0.0329499 -3.26864e-08
0.0330398 -3.27172e-08
0.0331297 -3.27556e-08
0.0332196 -3.2795e-08
0.0333095 -3.28344e-08
0.0333994 -3.28694e-08
0.0334893 -3.29108e-08
0.0335792 -3.29485e-08
0.0336691 -3.29908e-08
0.033759 -3.30365e-08
0.0338489 -3.30825e-08
0.0339388 -3.31206e-08
0.0340288 -3.31632e-08
0.0341187 -3.32028e-08
0.0342086 -3.32452e-08
0.0342985 -3.32946e-08
0.0343884 -3.33385e-08
0.0344783 -3.33818e-08
0.0345682 -3.34236e-08
0.0346581 -3.34507e-08
0.034748 -3.34897e-08
0.0348379 -3.3524e-08
0.0349278 -3.35655e-08
0.0350177 -3.36149e-08
0.0351076 -3.36435e-08
0.0351975 -3.36773e-08
0.0352874 -3.37056e-08
0.0353773 -3.37339e-08
0.0354672 -3.37483e-08
0.0355571 -3.37615e-08
0.035647 -3.378e-08
0.0357369 -3.37861e-08
0.0358268 -3.38054e-08
0.0359167 -3.38158e-08
0.0360066 -3.3829e-08
0.0360965 -3.38282e-08
0.0361865 -3.38407e-08
0.0362764 -3.38516e-08
0.0363663 -3.38536e-08
0.0364562 -3.38544e-08
0.0365461 -3.38543e-08
0.036636 -3.38571e-08
0.0367259 -3.38532e-08
0.0368158 -3.38481e-08
0.0369057 -3.38449e-08
0.0369956 -3.38311e-08
0.0370855 -3.38185e-08
0.0371754 -3.38038e-08
0.0372653 -3.3791e-08
0.0373552 -3.3781e-08
0.0374451 -3.37733e-08
0.037535 -3.37703e-08
0.0376249 -3.37646e-08
0.0377148 -3.37619e-08
0.0378047 -3.37492e-08
0.0378946 -3.374e-08
0.0379845 -3.37288e-08
0.0380744 -3.37134e-08
0.0381643 -3.3714e-08
0.0382542 -3.37011e-08
0.0383441 -3.36896e-08
0.0384341 -3.36711e-08
0.038524 -3.36555e-08
0.0386139 -3.36453e-08
0.0387038 -3.36305e-08
0.0387937 -3.36303e-08
0.0388836 -3.36188e-08
0.0389735 -3.36138e-08
0.0390634 -3.36059e-08
0.0391533 -3.36006e-08
0.0392432 -3.35849e-08
0.0393331 -3.35796e-08
0.039423 -3.35656e-08
0.0395129 -3.35489e-08
0.0396028 -3.35349e-08
0.0396927 -3.35287e-08
0.0397826 -3.35231e-08
0.0398725 -3.35162e-08
0.0399624 -3.3513e-08
0.0400523 -3.35146e-08
0.0401422 -3.35117e-08
0.0402321 -3.35191e-08
0.040322 -3.35117e-08
0.0404119 -3.35066e-08
0.0405018 -3.35016e-08
0.0405918 -3.34955e-08
0.0406817 -3.34884e-08
0.0407716 -3.34703e-08
0.0408615 -3.3451e-08
0.0409514 -3.34404e-08
0.0410413 -3.34363e-08
0.0411312 -3.3426e-08
0.0412211 -3.34207e-08
0.041311 -3.34183e-08
0.0414009 -3.34061e-08
0.0414908 -3.3398e-08
0.0415807 -3.33823e-08
0.0416706 -3.3371e-08
0.0417605 -3.33509e-08
0.0418504 -3.33233e-08
0.0419403 -3.33033e-08
0.0420302 -3.32875e-08
0.0421201 -3.32673e-08
0.04221 -3.32547e-08
0.0422999 -3.32247e-08
0.0423898 -3.31821e-08
0.0424797 -3.31523e-08
0.0425696 -3.31054e-08
0.0426595 -3.30708e-08
0.0427495 -3.3044e-08
0.0428394 -3.302e-08
0.0429293 -3.29887e-08
0.0430192 -3.29571e-08
0.0431091 -3.29307e-08
0.043199 -3.29095e-08
0.0432889 -3.28725e-08
0.0433788 -3.28318e-08
0.0434687 -3.27979e-08
0.0435586 -3.27487e-08
0.0436485 -3.26986e-08
0.0437384 -3.26507e-08
0.0438283 -3.26152e-08
0.0439182 -3.25749e-08
0.0440081 -3.25206e-08
0.044098 -3.24852e-08
0.0441879 -3.24477e-08
0.0442778 -3.24049e-08
0.0443677 -3.2367e-08
0.0444576 -3.23266e-08
0.0445475 -3.2298e-08
0.0446374 -3.22581e-08
0.0447273 -3.22228e-08
0.0448172 -3.21723e-08
0.0449072 -3.21255e-08
0.0449971 -3.20694e-08
0.045087 -3.20141e-08
0.0451769 -3.19585e-08
0.0452668 -3.18964e-08
0.0453567 -3.18536e-08
0.0454466 -3.18168e-08
0.0455365 -3.1759e-08
0.0456264 -3.17254e-08
0.0457163 -3.16782e-08
0.0458062 -3.16387e-08
0.0458961 -3.1588e-08
0.045986 -3.15352e-08
0.0460759 -3.14899e-08
0.0461658 -3.14346e-08
0.0462557 -3.13837e-08
0.0463456 -3.13429e-08
0.0464355 -3.12862e-08
0.0465254 -3.12327e-08
0.0466153 -3.11823e-08
0.0467052 -3.11283e-08
0.0467951 -3.10763e-08
0.046885 -3.10203e-08
0.0469749 -3.09549e-08
0.0470649 -3.0886e-08
0.0471548 -3.08083e-08
0.0472447 -3.07472e-08
0.0473346 -3.06828e-08
0.0474245 -3.06201e-08
0.0475144 -3.05463e-08
0.0476043 -3.04736e-08
0.0476942 -3.0401e-08
0.0477841 -3.03171e-08
0.047874 -3.02465e-08
0.0479639 -3.01674e-08
0.0480538 -3.00783e-08
0.0481437 -2.99846e-08
0.0482336 -2.98899e-08
0.0483235 -2.97984e-08
0.0484134 -2.97089e-08
0.0485033 -2.96194e-08
0.0485932 -2.95208e-08
0.0486831 -2.94099e-08
0.048773 -2.93151e-08
0.0488629 -2.92212e-08
0.0489528 -2.91338e-08
0.0490427 -2.90398e-08
0.0491326 -2.89542e-08
0.0492226 -2.88724e-08
0.0493125 -2.87732e-08
0.0494024 -2.86794e-08
0.0494923 -2.85837e-08
0.0495822 -2.84873e-08
0.0496721 -2.83929e-08
0.049762 -2.83055e-08
0.0498519 -2.82193e-08
0.0499418 -2.81393e-08
0.0500317 -2.80623e-08
0.0501216 -2.79893e-08
0.0502115 -2.7906e-08
0.0503014 -2.78313e-08
0.0503913 -2.77586e-08
0.0504812 -2.76978e-08
0.0505711 -2.76231e-08
0.050661 -2.75502e-08
0.0507509 -2.74796e-08
0.0508408 -2.74122e-08
0.0509307 -2.73446e-08
0.0510206 -2.72758e-08
0.0511105 -2.72151e-08
0.0512004 -2.71423e-08
0.0512903 -2.70647e-08
0.0513803 -2.69977e-08
0.0514702 -2.69376e-08
0.0515601 -2.68742e-08
0.05165 -2.68128e-08
0.0517399 -2.6741e-08
0.0518298 -2.66533e-08
0.0519197 -2.65817e-08
0.0520096 -2.65031e-08
0.0520995 -2.64387e-08
0.0521894 -2.63676e-08
0.0522793 -2.63032e-08
0.0523692 -2.62402e-08
0.0524591 -2.61604e-08
0.052549 -2.60844e-08
0.0526389 -2.60222e-08
0.0527288 -2.59601e-08
0.0528187 -2.58828e-08
0.0529086 -2.58172e-08
0.0529985 -2.5732e-08
0.0530884 -2.56529e-08
0.0531783 -2.55811e-08
0.0532682 -2.5513e-08
0.0533581 -2.54537e-08
0.053448 -2.53889e-08
0.053538 -2.53074e-08
0.0536279 -2.52378e-08
0.0537178 -2.51742e-08
0.0538077 -2.50977e-08
0.0538976 -2.50301e-08
0.0539875 -2.49642e-08
0.0540774 -2.49032e-08
0.0541673 -2.48418e-08
0.0542572 -2.47638e-08
0.0543471 -2.47016e-08
0.054437 -2.46324e-08
0.0545269 -2.45645e-08
0.0546168 -2.45084e-08
0.0547067 -2.44463e-08
0.0547966 -2.43674e-08
0.0548865 -2.42881e-08
0.0549764 -2.42081e-08
0.0550663 -2.41368e-08
0.0551562 -2.40752e-08
0.0552461 -2.40195e-08
0.055336 -2.39531e-08
0.0554259 -2.38985e-08
0.0555158 -2.38437e-08
0.0556057 -2.37806e-08
0.0556956 -2.37291e-08
0.0557856 -2.36705e-08
0.0558755 -2.36168e-08
0.0559654 -2.35612e-08
0.0560553 -2.35122e-08
0.0561452 -2.34563e-08
0.0562351 -2.33879e-08
0.056325 -2.33344e-08
0.0564149 -2.32853e-08
0.0565048 -2.32282e-08
0.0565947 -2.31727e-08
0.0566846 -2.31083e-08
0.0567745 -2.30681e-08
0.0568644 -2.3004e-08
0.0569543 -2.29407e-08
0.0570442 -2.2892e-08
0.0571341 -2.28451e-08
0.057224 -2.27908e-08
0.0573139 -2.27426e-08
0.0574038 -2.2691e-08
0.0574937 -2.26423e-08
0.0575836 -2.25663e-08
0.0576735 -2.2508e-08
0.0577634 -2.2451e-08
0.0578533 -2.23929e-08
0.0579433 -2.23456e-08
0.0580332 -2.22879e-08
0.0581231 -2.22415e-08
0.058213 -2.21937e-08
0.0583029 -2.21517e-08
0.0583928 -2.21024e-08
0.0584827 -2.20622e-08
0.0585726 -2.20272e-08
0.0586625 -2.19849e-08
0.0587524 -2.19484e-08
0.0588423 -2.1909e-08
0.0589322 -2.18609e-08
0.0590221 -2.18286e-08
0.059112 -2.17913e-08
0.0592019 -2.17435e-08
0.0592918 -2.17131e-08
0.0593817 -2.16738e-08
0.0594716 -2.16418e-08
0.0595615 -2.16153e-08
0.0596514 -2.15878e-08
0.0597413 -2.15768e-08
0.0598312 -2.15503e-08
0.0599211 -2.15319e-08
0.060011 -2.15111e-08
0.060101 -2.14927e-08
0.0601909 -2.14803e-08
0.0602808 -2.14627e-08
0.0603707 -2.14519e-08
0.0604606 -2.14589e-08
0.0605505 -2.14456e-08
0.0606404 -2.142e-08
0.0607303 -2.13909e-08
0.0608202 -2.13783e-08
0.0609101 -2.13696e-08
0.061 -2.13432e-08
0.0610899 -2.13459e-08
0.0611798 -2.13357e-08
0.0612697 -2.13302e-08
0.0613596 -2.1304e-08
0.0614495 -2.12825e-08
0.0615394 -2.12634e-08
0.0616293 -2.12384e-08
0.0617192 -2.12134e-08
0.0618091 -2.11992e-08
0.061899 -2.11833e-08
0.0619889 -2.11776e-08
0.0620788 -2.11791e-08
0.0621687 -2.11716e-08
0.0622587 -2.115e-08
0.0623486 -2.11108e-08
0.0624385 -2.10865e-08
0.0625284 -2.10681e-08
0.0626183 -2.10601e-08
0.0627082 -2.10358e-08
0.0627981 -2.10329e-08
0.062888 -2.1034e-08
0.0629779 -2.1027e-08
0.0630678 -2.10256e-08
0.0631577 -2.10204e-08
0.0632476 -2.1021e-08
0.0633375 -2.10243e-08
0.0634274 -2.10252e-08
0.0635173 -2.10356e-08
0.0636072 -2.10433e-08
0.0636971 -2.10704e-08
0.063787 -2.10846e-08
0.0638769 -2.11038e-08
0.0639668 -2.11272e-08
0.0640567 -2.11428e-08
0.0641466 -2.11666e-08
0.0642365 -2.11912e-08
0.0643264 -2.12143e-08
0.0644164 -2.12632e-08
0.0645063 -2.13067e-08
0.0645962 -2.13265e-08
0.0646861 -2.13666e-08
0.064776 -2.14182e-08
0.0648659 -2.14534e-08
0.0649558 -2.14729e-08
0.0650457 -2.15195e-08
0.0651356 -2.15447e-08
0.0652255 -2.15708e-08
0.0653154 -2.16144e-08
0.0654053 -2.16285e-08
0.0654952 -2.16593e-08
0.0655851 -2.16849e-08
0.065675 -2.17178e-08
0.0657649 -2.17397e-08
0.0658548 -2.17802e-08
0.0659447 -2.1821e-08
0.0660346 -2.18306e-08
0.0661245 -2.18635e-08
0.0662144 -2.18978e-08
0.0663043 -2.1938e-08
0.0663942 -2.19807e-08
0.0664841 -2.20124e-08
0.0665741 -2.2029e-08
0.066664 -2.20666e-08
0.0667539 -2.21092e-08
0.0668438 -2.21594e-08
0.0669337 -2.22199e-08
0.0670236 -2.22645e-08
0.0671135 -2.23206e-08
0.0672034 -2.23863e-08
0.0672933 -2.24383e-08
0.0673832 -2.24988e-08
0.0674731 -2.25812e-08
0.067563 -2.2667e-08
0.0676529 -2.2754e-08
0.0677428 -2.28412e-08
0.0678327 -2.29274e-08
0.0679226 -2.3036e-08
0.0680125 -2.31367e-08
0.0681024 -2.3253e-08
0.0681923 -2.3373e-08
0.0682822 -2.34725e-08
0.0683721 -2.35887e-08
0.068462 -2.37069e-08
0.0685519 -2.37921e-08
0.0686418 -2.38911e-08
0.0687318 -2.39647e-08
0.0688217 -2.40536e-08
0.0689116 -2.41433e-08
0.0690015 -2.4235e-08
0.0690914 -2.43178e-08
0.0691813 -2.43807e-08
0.0692712 -2.44438e-08
0.0693611 -2.45047e-08
0.069451 -2.45899e-08
0.0695409 -2.46733e-08
0.0696308 -2.4765e-08
0.0697207 -2.48604e-08
0.0698106 -2.49421e-08
0.0699005 -2.50276e-08
0.0699904 -2.51044e-08
0.0700803 -2.51854e-08
0.0701702 -2.52477e-08
0.0702601 -2.52995e-08
0.07035 -2.53759e-08
0.0704399 -2.5473e-08
0.0705298 -2.55653e-08
0.0706197 -2.56813e-08
0.0707096 -2.57981e-08
0.0707995 -2.59325e-08
0.0708895 -2.60708e-08
0.0709794 -2.62201e-08
0.0710693 -2.63911e-08
0.0711592 -2.65332e-08
0.0712491 -2.66969e-08
0.071339 -2.68548e-08
0.0714289 -2.69858e-08
0.0715188 -2.71405e-08
0.0716087 -2.72776e-08
0.0716986 -2.74221e-08
0.0717885 -2.75217e-08
0.0718784 -2.76609e-08
0.0719683 -2.7793e-08
0.0720582 -2.79199e-08
0.0721481 -2.8044e-08
0.072238 -2.81486e-08
0.0723279 -2.82753e-08
0.0724178 -2.84038e-08
0.0725077 -2.8529e-08
0.0725976 -2.86234e-08
0.0726875 -2.87451e-08
0.0727774 -2.88749e-08
0.0728673 -2.90218e-08
0.0729572 -2.91277e-08
0.0730472 -2.92284e-08
0.0731371 -2.93425e-08
0.073227 -2.94748e-08
0.0733169 -2.96406e-08
0.0734068 -2.981e-08
0.0734967 -2.99597e-08
0.0735866 -3.00771e-08
0.0736765 -3.02049e-08
0.0737664 -3.0355e-08
0.0738563 -3.05185e-08
0.0739462 -3.06825e-08
0.0740361 -3.08558e-08
0.074126 -3.10491e-08
0.0742159 -3.11947e-08
0.0743058 -3.13669e-08
0.0743957 -3.14997e-08
0.0744856 -3.16422e-08
0.0745755 -3.17935e-08
0.0746654 -3.19143e-08
0.0747553 -3.20342e-08
0.0748452 -3.21668e-08
0.0749351 -3.22876e-08
0.075025 -3.24081e-08
0.0751149 -3.25453e-08
0.0752048 -3.2647e-08
0.0752948 -3.27658e-08
0.0753847 -3.28904e-08
0.0754746 -3.29554e-08
0.0755645 -3.30489e-08
0.0756544 -3.31741e-08
0.0757443 -3.32754e-08
0.0758342 -3.3388e-08
0.0759241 -3.34832e-08
0.076014 -3.35628e-08
0.0761039 -3.36481e-08
0.0761938 -3.37088e-08
0.0762837 -3.37669e-08
0.0763736 -3.38369e-08
0.0764635 -3.39221e-08
0.0765534 -3.40651e-08
0.0766433 -3.41412e-08
0.0767332 -3.42103e-08
0.0768231 -3.43194e-08
0.076913 -3.44402e-08
0.0770029 -3.45016e-08
0.0770928 -3.46318e-08
0.0771827 -3.47408e-08
0.0772726 -3.48732e-08
0.0773625 -3.49616e-08
0.0774525 -3.50445e-08
0.0775424 -3.51745e-08
0.0776323 -3.52789e-08
0.0777222 -3.539e-08
0.0778121 -3.54776e-08
0.077902 -3.55918e-08
0.0779919 -3.56627e-08
0.0780818 -3.58191e-08
0.0781717 -3.59146e-08
0.0782616 -3.60045e-08
0.0783515 -3.61272e-08
0.0784414 -3.62635e-08
0.0785313 -3.63822e-08
0.0786212 -3.6506e-08
0.0787111 -3.66267e-08
0.078801 -3.68048e-08
0.0788909 -3.70036e-08
0.0789808 -3.71969e-08
0.0790707 -3.736e-08
0.0791606 -3.7539e-08
0.0792505 -3.7676e-08
0.0793404 -3.781e-08
0.0794303 -3.7947e-08
0.0795202 -3.80979e-08
0.0796102 -3.82884e-08
0.0797001 -3.84128e-08
0.07979 -3.85446e-08
0.0798799 -3.86867e-08
0.0799698 -3.88158e-08
0.0800597 -3.9002e-08
0.0801496 -3.91558e-08
0.0802395 -3.92843e-08
0.0803294 -3.94558e-08
0.0804193 -3.95879e-08
0.0805092 -3.97288e-08
0.0805991 -3.98978e-08
0.080689 -4.00095e-08
0.0807789 -4.01088e-08
0.0808688 -4.02226e-08
0.0809587 -4.03924e-08
0.0810486 -4.05567e-08
0.0811385 -4.07558e-08
0.0812284 -4.0922e-08
0.0813183 -4.11024e-08
0.0814082 -4.13331e-08
0.0814981 -4.15176e-08
0.081588 -4.17084e-08
0.0816779 -4.18803e-08
0.0817679 -4.20973e-08
0.0818578 -4.23331e-08
0.0819477 -4.25387e-08
0.0820376 -4.27323e-08
0.0821275 -4.29364e-08
0.0822174 -4.30851e-08
0.0823073 -4.31793e-08
0.0823972 -4.33119e-08
0.0824871 -4.34127e-08
0.082577 -4.35141e-08
0.0826669 -4.3611e-08
0.0827568 -4.36916e-08
0.0828467 -4.3811e-08
0.0829366 -4.38844e-08
0.0830265 -4.39495e-08
0.0831164 -4.40581e-08
0.0832063 -4.4087e-08
0.0832962 -4.41739e-08
0.0833861 -4.43081e-08
0.083476 -4.43999e-08
0.0835659 -4.45163e-08
0.0836558 -4.46415e-08
0.0837457 -4.47621e-08
0.0838356 -4.48668e-08
0.0839256 -4.49868e-08
0.0840155 -4.50815e-08
0.0841054 -4.51369e-08
0.0841953 -4.52088e-08
0.0842852 -4.5256e-08
0.0843751 -4.532e-08
0.084465 -4.53811e-08
0.0845549 -4.54286e-08
0.0846448 -4.54686e-08
0.0847347 -4.56052e-08
0.0848246 -4.56809e-08
0.0849145 -4.57348e-08
0.0850044 -4.57638e-08
0.0850943 -4.58635e-08
0.0851842 -4.5897e-08
0.0852741 -4.59591e-08
0.085364 -4.60371e-08
0.0854539 -4.61298e-08
0.0855438 -4.61951e-08
0.0856337 -4.62232e-08
0.0857236 -4.62658e-08
0.0858135 -4.62657e-08
0.0859034 -4.63484e-08
0.0859933 -4.63762e-08
0.0860833 -4.64308e-08
0.0861732 -4.64354e-08
0.0862631 -4.64579e-08
0.086353 -4.64874e-08
0.0864429 -4.66179e-08
0.0865328 -4.66784e-08
0.0866227 -4.68003e-08
0.0867126 -4.69184e-08
0.0868025 -4.70265e-08
0.0868924 -4.71457e-08
0.0869823 -4.72463e-08
0.0870722 -4.73594e-08
0.0871621 -4.753e-08
0.087252 -4.77581e-08
0.0873419 -4.79023e-08
0.0874318 -4.8082e-08
0.0875217 -4.82095e-08
0.0876116 -4.83262e-08
0.0877015 -4.84771e-08
0.0877914 -4.86096e-08
0.0878813 -4.87894e-08
0.0879712 -4.90093e-08
0.0880611 -4.91711e-08
0.088151 -4.93699e-08
0.088241 -4.94808e-08
0.0883309 -4.96407e-08
0.0884208 -4.99292e-08
0.0885107 -5.01035e-08
0.0886006 -5.03289e-08
0.0886905 -5.04603e-08
0.0887804 -5.0736e-08
0.0888703 -5.09571e-08
0.0889602 -5.11307e-08
0.0890501 -5.12488e-08
0.08914 -5.14841e-08
0.0892299 -5.16536e-08
0.0893198 -5.18663e-08
0.0894097 -5.206e-08
0.0894996 -5.2259e-08
0.0895895 -5.24234e-08
0.0896794 -5.26128e-08
0.0897693 -5.28834e-08
0.0898592 -5.3055e-08
0.0899491 -5.32664e-08
0.090039 -5.3461e-08
0.0901289 -5.36917e-08
0.0902188 -5.39496e-08
0.0903087 -5.41851e-08
0.0903987 -5.43237e-08
0.0904886 -5.45185e-08
0.0905785 -5.46677e-08
0.0906684 -5.48459e-08
0.0907583 -5.50469e-08
0.0908482 -5.5103e-08
0.0909381 -5.51771e-08
0.091028 -5.53188e-08
0.0911179 -5.54121e-08
0.0912078 -5.55483e-08
0.0912977 -5.56797e-08
0.0913876 -5.58506e-08
0.0914775 -5.59426e-08
0.0915674 -5.60307e-08
0.0916573 -5.61802e-08
0.0917472 -5.63285e-08
0.0918371 -5.6502e-08
0.091927 -5.66139e-08
0.0920169 -5.67096e-08
0.0921068 -5.67272e-08
0.0921967 -5.68666e-08
0.0922866 -5.68409e-08
0.0923765 -5.68454e-08
0.0924664 -5.6886e-08
0.0925564 -5.69589e-08
0.0926463 -5.69385e-08
0.0927362 -5.69577e-08
0.0928261 -5.69539e-08
0.092916 -5.6916e-08
0.0930059 -5.68782e-08
0.0930958 -5.69424e-08
0.0931857 -5.69715e-08
0.0932756 -5.69908e-08
0.0933655 -5.69318e-08
0.0934554 -5.69529e-08
0.0935453 -5.69828e-08
0.0936352 -5.69886e-08
0.0937251 -5.6936e-08
0.093815 -5.68986e-08
0.0939049 -5.68203e-08
0.0939948 -5.6874e-08
0.0940847 -5.68844e-08
0.0941746 -5.68253e-08
0.0942645 -5.6871e-08
0.0943544 -5.68877e-08
0.0944443 -5.70099e-08
0.0945342 -5.70403e-08
0.0946241 -5.71486e-08
0.094714 -5.72275e-08
0.094804 -5.72695e-08
0.0948939 -5.72719e-08
0.0949838 -5.73356e-08
0.0950737 -5.74571e-08
0.0951636 -5.7641e-08
0.0952535 -5.78733e-08
0.0953434 -5.79508e-08
0.0954333 -5.81212e-08
0.0955232 -5.8288e-08
0.0956131 -5.83704e-08
0.095703 -5.84335e-08
0.0957929 -5.86729e-08
0.0958828 -5.88704e-08
0.0959727 -5.90706e-08
0.0960626 -5.92476e-08
0.0961525 -5.95035e-08
0.0962424 -5.96342e-08
0.0963323 -5.98414e-08
0.0964222 -6.00486e-08
0.0965121 -6.03837e-08
0.096602 -6.06087e-08
0.0966919 -6.09348e-08
0.0967818 -6.13008e-08
0.0968717 -6.17268e-08
0.0969617 -6.20609e-08
0.0970516 -6.25104e-08
0.0971415 -6.28647e-08
0.0972314 -6.32278e-08
0.0973213 -6.36203e-08
0.0974112 -6.39172e-08
0.0975011 -6.43582e-08
0.097591 -6.47481e-08
0.0976809 -6.49752e-08
0.0977708 -6.51902e-08
0.0978607 -6.53828e-08
0.0979506 -6.54939e-08
0.0980405 -6.5821e-08
0.0981304 -6.60322e-08
0.0982203 -6.6285e-08
0.0983102 -6.65097e-08
0.0984001 -6.67944e-08
0.09849 -6.70749e-08
0.0985799 -6.72473e-08
0.0986698 -6.76202e-08
0.0987597 -6.79741e-08
0.0988496 -6.8219e-08
0.0989395 -6.85318e-08
0.0990294 -6.87562e-08
0.0991194 -6.90939e-08
0.0992093 -6.93345e-08
0.0992992 -6.93807e-08
0.0993891 -6.95673e-08
0.099479 -6.95595e-08
0.0995689 -6.96875e-08
0.0996588 -6.96796e-08
0.0997487 -6.96763e-08
0.0998386 -6.97693e-08
0.0999285 -6.97212e-08
0.100018 -6.96537e-08
0.100108 -6.97452e-08
0.100198 -6.97654e-08
0.100288 -6.98333e-08
0.100378 -6.99001e-08
0.100468 -7.00088e-08
0.100558 -7.00601e-08
0.100648 -7.00853e-08
0.100738 -7.00454e-08
0.100828 -7.02329e-08
0.100917 -7.04097e-08
0.101007 -7.0609e-08
0.101097 -7.07943e-08
0.101187 -7.0928e-08
0.101277 -7.11203e-08
0.101367 -7.14049e-08
0.101457 -7.1646e-08
0.101547 -7.18823e-08
0.101637 -7.23701e-08
0.101727 -7.26845e-08
0.101816 -7.29609e-08
0.101906 -7.32323e-08
0.101996 -7.34347e-08
0.102086 -7.37267e-08
0.102176 -7.39582e-08
0.102266 -7.42313e-08
0.102356 -7.43454e-08
0.102446 -7.45277e-08
0.102536 -7.46175e-08
0.102626 -7.48156e-08
0.102716 -7.48438e-08
0.102805 -7.48455e-08
0.102895 -7.48717e-08
0.102985 -7.49947e-08
0.103075 -7.51099e-08
0.103165 -7.52143e-08
0.103255 -7.52183e-08
0.103345 -7.51772e-08
0.103435 -7.5254e-08
0.103525 -7.53931e-08
0.103615 -7.53884e-08
0.103704 -7.53337e-08
0.103794 -7.53177e-08
0.103884 -7.53139e-08
0.103974 -7.5223e-08
0.104064 -7.52112e-08
0.104154 -7.51971e-08
0.104244 -7.53532e-08
0.104334 -7.54864e-08
0.104424 -7.56002e-08
0.104514 -7.57206e-08
0.104604 -7.58599e-08
0.104693 -7.60343e-08
0.104783 -7.61199e-08
0.104873 -7.61912e-08
0.104963 -7.6357e-08
0.105053 -7.63783e-08
0.105143 -7.64819e-08
0.105233 -7.6485e-08
0.105323 -7.64037e-08
0.105413 -7.61327e-08
0.105503 -7.59765e-08
0.105592 -7.60611e-08
0.105682 -7.5986e-08
0.105772 -7.6087e-08
0.105862 -7.62145e-08
0.105952 -7.64259e-08
0.106042 -7.66497e-08
0.106132 -7.67885e-08
0.106222 -7.69079e-08
0.106312 -7.70854e-08
0.106402 -7.72273e-08
0.106491 -7.73837e-08
0.106581 -7.74591e-08
0.106671 -7.74139e-08
0.106761 -7.75867e-08
0.106851 -7.75218e-08
0.106941 -7.76768e-08
0.107031 -7.7954e-08
0.107121 -7.80124e-08
0.107211 -7.81627e-08
0.107301 -7.82445e-08
0.107391 -7.82405e-08
0.10748 -7.84758e-08
0.10757 -7.8546e-08
0.10766 -7.87753e-08
0.10775 -7.88751e-08
0.10784 -7.89586e-08
0.10793 -7.90095e-08
0.10802 -7.91158e-08
0.10811 -7.93329e-08
0.1082 -7.93755e-08
0.10829 -7.95624e-08
0.108379 -7.9718e-08
0.108469 -7.99034e-08
0.108559 -8.01344e-08
0.108649 -8.04529e-08
0.108739 -8.04017e-08
0.108829 -8.05591e-08
0.108919 -8.06325e-08
0.109009 -8.07273e-08
0.109099 -8.08148e-08
0.109189 -8.09736e-08
0.109279 -8.10582e-08
0.109368 -8.07266e-08
0.109458 -8.08362e-08
0.109548 -8.06259e-08
0.109638 -8.0728e-08
0.109728 -8.07065e-08
0.109818 -8.07827e-08
0.109908 -8.07055e-08
0.109998 -8.07763e-08
0.110088 -8.07957e-08
0.110178 -8.05579e-08
0.110267 -8.03398e-08
0.110357 -8.03686e-08
0.110447 -8.02891e-08
0.110537 -7.99888e-08
0.110627 -7.99304e-08
0.110717 -7.99069e-08
0.110807 -7.98843e-08
0.110897 -7.95909e-08
0.110987 -7.94626e-08
0.111077 -7.9418e-08
0.111167 -7.93745e-08
0.111256 -7.92047e-08
0.111346 -7.93986e-08
0.111436 -7.94373e-08
0.111526 -7.97564e-08
0.111616 -7.99349e-08
0.111706 -8.0152e-08
0.111796 -8.03866e-08
0.111886 -8.06922e-08
0.111976 -8.12005e-08
0.112066 -8.13979e-08
0.112155 -8.13642e-08
0.112245 -8.1443e-08
0.112335 -8.14752e-08
0.112425 -8.15547e-08
0.112515 -8.17795e-08
0.112605 -8.18092e-08
0.112695 -8.20087e-08
0.112785 -8.21807e-08
0.112875 -8.21755e-08
0.112965 -8.20737e-08
0.113054 -8.21185e-08
0.113144 -8.23814e-08
0.113234 -8.26189e-08
0.113324 -8.25368e-08
0.113414 -8.26985e-08
0.113504 -8.29615e-08
0.113594 -8.32272e-08
0.113684 -8.34783e-08
0.113774 -8.3576e-08
0.113864 -8.37329e-08
0.113954 -8.39309e-08
0.114043 -8.40447e-08
0.114133 -8.41109e-08
0.114223 -8.41539e-08
0.114313 -8.43056e-08
0.114403 -8.40316e-08
0.114493 -8.40522e-08
0.114583 -8.38247e-08
0.114673 -8.32454e-08
0.114763 -8.30246e-08
0.114853 -8.25318e-08
0.114942 -8.17636e-08
0.115032 -8.1578e-08
0.115122 -8.12107e-08
0.115212 -8.07711e-08
0.115302 -8.04565e-08
0.115392 -8.01034e-08
0.115482 -8.01155e-08
0.115572 -7.99957e-08
0.115662 -8.00526e-08
0.115752 -8.02304e-08
0.115842 -8.02814e-08
0.115931 -8.03233e-08
0.116021 -8.02317e-08
0.116111 -8.03665e-08
0.116201 -8.03263e-08
0.116291 -8.04953e-08
0.116381 -8.04394e-08
0.116471 -8.05538e-08
0.116561 -8.02491e-08
0.116651 -8.00753e-08
0.116741 -7.99465e-08
0.11683 -7.98158e-08
0.11692 -7.96787e-08
0.11701 -7.95459e-08
0.1171 -7.94936e-08
0.11719 -7.95553e-08
0.11728 -7.96954e-08
0.11737 -7.9974e-08
0.11746 -8.00475e-08
0.11755 -8.02973e-08
0.11764 -8.04554e-08
0.11773 -8.07503e-08
0.117819 -8.10725e-08
0.117909 -8.17869e-08
0.117999 -8.19532e-08
0.118089 -8.19049e-08
0.118179 -8.20418e-08
0.118269 -8.23287e-08
0.118359 -8.22842e-08
0.118449 -8.2016e-08
0.118539 -8.22847e-08
0.118629 -8.26168e-08
0.118718 -8.24737e-08
0.118808 -8.24315e-08
0.118898 -8.18413e-08
0.118988 -8.13581e-08
0.119078 -8.10815e-08
0.119168 -8.06569e-08
0.119258 -8.06165e-08
0.119348 -8.0043e-08
0.119438 -7.9847e-08
0.119528 -7.96147e-08
0.119617 -7.95009e-08
0.119707 -7.96179e-08
0.119797 -7.95322e-08
0.119887 -7.95393e-08
0.119977 -7.98035e-08
0.120067 -7.97671e-08
0.120157 -7.98915e-08
0.120247 -7.98546e-08
0.120337 -7.98206e-08
0.120427 -8.00616e-08
0.120517 -8.02251e-08
0.120606 -8.03429e-08
0.120696 -8.07372e-08
0.120786 -8.06563e-08
0.120876 -8.04057e-08
0.120966 -8.04415e-08
0.121056 -8.02571e-08
0.121146 -8.04466e-08
0.121236 -8.05916e-08
0.121326 -8.063e-08
0.121416 -8.03398e-08
0.121505 -8.04232e-08
0.121595 -8.00796e-08
0.121685 -8.00441e-08
0.121775 -8.00554e-08
0.121865 -8.01463e-08
0.121955 -7.99668e-08
0.122045 -7.98272e-08
0.122135 -7.93436e-08
0.122225 -7.92349e-08
0.122315 -7.94108e-08
0.122405 -7.93632e-08
0.122494 -7.94936e-08
0.122584 -7.94243e-08
0.122674 -7.95999e-08
0.122764 -7.98412e-08
0.122854 -7.98309e-08
0.122944 -7.99855e-08
0.123034 -8.01208e-08
0.123124 -8.03296e-08
0.123214 -8.05807e-08
0.123304 -8.09225e-08
0.123393 -8.1113e-08
0.123483 -8.09973e-08
0.123573 -8.08101e-08
0.123663 -8.04912e-08
0.123753 -8.00129e-08
0.123843 -7.98763e-08
0.123933 -7.979e-08
0.124023 -7.94042e-08
0.124113 -7.91577e-08
0.124203 -7.87649e-08
0.124293 -7.83975e-08
0.124382 -7.78223e-08
0.124472 -7.72495e-08
0.124562 -7.68259e-08
0.124652 -7.66997e-08
0.124742 -7.65963e-08
0.124832 -7.66453e-08
0.124922 -7.64262e-08
0.125012 -7.61777e-08
0.125102 -7.57095e-08
0.125192 -7.57706e-08
0.125281 -7.53832e-08
0.125371 -7.57407e-08
0.125461 -7.67682e-08
0.125551 -7.66765e-08
0.125641 -7.71349e-08
0.125731 -7.72892e-08
0.125821 -7.76628e-08
0.125911 -7.79357e-08
0.126001 -7.79439e-08
0.126091 -7.80746e-08
0.126181 -7.82942e-08
0.12627 -7.857e-08
0.12636 -7.89483e-08
0.12645 -7.93543e-08
0.12654 -7.99858e-08
0.12663 -8.01613e-08
0.12672 -7.994e-08
0.12681 -7.98137e-08
0.1269 -7.95117e-08
0.12699 -7.88517e-08
0.12708 -7.87701e-08
0.127169 -7.8937e-08
0.127259 -7.83221e-08
0.127349 -7.78412e-08
0.127439 -7.73115e-08
0.127529 -7.69979e-08
0.127619 -7.62523e-08
0.127709 -7.6e-08
0.127799 -7.56428e-08
0.127889 -7.52364e-08
0.127979 -7.47683e-08
0.128068 -7.43245e-08
0.128158 -7.36832e-08
0.128248 -7.32468e-08
0.128338 -7.26178e-08
0.128428 -7.19256e-08
0.128518 -7.10258e-08
0.128608 -7.07419e-08
0.128698 -7.02158e-08
0.128788 -6.98935e-08
0.128878 -6.9195e-08
0.128968 -6.92068e-08
0.129057 -6.8765e-08
0.129147 -6.83693e-08
0.129237 -6.86938e-08
0.129327 -6.92301e-08
0.129417 -6.9545e-08
0.129507 -7.03129e-08
0.129597 -7.11724e-08
0.129687 -7.20786e-08
0.129777 -7.16412e-08
0.129867 -7.1749e-08
0.129956 -7.16639e-08
0.130046 -7.19768e-08
0.130136 -7.13558e-08
0.130226 -7.1001e-08
0.130316 -7.03129e-08
0.130406 -7.04285e-08
0.130496 -7.01544e-08
0.130586 -7.01756e-08
0.130676 -7.03226e-08
0.130766 -6.9976e-08
0.130856 -7.02925e-08
0.130945 -6.99877e-08
0.131035 -6.98996e-08
0.131125 -6.92197e-08
0.131215 -6.82849e-08
0.131305 -6.76923e-08
0.131395 -6.7978e-08
0.131485 -6.71638e-08
0.131575 -6.75245e-08
0.131665 -6.65152e-08
0.131755 -6.65491e-08
0.131844 -6.64039e-08
0.131934 -6.61764e-08
0.132024 -6.59092e-08
0.132114 -6.58527e-08
0.132204 -6.5423e-08
0.132294 -6.44107e-08
0.132384 -6.41669e-08
0.132474 -6.33477e-08
0.132564 -6.20128e-08
0.132654 -6.07957e-08
0.132744 -6.00608e-08
0.132833 -5.84917e-08
0.132923 -5.82079e-08
0.133013 -5.79664e-08
0.133103 -5.70884e-08
0.133193 -5.66453e-08
0.133283 -5.55225e-08
0.133373 -5.51543e-08
0.133463 -5.46785e-08
0.133553 -5.4977e-08
0.133643 -5.59254e-08
0.133732 -5.66663e-08
0.133822 -5.56827e-08
0.133912 -5.58145e-08
0.134002 -5.50085e-08
0.134092 -5.495e-08
0.134182 -5.50127e-08
0.134272 -5.49383e-08
0.134362 -5.4568e-08
0.134452 -5.39976e-08
0.134542 -5.36401e-08
0.134631 -5.36059e-08
0.134721 -5.2603e-08
0.134811 -5.27697e-08
