-0.134811 -2.86216e-08
-0.134721 -2.84323e-08
-0.134631 -2.82819e-08
-0.134542 -2.80998e-08
-0.134452 -2.81405e-08
-0.134362 -2.8479e-08
-0.134272 -2.68417e-08
-0.134182 -2.59747e-08
-0.134092 -2.27325e-08
-0.134002 -2.15535e-08
-0.133912 -2.05961e-08
-0.133822 -1.99277e-08
-0.133732 -1.92006e-08
-0.133642 -1.89638e-08
-0.133553 -1.892e-08
-0.133463 -1.96253e-08
-0.133373 -2.13173e-08
-0.133283 -2.36405e-08
-0.133193 -2.55966e-08
-0.133103 -2.76898e-08
-0.133013 -3.15855e-08
-0.132923 -3.52783e-08
-0.132833 -3.64732e-08
-0.132743 -3.97955e-08
-0.132654 -4.12021e-08
-0.132564 -4.15871e-08
-0.132474 -4.14485e-08
-0.132384 -4.0608e-08
-0.132294 -3.83658e-08
-0.132204 -3.74283e-08
-0.132114 -3.74883e-08
-0.132024 -3.799e-08
-0.131934 -3.76822e-08
-0.131844 -3.75176e-08
-0.131754 -3.83381e-08
-0.131665 -4.05883e-08
-0.131575 -4.32836e-08
-0.131485 -4.5444e-08
-0.131395 -4.76804e-08
-0.131305 -4.93421e-08
-0.131215 -5.16598e-08
-0.131125 -5.29585e-08
-0.131035 -5.32742e-08
-0.130945 -5.35838e-08
-0.130855 -5.45807e-08
-0.130766 -5.54784e-08
-0.130676 -5.57984e-08
-0.130586 -5.5037e-08
-0.130496 -5.4156e-08
-0.130406 -5.37296e-08
-0.130316 -5.31251e-08
-0.130226 -5.34483e-08
-0.130136 -5.3586e-08
-0.130046 -5.50932e-08
-0.129956 -5.64463e-08
-0.129867 -5.72508e-08
-0.129777 -5.7605e-08
-0.129687 -5.80162e-08
-0.129597 -5.97583e-08
-0.129507 -6.0372e-08
-0.129417 -6.04039e-08
-0.129327 -5.99217e-08
-0.129237 -5.89935e-08
-0.129147 -5.69509e-08
-0.129057 -5.76156e-08
-0.128967 -5.62787e-08
-0.128878 -5.33606e-08
-0.128788 -5.13877e-08
-0.128698 -5.00466e-08
-0.128608 -4.88462e-08
-0.128518 -4.78425e-08
-0.128428 -4.76769e-08
-0.128338 -4.691e-08
-0.128248 -4.71509e-08
-0.128158 -4.64954e-08
-0.128068 -4.60027e-08
-0.127979 -4.58562e-08
-0.127889 -4.58875e-08
-0.127799 -4.60148e-08
-0.127709 -4.61345e-08
-0.127619 -4.61097e-08
-0.127529 -4.70251e-08
-0.127439 -4.72859e-08
-0.127349 -4.72918e-08
-0.127259 -4.68852e-08
-0.127169 -4.67452e-08
-0.127079 -4.7825e-08
-0.12699 -4.85896e-08
-0.1269 -5.04786e-08
-0.12681 -5.10954e-08
-0.12672 -5.15245e-08
-0.12663 -5.25292e-08
-0.12654 -5.31348e-08
-0.12645 -5.22487e-08
-0.12636 -5.18368e-08
-0.12627 -5.06783e-08
-0.12618 -5.02678e-08
-0.126091 -4.89476e-08
-0.126001 -4.78438e-08
-0.125911 -4.80876e-08
-0.125821 -4.85812e-08
-0.125731 -4.78265e-08
-0.125641 -4.81607e-08
-0.125551 -4.74647e-08
-0.125461 -4.764e-08
-0.125371 -4.83042e-08
-0.125281 -4.94082e-08
-0.125191 -5.06807e-08
-0.125102 -5.16211e-08
-0.125012 -5.26134e-08
-0.124922 -5.37506e-08
-0.124832 -5.40404e-08
-0.124742 -5.4065e-08
-0.124652 -5.41296e-08
-0.124562 -5.40465e-08
-0.124472 -5.418e-08
-0.124382 -5.41954e-08
-0.124292 -5.31041e-08
-0.124203 -5.18323e-08
-0.124113 -5.01137e-08
-0.124023 -4.86775e-08
-0.123933 -4.60009e-08
-0.123843 -4.42216e-08
-0.123753 -4.47871e-08
-0.123663 -4.4581e-08
-0.123573 -4.53318e-08
-0.123483 -4.57083e-08
-0.123393 -4.60581e-08
-0.123304 -4.62439e-08
-0.123214 -4.68997e-08
-0.123124 -4.75849e-08
-0.123034 -4.8238e-08
-0.122944 -4.90855e-08
-0.122854 -4.99283e-08
-0.122764 -5.04455e-08
-0.122674 -5.04368e-08
-0.122584 -4.95138e-08
-0.122494 -4.86564e-08
-0.122404 -4.81824e-08
-0.122315 -4.78015e-08
-0.122225 -4.67596e-08
-0.122135 -4.58006e-08
-0.122045 -4.60008e-08
-0.121955 -4.57971e-08
-0.121865 -4.55962e-08
-0.121775 -4.57779e-08
-0.121685 -4.58561e-08
-0.121595 -4.63183e-08
-0.121505 -4.71985e-08
-0.121416 -4.79094e-08
-0.121326 -4.82772e-08
-0.121236 -4.87164e-08
-0.121146 -4.90127e-08
-0.121056 -4.94839e-08
-0.120966 -4.96062e-08
-0.120876 -4.98055e-08
-0.120786 -4.98866e-08
-0.120696 -4.99955e-08
-0.120606 -5.03399e-08
-0.120516 -5.04378e-08
-0.120427 -5.0285e-08
-0.120337 -5.01542e-08
-0.120247 -5.00446e-08
-0.120157 -4.97673e-08
-0.120067 -4.93366e-08
-0.119977 -4.89179e-08
-0.119887 -4.86424e-08
-0.119797 -4.8796e-08
-0.119707 -4.86421e-08
-0.119617 -4.84417e-08
-0.119528 -4.82153e-08
-0.119438 -4.80326e-08
-0.119348 -4.81421e-08
-0.119258 -4.82492e-08
-0.119168 -4.85645e-08
-0.119078 -4.85377e-08
-0.118988 -4.85951e-08
-0.118898 -4.90586e-08
-0.118808 -4.90624e-08
-0.118718 -4.89834e-08
-0.118628 -4.91778e-08
-0.118539 -4.9353e-08
-0.118449 -4.94941e-08
-0.118359 -4.9805e-08
-0.118269 -4.98613e-08
-0.118179 -4.98374e-08
-0.118089 -4.96933e-08
-0.117999 -4.9726e-08
-0.117909 -4.97229e-08
-0.117819 -4.97709e-08
-0.117729 -5.00328e-08
-0.11764 -5.03812e-08
-0.11755 -5.03299e-08
-0.11746 -5.00664e-08
-0.11737 -5.00821e-08
-0.11728 -5.02029e-08
-0.11719 -5.02894e-08
-0.1171 -5.06373e-08
-0.11701 -5.0871e-08
-0.11692 -5.09309e-08
-0.11683 -5.14142e-08
-0.116741 -5.17329e-08
-0.116651 -5.19823e-08
-0.116561 -5.22831e-08
-0.116471 -5.26236e-08
-0.116381 -5.27664e-08
-0.116291 -5.29759e-08
-0.116201 -5.30793e-08
-0.116111 -5.33855e-08
-0.116021 -5.34677e-08
-0.115931 -5.37838e-08
-0.115841 -5.36712e-08
-0.115752 -5.34024e-08
-0.115662 -5.3178e-08
-0.115572 -5.29043e-08
-0.115482 -5.26805e-08
-0.115392 -5.24529e-08
-0.115302 -5.24785e-08
-0.115212 -5.27116e-08
-0.115122 -5.28908e-08
-0.115032 -5.30567e-08
-0.114942 -5.32334e-08
-0.114853 -5.39058e-08
-0.114763 -5.47122e-08
-0.114673 -5.54548e-08
-0.114583 -5.61622e-08
-0.114493 -5.6767e-08
-0.114403 -5.73757e-08
-0.114313 -5.76368e-08
-0.114223 -5.79502e-08
-0.114133 -5.81512e-08
-0.114043 -5.82132e-08
-0.113953 -5.81734e-08
-0.113864 -5.79127e-08
-0.113774 -5.75513e-08
-0.113684 -5.69637e-08
-0.113594 -5.62284e-08
-0.113504 -5.55836e-08
-0.113414 -5.47396e-08
-0.113324 -5.42204e-08
-0.113234 -5.35852e-08
-0.113144 -5.29098e-08
-0.113054 -5.24027e-08
-0.112965 -5.2013e-08
-0.112875 -5.1971e-08
-0.112785 -5.22248e-08
-0.112695 -5.25457e-08
-0.112605 -5.2885e-08
-0.112515 -5.32645e-08
-0.112425 -5.3575e-08
-0.112335 -5.41081e-08
-0.112245 -5.42235e-08
-0.112155 -5.46617e-08
-0.112065 -5.47985e-08
-0.111976 -5.487e-08
-0.111886 -5.49094e-08
-0.111796 -5.47901e-08
-0.111706 -5.49268e-08
-0.111616 -5.48932e-08
-0.111526 -5.44639e-08
-0.111436 -5.42933e-08
-0.111346 -5.39875e-08
-0.111256 -5.36858e-08
-0.111166 -5.37201e-08
-0.111077 -5.36017e-08
-0.110987 -5.36017e-08
-0.110897 -5.3678e-08
-0.110807 -5.3712e-08
-0.110717 -5.37417e-08
-0.110627 -5.40562e-08
-0.110537 -5.44892e-08
-0.110447 -5.50217e-08
-0.110357 -5.5376e-08
-0.110267 -5.55841e-08
-0.110178 -5.58731e-08
-0.110088 -5.61683e-08
-0.109998 -5.60832e-08
-0.109908 -5.59699e-08
-0.109818 -5.58422e-08
-0.109728 -5.55286e-08
-0.109638 -5.511e-08
-0.109548 -5.45345e-08
-0.109458 -5.40292e-08
-0.109368 -5.36021e-08
-0.109278 -5.34977e-08
-0.109189 -5.30511e-08
-0.109099 -5.28599e-08
-0.109009 -5.24813e-08
-0.108919 -5.22458e-08
-0.108829 -5.21211e-08
-0.108739 -5.21978e-08
-0.108649 -5.2521e-08
-0.108559 -5.25813e-08
-0.108469 -5.26319e-08
-0.108379 -5.28306e-08
-0.10829 -5.26413e-08
-0.1082 -5.25702e-08
-0.10811 -5.26107e-08
-0.10802 -5.28811e-08
-0.10793 -5.32086e-08
-0.10784 -5.33936e-08
-0.10775 -5.3392e-08
-0.10766 -5.32788e-08
-0.10757 -5.32444e-08
-0.10748 -5.33464e-08
-0.10739 -5.33773e-08
-0.107301 -5.34258e-08
-0.107211 -5.34658e-08
-0.107121 -5.36056e-08
-0.107031 -5.38583e-08
-0.106941 -5.38145e-08
-0.106851 -5.39016e-08
-0.106761 -5.40552e-08
-0.106671 -5.43163e-08
-0.106581 -5.44668e-08
-0.106491 -5.43226e-08
-0.106402 -5.41524e-08
-0.106312 -5.43404e-08
-0.106222 -5.45083e-08
-0.106132 -5.47151e-08
-0.106042 -5.47293e-08
-0.105952 -5.45519e-08
-0.105862 -5.45589e-08
-0.105772 -5.4436e-08
-0.105682 -5.43746e-08
-0.105592 -5.42436e-08
-0.105502 -5.43703e-08
-0.105413 -5.44742e-08
-0.105323 -5.45495e-08
-0.105233 -5.45931e-08
-0.105143 -5.45241e-08
-0.105053 -5.44602e-08
-0.104963 -5.45351e-08
-0.104873 -5.43494e-08
-0.104783 -5.42934e-08
-0.104693 -5.42563e-08
-0.104603 -5.42704e-08
-0.104514 -5.42969e-08
-0.104424 -5.42185e-08
-0.104334 -5.41588e-08
-0.104244 -5.39976e-08
-0.104154 -5.38425e-08
-0.104064 -5.37479e-08
-0.103974 -5.36269e-08
-0.103884 -5.33918e-08
-0.103794 -5.32422e-08
-0.103704 -5.32734e-08
-0.103614 -5.35046e-08
-0.103525 -5.35107e-08
-0.103435 -5.35406e-08
-0.103345 -5.36426e-08
-0.103255 -5.40267e-08
-0.103165 -5.42769e-08
-0.103075 -5.45959e-08
-0.102985 -5.48098e-08
-0.102895 -5.50853e-08
-0.102805 -5.55061e-08
-0.102715 -5.56766e-08
-0.102626 -5.58613e-08
-0.102536 -5.59023e-08
-0.102446 -5.59486e-08
-0.102356 -5.58899e-08
-0.102266 -5.59735e-08
-0.102176 -5.59571e-08
-0.102086 -5.58076e-08
-0.101996 -5.57795e-08
-0.101906 -5.58492e-08
-0.101816 -5.58046e-08
-0.101727 -5.58271e-08
-0.101637 -5.58743e-08
-0.101547 -5.57834e-08
-0.101457 -5.58269e-08
-0.101367 -5.6027e-08
-0.101277 -5.62178e-08
-0.101187 -5.64379e-08
-0.101097 -5.65795e-08
-0.101007 -5.68487e-08
-0.100917 -5.69087e-08
-0.100827 -5.68812e-08
-0.100738 -5.67586e-08
-0.100648 -5.67256e-08
-0.100558 -5.65242e-08
-0.100468 -5.63081e-08
-0.100378 -5.60884e-08
-0.100288 -5.5872e-08
-0.100198 -5.56998e-08
-0.100108 -5.55003e-08
-0.100018 -5.52468e-08
-0.0999284 -5.50143e-08
-0.0998385 -5.4939e-08
-0.0997486 -5.48719e-08
-0.0996587 -5.50159e-08
-0.0995688 -5.53896e-08
-0.0994789 -5.56877e-08
-0.099389 -5.60304e-08
-0.0992991 -5.63495e-08
-0.0992092 -5.67236e-08
-0.0991193 -5.68769e-08
-0.0990294 -5.71337e-08
-0.0989395 -5.74379e-08
-0.0988496 -5.76309e-08
-0.0987597 -5.79035e-08
-0.0986698 -5.81414e-08
-0.0985799 -5.82323e-08
-0.09849 -5.8351e-08
-0.0984001 -5.84564e-08
-0.0983102 -5.84774e-08
-0.0982202 -5.8388e-08
-0.0981303 -5.83672e-08
-0.0980404 -5.8335e-08
-0.0979505 -5.82183e-08
-0.0978606 -5.81833e-08
-0.0977707 -5.81132e-08
-0.0976808 -5.80177e-08
-0.0975909 -5.7913e-08
-0.097501 -5.76062e-08
-0.0974111 -5.72373e-08
-0.0973212 -5.68932e-08
-0.0972313 -5.65735e-08
-0.0971414 -5.63059e-08
-0.0970515 -5.60682e-08
-0.0969616 -5.56304e-08
-0.0968717 -5.5314e-08
-0.0967818 -5.49193e-08
-0.0966919 -5.43651e-08
-0.096602 -5.3953e-08
-0.0965121 -5.34615e-08
-0.0964222 -5.29434e-08
-0.0963323 -5.26838e-08
-0.0962424 -5.24422e-08
-0.0961525 -5.22844e-08
-0.0960626 -5.20327e-08
-0.0959726 -5.19002e-08
-0.0958827 -5.18094e-08
-0.0957928 -5.17398e-08
-0.0957029 -5.16961e-08
-0.095613 -5.1651e-08
-0.0955231 -5.15847e-08
-0.0954332 -5.15538e-08
-0.0953433 -5.14609e-08
-0.0952534 -5.14406e-08
-0.0951635 -5.13766e-08
-0.0950736 -5.12561e-08
-0.0949837 -5.12014e-08
-0.0948938 -5.11238e-08
-0.0948039 -5.11011e-08
-0.094714 -5.09498e-08
-0.0946241 -5.0898e-08
-0.0945342 -5.08633e-08
-0.0944443 -5.08844e-08
-0.0943544 -5.09831e-08
-0.0942645 -5.11898e-08
-0.0941746 -5.13612e-08
-0.0940847 -5.16475e-08
-0.0939948 -5.19134e-08
-0.0939049 -5.2062e-08
-0.0938149 -5.2483e-08
-0.093725 -5.28092e-08
-0.0936351 -5.31244e-08
-0.0935452 -5.34182e-08
-0.0934553 -5.36867e-08
-0.0933654 -5.38152e-08
-0.0932755 -5.39626e-08
-0.0931856 -5.399e-08
-0.0930957 -5.39757e-08
-0.0930058 -5.38289e-08
-0.0929159 -5.38306e-08
-0.092826 -5.3788e-08
-0.0927361 -5.3709e-08
-0.0926462 -5.36731e-08
-0.0925563 -5.37156e-08
-0.0924664 -5.36658e-08
-0.0923765 -5.36465e-08
-0.0922866 -5.37406e-08
-0.0921967 -5.38958e-08
-0.0921068 -5.39687e-08
-0.0920169 -5.40981e-08
-0.091927 -5.42128e-08
-0.0918371 -5.42887e-08
-0.0917472 -5.43271e-08
-0.0916572 -5.42772e-08
-0.0915673 -5.41965e-08
-0.0914774 -5.40276e-08
-0.0913875 -5.39419e-08
-0.0912976 -5.38202e-08
-0.0912077 -5.37105e-08
-0.0911178 -5.35575e-08
-0.0910279 -5.33492e-08
-0.090938 -5.31284e-08
-0.0908481 -5.29495e-08
-0.0907582 -5.28716e-08
-0.0906683 -5.26365e-08
-0.0905784 -5.25108e-08
-0.0904885 -5.24863e-08
-0.0903986 -5.24768e-08
-0.0903087 -5.25025e-08
-0.0902188 -5.25299e-08
-0.0901289 -5.25631e-08
-0.090039 -5.25864e-08
-0.0899491 -5.26441e-08
-0.0898592 -5.27733e-08
-0.0897693 -5.28593e-08
-0.0896794 -5.28615e-08
-0.0895895 -5.29453e-08
-0.0894995 -5.29532e-08
-0.0894096 -5.29716e-08
-0.0893197 -5.30013e-08
-0.0892298 -5.29942e-08
-0.0891399 -5.29703e-08
-0.08905 -5.28948e-08
-0.0889601 -5.29785e-08
-0.0888702 -5.2995e-08
-0.0887803 -5.30457e-08
-0.0886904 -5.3049e-08
-0.0886005 -5.31005e-08
-0.0885106 -5.31796e-08
-0.0884207 -5.32357e-08
-0.0883308 -5.32327e-08
-0.0882409 -5.32922e-08
-0.088151 -5.33158e-08
-0.0880611 -5.33377e-08
-0.0879712 -5.33591e-08
-0.0878813 -5.33953e-08
-0.0877914 -5.33922e-08
-0.0877015 -5.33915e-08
-0.0876116 -5.33979e-08
-0.0875217 -5.34843e-08
-0.0874318 -5.35669e-08
-0.0873418 -5.35658e-08
-0.0872519 -5.36247e-08
-0.087162 -5.36844e-08
-0.0870721 -5.37722e-08
-0.0869822 -5.38172e-08
-0.0868923 -5.38323e-08
-0.0868024 -5.37522e-08
-0.0867125 -5.37366e-08
-0.0866226 -5.36849e-08
-0.0865327 -5.36575e-08
-0.0864428 -5.3591e-08
-0.0863529 -5.34887e-08
-0.086263 -5.34615e-08
-0.0861731 -5.332e-08
-0.0860832 -5.3241e-08
-0.0859933 -5.31077e-08
-0.0859034 -5.30852e-08
-0.0858135 -5.30178e-08
-0.0857236 -5.30422e-08
-0.0856337 -5.3005e-08
-0.0855438 -5.3025e-08
-0.0854539 -5.29966e-08
-0.085364 -5.29842e-08
-0.0852741 -5.30526e-08
-0.0851841 -5.31202e-08
-0.0850942 -5.31708e-08
-0.0850043 -5.32314e-08
-0.0849144 -5.33226e-08
-0.0848245 -5.33895e-08
-0.0847346 -5.3406e-08
-0.0846447 -5.34401e-08
-0.0845548 -5.34686e-08
-0.0844649 -5.34366e-08
-0.084375 -5.33796e-08
-0.0842851 -5.32831e-08
-0.0841952 -5.32114e-08
-0.0841053 -5.31705e-08
-0.0840154 -5.31494e-08
-0.0839255 -5.31005e-08
-0.0838356 -5.3011e-08
-0.0837457 -5.29383e-08
-0.0836558 -5.28871e-08
-0.0835659 -5.28266e-08
-0.083476 -5.28204e-08
-0.0833861 -5.27981e-08
-0.0832962 -5.28094e-08
-0.0832063 -5.28198e-08
-0.0831164 -5.28323e-08
-0.0830264 -5.28435e-08
-0.0829365 -5.27807e-08
-0.0828466 -5.27426e-08
-0.0827567 -5.26328e-08
-0.0826668 -5.25793e-08
-0.0825769 -5.25105e-08
-0.082487 -5.24724e-08
-0.0823971 -5.24412e-08
-0.0823072 -5.24111e-08
-0.0822173 -5.24437e-08
-0.0821274 -5.24056e-08
-0.0820375 -5.23695e-08
-0.0819476 -5.23929e-08
-0.0818577 -5.2374e-08
-0.0817678 -5.23569e-08
-0.0816779 -5.23316e-08
-0.081588 -5.22393e-08
-0.0814981 -5.21265e-08
-0.0814082 -5.19983e-08
-0.0813183 -5.1959e-08
-0.0812284 -5.19451e-08
-0.0811385 -5.19321e-08
-0.0810486 -5.1942e-08
-0.0809587 -5.18897e-08
-0.0808687 -5.18824e-08
-0.0807788 -5.19755e-08
-0.0806889 -5.2068e-08
-0.080599 -5.21883e-08
-0.0805091 -5.23066e-08
-0.0804192 -5.24452e-08
-0.0803293 -5.25574e-08
-0.0802394 -5.2643e-08
-0.0801495 -5.26828e-08
-0.0800596 -5.27795e-08
-0.0799697 -5.28545e-08
-0.0798798 -5.29213e-08
-0.0797899 -5.29897e-08
-0.0797 -5.29812e-08
-0.0796101 -5.30046e-08
-0.0795202 -5.29925e-08
-0.0794303 -5.3039e-08
-0.0793404 -5.30407e-08
-0.0792505 -5.30768e-08
-0.0791606 -5.30513e-08
-0.0790707 -5.30166e-08
-0.0789808 -5.30244e-08
-0.0788909 -5.29655e-08
-0.078801 -5.29372e-08
-0.078711 -5.29995e-08
-0.0786211 -5.30742e-08
-0.0785312 -5.30856e-08
-0.0784413 -5.31145e-08
-0.0783514 -5.30965e-08
-0.0782615 -5.3168e-08
-0.0781716 -5.31491e-08
-0.0780817 -5.32022e-08
-0.0779918 -5.31793e-08
-0.0779019 -5.30857e-08
-0.077812 -5.29903e-08
-0.0777221 -5.28625e-08
-0.0776322 -5.2685e-08
-0.0775423 -5.25574e-08
-0.0774524 -5.23927e-08
-0.0773625 -5.22386e-08
-0.0772726 -5.20773e-08
-0.0771827 -5.18796e-08
-0.0770928 -5.16803e-08
-0.0770029 -5.15618e-08
-0.076913 -5.14018e-08
-0.0768231 -5.12586e-08
-0.0767332 -5.11365e-08
-0.0766433 -5.10117e-08
-0.0765534 -5.08749e-08
-0.0764634 -5.08182e-08
-0.0763735 -5.07157e-08
-0.0762836 -5.0602e-08
-0.0761937 -5.04851e-08
-0.0761038 -5.03696e-08
-0.0760139 -5.0287e-08
-0.075924 -5.02349e-08
-0.0758341 -5.01729e-08
-0.0757442 -5.01084e-08
-0.0756543 -5.00741e-08
-0.0755644 -5.00493e-08
-0.0754745 -4.99936e-08
-0.0753846 -4.9958e-08
-0.0752947 -4.9892e-08
-0.0752048 -4.98687e-08
-0.0751149 -4.98413e-08
-0.075025 -4.99141e-08
-0.0749351 -4.99366e-08
-0.0748452 -4.99304e-08
-0.0747553 -4.99574e-08
-0.0746654 -4.99903e-08
-0.0745755 -5.00044e-08
-0.0744856 -5.00614e-08
-0.0743957 -5.01459e-08
-0.0743057 -5.02194e-08
-0.0742158 -5.03255e-08
-0.0741259 -5.0442e-08
-0.074036 -5.05387e-08
-0.0739461 -5.06012e-08
-0.0738562 -5.06422e-08
-0.0737663 -5.07348e-08
-0.0736764 -5.0839e-08
-0.0735865 -5.09353e-08
-0.0734966 -5.10308e-08
-0.0734067 -5.11389e-08
-0.0733168 -5.11438e-08
-0.0732269 -5.1172e-08
-0.073137 -5.1204e-08
-0.0730471 -5.12221e-08
-0.0729572 -5.12325e-08
-0.0728673 -5.12791e-08
-0.0727774 -5.13035e-08
-0.0726875 -5.13214e-08
-0.0725976 -5.13366e-08
-0.0725077 -5.13662e-08
-0.0724178 -5.13539e-08
-0.0723279 -5.13479e-08
-0.072238 -5.13488e-08
-0.072148 -5.13182e-08
-0.0720581 -5.1312e-08
-0.0719682 -5.13311e-08
-0.0718783 -5.13309e-08
-0.0717884 -5.13441e-08
-0.0716985 -5.13408e-08
-0.0716086 -5.12682e-08
-0.0715187 -5.11747e-08
-0.0714288 -5.1085e-08
-0.0713389 -5.09949e-08
-0.071249 -5.08969e-08
-0.0711591 -5.08417e-08
-0.0710692 -5.07408e-08
-0.0709793 -5.0651e-08
-0.0708894 -5.05154e-08
-0.0707995 -5.03639e-08
-0.0707096 -5.02059e-08
-0.0706197 -5.00323e-08
-0.0705298 -4.98688e-08
-0.0704399 -4.97333e-08
-0.07035 -4.95915e-08
-0.0702601 -4.93785e-08
-0.0701702 -4.92203e-08
-0.0700803 -4.90798e-08
-0.0699903 -4.89016e-08
-0.0699004 -4.8739e-08
-0.0698105 -4.85812e-08
-0.0697206 -4.84304e-08
-0.0696307 -4.81998e-08
-0.0695408 -4.79937e-08
-0.0694509 -4.77671e-08
-0.069361 -4.75873e-08
-0.0692711 -4.73595e-08
-0.0691812 -4.71297e-08
-0.0690913 -4.69291e-08
-0.0690014 -4.67346e-08
-0.0689115 -4.65387e-08
-0.0688216 -4.63666e-08
-0.0687317 -4.62065e-08
-0.0686418 -4.61262e-08
-0.0685519 -4.612e-08
-0.068462 -4.60754e-08
-0.0683721 -4.60611e-08
-0.0682822 -4.6035e-08
-0.0681923 -4.60288e-08
-0.0681024 -4.6001e-08
-0.0680125 -4.59462e-08
-0.0679226 -4.594e-08
-0.0678326 -4.58571e-08
-0.0677427 -4.58159e-08
-0.0676528 -4.5756e-08
-0.0675629 -4.56936e-08
-0.067473 -4.56797e-08
-0.0673831 -4.5661e-08
-0.0672932 -4.56448e-08
-0.0672033 -4.56443e-08
-0.0671134 -4.5672e-08
-0.0670235 -4.57345e-08
-0.0669336 -4.57707e-08
-0.0668437 -4.57851e-08
-0.0667538 -4.57804e-08
-0.0666639 -4.57933e-08
-0.066574 -4.57782e-08
-0.0664841 -4.577e-08
-0.0663942 -4.57622e-08
-0.0663043 -4.57907e-08
-0.0662144 -4.58123e-08
-0.0661245 -4.58e-08
-0.0660346 -4.58099e-08
-0.0659447 -4.58017e-08
-0.0658548 -4.5765e-08
-0.0657649 -4.57231e-08
-0.0656749 -4.56421e-08
-0.065585 -4.55508e-08
-0.0654951 -4.54857e-08
-0.0654052 -4.53884e-08
-0.0653153 -4.52979e-08
-0.0652254 -4.51963e-08
-0.0651355 -4.5089e-08
-0.0650456 -4.50158e-08
-0.0649557 -4.49543e-08
-0.0648658 -4.4845e-08
-0.0647759 -4.48094e-08
-0.064686 -4.47711e-08
-0.0645961 -4.47236e-08
-0.0645062 -4.46652e-08
-0.0644163 -4.46231e-08
-0.0643264 -4.45604e-08
-0.0642365 -4.4476e-08
-0.0641466 -4.43731e-08
-0.0640567 -4.42932e-08
-0.0639668 -4.42231e-08
-0.0638769 -4.4144e-08
-0.063787 -4.40765e-08
-0.0636971 -4.39853e-08
-0.0636072 -4.38656e-08
-0.0635172 -4.3748e-08
-0.0634273 -4.36088e-08
-0.0633374 -4.34815e-08
-0.0632475 -4.33209e-08
-0.0631576 -4.31532e-08
-0.0630677 -4.30067e-08
-0.0629778 -4.28823e-08
-0.0628879 -4.27159e-08
-0.062798 -4.25663e-08
-0.0627081 -4.237e-08
-0.0626182 -4.21772e-08
-0.0625283 -4.20226e-08
-0.0624384 -4.18571e-08
-0.0623485 -4.16901e-08
-0.0622586 -4.14841e-08
-0.0621687 -4.12833e-08
-0.0620788 -4.10608e-08
-0.0619889 -4.08077e-08
-0.061899 -4.05488e-08
-0.0618091 -4.03038e-08
-0.0617192 -4.0137e-08
-0.0616293 -3.99399e-08
-0.0615394 -3.97299e-08
-0.0614495 -3.95195e-08
-0.0613595 -3.93372e-08
-0.0612696 -3.91443e-08
-0.0611797 -3.89548e-08
-0.0610898 -3.88015e-08
-0.0609999 -3.86225e-08
-0.06091 -3.84315e-08
-0.0608201 -3.82665e-08
-0.0607302 -3.80993e-08
-0.0606403 -3.795e-08
-0.0605504 -3.78352e-08
-0.0604605 -3.77142e-08
-0.0603706 -3.7624e-08
-0.0602807 -3.75335e-08
-0.0601908 -3.745e-08
-0.0601009 -3.7362e-08
-0.060011 -3.72842e-08
-0.0599211 -3.71942e-08
-0.0598312 -3.71101e-08
-0.0597413 -3.70168e-08
-0.0596514 -3.6933e-08
-0.0595615 -3.68404e-08
-0.0594716 -3.67574e-08
-0.0593817 -3.6656e-08
-0.0592918 -3.65543e-08
-0.0592018 -3.64658e-08
-0.0591119 -3.64123e-08
-0.059022 -3.63103e-08
-0.0589321 -3.6188e-08
-0.0588422 -3.60498e-08
-0.0587523 -3.59171e-08
-0.0586624 -3.58017e-08
-0.0585725 -3.56948e-08
-0.0584826 -3.55572e-08
-0.0583927 -3.54092e-08
-0.0583028 -3.52559e-08
-0.0582129 -3.51031e-08
-0.058123 -3.49704e-08
-0.0580331 -3.48182e-08
-0.0579432 -3.46776e-08
-0.0578533 -3.45128e-08
-0.0577634 -3.43859e-08
-0.0576735 -3.4251e-08
-0.0575836 -3.40993e-08
-0.0574937 -3.39807e-08
-0.0574038 -3.38646e-08
-0.0573139 -3.37322e-08
-0.057224 -3.35794e-08
-0.0571341 -3.3438e-08
-0.0570442 -3.32961e-08
-0.0569542 -3.31538e-08
-0.0568643 -3.30015e-08
-0.0567744 -3.28455e-08
-0.0566845 -3.27033e-08
-0.0565946 -3.25858e-08
-0.0565047 -3.2453e-08
-0.0564148 -3.23225e-08
-0.0563249 -3.21879e-08
-0.056235 -3.20448e-08
-0.0561451 -3.19372e-08
-0.0560552 -3.17887e-08
-0.0559653 -3.17126e-08
-0.0558754 -3.16145e-08
-0.0557855 -3.15127e-08
-0.0556956 -3.14306e-08
-0.0556057 -3.13444e-08
-0.0555158 -3.12454e-08
-0.0554259 -3.11386e-08
-0.055336 -3.10191e-08
-0.0552461 -3.08959e-08
-0.0551562 -3.07847e-08
-0.0550663 -3.06761e-08
-0.0549764 -3.05819e-08
-0.0548865 -3.04747e-08
-0.0547965 -3.03729e-08
-0.0547066 -3.02514e-08
-0.0546167 -3.0118e-08
-0.0545268 -2.99779e-08
-0.0544369 -2.98438e-08
-0.054347 -2.97381e-08
-0.0542571 -2.96087e-08
-0.0541672 -2.95019e-08
-0.0540773 -2.93445e-08
-0.0539874 -2.91851e-08
-0.0538975 -2.90163e-08
-0.0538076 -2.88181e-08
-0.0537177 -2.86169e-08
-0.0536278 -2.84119e-08
-0.0535379 -2.81991e-08
-0.053448 -2.79907e-08
-0.0533581 -2.77727e-08
-0.0532682 -2.75621e-08
-0.0531783 -2.73496e-08
-0.0530884 -2.71439e-08
-0.0529985 -2.693e-08
-0.0529086 -2.67094e-08
-0.0528187 -2.64652e-08
-0.0527288 -2.62642e-08
-0.0526388 -2.60606e-08
-0.0525489 -2.58616e-08
-0.052459 -2.56754e-08
-0.0523691 -2.54693e-08
-0.0522792 -2.52279e-08
-0.0521893 -2.49611e-08
-0.0520994 -2.47217e-08
-0.0520095 -2.44773e-08
-0.0519196 -2.4245e-08
-0.0518297 -2.40141e-08
-0.0517398 -2.37828e-08
-0.0516499 -2.3554e-08
-0.05156 -2.33243e-08
-0.0514701 -2.3086e-08
-0.0513802 -2.28388e-08
-0.0512903 -2.25995e-08
-0.0512004 -2.23896e-08
-0.0511105 -2.21532e-08
-0.0510206 -2.19165e-08
-0.0509307 -2.16871e-08
-0.0508408 -2.14653e-08
-0.0507509 -2.1255e-08
-0.050661 -2.10247e-08
-0.0505711 -2.07986e-08
-0.0504811 -2.05782e-08
-0.0503912 -2.0332e-08
-0.0503013 -2.01011e-08
-0.0502114 -1.98518e-08
-0.0501215 -1.96049e-08
-0.0500316 -1.93548e-08
-0.0499417 -1.9116e-08
-0.0498518 -1.88524e-08
-0.0497619 -1.86322e-08
-0.049672 -1.83867e-08
-0.0495821 -1.81629e-08
-0.0494922 -1.79456e-08
-0.0494023 -1.77245e-08
-0.0493124 -1.75068e-08
-0.0492225 -1.72992e-08
-0.0491326 -1.7065e-08
-0.0490427 -1.6843e-08
-0.0489528 -1.66404e-08
-0.0488629 -1.64326e-08
-0.048773 -1.62192e-08
-0.0486831 -1.59968e-08
-0.0485932 -1.57889e-08
-0.0485033 -1.55833e-08
-0.0484134 -1.53756e-08
-0.0483234 -1.51618e-08
-0.0482335 -1.4938e-08
-0.0481436 -1.47307e-08
-0.0480537 -1.45515e-08
-0.0479638 -1.43573e-08
-0.0478739 -1.41467e-08
-0.047784 -1.3953e-08
-0.0476941 -1.37598e-08
-0.0476042 -1.35796e-08
-0.0475143 -1.34069e-08
-0.0474244 -1.32343e-08
-0.0473345 -1.30676e-08
-0.0472446 -1.28874e-08
-0.0471547 -1.27032e-08
-0.0470648 -1.25333e-08
-0.0469749 -1.23592e-08
-0.046885 -1.21561e-08
-0.0467951 -1.19549e-08
-0.0467052 -1.17465e-08
-0.0466153 -1.15544e-08
-0.0465254 -1.13461e-08
-0.0464355 -1.11348e-08
-0.0463456 -1.09327e-08
-0.0462557 -1.07237e-08
-0.0461657 -1.05339e-08
-0.0460758 -1.03519e-08
-0.0459859 -1.01597e-08
-0.045896 -9.9878e-09
-0.0458061 -9.84054e-09
-0.0457162 -9.67655e-09
-0.0456263 -9.51368e-09
-0.0455364 -9.33889e-09
-0.0454465 -9.17022e-09
-0.0453566 -9.00557e-09
-0.0452667 -8.82983e-09
-0.0451768 -8.67799e-09
-0.0450869 -8.52199e-09
-0.044997 -8.38991e-09
-0.0449071 -8.25925e-09
-0.0448172 -8.13737e-09
-0.0447273 -8.02691e-09
-0.0446374 -7.91076e-09
-0.0445475 -7.79419e-09
-0.0444576 -7.6717e-09
-0.0443677 -7.57653e-09
-0.0442778 -7.47231e-09
-0.0441879 -7.36344e-09
-0.044098 -7.25822e-09
-0.044008 -7.16649e-09
-0.0439181 -7.09446e-09
-0.0438282 -7.01813e-09
-0.0437383 -6.92192e-09
-0.0436484 -6.81998e-09
-0.0435585 -6.7295e-09
-0.0434686 -6.63065e-09
-0.0433787 -6.50779e-09
-0.0432888 -6.38753e-09
-0.0431989 -6.25746e-09
-0.043109 -6.1219e-09
-0.0430191 -5.98736e-09
-0.0429292 -5.84325e-09
-0.0428393 -5.69554e-09
-0.0427494 -5.54807e-09
-0.0426595 -5.40924e-09
-0.0425696 -5.25888e-09
-0.0424797 -5.11259e-09
-0.0423898 -4.95942e-09
-0.0422999 -4.81455e-09
-0.04221 -4.66555e-09
-0.0421201 -4.50084e-09
-0.0420302 -4.34304e-09
-0.0419403 -4.17251e-09
-0.0418503 -4.00845e-09
-0.0417604 -3.84241e-09
-0.0416705 -3.68426e-09
-0.0415806 -3.5252e-09
-0.0414907 -3.36273e-09
-0.0414008 -3.21092e-09
-0.0413109 -3.0687e-09
-0.041221 -2.93996e-09
-0.0411311 -2.80792e-09
-0.0410412 -2.67681e-09
-0.0409513 -2.54412e-09
-0.0408614 -2.4288e-09
-0.0407715 -2.32039e-09
-0.0406816 -2.22557e-09
-0.0405917 -2.1206e-09
-0.0405018 -2.02957e-09
-0.0404119 -1.94626e-09
-0.040322 -1.87153e-09
-0.0402321 -1.78346e-09
-0.0401422 -1.70583e-09
-0.0400523 -1.63646e-09
-0.0399624 -1.57192e-09
-0.0398725 -1.51341e-09
-0.0397826 -1.45554e-09
-0.0396927 -1.39033e-09
-0.0396027 -1.33413e-09
-0.0395128 -1.27834e-09
-0.0394229 -1.22943e-09
-0.039333 -1.18191e-09
-0.0392431 -1.12301e-09
-0.0391532 -1.07908e-09
-0.0390633 -1.03907e-09
-0.0389734 -9.96227e-10
-0.0388835 -9.46801e-10
-0.0387936 -8.89317e-10
-0.0387037 -8.31028e-10
-0.0386138 -7.78845e-10
-0.0385239 -7.26684e-10
-0.038434 -6.65496e-10
-0.0383441 -6.09569e-10
-0.0382542 -5.50734e-10
-0.0381643 -4.93357e-10
-0.0380744 -4.52555e-10
-0.0379845 -3.94131e-10
-0.0378946 -3.37821e-10
-0.0378047 -2.70228e-10
-0.0377148 -1.97239e-10
-0.0376249 -1.13e-10
-0.037535 -3.80529e-11
-0.037445 4.07571e-11
-0.0373551 1.08278e-10
-0.0372652 1.78362e-10
-0.0371753 2.57056e-10
-0.0370854 3.38807e-10
-0.0369955 4.2754e-10
-0.0369056 5.08548e-10
-0.0368157 5.86747e-10
-0.0367258 6.63952e-10
-0.0366359 7.46182e-10
-0.036546 8.50886e-10
-0.0364561 9.50645e-10
-0.0363662 1.03311e-09
-0.0362763 1.12051e-09
-0.0361864 1.20285e-09
-0.0360965 1.28591e-09
-0.0360066 1.36593e-09
-0.0359167 1.44464e-09
-0.0358268 1.51892e-09
-0.0357369 1.59316e-09
-0.035647 1.67251e-09
-0.0355571 1.75245e-09
-0.0354672 1.82737e-09
-0.0353773 1.89878e-09
-0.0352873 1.9748e-09
-0.0351974 2.05443e-09
-0.0351075 2.11747e-09
-0.0350176 2.18599e-09
-0.0349277 2.25046e-09
-0.0348378 2.30345e-09
-0.0347479 2.34606e-09
-0.034658 2.39552e-09
-0.0345681 2.45241e-09
-0.0344782 2.50182e-09
-0.0343883 2.54552e-09
-0.0342984 2.58867e-09
-0.0342085 2.62411e-09
-0.0341186 2.66474e-09
-0.0340287 2.71664e-09
-0.0339388 2.7645e-09
-0.0338489 2.81321e-09
-0.033759 2.84876e-09
-0.0336691 2.88953e-09
-0.0335792 2.93282e-09
-0.0334893 2.97816e-09
-0.0333994 3.02424e-09
-0.0333095 3.0761e-09
-0.0332196 3.11071e-09
-0.0331296 3.13951e-09
-0.0330397 3.17755e-09
-0.0329498 3.2283e-09
-0.0328599 3.26981e-09
-0.03277 3.31963e-09
-0.0326801 3.37343e-09
-0.0325902 3.43397e-09
-0.0325003 3.4946e-09
-0.0324104 3.56933e-09
-0.0323205 3.62811e-09
-0.0322306 3.68927e-09
-0.0321407 3.74924e-09
-0.0320508 3.8157e-09
-0.0319609 3.89968e-09
-0.031871 3.98101e-09
-0.0317811 4.06482e-09
-0.0316912 4.13869e-09
-0.0316013 4.21375e-09
-0.0315114 4.28466e-09
-0.0314215 4.34163e-09
-0.0313316 4.41625e-09
-0.0312417 4.48286e-09
-0.0311518 4.54655e-09
-0.0310619 4.60703e-09
-0.0309719 4.67615e-09
-0.030882 4.74692e-09
-0.0307921 4.79835e-09
-0.0307022 4.83311e-09
-0.0306123 4.86233e-09
-0.0305224 4.90738e-09
-0.0304325 4.93697e-09
-0.0303426 4.96676e-09
-0.0302527 5.01675e-09
-0.0301628 5.06201e-09
-0.0300729 5.09776e-09
-0.029983 5.13882e-09
-0.0298931 5.17023e-09
-0.0298032 5.19576e-09
-0.0297133 5.20725e-09
-0.0296234 5.20576e-09
-0.0295335 5.21775e-09
-0.0294436 5.2303e-09
-0.0293537 5.24653e-09
-0.0292638 5.27317e-09
-0.0291739 5.29357e-09
-0.029084 5.3126e-09
-0.0289941 5.35211e-09
-0.0289042 5.38982e-09
-0.0288142 5.42386e-09
-0.0287243 5.45431e-09
-0.0286344 5.49675e-09
-0.0285445 5.52005e-09
-0.0284546 5.53601e-09
-0.0283647 5.55701e-09
-0.0282748 5.57501e-09
-0.0281849 5.59586e-09
-0.028095 5.62337e-09
-0.0280051 5.65231e-09
-0.0279152 5.6971e-09
-0.0278253 5.74228e-09
-0.0277354 5.78321e-09
-0.0276455 5.82003e-09
-0.0275556 5.84514e-09
-0.0274657 5.8647e-09
-0.0273758 5.88171e-09
-0.0272859 5.89062e-09
-0.027196 5.89219e-09
-0.0271061 5.90093e-09
-0.0270162 5.90496e-09
-0.0269263 5.91981e-09
-0.0268364 5.94081e-09
-0.0267465 5.95615e-09
-0.0266565 5.97396e-09
-0.0265666 5.99856e-09
-0.0264767 6.01666e-09
-0.0263868 6.03609e-09
-0.0262969 6.0531e-09
-0.026207 6.06618e-09
-0.0261171 6.08531e-09
-0.0260272 6.11269e-09
-0.0259373 6.13342e-09
-0.0258474 6.15554e-09
-0.0257575 6.18395e-09
-0.0256676 6.2173e-09
-0.0255777 6.25429e-09
-0.0254878 6.31109e-09
-0.0253979 6.35282e-09
-0.025308 6.40805e-09
-0.0252181 6.45263e-09
-0.0251282 6.49488e-09
-0.0250383 6.551e-09
-0.0249484 6.5969e-09
-0.0248585 6.63682e-09
-0.0247686 6.67953e-09
-0.0246787 6.7262e-09
-0.0245888 6.76458e-09
-0.0244988 6.82296e-09
-0.0244089 6.86806e-09
-0.024319 6.9145e-09
-0.0242291 6.96427e-09
-0.0241392 7.00157e-09
-0.0240493 7.0363e-09
-0.0239594 7.06745e-09
-0.0238695 7.07615e-09
-0.0237796 7.09095e-09
-0.0236897 7.1081e-09
-0.0235998 7.10854e-09
-0.0235099 7.11535e-09
-0.02342 7.12452e-09
-0.0233301 7.12583e-09
-0.0232402 7.12e-09
-0.0231503 7.10963e-09
-0.0230604 7.10333e-09
-0.0229705 7.08765e-09
-0.0228806 7.07343e-09
-0.0227907 7.0541e-09
-0.0227008 7.01523e-09
-0.0226109 6.98182e-09
-0.022521 6.93405e-09
-0.0224311 6.90524e-09
-0.0223411 6.86355e-09
-0.0222512 6.82126e-09
-0.0221613 6.7829e-09
-0.0220714 6.7472e-09
-0.0219815 6.71412e-09
-0.0218916 6.68327e-09
-0.0218017 6.64169e-09
-0.0217118 6.60518e-09
-0.0216219 6.56731e-09
-0.021532 6.53505e-09
-0.0214421 6.49673e-09
-0.0213522 6.46737e-09
-0.0212623 6.44882e-09
-0.0211724 6.43038e-09
-0.0210825 6.40832e-09
-0.0209926 6.39224e-09
-0.0209027 6.37922e-09
-0.0208128 6.36669e-09
-0.0207229 6.35217e-09
-0.020633 6.34726e-09
-0.0205431 6.34332e-09
-0.0204532 6.33799e-09
-0.0203633 6.32747e-09
-0.0202734 6.32457e-09
-0.0201835 6.3233e-09
-0.0200935 6.32641e-09
-0.0200036 6.32578e-09
-0.0199137 6.3383e-09
-0.0198238 6.35171e-09
-0.0197339 6.35774e-09
-0.019644 6.36429e-09
-0.0195541 6.37153e-09
-0.0194642 6.38471e-09
-0.0193743 6.39013e-09
-0.0192844 6.40306e-09
-0.0191945 6.41235e-09
-0.0191046 6.41527e-09
-0.0190147 6.42526e-09
-0.0189248 6.43399e-09
-0.0188349 6.4501e-09
-0.018745 6.46387e-09
-0.0186551 6.47528e-09
-0.0185652 6.48101e-09
-0.0184753 6.48698e-09
-0.0183854 6.49664e-09
-0.0182955 6.51412e-09
-0.0182056 6.53079e-09
-0.0181157 6.54783e-09
-0.0180258 6.56028e-09
-0.0179358 6.57237e-09
-0.0178459 6.58278e-09
-0.017756 6.59103e-09
-0.0176661 6.60245e-09
-0.0175762 6.62836e-09
-0.0174863 6.6404e-09
-0.0173964 6.6463e-09
-0.0173065 6.65622e-09
-0.0172166 6.67019e-09
-0.0171267 6.68255e-09
-0.0170368 6.69551e-09
-0.0169469 6.72107e-09
-0.016857 6.73754e-09
-0.0167671 6.75137e-09
-0.0166772 6.76699e-09
-0.0165873 6.78558e-09
-0.0164974 6.79619e-09
-0.0164075 6.81004e-09
-0.0163176 6.81865e-09
-0.0162277 6.832e-09
-0.0161378 6.8358e-09
-0.0160479 6.84997e-09
-0.015958 6.87337e-09
-0.0158681 6.89199e-09
-0.0157781 6.90955e-09
-0.0156882 6.92258e-09
-0.0155983 6.93531e-09
-0.0155084 6.94643e-09
-0.0154185 6.95462e-09
-0.0153286 6.95466e-09
-0.0152387 6.96235e-09
-0.0151488 6.96521e-09
-0.0150589 6.96568e-09
-0.014969 6.96168e-09
-0.0148791 6.95109e-09
-0.0147892 6.94911e-09
-0.0146993 6.95046e-09
-0.0146094 6.94802e-09
-0.0145195 6.93725e-09
-0.0144296 6.92305e-09
-0.0143397 6.91217e-09
-0.0142498 6.90328e-09
-0.0141599 6.89547e-09
-0.01407 6.88184e-09
-0.0139801 6.86875e-09
-0.0138902 6.85362e-09
-0.0138003 6.82656e-09
-0.0137104 6.79892e-09
-0.0136204 6.77875e-09
-0.0135305 6.75368e-09
-0.0134406 6.72761e-09
-0.0133507 6.70657e-09
-0.0132608 6.68409e-09
-0.0131709 6.66393e-09
-0.013081 6.63489e-09
-0.0129911 6.60937e-09
-0.0129012 6.57555e-09
-0.0128113 6.53522e-09
-0.0127214 6.49339e-09
-0.0126315 6.45358e-09
-0.0125416 6.41703e-09
-0.0124517 6.38053e-09
-0.0123618 6.34303e-09
-0.0122719 6.29784e-09
-0.012182 6.26796e-09
-0.0120921 6.23184e-09
-0.0120022 6.19736e-09
-0.0119123 6.15885e-09
-0.0118224 6.11328e-09
-0.0117325 6.06514e-09
-0.0116426 6.02009e-09
-0.0115527 5.97524e-09
-0.0114627 5.92999e-09
-0.0113728 5.88526e-09
-0.0112829 5.83293e-09
-0.011193 5.77919e-09
-0.0111031 5.73222e-09
-0.0110132 5.68535e-09
-0.0109233 5.64206e-09
-0.0108334 5.58856e-09
-0.0107435 5.53463e-09
-0.0106536 5.48079e-09
-0.0105637 5.43301e-09
-0.0104738 5.38225e-09
-0.0103839 5.32593e-09
-0.010294 5.26607e-09
-0.0102041 5.19936e-09
-0.0101142 5.13606e-09
-0.0100243 5.07801e-09
-0.00993438 5.02166e-09
-0.00984447 4.96615e-09
-0.00975457 4.90758e-09
-0.00966466 4.85727e-09
-0.00957476 4.80287e-09
-0.00948486 4.74867e-09
-0.00939495 4.69145e-09
-0.00930505 4.62296e-09
-0.00921514 4.56313e-09
-0.00912524 4.49708e-09
-0.00903534 4.44441e-09
-0.00894543 4.38842e-09
-0.00885553 4.33895e-09
-0.00876562 4.2845e-09
-0.00867572 4.23383e-09
-0.00858582 4.19254e-09
-0.00849591 4.1459e-09
-0.00840601 4.09898e-09
-0.0083161 4.04596e-09
-0.0082262 3.99187e-09
-0.00813629 3.95269e-09
-0.00804639 3.91394e-09
-0.00795649 3.87932e-09
-0.00786658 3.84093e-09
-0.00777668 3.80363e-09
-0.00768677 3.76563e-09
-0.00759687 3.72608e-09
-0.00750697 3.69872e-09
-0.00741706 3.67195e-09
-0.00732716 3.63707e-09
-0.00723725 3.60141e-09
-0.00714735 3.5723e-09
-0.00705744 3.5463e-09
-0.00696754 3.52419e-09
-0.00687764 3.49879e-09
-0.00678773 3.46547e-09
-0.00669783 3.43344e-09
-0.00660792 3.40884e-09
-0.00651802 3.38985e-09
-0.00642812 3.36813e-09
-0.00633821 3.34168e-09
-0.00624831 3.30581e-09
-0.0061584 3.27675e-09
-0.0060685 3.24976e-09
-0.00597859 3.22663e-09
-0.00588869 3.19245e-09
-0.00579879 3.16555e-09
-0.00570888 3.12681e-09
-0.00561898 3.1034e-09
-0.00552907 3.08214e-09
-0.00543917 3.04971e-09
-0.00534927 3.0221e-09
-0.00525936 2.98222e-09
-0.00516946 2.94559e-09
-0.00507955 2.91733e-09
-0.00498965 2.87932e-09
-0.00489975 2.83918e-09
-0.00480984 2.80138e-09
-0.00471994 2.7644e-09
-0.00463003 2.73133e-09
-0.00454013 2.70463e-09
-0.00445022 2.67569e-09
-0.00436032 2.6364e-09
-0.00427042 2.60196e-09
-0.00418051 2.55862e-09
-0.00409061 2.52528e-09
-0.0040007 2.49191e-09
-0.0039108 2.46027e-09
-0.0038209 2.42304e-09
-0.00373099 2.36648e-09
-0.00364109 2.32025e-09
-0.00355118 2.28038e-09
-0.00346128 2.23504e-09
-0.00337137 2.17564e-09
-0.00328147 2.12464e-09
-0.00319157 2.07824e-09
-0.00310166 2.02599e-09
-0.00301176 1.98103e-09
-0.00292185 1.93006e-09
-0.00283195 1.87491e-09
-0.00274205 1.81695e-09
-0.00265214 1.73989e-09
-0.00256224 1.67848e-09
-0.00247233 1.61003e-09
-0.00238243 1.54383e-09
-0.00229252 1.48242e-09
-0.00220262 1.4081e-09
-0.00211272 1.33877e-09
-0.00202281 1.27969e-09
-0.00193291 1.21507e-09
-0.001843 1.15497e-09
-0.0017531 1.10133e-09
-0.0016632 1.02931e-09
-0.00157329 9.59105e-10
-0.00148339 8.90677e-10
-0.00139348 8.14866e-10
-0.00130358 7.39181e-10
-0.00121368 6.7052e-10
-0.00112377 5.86183e-10
-0.00103387 5.23502e-10
-0.000943963 4.70521e-10
-0.000854059 4.16193e-10
-0.000764154 3.62499e-10
-0.00067425 3.15666e-10
-0.000584346 2.69337e-10
-0.000494442 2.29272e-10
-0.000404538 1.91983e-10
-0.000314634 1.43417e-10
-0.00022473 1.2094e-10
-0.000134825 7.8448e-11
-4.49212e-05 2.93054e-11
4.49829e-05 0
0.000134887 -2.31608e-11
0.000224791 -3.8751e-11
0.000314695 -4.60028e-11
0.0004046 -5.64484e-11
0.000494504 -6.10915e-11
0.000584408 -5.7734e-11
0.000674312 -5.37458e-11
0.000764216 -4.78583e-11
0.00085412 -4.40127e-11
0.000944024 -4.58915e-11
0.00103393 -4.59868e-11
0.00112383 -4.08749e-11
0.00121374 -2.138e-11
0.00130364 -8.58767e-12
0.00139355 5.02464e-12
0.00148345 3.40846e-11
0.00157335 5.39221e-11
0.00166326 8.7657e-11
0.00175316 1.17734e-10
0.00184307 1.52144e-10
0.00193297 1.80828e-10
0.00202287 2.09475e-10
0.00211278 2.32312e-10
0.00220268 2.63028e-10
0.00229259 2.99471e-10
0.00238249 3.30321e-10
0.00247239 3.74583e-10
0.0025623 4.07409e-10
0.0026522 4.36634e-10
0.00274211 4.73142e-10
0.00283201 5.07912e-10
0.00292192 5.24811e-10
0.00301182 5.58736e-10
0.00310172 5.90874e-10
0.00319163 6.14089e-10
0.00328153 6.4992e-10
0.00337144 6.78324e-10
0.00346134 7.00011e-10
0.00355124 7.33481e-10
0.00364115 7.5883e-10
0.00373105 7.82767e-10
0.00382096 8.08742e-10
0.00391086 8.246e-10
0.00400077 8.43814e-10
0.00409067 8.67548e-10
0.00418057 8.85447e-10
0.00427048 9.04922e-10
0.00436038 9.18369e-10
0.00445029 9.31292e-10
0.00454019 9.4565e-10
0.00463009 9.53898e-10
0.00472 9.62791e-10
0.0048099 9.73725e-10
0.00489981 9.80402e-10
0.00498971 9.73848e-10
0.00507962 9.77153e-10
0.00516952 9.80989e-10
0.00525942 9.89572e-10
0.00534933 9.89871e-10
0.00543923 9.82189e-10
0.00552914 9.80674e-10
0.00561904 9.73656e-10
0.00570894 9.71567e-10
0.00579885 9.69486e-10
0.00588875 9.74546e-10
0.00597866 9.67052e-10
0.00606856 9.76143e-10
0.00615846 9.83669e-10
0.00624837 9.8594e-10
0.00633827 9.93245e-10
0.00642818 9.92362e-10
0.00651808 9.89022e-10
0.00660799 1.0033e-09
0.00669789 1.00835e-09
0.00678779 1.01771e-09
0.0068777 1.03286e-09
0.0069676 1.04233e-09
0.00705751 1.05974e-09
0.00714741 1.0831e-09
0.00723731 1.1061e-09
0.00732722 1.12748e-09
0.00741712 1.14976e-09
0.00750703 1.1697e-09
0.00759693 1.185e-09
0.00768684 1.20858e-09
0.00777674 1.23612e-09
0.00786664 1.26732e-09
0.00795655 1.29872e-09
0.00804645 1.32419e-09
0.00813636 1.36326e-09
0.00822626 1.40778e-09
0.00831616 1.4494e-09
0.00840607 1.48719e-09
0.00849597 1.52421e-09
0.00858588 1.56262e-09
0.00867578 1.59547e-09
0.00876569 1.6406e-09
0.00885559 1.67585e-09
0.00894549 1.70833e-09
0.0090354 1.7362e-09
0.0091253 1.7722e-09
0.00921521 1.81343e-09
0.00930511 1.85847e-09
0.00939501 1.90569e-09
0.00948492 1.94606e-09
0.00957482 1.98931e-09
0.00966473 2.03458e-09
0.00975463 2.07645e-09
0.00984453 2.12056e-09
0.00993444 2.15144e-09
0.0100243 2.17562e-09
0.0101142 2.20444e-09
0.0102042 2.24382e-09
0.0102941 2.27533e-09
0.010384 2.31116e-09
0.0104739 2.35822e-09
0.0105638 2.39433e-09
0.0106537 2.43635e-09
0.0107436 2.47267e-09
0.0108335 2.50221e-09
0.0109234 2.53104e-09
0.0110133 2.55685e-09
0.0111032 2.5803e-09
0.0111931 2.60743e-09
0.011283 2.63995e-09
0.0113729 2.66773e-09
0.0114628 2.69823e-09
0.0115527 2.73445e-09
0.0116426 2.75971e-09
0.0117325 2.78735e-09
0.0118224 2.81862e-09
0.0119123 2.85151e-09
0.0120022 2.87389e-09
0.0120921 2.89964e-09
0.012182 2.92372e-09
0.0122719 2.94289e-09
0.0123619 2.96041e-09
0.0124518 2.98658e-09
0.0125417 3.01149e-09
0.0126316 3.03919e-09
0.0127215 3.05985e-09
0.0128114 3.08185e-09
0.0129013 3.11619e-09
0.0129912 3.15257e-09
0.0130811 3.18398e-09
0.013171 3.21994e-09
0.0132609 3.25448e-09
0.0133508 3.27642e-09
0.0134407 3.31954e-09
0.0135306 3.35883e-09
0.0136205 3.39321e-09
0.0137104 3.42979e-09
0.0138003 3.46346e-09
0.0138902 3.50456e-09
0.0139801 3.56427e-09
0.01407 3.61786e-09
0.0141599 3.66885e-09
0.0142498 3.72163e-09
0.0143397 3.77302e-09
0.0144296 3.82306e-09
0.0145196 3.87895e-09
0.0146095 3.93624e-09
0.0146994 3.99396e-09
0.0147893 4.05069e-09
0.0148792 4.11358e-09
0.0149691 4.17203e-09
0.015059 4.23386e-09
0.0151489 4.31752e-09
0.0152388 4.39555e-09
0.0153287 4.46958e-09
0.0154186 4.55219e-09
0.0155085 4.64181e-09
0.0155984 4.73889e-09
0.0156883 4.82362e-09
0.0157782 4.91006e-09
0.0158681 4.99487e-09
0.015958 5.0808e-09
0.0160479 5.16867e-09
0.0161378 5.25983e-09
0.0162277 5.3632e-09
0.0163176 5.46046e-09
0.0164075 5.55454e-09
0.0164974 5.66281e-09
0.0165873 5.7628e-09
0.0166773 5.87526e-09
0.0167672 5.98763e-09
0.0168571 6.10562e-09
0.016947 6.21297e-09
0.0170369 6.32012e-09
0.0171268 6.40825e-09
0.0172167 6.50953e-09
0.0173066 6.61614e-09
0.0173965 6.72069e-09
0.0174864 6.82299e-09
0.0175763 6.93241e-09
0.0176662 7.04988e-09
0.0177561 7.16158e-09
0.017846 7.27979e-09
0.0179359 7.39705e-09
0.0180258 7.50458e-09
0.0181157 7.60135e-09
0.0182056 7.70394e-09
0.0182955 7.79415e-09
0.0183854 7.89067e-09
0.0184753 7.98667e-09
0.0185652 8.08153e-09
0.0186551 8.1657e-09
0.018745 8.24502e-09
0.0188349 8.34049e-09
0.0189249 8.42531e-09
0.0190148 8.50764e-09
0.0191047 8.57932e-09
0.0191946 8.64413e-09
0.0192845 8.70895e-09
0.0193744 8.76644e-09
0.0194643 8.82266e-09
0.0195542 8.88511e-09
0.0196441 8.94137e-09
0.019734 8.98459e-09
0.0198239 9.02899e-09
0.0199138 9.07557e-09
0.0200037 9.11654e-09
0.0200936 9.15429e-09
0.0201835 9.18237e-09
0.0202734 9.21522e-09
0.0203633 9.23777e-09
0.0204532 9.2626e-09
0.0205431 9.28242e-09
0.020633 9.30209e-09
0.0207229 9.3183e-09
0.0208128 9.32869e-09
0.0209027 9.34107e-09
0.0209926 9.34346e-09
0.0210826 9.36002e-09
0.0211725 9.37002e-09
0.0212624 9.37594e-09
0.0213523 9.38478e-09
0.0214422 9.39158e-09
0.0215321 9.4086e-09
0.021622 9.41585e-09
0.0217119 9.42058e-09
0.0218018 9.42252e-09
0.0218917 9.42691e-09
0.0219816 9.44127e-09
0.0220715 9.45683e-09
0.0221614 9.4828e-09
0.0222513 9.50169e-09
0.0223412 9.51349e-09
0.0224311 9.52858e-09
0.022521 9.56055e-09
0.0226109 9.59243e-09
0.0227008 9.61838e-09
0.0227907 9.64528e-09
0.0228806 9.6845e-09
0.0229705 9.72726e-09
0.0230604 9.77462e-09
0.0231503 9.825e-09
0.0232403 9.87205e-09
0.0233302 9.91559e-09
0.0234201 9.97583e-09
0.02351 1.00331e-08
0.0235999 1.00949e-08
0.0236898 1.01567e-08
0.0237797 1.02028e-08
0.0238696 1.02639e-08
0.0239595 1.03086e-08
0.0240494 1.03722e-08
0.0241393 1.04388e-08
0.0242292 1.05055e-08
0.0243191 1.0564e-08
0.024409 1.06316e-08
0.0244989 1.06988e-08
0.0245888 1.0767e-08
0.0246787 1.08435e-08
0.0247686 1.09099e-08
0.0248585 1.09563e-08
0.0249484 1.10132e-08
0.0250383 1.1069e-08
0.0251282 1.1133e-08
0.0252181 1.1195e-08
0.025308 1.12543e-08
0.025398 1.13122e-08
0.0254879 1.1384e-08
0.0255778 1.14481e-08
0.0256677 1.15021e-08
0.0257576 1.15685e-08
0.0258475 1.16162e-08
0.0259374 1.16511e-08
0.0260273 1.16869e-08
0.0261172 1.17286e-08
0.0262071 1.17738e-08
0.026297 1.18242e-08
0.0263869 1.18664e-08
0.0264768 1.19235e-08
0.0265667 1.19794e-08
0.0266566 1.20256e-08
0.0267465 1.20806e-08
0.0268364 1.21371e-08
0.0269263 1.2189e-08
0.0270162 1.22302e-08
0.0271061 1.2275e-08
0.027196 1.23247e-08
0.0272859 1.23806e-08
0.0273758 1.24359e-08
0.0274657 1.24943e-08
0.0275557 1.25562e-08
0.0276456 1.26153e-08
0.0277355 1.26787e-08
0.0278254 1.27487e-08
0.0279153 1.28221e-08
0.0280052 1.288e-08
0.0280951 1.29417e-08
0.028185 1.30068e-08
0.0282749 1.30727e-08
0.0283648 1.31335e-08
0.0284547 1.31965e-08
0.0285446 1.32567e-08
0.0286345 1.33166e-08
0.0287244 1.33957e-08
0.0288143 1.34624e-08
0.0289042 1.3543e-08
0.0289941 1.36016e-08
0.029084 1.36592e-08
0.0291739 1.37086e-08
0.0292638 1.37509e-08
0.0293537 1.3799e-08
0.0294436 1.38427e-08
0.0295335 1.38852e-08
0.0296234 1.39256e-08
0.0297134 1.39575e-08
0.0298033 1.39884e-08
0.0298932 1.40386e-08
0.0299831 1.40757e-08
0.030073 1.41004e-08
0.0301629 1.41286e-08
0.0302528 1.4167e-08
0.0303427 1.41936e-08
0.0304326 1.42242e-08
0.0305225 1.4252e-08
0.0306124 1.42739e-08
0.0307023 1.43042e-08
0.0307922 1.43309e-08
0.0308821 1.43578e-08
0.030972 1.43912e-08
0.0310619 1.44097e-08
0.0311518 1.44273e-08
0.0312417 1.44597e-08
0.0313316 1.44963e-08
0.0314215 1.45381e-08
0.0315114 1.45975e-08
0.0316013 1.46359e-08
0.0316912 1.46729e-08
0.0317811 1.47231e-08
0.0318711 1.47662e-08
0.031961 1.48176e-08
0.0320509 1.48545e-08
0.0321408 1.48931e-08
0.0322307 1.49361e-08
0.0323206 1.49936e-08
0.0324105 1.50508e-08
0.0325004 1.51218e-08
0.0325903 1.5202e-08
0.0326802 1.52486e-08
0.0327701 1.53034e-08
0.03286 1.53537e-08
0.0329499 1.54056e-08
0.0330398 1.54596e-08
0.0331297 1.55087e-08
0.0332196 1.55709e-08
0.0333095 1.56314e-08
0.0333994 1.57038e-08
0.0334893 1.57623e-08
0.0335792 1.58222e-08
0.0336691 1.58839e-08
0.033759 1.59328e-08
0.0338489 1.59769e-08
0.0339388 1.60249e-08
0.0340288 1.60796e-08
0.0341187 1.61283e-08
0.0342086 1.61788e-08
0.0342985 1.62286e-08
0.0343884 1.62781e-08
0.0344783 1.63058e-08
0.0345682 1.63369e-08
0.0346581 1.63705e-08
0.034748 1.64058e-08
0.0348379 1.64399e-08
0.0349278 1.64781e-08
0.0350177 1.65026e-08
0.0351076 1.6539e-08
0.0351975 1.65594e-08
0.0352874 1.65905e-08
0.0353773 1.66176e-08
0.0354672 1.66498e-08
0.0355571 1.66854e-08
0.035647 1.67183e-08
0.0357369 1.67544e-08
0.0358268 1.67883e-08
0.0359167 1.68215e-08
0.0360066 1.68591e-08
0.0360965 1.68882e-08
0.0361865 1.6917e-08
0.0362764 1.69502e-08
0.0363663 1.69916e-08
0.0364562 1.70353e-08
0.0365461 1.70869e-08
0.036636 1.71323e-08
0.0367259 1.71751e-08
0.0368158 1.72211e-08
0.0369057 1.72661e-08
0.0369956 1.73012e-08
0.0370855 1.73371e-08
0.0371754 1.73713e-08
0.0372653 1.74154e-08
0.0373552 1.7464e-08
0.0374451 1.75102e-08
0.037535 1.75567e-08
0.0376249 1.75734e-08
0.0377148 1.75922e-08
0.0378047 1.7619e-08
0.0378946 1.76479e-08
0.0379845 1.76778e-08
0.0380744 1.76962e-08
0.0381643 1.76822e-08
0.0382542 1.7686e-08
0.0383441 1.7691e-08
0.0384341 1.77113e-08
0.038524 1.77226e-08
0.0386139 1.77207e-08
0.0387038 1.77152e-08
0.0387937 1.77083e-08
0.0388836 1.77071e-08
0.0389735 1.77133e-08
0.0390634 1.7722e-08
0.0391533 1.77199e-08
0.0392432 1.77067e-08
0.0393331 1.76869e-08
0.039423 1.7678e-08
0.0395129 1.76741e-08
0.0396028 1.76645e-08
0.0396927 1.76497e-08
0.0397826 1.76401e-08
0.0398725 1.76282e-08
0.0399624 1.76196e-08
0.0400523 1.76111e-08
0.0401422 1.7604e-08
0.0402321 1.75884e-08
0.040322 1.75823e-08
0.0404119 1.75825e-08
0.0405018 1.75951e-08
0.0405918 1.76114e-08
0.0406817 1.76286e-08
0.0407716 1.76337e-08
0.0408615 1.7647e-08
0.0409514 1.7675e-08
0.0410413 1.76987e-08
0.0411312 1.77175e-08
0.0412211 1.77293e-08
0.041311 1.77313e-08
0.0414009 1.77654e-08
0.0414908 1.78067e-08
0.0415807 1.78577e-08
0.0416706 1.79021e-08
0.0417605 1.7936e-08
0.0418504 1.79821e-08
0.0419403 1.8029e-08
0.0420302 1.80841e-08
0.0421201 1.8134e-08
0.04221 1.81884e-08
0.0422999 1.82398e-08
0.0423898 1.82958e-08
0.0424797 1.83475e-08
0.0425696 1.84027e-08
0.0426595 1.8448e-08
0.0427495 1.84889e-08
0.0428394 1.85324e-08
0.0429293 1.85872e-08
0.0430192 1.86429e-08
0.0431091 1.86874e-08
0.043199 1.8728e-08
0.0432889 1.87793e-08
0.0433788 1.88352e-08
0.0434687 1.88999e-08
0.0435586 1.89582e-08
0.0436485 1.90101e-08
0.0437384 1.90569e-08
0.0438283 1.91166e-08
0.0439182 1.91582e-08
0.0440081 1.92011e-08
0.044098 1.92425e-08
0.0441879 1.92771e-08
0.0442778 1.92973e-08
0.0443677 1.93205e-08
0.0444576 1.93502e-08
0.0445475 1.93939e-08
0.0446374 1.94543e-08
0.0447273 1.95028e-08
0.0448172 1.95454e-08
0.0449072 1.95957e-08
0.0449971 1.96379e-08
0.045087 1.96617e-08
0.0451769 1.96678e-08
0.0452668 1.96646e-08
0.0453567 1.96602e-08
0.0454466 1.96693e-08
0.0455365 1.96801e-08
0.0456264 1.96846e-08
0.0457163 1.96991e-08
0.0458062 1.97025e-08
0.0458961 1.97183e-08
0.045986 1.97219e-08
0.0460759 1.97184e-08
0.0461658 1.97094e-08
0.0462557 1.96745e-08
0.0463456 1.96511e-08
0.0464355 1.96243e-08
0.0465254 1.9609e-08
0.0466153 1.95765e-08
0.0467052 1.95588e-08
0.0467951 1.95301e-08
0.046885 1.95118e-08
0.0469749 1.9506e-08
0.0470649 1.94818e-08
0.0471548 1.94645e-08
0.0472447 1.94549e-08
0.0473346 1.94422e-08
0.0474245 1.94211e-08
0.0475144 1.94046e-08
0.0476043 1.93882e-08
0.0476942 1.93697e-08
0.0477841 1.93733e-08
0.047874 1.93655e-08
0.0479639 1.93642e-08
0.0480538 1.9376e-08
0.0481437 1.93887e-08
0.0482336 1.94034e-08
0.0483235 1.94209e-08
0.0484134 1.94232e-08
0.0485033 1.94357e-08
0.0485932 1.94484e-08
0.0486831 1.94604e-08
0.048773 1.94438e-08
0.0488629 1.94346e-08
0.0489528 1.9429e-08
0.0490427 1.94297e-08
0.0491326 1.94237e-08
0.0492226 1.94146e-08
0.0493125 1.94121e-08
0.0494024 1.94026e-08
0.0494923 1.94085e-08
0.0495822 1.94159e-08
0.0496721 1.94338e-08
0.049762 1.94406e-08
0.0498519 1.94461e-08
0.0499418 1.94503e-08
0.0500317 1.94535e-08
0.0501216 1.94509e-08
0.0502115 1.94311e-08
0.0503014 1.9422e-08
0.0503913 1.94277e-08
0.0504812 1.94391e-08
0.0505711 1.94517e-08
0.050661 1.94784e-08
0.0507509 1.94986e-08
0.0508408 1.95231e-08
0.0509307 1.95636e-08
0.0510206 1.95897e-08
0.0511105 1.96118e-08
0.0512004 1.9629e-08
0.0512903 1.96548e-08
0.0513803 1.96877e-08
0.0514702 1.97189e-08
0.0515601 1.97468e-08
0.05165 1.97963e-08
0.0517399 1.98394e-08
0.0518298 1.98821e-08
0.0519197 1.9917e-08
0.0520096 1.99531e-08
0.0520995 1.99832e-08
0.0521894 2.00063e-08
0.0522793 2.00406e-08
0.0523692 2.00658e-08
0.0524591 2.00917e-08
0.052549 2.01061e-08
0.0526389 2.01325e-08
0.0527288 2.01742e-08
0.0528187 2.02003e-08
0.0529086 2.02345e-08
0.0529985 2.02659e-08
0.0530884 2.03083e-08
0.0531783 2.03344e-08
0.0532682 2.03638e-08
0.0533581 2.03822e-08
0.053448 2.03878e-08
0.053538 2.04012e-08
0.0536279 2.04159e-08
0.0537178 2.04396e-08
0.0538077 2.04739e-08
0.0538976 2.05034e-08
0.0539875 2.05171e-08
0.0540774 2.05531e-08
0.0541673 2.0562e-08
0.0542572 2.05667e-08
0.0543471 2.05688e-08
0.054437 2.05619e-08
0.0545269 2.05568e-08
0.0546168 2.05543e-08
0.0547067 2.05401e-08
0.0547966 2.05135e-08
0.0548865 2.0488e-08
0.0549764 2.04422e-08
0.0550663 2.038e-08
0.0551562 2.03138e-08
0.0552461 2.02464e-08
0.055336 2.01898e-08
0.0554259 2.01335e-08
0.0555158 2.00811e-08
0.0556057 2.00118e-08
0.0556956 1.99367e-08
0.0557856 1.98469e-08
0.0558755 1.97544e-08
0.0559654 1.96408e-08
0.0560553 1.95278e-08
0.0561452 1.93737e-08
0.0562351 1.92006e-08
0.056325 1.90678e-08
0.0564149 1.89315e-08
0.0565048 1.87601e-08
0.0565947 1.86031e-08
0.0566846 1.84313e-08
0.0567745 1.82767e-08
0.0568644 1.81345e-08
0.0569543 1.8036e-08
0.0570442 1.79208e-08
0.0571341 1.77966e-08
0.057224 1.76791e-08
0.0573139 1.75499e-08
0.0574038 1.74268e-08
0.0574937 1.7302e-08
0.0575836 1.71774e-08
0.0576735 1.705e-08
0.0577634 1.69341e-08
0.0578533 1.68239e-08
0.0579433 1.67516e-08
0.0580332 1.66816e-08
0.0581231 1.66052e-08
0.058213 1.65294e-08
0.0583029 1.6469e-08
0.0583928 1.64106e-08
0.0584827 1.63556e-08
0.0585726 1.63283e-08
0.0586625 1.63369e-08
0.0587524 1.63204e-08
0.0588423 1.63093e-08
0.0589322 1.62933e-08
0.0590221 1.62969e-08
0.059112 1.63079e-08
0.0592019 1.63437e-08
0.0592918 1.63829e-08
0.0593817 1.64171e-08
0.0594716 1.64632e-08
0.0595615 1.65205e-08
0.0596514 1.65983e-08
0.0597413 1.66514e-08
0.0598312 1.66803e-08
0.0599211 1.67492e-08
0.060011 1.67989e-08
0.060101 1.68552e-08
0.0601909 1.69279e-08
0.0602808 1.70109e-08
0.0603707 1.70718e-08
0.0604606 1.71317e-08
0.0605505 1.71766e-08
0.0606404 1.7245e-08
0.0607303 1.72826e-08
0.0608202 1.73024e-08
0.0609101 1.73282e-08
0.061 1.73286e-08
0.0610899 1.73297e-08
0.0611798 1.73162e-08
0.0612697 1.72942e-08
0.0613596 1.72693e-08
0.0614495 1.7242e-08
0.0615394 1.71857e-08
0.0616293 1.71598e-08
0.0617192 1.71322e-08
0.0618091 1.71428e-08
0.061899 1.71155e-08
0.0619889 1.70979e-08
0.0620788 1.70512e-08
0.0621687 1.69688e-08
0.0622587 1.68972e-08
0.0623486 1.68383e-08
0.0624385 1.68007e-08
0.0625284 1.67391e-08
0.0626183 1.66981e-08
0.0627082 1.66503e-08
0.0627981 1.6603e-08
0.062888 1.65633e-08
0.0629779 1.65084e-08
0.0630678 1.64447e-08
0.0631577 1.63678e-08
0.0632476 1.63251e-08
0.0633375 1.63218e-08
0.0634274 1.63064e-08
0.0635173 1.62546e-08
0.0636072 1.6198e-08
0.0636971 1.61558e-08
0.063787 1.61612e-08
0.0638769 1.61509e-08
0.0639668 1.61498e-08
0.0640567 1.61493e-08
0.0641466 1.61391e-08
0.0642365 1.61382e-08
0.0643264 1.6164e-08
0.0644164 1.61869e-08
0.0645063 1.62026e-08
0.0645962 1.62152e-08
0.0646861 1.622e-08
0.064776 1.62387e-08
0.0648659 1.62643e-08
0.0649558 1.62925e-08
0.0650457 1.63436e-08
0.0651356 1.64101e-08
0.0652255 1.64638e-08
0.0653154 1.65077e-08
0.0654053 1.65409e-08
0.0654952 1.65729e-08
0.0655851 1.66444e-08
0.065675 1.67285e-08
0.0657649 1.68006e-08
0.0658548 1.68524e-08
0.0659447 1.69552e-08
0.0660346 1.70542e-08
0.0661245 1.70934e-08
0.0662144 1.71309e-08
0.0663043 1.71598e-08
0.0663942 1.71934e-08
0.0664841 1.72345e-08
0.0665741 1.72427e-08
0.066664 1.72431e-08
0.0667539 1.72301e-08
0.0668438 1.72196e-08
0.0669337 1.71878e-08
0.0670236 1.71849e-08
0.0671135 1.71885e-08
0.0672034 1.71514e-08
0.0672933 1.70982e-08
0.0673832 1.70076e-08
0.0674731 1.69014e-08
0.067563 1.68624e-08
0.0676529 1.68209e-08
0.0677428 1.6732e-08
0.0678327 1.66595e-08
0.0679226 1.65765e-08
0.0680125 1.64567e-08
0.0681024 1.62981e-08
0.0681923 1.61359e-08
0.0682822 1.59573e-08
0.0683721 1.57509e-08
0.068462 1.55667e-08
0.0685519 1.53686e-08
0.0686418 1.51916e-08
0.0687318 1.49842e-08
0.0688217 1.47757e-08
0.0689116 1.45845e-08
0.0690015 1.44254e-08
0.0690914 1.42586e-08
0.0691813 1.40486e-08
0.0692712 1.38829e-08
0.0693611 1.36988e-08
0.069451 1.35052e-08
0.0695409 1.33208e-08
0.0696308 1.31261e-08
0.0697207 1.28574e-08
0.0698106 1.26507e-08
0.0699005 1.24451e-08
0.0699904 1.22433e-08
0.0700803 1.20722e-08
0.0701702 1.19669e-08
0.0702601 1.19078e-08
0.07035 1.18762e-08
0.0704399 1.18204e-08
0.0705298 1.17908e-08
0.0706197 1.17017e-08
0.0707096 1.15997e-08
0.0707995 1.15127e-08
0.0708895 1.14268e-08
0.0709794 1.13325e-08
0.0710693 1.12447e-08
0.0711592 1.11536e-08
0.0712491 1.11129e-08
0.071339 1.10208e-08
0.0714289 1.08615e-08
0.0715188 1.07685e-08
0.0716087 1.06934e-08
0.0716986 1.0615e-08
0.0717885 1.05328e-08
0.0718784 1.04676e-08
0.0719683 1.04358e-08
0.0720582 1.04009e-08
0.0721481 1.03672e-08
0.072238 1.03662e-08
0.0723279 1.03581e-08
0.0724178 1.03704e-08
0.0725077 1.04114e-08
0.0725976 1.04718e-08
0.0726875 1.0532e-08
0.0727774 1.05733e-08
0.0728673 1.06876e-08
0.0729572 1.07055e-08
0.0730472 1.07046e-08
0.0731371 1.07021e-08
0.073227 1.06986e-08
0.0733169 1.06748e-08
0.0734068 1.06574e-08
0.0734967 1.06623e-08
0.0735866 1.07063e-08
0.0736765 1.0741e-08
0.0737664 1.07922e-08
0.0738563 1.08436e-08
0.0739462 1.0906e-08
0.0740361 1.09729e-08
0.074126 1.10564e-08
0.0742159 1.11587e-08
0.0743058 1.12567e-08
0.0743957 1.13666e-08
0.0744856 1.14756e-08
0.0745755 1.15867e-08
0.0746654 1.17364e-08
0.0747553 1.18631e-08
0.0748452 1.19986e-08
0.0749351 1.21337e-08
0.075025 1.23038e-08
0.0751149 1.24578e-08
0.0752048 1.26017e-08
0.0752948 1.27668e-08
0.0753847 1.29151e-08
0.0754746 1.31005e-08
0.0755645 1.32917e-08
0.0756544 1.35134e-08
0.0757443 1.37451e-08
0.0758342 1.40015e-08
0.0759241 1.42309e-08
0.076014 1.45295e-08
0.0761039 1.47828e-08
0.0761938 1.50457e-08
0.0762837 1.53102e-08
0.0763736 1.5562e-08
0.0764635 1.57889e-08
0.0765534 1.59987e-08
0.0766433 1.61599e-08
0.0767332 1.62956e-08
0.0768231 1.64546e-08
0.076913 1.66072e-08
0.0770029 1.67486e-08
0.0770928 1.68538e-08
0.0771827 1.69413e-08
0.0772726 1.69949e-08
0.0773625 1.70384e-08
0.0774525 1.71094e-08
0.0775424 1.71255e-08
0.0776323 1.71162e-08
0.0777222 1.71478e-08
0.0778121 1.71701e-08
0.077902 1.71708e-08
0.0779919 1.71743e-08
0.0780818 1.71661e-08
0.0781717 1.70792e-08
0.0782616 1.70339e-08
0.0783515 1.69497e-08
0.0784414 1.68864e-08
0.0785313 1.67797e-08
0.0786212 1.66386e-08
0.0787111 1.64964e-08
0.078801 1.63366e-08
0.0788909 1.61646e-08
0.0789808 1.59762e-08
0.0790707 1.58226e-08
0.0791606 1.55943e-08
0.0792505 1.5495e-08
0.0793404 1.53791e-08
0.0794303 1.52545e-08
0.0795202 1.51449e-08
0.0796102 1.50183e-08
0.0797001 1.49884e-08
0.07979 1.49674e-08
0.0798799 1.49262e-08
0.0799698 1.49349e-08
0.0800597 1.49386e-08
0.0801496 1.48939e-08
0.0802395 1.48759e-08
0.0803294 1.48872e-08
0.0804193 1.49084e-08
0.0805092 1.4933e-08
0.0805991 1.48978e-08
0.080689 1.49346e-08
0.0807789 1.49773e-08
0.0808688 1.49968e-08
0.0809587 1.49644e-08
0.0810486 1.49437e-08
0.0811385 1.48799e-08
0.0812284 1.49081e-08
0.0813183 1.49184e-08
0.0814082 1.49113e-08
0.0814981 1.49032e-08
0.081588 1.4881e-08
0.0816779 1.4819e-08
0.0817679 1.48196e-08
0.0818578 1.48466e-08
0.0819477 1.48651e-08
0.0820376 1.48734e-08
0.0821275 1.48264e-08
0.0822174 1.48341e-08
0.0823073 1.4897e-08
0.0823972 1.4864e-08
0.0824871 1.48451e-08
0.082577 1.48553e-08
0.0826669 1.48387e-08
0.0827568 1.48424e-08
0.0828467 1.47901e-08
0.0829366 1.48049e-08
0.0830265 1.4852e-08
0.0831164 1.48197e-08
0.0832063 1.48345e-08
0.0832962 1.48999e-08
0.0833861 1.49531e-08
0.083476 1.50308e-08
0.0835659 1.50855e-08
0.0836558 1.51227e-08
0.0837457 1.52304e-08
0.0838356 1.52927e-08
0.0839256 1.53084e-08
0.0840155 1.53571e-08
0.0841054 1.54542e-08
0.0841953 1.55271e-08
0.0842852 1.56649e-08
0.0843751 1.57777e-08
0.084465 1.58966e-08
0.0845549 1.60518e-08
0.0846448 1.61969e-08
0.0847347 1.63516e-08
0.0848246 1.65128e-08
0.0849145 1.6699e-08
0.0850044 1.68415e-08
0.0850943 1.68959e-08
0.0851842 1.69499e-08
0.0852741 1.70587e-08
0.085364 1.71266e-08
0.0854539 1.71577e-08
0.0855438 1.72466e-08
0.0856337 1.73631e-08
0.0857236 1.74234e-08
0.0858135 1.74473e-08
0.0859034 1.74717e-08
0.0859933 1.74977e-08
0.0860833 1.74894e-08
0.0861732 1.74856e-08
0.0862631 1.75437e-08
0.086353 1.74915e-08
0.0864429 1.74472e-08
0.0865328 1.7379e-08
0.0866227 1.7217e-08
0.0867126 1.70824e-08
0.0868025 1.69507e-08
0.0868924 1.67735e-08
0.0869823 1.66148e-08
0.0870722 1.65181e-08
0.0871621 1.64426e-08
0.087252 1.63743e-08
0.0873419 1.63027e-08
0.0874318 1.61967e-08
0.0875217 1.6085e-08
0.0876116 1.59964e-08
0.0877015 1.58902e-08
0.0877914 1.57913e-08
0.0878813 1.57989e-08
0.0879712 1.58509e-08
0.0880611 1.58763e-08
0.088151 1.58941e-08
0.088241 1.59661e-08
0.0883309 1.60123e-08
0.0884208 1.61476e-08
0.0885107 1.62284e-08
0.0886006 1.62879e-08
0.0886905 1.63639e-08
0.0887804 1.63851e-08
0.0888703 1.6477e-08
0.0889602 1.64667e-08
0.0890501 1.64067e-08
0.08914 1.63541e-08
0.0892299 1.62744e-08
0.0893198 1.62275e-08
0.0894097 1.61103e-08
0.0894996 1.60381e-08
0.0895895 1.60261e-08
0.0896794 1.60472e-08
0.0897693 1.6069e-08
0.0898592 1.61101e-08
0.0899491 1.60826e-08
0.090039 1.60547e-08
0.0901289 1.59799e-08
0.0902188 1.58997e-08
0.0903087 1.58402e-08
0.0903987 1.58713e-08
0.0904886 1.5831e-08
0.0905785 1.58275e-08
0.0906684 1.58248e-08
0.0907583 1.57758e-08
0.0908482 1.57141e-08
0.0909381 1.56078e-08
0.091028 1.55333e-08
0.0911179 1.54616e-08
0.0912078 1.54044e-08
0.0912977 1.53514e-08
0.0913876 1.53067e-08
0.0914775 1.52481e-08
0.0915674 1.51996e-08
0.0916573 1.51226e-08
0.0917472 1.50834e-08
0.0918371 1.506e-08
0.091927 1.52323e-08
0.0920169 1.54155e-08
0.0921068 1.56377e-08
0.0921967 1.5899e-08
0.0922866 1.61444e-08
0.0923765 1.6355e-08
0.0924664 1.65486e-08
0.0925564 1.67749e-08
0.0926463 1.69446e-08
0.0927362 1.70173e-08
0.0928261 1.70783e-08
0.092916 1.71719e-08
0.0930059 1.72705e-08
0.0930958 1.74044e-08
0.0931857 1.74522e-08
0.0932756 1.74801e-08
0.0933655 1.76176e-08
0.0934554 1.768e-08
0.0935453 1.76888e-08
0.0936352 1.77403e-08
0.0937251 1.78282e-08
0.093815 1.80019e-08
0.0939049 1.82076e-08
0.0939948 1.83325e-08
0.0940847 1.84362e-08
0.0941746 1.85033e-08
0.0942645 1.85865e-08
0.0943544 1.87615e-08
0.0944443 1.89e-08
0.0945342 1.90367e-08
0.0946241 1.90481e-08
0.094714 1.90597e-08
0.094804 1.89769e-08
0.0948939 1.88738e-08
0.0949838 1.87495e-08
0.0950737 1.85615e-08
0.0951636 1.83694e-08
0.0952535 1.81631e-08
0.0953434 1.80006e-08
0.0954333 1.77801e-08
0.0955232 1.75817e-08
0.0956131 1.75335e-08
0.095703 1.75027e-08
0.0957929 1.74615e-08
0.0958828 1.74387e-08
0.0959727 1.74124e-08
0.0960626 1.74594e-08
0.0961525 1.75498e-08
0.0962424 1.76141e-08
0.0963323 1.76598e-08
0.0964222 1.76771e-08
0.0965121 1.75416e-08
0.096602 1.73731e-08
0.0966919 1.7251e-08
0.0967818 1.71638e-08
0.0968717 1.71016e-08
0.0969617 1.70268e-08
0.0970516 1.6781e-08
0.0971415 1.64993e-08
0.0972314 1.61097e-08
0.0973213 1.5826e-08
0.0974112 1.55797e-08
0.0975011 1.52156e-08
0.097591 1.49785e-08
0.0976809 1.48184e-08
0.0977708 1.45747e-08
0.0978607 1.42814e-08
0.0979506 1.41227e-08
0.0980405 1.396e-08
0.0981304 1.38128e-08
0.0982203 1.37518e-08
0.0983102 1.36091e-08
0.0984001 1.34783e-08
0.09849 1.34432e-08
0.0985799 1.3429e-08
0.0986698 1.3344e-08
0.0987597 1.32461e-08
0.0988496 1.31892e-08
0.0989395 1.29759e-08
0.0990294 1.27711e-08
0.0991194 1.22662e-08
0.0992093 1.18153e-08
0.0992992 1.14914e-08
0.0993891 1.12869e-08
0.099479 1.1017e-08
0.0995689 1.06e-08
0.0996588 1.04404e-08
0.0997487 1.01557e-08
0.0998386 9.9162e-09
0.0999285 9.7111e-09
0.100018 9.67887e-09
0.100108 9.72702e-09
0.100198 9.98789e-09
0.100288 1.03597e-08
0.100378 1.06531e-08
0.100468 1.08441e-08
0.100558 1.11699e-08
0.100648 1.16924e-08
0.100738 1.21721e-08
0.100828 1.25206e-08
0.100917 1.28715e-08
0.101007 1.32726e-08
0.101097 1.35054e-08
0.101187 1.39233e-08
0.101277 1.41838e-08
0.101367 1.43473e-08
0.101457 1.46124e-08
0.101547 1.48119e-08
0.101637 1.49365e-08
0.101727 1.49747e-08
0.101816 1.50754e-08
0.101906 1.517e-08
0.101996 1.51756e-08
0.102086 1.52794e-08
0.102176 1.52152e-08
0.102266 1.52586e-08
0.102356 1.54128e-08
0.102446 1.54361e-08
0.102536 1.54254e-08
0.102626 1.53447e-08
0.102716 1.53007e-08
0.102805 1.51324e-08
0.102895 1.49703e-08
0.102985 1.48575e-08
0.103075 1.47593e-08
0.103165 1.4661e-08
0.103255 1.45112e-08
0.103345 1.43655e-08
0.103435 1.39711e-08
0.103525 1.33547e-08
0.103615 1.29871e-08
0.103704 1.25065e-08
0.103794 1.1963e-08
0.103884 1.13865e-08
0.103974 1.08654e-08
0.104064 1.02479e-08
0.104154 9.67138e-09
0.104244 9.13127e-09
0.104334 8.60099e-09
0.104424 8.27768e-09
0.104514 8.20306e-09
0.104604 8.16608e-09
0.104693 7.94292e-09
0.104783 8.02953e-09
0.104873 8.00865e-09
0.104963 7.90664e-09
0.105053 8.03537e-09
0.105143 8.17371e-09
0.105233 8.1517e-09
0.105323 8.10411e-09
0.105413 7.89576e-09
0.105503 7.59413e-09
0.105592 7.30871e-09
0.105682 7.09368e-09
0.105772 7.12395e-09
0.105862 6.91923e-09
0.105952 6.57025e-09
0.106042 6.24878e-09
0.106132 6.04247e-09
0.106222 5.92178e-09
0.106312 5.96991e-09
0.106402 6.17027e-09
0.106491 6.3053e-09
0.106581 6.48108e-09
0.106671 6.78467e-09
0.106761 6.99789e-09
0.106851 7.18092e-09
0.106941 7.43237e-09
0.107031 7.59946e-09
0.107121 7.60666e-09
0.107211 7.86979e-09
0.107301 7.98981e-09
0.107391 8.11628e-09
0.10748 8.04129e-09
0.10757 7.6834e-09
0.10766 7.3334e-09
0.10775 7.06452e-09
0.10784 6.66492e-09
0.10793 6.12222e-09
0.10802 5.83284e-09
0.10811 5.95618e-09
0.1082 6.01612e-09
0.10829 5.82943e-09
0.108379 5.68958e-09
0.108469 5.6489e-09
0.108559 5.59733e-09
0.108649 5.6183e-09
0.108739 5.83303e-09
0.108829 5.90127e-09
0.108919 6.25467e-09
0.109009 6.7081e-09
0.109099 7.02666e-09
0.109189 7.13961e-09
0.109279 6.7502e-09
0.109368 6.4601e-09
0.109458 5.98868e-09
0.109548 5.53491e-09
0.109638 5.02188e-09
0.109728 4.6978e-09
0.109818 4.37566e-09
0.109908 4.19665e-09
0.109998 3.74721e-09
0.110088 3.28716e-09
0.110178 2.84952e-09
0.110267 2.82528e-09
0.110357 2.80911e-09
0.110447 3.109e-09
0.110537 3.1922e-09
0.110627 3.39093e-09
0.110717 3.70909e-09
0.110807 3.7419e-09
0.110897 3.66058e-09
0.110987 3.61752e-09
0.111077 3.50461e-09
0.111167 3.5447e-09
0.111256 3.76043e-09
0.111346 3.61032e-09
0.111436 3.65105e-09
0.111526 3.57478e-09
0.111616 3.57284e-09
0.111706 3.52877e-09
0.111796 3.39344e-09
0.111886 3.14281e-09
0.111976 3.00796e-09
0.112066 3.1931e-09
0.112155 3.17172e-09
0.112245 3.24736e-09
0.112335 3.22526e-09
0.112425 2.8944e-09
0.112515 2.69977e-09
0.112605 2.84091e-09
0.112695 2.71714e-09
0.112785 2.91288e-09
0.112875 2.97679e-09
0.112965 3.00106e-09
0.113054 2.9813e-09
0.113144 2.48494e-09
0.113234 2.49791e-09
0.113324 2.47746e-09
0.113414 2.54501e-09
0.113504 2.79604e-09
0.113594 2.6049e-09
0.113684 2.50851e-09
0.113774 2.44688e-09
0.113864 2.93274e-09
0.113954 3.4633e-09
0.114043 3.69896e-09
0.114133 3.93042e-09
0.114223 4.64023e-09
0.114313 4.76546e-09
0.114403 4.74948e-09
0.114493 5.00298e-09
0.114583 5.18515e-09
0.114673 5.44218e-09
0.114763 5.5777e-09
0.114853 5.6897e-09
0.114942 5.52032e-09
0.115032 5.34209e-09
0.115122 5.36205e-09
0.115212 5.18759e-09
0.115302 4.79486e-09
0.115392 4.61903e-09
0.115482 3.83654e-09
0.115572 3.41907e-09
0.115662 2.75792e-09
0.115752 2.40191e-09
0.115842 1.92958e-09
0.115931 1.89576e-09
0.116021 1.51733e-09
0.116111 6.62236e-10
0.116201 2.70417e-10
0.116291 -3.04155e-10
0.116381 -6.84306e-10
0.116471 -1.28363e-09
0.116561 -1.39604e-09
0.116651 -1.45268e-09
0.116741 -1.53726e-09
0.11683 -1.60771e-09
0.11692 -1.93335e-09
0.11701 -2.29819e-09
0.1171 -1.90114e-09
0.11719 -1.71696e-09
0.11728 -1.59172e-09
0.11737 -1.30647e-09
0.11746 -1.14993e-09
0.11755 -1.29843e-09
0.11764 -1.19929e-09
0.11773 -1.10792e-09
0.117819 -1.2016e-09
0.117909 -1.16787e-09
0.117999 -5.64805e-10
0.118089 -2.49051e-10
0.118179 -1.18438e-10
0.118269 2.8825e-11
0.118359 3.03583e-11
0.118449 1.19859e-10
0.118539 1.63967e-10
0.118629 -5.98875e-11
0.118718 2.87479e-10
0.118808 6.70274e-10
0.118898 1.33816e-09
0.118988 1.17628e-09
0.119078 7.1113e-10
0.119168 -1.12852e-10
0.119258 -9.94629e-10
0.119348 -1.59853e-09
0.119438 -2.44479e-09
0.119528 -3.32466e-09
0.119617 -5.1424e-09
0.119707 -6.95313e-09
0.119797 -8.65304e-09
0.119887 -1.02816e-08
0.119977 -1.1401e-08
0.120067 -1.14109e-08
0.120157 -1.19804e-08
0.120247 -1.19372e-08
0.120337 -1.19042e-08
0.120427 -1.17467e-08
0.120517 -1.15759e-08
0.120606 -1.12547e-08
0.120696 -1.08045e-08
0.120786 -1.01407e-08
0.120876 -9.57011e-09
0.120966 -9.00225e-09
0.121056 -8.38342e-09
0.121146 -7.94312e-09
0.121236 -7.47174e-09
0.121326 -7.12396e-09
0.121416 -6.6001e-09
0.121505 -6.3782e-09
0.121595 -5.92957e-09
0.121685 -5.62488e-09
0.121775 -5.6833e-09
0.121865 -5.11204e-09
0.121955 -4.29738e-09
0.122045 -3.71902e-09
0.122135 -3.24623e-09
0.122225 -2.9955e-09
0.122315 -2.73546e-09
0.122405 -1.87568e-09
0.122494 -1.26887e-09
0.122584 -4.92821e-10
0.122674 5.23593e-11
0.122764 5.25e-10
0.122854 6.0888e-10
0.122944 -1.43329e-10
0.123034 -1.37767e-09
0.123124 -2.59212e-09
0.123214 -3.36137e-09
0.123304 -6.75153e-09
0.123393 -9.87641e-09
0.123483 -1.23369e-08
0.123573 -1.48296e-08
0.123663 -1.69962e-08
0.123753 -1.84286e-08
0.123843 -1.90555e-08
0.123933 -1.87492e-08
0.124023 -1.79873e-08
0.124113 -1.70367e-08
0.124203 -1.69019e-08
0.124293 -1.67387e-08
0.124382 -1.55634e-08
0.124472 -1.45378e-08
0.124562 -1.36381e-08
0.124652 -1.28999e-08
0.124742 -1.22834e-08
0.124832 -1.22548e-08
0.124922 -1.25009e-08
0.125012 -1.29736e-08
0.125102 -1.32459e-08
0.125192 -1.36545e-08
0.125281 -1.35584e-08
0.125371 -1.36015e-08
0.125461 -1.40215e-08
0.125551 -1.3761e-08
0.125641 -1.36011e-08
0.125731 -1.3024e-08
0.125821 -1.20482e-08
0.125911 -1.07423e-08
0.126001 -9.28308e-09
0.126091 -7.65799e-09
0.126181 -6.35015e-09
0.12627 -5.00641e-09
0.12636 -3.92044e-09
0.12645 -3.91657e-09
0.12654 -3.70082e-09
0.12663 -3.70027e-09
0.12672 -3.72776e-09
0.12681 -4.09657e-09
0.1269 -5.8595e-09
0.12699 -6.93187e-09
0.12708 -8.69389e-09
0.127169 -1.05608e-08
0.127259 -1.26095e-08
0.127349 -1.42234e-08
0.127439 -1.55019e-08
0.127529 -1.57197e-08
0.127619 -1.60743e-08
0.127709 -1.50949e-08
0.127799 -1.4664e-08
0.127889 -1.41259e-08
0.127979 -1.3296e-08
0.128068 -1.25154e-08
0.128158 -1.37886e-08
0.128248 -1.4685e-08
0.128338 -1.528e-08
0.128428 -1.63087e-08
0.128518 -1.72729e-08
0.128608 -1.96039e-08
0.128698 -2.0906e-08
0.128788 -2.29358e-08
0.128878 -2.38282e-08
0.128968 -2.49062e-08
0.129057 -2.59061e-08
0.129147 -2.66253e-08
0.129237 -2.66249e-08
0.129327 -2.67203e-08
0.129417 -2.7292e-08
0.129507 -2.76188e-08
0.129597 -2.8276e-08
0.129687 -2.87337e-08
0.129777 -2.79371e-08
0.129867 -2.74485e-08
0.129956 -2.70604e-08
0.130046 -2.70953e-08
0.130136 -2.61643e-08
0.130226 -2.59699e-08
0.130316 -2.61929e-08
0.130406 -2.64241e-08
0.130496 -2.64076e-08
0.130586 -2.60828e-08
0.130676 -2.61032e-08
0.130766 -2.60084e-08
0.130856 -2.5391e-08
0.130945 -2.5133e-08
0.131035 -2.45982e-08
0.131125 -2.36894e-08
0.131215 -2.33129e-08
0.131305 -2.2996e-08
0.131395 -2.32393e-08
0.131485 -2.27482e-08
0.131575 -2.17906e-08
0.131665 -2.15478e-08
0.131755 -2.18579e-08
0.131844 -2.18639e-08
0.131934 -2.21651e-08
0.132024 -2.23033e-08
0.132114 -2.30352e-08
0.132204 -2.44979e-08
0.132294 -2.40813e-08
0.132384 -2.36508e-08
0.132474 -2.17707e-08
0.132564 -2.20617e-08
0.132654 -2.23751e-08
0.132744 -2.24337e-08
0.132833 -2.27262e-08
0.132923 -2.26962e-08
0.133013 -2.29507e-08
0.133103 -2.28379e-08
0.133193 -2.28424e-08
0.133283 -2.14344e-08
0.133373 -2.08058e-08
0.133463 -2.14023e-08
0.133553 -2.31978e-08
0.133643 -2.38003e-08
0.133732 -2.48655e-08
0.133822 -2.68437e-08
0.133912 -2.85954e-08
0.134002 -2.8083e-08
0.134092 -2.85252e-08
0.134182 -2.80834e-08
0.134272 -2.78797e-08
0.134362 -2.77539e-08
0.134452 -2.8444e-08
0.134542 -2.89595e-08
0.134631 -2.88875e-08
0.134721 -2.81125e-08
0.134811 -2.79282e-08
