-0.134811 8.90328e-07
-0.134721 8.87406e-07
-0.134631 8.80878e-07
-0.134542 8.74426e-07
-0.134452 8.68416e-07
-0.134362 8.64432e-07
-0.134272 8.62701e-07
-0.134182 8.61242e-07
-0.134092 8.60758e-07
-0.134002 8.60488e-07
-0.133912 8.60261e-07
-0.133822 8.60332e-07
-0.133732 8.60051e-07
-0.133642 8.59811e-07
-0.133553 8.59622e-07
-0.133463 8.59689e-07
-0.133373 8.59923e-07
-0.133283 8.60343e-07
-0.133193 8.60688e-07
-0.133103 8.6129e-07
-0.133013 8.61735e-07
-0.132923 8.62271e-07
-0.132833 8.62423e-07
-0.132743 8.61522e-07
-0.132654 8.59999e-07
-0.132564 8.58419e-07
-0.132474 8.56563e-07
-0.132384 8.54843e-07
-0.132294 8.4885e-07
-0.132204 8.41182e-07
-0.132114 8.37936e-07
-0.132024 8.37979e-07
-0.131934 8.37364e-07
-0.131844 8.38265e-07
-0.131754 8.38234e-07
-0.131665 8.393e-07
-0.131575 8.4114e-07
-0.131485 8.44612e-07
-0.131395 8.45989e-07
-0.131305 8.46688e-07
-0.131215 8.47491e-07
-0.131125 8.48574e-07
-0.131035 8.52744e-07
-0.130945 8.60741e-07
-0.130855 7.6212e-07
-0.130766 6.59502e-07
-0.130676 6.63507e-07
-0.130586 6.65243e-07
-0.130496 6.67953e-07
-0.130406 6.72786e-07
-0.130316 6.75005e-07
-0.130226 6.77084e-07
-0.130136 6.79975e-07
-0.130046 6.87227e-07
-0.129956 5.90966e-07
-0.129867 4.87248e-07
-0.129777 4.91885e-07
-0.129687 4.93315e-07
-0.129597 4.93892e-07
-0.129507 4.93431e-07
-0.129417 4.93077e-07
-0.129327 4.92671e-07
-0.129237 4.92929e-07
-0.129147 4.93314e-07
-0.129057 4.93691e-07
-0.128967 4.92864e-07
-0.128878 4.91789e-07
-0.128788 4.91307e-07
-0.128698 4.90124e-07
-0.128608 4.89603e-07
-0.128518 4.90007e-07
-0.128428 4.91122e-07
-0.128338 4.91983e-07
-0.128248 4.92697e-07
-0.128158 4.92291e-07
-0.128068 4.92067e-07
-0.127979 4.91687e-07
-0.127889 4.92311e-07
-0.127799 4.92625e-07
-0.127709 4.92784e-07
-0.127619 4.93015e-07
-0.127529 4.93137e-07
-0.127439 4.93042e-07
-0.127349 4.92471e-07
-0.127259 4.9214e-07
-0.127169 4.91967e-07
-0.127079 4.92628e-07
-0.12699 4.93166e-07
-0.1269 4.93556e-07
-0.12681 4.93402e-07
-0.12672 4.93116e-07
-0.12663 4.92815e-07
-0.12654 4.92681e-07
-0.12645 4.9172e-07
-0.12636 4.91041e-07
-0.12627 4.90471e-07
-0.12618 4.89688e-07
-0.126091 4.88634e-07
-0.126001 4.8697e-07
-0.125911 4.85537e-07
-0.125821 4.84485e-07
-0.125731 4.82996e-07
-0.125641 4.82879e-07
-0.125551 4.82826e-07
-0.125461 4.82806e-07
-0.125371 4.84045e-07
-0.125281 4.84852e-07
-0.125191 4.85227e-07
-0.125102 4.85842e-07
-0.125012 4.85911e-07
-0.124922 4.86403e-07
-0.124832 4.86847e-07
-0.124742 4.87516e-07
-0.124652 4.88104e-07
-0.124562 4.88042e-07
-0.124472 4.88007e-07
-0.124382 4.8782e-07
-0.124292 4.87472e-07
-0.124203 4.87041e-07
-0.124113 4.86039e-07
-0.124023 4.84773e-07
-0.123933 4.83368e-07
-0.123843 4.81016e-07
-0.123753 4.77402e-07
-0.123663 4.72232e-07
-0.123573 4.68394e-07
-0.123483 4.65183e-07
-0.123393 4.62808e-07
-0.123304 4.60876e-07
-0.123214 4.61067e-07
-0.123124 4.62284e-07
-0.123034 4.6343e-07
-0.122944 4.64453e-07
-0.122854 4.64298e-07
-0.122764 4.64083e-07
-0.122674 4.64618e-07
-0.122584 4.65941e-07
-0.122494 3.73213e-07
-0.122404 2.81741e-07
-0.122315 2.80837e-07
-0.122225 2.81276e-07
-0.122135 2.82141e-07
-0.122045 2.8007e-07
-0.121955 2.76059e-07
-0.121865 2.74265e-07
-0.121775 2.71978e-07
-0.121685 2.68671e-07
-0.121595 2.65445e-07
-0.121505 2.6319e-07
-0.121416 2.61131e-07
-0.121326 2.59493e-07
-0.121236 2.58848e-07
-0.121146 2.58862e-07
-0.121056 2.59706e-07
-0.120966 2.6012e-07
-0.120876 2.59778e-07
-0.120786 2.58926e-07
-0.120696 2.58632e-07
-0.120606 2.59243e-07
-0.120516 2.59777e-07
-0.120427 2.60731e-07
-0.120337 2.62303e-07
-0.120247 2.62946e-07
-0.120157 2.62656e-07
-0.120067 2.62253e-07
-0.119977 2.61507e-07
-0.119887 2.61587e-07
-0.119797 2.61807e-07
-0.119707 2.61654e-07
-0.119617 2.6137e-07
-0.119528 2.60864e-07
-0.119438 2.60213e-07
-0.119348 2.59605e-07
-0.119258 2.58674e-07
-0.119168 2.58022e-07
-0.119078 2.57189e-07
-0.118988 2.56088e-07
-0.118898 2.54812e-07
-0.118808 2.52965e-07
-0.118718 2.51481e-07
-0.118628 2.49967e-07
-0.118539 2.4861e-07
-0.118449 2.46891e-07
-0.118359 2.45621e-07
-0.118269 2.44319e-07
-0.118179 2.43209e-07
-0.118089 2.41774e-07
-0.117999 2.40582e-07
-0.117909 2.39879e-07
-0.117819 2.39427e-07
-0.117729 2.39315e-07
-0.11764 2.39183e-07
-0.11755 2.38702e-07
-0.11746 2.39004e-07
-0.11737 2.40961e-07
-0.11728 2.42888e-07
-0.11719 2.45811e-07
-0.1171 2.47508e-07
-0.11701 2.49361e-07
-0.11692 2.50373e-07
-0.11683 2.50602e-07
-0.116741 2.50471e-07
-0.116651 2.50311e-07
-0.116561 2.50081e-07
-0.116471 2.49911e-07
-0.116381 2.48886e-07
-0.116291 2.47627e-07
-0.116201 2.46078e-07
-0.116111 2.44379e-07
-0.116021 2.43139e-07
-0.115931 2.41691e-07
-0.115841 2.39971e-07
-0.115752 2.38414e-07
-0.115662 2.36519e-07
-0.115572 2.35128e-07
-0.115482 2.33942e-07
-0.115392 2.32743e-07
-0.115302 2.31528e-07
-0.115212 2.30686e-07
-0.115122 2.29959e-07
-0.115032 2.29422e-07
-0.114942 2.28856e-07
-0.114853 2.28704e-07
-0.114763 2.28576e-07
-0.114673 2.28329e-07
-0.114583 2.2799e-07
-0.114493 2.27631e-07
-0.114403 2.266e-07
-0.114313 2.25659e-07
-0.114223 2.24335e-07
-0.114133 2.23918e-07
-0.114043 2.24349e-07
-0.113953 2.25231e-07
-0.113864 2.25847e-07
-0.113774 2.27776e-07
-0.113684 2.28836e-07
-0.113594 2.30371e-07
-0.113504 2.31304e-07
-0.113414 2.32082e-07
-0.113324 2.33641e-07
-0.113234 2.34774e-07
-0.113144 2.35232e-07
-0.113054 2.34997e-07
-0.112965 2.34199e-07
-0.112875 2.33491e-07
-0.112785 2.32983e-07
-0.112695 2.32275e-07
-0.112605 2.32055e-07
-0.112515 2.3116e-07
-0.112425 2.30587e-07
-0.112335 2.30505e-07
-0.112245 2.29507e-07
-0.112155 2.27711e-07
-0.112065 2.26357e-07
-0.111976 2.24766e-07
-0.111886 2.22893e-07
-0.111796 2.20821e-07
-0.111706 2.19015e-07
-0.111616 2.16974e-07
-0.111526 2.14435e-07
-0.111436 2.0888e-07
-0.111346 1.96815e-07
-0.111256 1.83736e-07
-0.111166 1.74352e-07
-0.111077 1.66406e-07
-0.110987 1.62047e-07
-0.110897 1.58065e-07
-0.110807 1.54662e-07
-0.110717 1.51684e-07
-0.110627 1.49983e-07
-0.110537 1.49674e-07
-0.110447 1.45818e-07
-0.110357 1.42414e-07
-0.110267 1.40023e-07
-0.110178 1.38003e-07
-0.110088 1.36314e-07
-0.109998 1.34463e-07
-0.109908 1.33222e-07
-0.109818 1.31462e-07
-0.109728 1.29933e-07
-0.109638 1.28389e-07
-0.109548 1.27494e-07
-0.109458 1.26452e-07
-0.109368 1.25255e-07
-0.109278 1.24066e-07
-0.109189 1.2261e-07
-0.109099 1.20966e-07
-0.109009 1.19196e-07
-0.108919 1.17773e-07
-0.108829 1.16852e-07
-0.108739 1.16338e-07
-0.108649 1.16065e-07
-0.108559 1.1578e-07
-0.108469 1.15186e-07
-0.108379 1.15118e-07
-0.10829 1.15716e-07
-0.1082 1.15617e-07
-0.10811 1.15465e-07
-0.10802 1.16005e-07
-0.10793 1.17321e-07
-0.10784 1.19665e-07
-0.10775 1.21031e-07
-0.10766 1.23119e-07
-0.10757 1.33103e-07
-0.10748 4.31153e-08
-0.10739 5.97514e-08
-0.107301 4.81238e-08
-0.107211 6.94087e-09
-0.107121 8.96412e-09
-0.107031 1.10445e-08
-0.106941 9.66825e-09
-0.106851 1.16179e-08
-0.106761 1.26501e-08
-0.106671 1.43112e-08
-0.106581 1.53113e-08
-0.106491 1.61265e-08
-0.106402 1.80897e-08
-0.106312 1.87556e-08
-0.106222 1.95966e-08
-0.106132 2.16538e-08
-0.106042 2.49025e-08
-0.105952 3.33125e-08
-0.105862 4.90244e-08
-0.105772 5.92625e-08
-0.105682 6.28976e-08
-0.105592 6.42212e-08
-0.105502 6.43685e-08
-0.105413 6.33645e-08
-0.105323 5.93309e-08
-0.105233 5.61459e-08
-0.105143 5.20409e-08
-0.105053 4.96823e-08
-0.104963 4.6962e-08
-0.104873 4.43755e-08
-0.104783 4.21277e-08
-0.104693 4.07335e-08
-0.104603 3.90182e-08
-0.104514 3.70775e-08
-0.104424 3.54924e-08
-0.104334 3.45014e-08
-0.104244 3.33638e-08
-0.104154 3.11348e-08
-0.104064 2.74826e-08
-0.103974 2.39691e-08
-0.103884 2.02604e-08
-0.103794 1.68606e-08
-0.103704 1.36851e-08
-0.103614 1.19649e-08
-0.103525 1.02581e-08
-0.103435 8.09533e-09
-0.103345 2.08352e-09
-0.103255 -7.9857e-09
-0.103165 -2.3578e-08
-0.103075 -3.54129e-08
-0.102985 -3.88029e-08
-0.102895 -4.05836e-08
-0.102805 -4.13606e-08
-0.102715 -4.19091e-08
-0.102626 -4.27419e-08
-0.102536 -4.41218e-08
-0.102446 -4.55358e-08
-0.102356 -4.71326e-08
-0.102266 -4.87762e-08
-0.102176 -5.01006e-08
-0.102086 -5.09561e-08
-0.101996 -5.22119e-08
-0.101906 -5.31818e-08
-0.101816 -5.42047e-08
-0.101727 -5.52321e-08
-0.101637 -5.62938e-08
-0.101547 -5.71877e-08
-0.101457 -5.80167e-08
-0.101367 -5.88767e-08
-0.101277 -5.97184e-08
-0.101187 -6.08711e-08
-0.101097 -6.21741e-08
-0.101007 -6.36077e-08
-0.100917 -6.48387e-08
-0.100827 -6.58681e-08
-0.100738 -6.69571e-08
-0.100648 -6.81625e-08
-0.100558 -6.96612e-08
-0.100468 -7.09555e-08
-0.100378 -7.21829e-08
-0.100288 -7.32739e-08
-0.100198 -7.43919e-08
-0.100108 -7.50996e-08
-0.100018 -7.56223e-08
-0.0999284 -7.63922e-08
-0.0998385 -7.71013e-08
-0.0997486 -7.79508e-08
-0.0996587 -7.85689e-08
-0.0995688 -7.8954e-08
-0.0994789 -7.90478e-08
-0.099389 -7.94502e-08
-0.0992991 -7.99143e-08
-0.0992092 -8.00102e-08
-0.0991193 -7.98718e-08
-0.0990294 -7.94616e-08
-0.0989395 -7.68746e-08
-0.0988496 -7.45687e-08
-0.0987597 -7.25125e-08
-0.0986698 -7.04162e-08
-0.0985799 -6.90885e-08
-0.09849 -6.79759e-08
-0.0984001 -6.72135e-08
-0.0983102 -6.65702e-08
-0.0982202 -6.64332e-08
-0.0981303 -6.60989e-08
-0.0980404 -6.55824e-08
-0.0979505 -6.54274e-08
-0.0978606 -6.60283e-08
-0.0977707 -6.66575e-08
-0.0976808 -6.70666e-08
-0.0975909 -6.73722e-08
-0.097501 -6.80338e-08
-0.0974111 -6.90584e-08
-0.0973212 -6.99304e-08
-0.0972313 -7.02953e-08
-0.0971414 -7.10968e-08
-0.0970515 -7.23066e-08
-0.0969616 -7.30224e-08
-0.0968717 -7.47375e-08
-0.0967818 -7.5561e-08
-0.0966919 -7.57889e-08
-0.096602 -7.65614e-08
-0.0965121 -7.50846e-08
-0.0964222 -7.06661e-08
-0.0963323 -6.04161e-08
-0.0962424 -4.97922e-08
-0.0961525 -4.48095e-08
-0.0960626 -3.80898e-08
-0.0959726 -3.33295e-08
-0.0958827 -3.07527e-08
-0.0957928 -3.06386e-08
-0.0957029 -3.1907e-08
-0.095613 -3.27132e-08
-0.0955231 -3.24908e-08
-0.0954332 -3.20837e-08
-0.0953433 -3.17815e-08
-0.0952534 -3.17792e-08
-0.0951635 -3.13284e-08
-0.0950736 -3.125e-08
-0.0949837 -3.16958e-08
-0.0948938 -3.20387e-08
-0.0948039 -3.19991e-08
-0.094714 -3.20525e-08
-0.0946241 -3.15983e-08
-0.0945342 -3.11542e-08
-0.0944443 -3.07295e-08
-0.0943544 -3.06571e-08
-0.0942645 -3.06214e-08
-0.0941746 -3.06788e-08
-0.0940847 -3.0763e-08
-0.0939948 -3.0509e-08
-0.0939049 -2.98203e-08
-0.0938149 -2.89265e-08
-0.093725 -2.80094e-08
-0.0936351 -2.75064e-08
-0.0935452 -2.70617e-08
-0.0934553 -2.67443e-08
-0.0933654 -2.63969e-08
-0.0932755 -2.54133e-08
-0.0931856 -2.39858e-08
-0.0930957 -2.24972e-08
-0.0930058 -2.13997e-08
-0.0929159 -2.06361e-08
-0.092826 -2.02795e-08
-0.0927361 -2.04413e-08
-0.0926462 -2.05998e-08
-0.0925563 -2.05128e-08
-0.0924664 -2.05394e-08
-0.0923765 -2.0591e-08
-0.0922866 -2.08629e-08
-0.0921967 -2.15504e-08
-0.0921068 -2.25105e-08
-0.0920169 -2.32329e-08
-0.091927 -2.39114e-08
-0.0918371 -2.45703e-08
-0.0917472 -2.52172e-08
-0.0916572 -2.57095e-08
-0.0915673 -2.62081e-08
-0.0914774 -2.66823e-08
-0.0913875 -2.70913e-08
-0.0912976 -2.75471e-08
-0.0912077 -2.79882e-08
-0.0911178 -2.8374e-08
-0.0910279 -2.88351e-08
-0.090938 -2.92853e-08
-0.0908481 -2.96734e-08
-0.0907582 -2.99289e-08
-0.0906683 -2.99566e-08
-0.0905784 -2.98868e-08
-0.0904885 -2.97356e-08
-0.0903986 -2.94741e-08
-0.0903087 -2.90988e-08
-0.0902188 -2.84581e-08
-0.0901289 -2.77952e-08
-0.090039 -2.69075e-08
-0.0899491 -2.61578e-08
-0.0898592 -2.54423e-08
-0.0897693 -2.46344e-08
-0.0896794 -2.39891e-08
-0.0895895 -2.34026e-08
-0.0894995 -2.29272e-08
-0.0894096 -2.25131e-08
-0.0893197 -2.22442e-08
-0.0892298 -2.20749e-08
-0.0891399 -2.20234e-08
-0.08905 -2.19871e-08
-0.0889601 -2.20497e-08
-0.0888702 -2.1996e-08
-0.0887803 -2.20786e-08
-0.0886904 -2.21674e-08
-0.0886005 -2.22013e-08
-0.0885106 -2.22773e-08
-0.0884207 -2.23425e-08
-0.0883308 -2.23475e-08
-0.0882409 -2.23746e-08
-0.088151 -2.23761e-08
-0.0880611 -2.23615e-08
-0.0879712 -2.24581e-08
-0.0878813 -2.25269e-08
-0.0877914 -2.26042e-08
-0.0877015 -2.27065e-08
-0.0876116 -2.28146e-08
-0.0875217 -2.29739e-08
-0.0874318 -2.29827e-08
-0.0873418 -2.30044e-08
-0.0872519 -2.29725e-08
-0.087162 -2.28728e-08
-0.0870721 -2.28001e-08
-0.0869822 -2.27063e-08
-0.0868923 -2.25301e-08
-0.0868024 -2.24503e-08
-0.0867125 -2.23606e-08
-0.0866226 -2.21993e-08
-0.0865327 -2.20163e-08
-0.0864428 -2.18409e-08
-0.0863529 -2.18033e-08
-0.086263 -2.19115e-08
-0.0861731 -2.20292e-08
-0.0860832 -2.21766e-08
-0.0859933 -2.23105e-08
-0.0859034 -2.23328e-08
-0.0858135 -2.22898e-08
-0.0857236 -2.21737e-08
-0.0856337 -2.20503e-08
-0.0855438 -2.1838e-08
-0.0854539 -2.16849e-08
-0.085364 -2.16974e-08
-0.0852741 -2.17072e-08
-0.0851841 -2.17701e-08
-0.0850942 -2.19358e-08
-0.0850043 -2.20559e-08
-0.0849144 -2.21902e-08
-0.0848245 -2.24236e-08
-0.0847346 -2.26993e-08
-0.0846447 -2.28537e-08
-0.0845548 -2.31283e-08
-0.0844649 -2.34609e-08
-0.084375 -2.37522e-08
-0.0842851 -2.39141e-08
-0.0841952 -2.40012e-08
-0.0841053 -2.4013e-08
-0.0840154 -2.39745e-08
-0.0839255 -2.39228e-08
-0.0838356 -2.40195e-08
-0.0837457 -2.41474e-08
-0.0836558 -2.42845e-08
-0.0835659 -2.44215e-08
-0.083476 -2.46565e-08
-0.0833861 -2.48596e-08
-0.0832962 -2.50007e-08
-0.0832063 -2.51448e-08
-0.0831164 -2.51856e-08
-0.0830264 -2.50479e-08
-0.0829365 -2.48841e-08
-0.0828466 -2.4564e-08
-0.0827567 -2.41902e-08
-0.0826668 -2.37053e-08
-0.0825769 -2.33011e-08
-0.082487 -2.28265e-08
-0.0823971 -2.22883e-08
-0.0823072 -2.17367e-08
-0.0822173 -2.10941e-08
-0.0821274 -2.05234e-08
-0.0820375 -1.99672e-08
-0.0819476 -1.94201e-08
-0.0818577 -1.90133e-08
-0.0817678 -1.86014e-08
-0.0816779 -1.82449e-08
-0.081588 -1.79941e-08
-0.0814981 -1.76805e-08
-0.0814082 -1.73703e-08
-0.0813183 -1.70333e-08
-0.0812284 -1.68655e-08
-0.0811385 -1.68909e-08
-0.0810486 -1.69032e-08
-0.0809587 -1.69617e-08
-0.0808687 -1.70871e-08
-0.0807788 -1.72421e-08
-0.0806889 -1.74894e-08
-0.080599 -1.78119e-08
-0.0805091 -1.80788e-08
-0.0804192 -1.8269e-08
-0.0803293 -1.85297e-08
-0.0802394 -1.88314e-08
-0.0801495 -1.91123e-08
-0.0800596 -1.92819e-08
-0.0799697 -1.9192e-08
-0.0798798 -1.91644e-08
-0.0797899 -1.91935e-08
-0.0797 -1.92711e-08
-0.0796101 -1.92954e-08
-0.0795202 -1.92119e-08
-0.0794303 -1.93435e-08
-0.0793404 -1.95438e-08
-0.0792505 -1.9633e-08
-0.0791606 -1.97062e-08
-0.0790707 -1.96904e-08
-0.0789808 -1.96171e-08
-0.0788909 -1.95841e-08
-0.078801 -1.94737e-08
-0.078711 -1.92032e-08
-0.0786211 -1.89453e-08
-0.0785312 -1.84824e-08
-0.0784413 -1.79931e-08
-0.0783514 -1.77778e-08
-0.0782615 -1.74187e-08
-0.0781716 -1.69732e-08
-0.0780817 -1.65289e-08
-0.0779918 -1.60453e-08
-0.0779019 -1.56779e-08
-0.077812 -1.53563e-08
-0.0777221 -1.49572e-08
-0.0776322 -1.45479e-08
-0.0775423 -1.41345e-08
-0.0774524 -1.38355e-08
-0.0773625 -1.35587e-08
-0.0772726 -1.31923e-08
-0.0771827 -1.28427e-08
-0.0770928 -1.25375e-08
-0.0770029 -1.23663e-08
-0.076913 -1.22914e-08
-0.0768231 -1.22737e-08
-0.0767332 -1.22862e-08
-0.0766433 -1.23645e-08
-0.0765534 -1.24224e-08
-0.0764634 -1.25504e-08
-0.0763735 -1.26374e-08
-0.0762836 -1.25366e-08
-0.0761937 -1.23889e-08
-0.0761038 -1.23578e-08
-0.0760139 -1.23618e-08
-0.075924 -1.24244e-08
-0.0758341 -1.25204e-08
-0.0757442 -1.25651e-08
-0.0756543 -1.25752e-08
-0.0755644 -1.25743e-08
-0.0754745 -1.2629e-08
-0.0753846 -1.28383e-08
-0.0752947 -1.30138e-08
-0.0752048 -1.31919e-08
-0.0751149 -1.33842e-08
-0.075025 -1.35911e-08
-0.0749351 -1.36615e-08
-0.0748452 -1.37599e-08
-0.0747553 -1.39065e-08
-0.0746654 -1.40557e-08
-0.0745755 -1.41623e-08
-0.0744856 -1.42423e-08
-0.0743957 -1.42046e-08
-0.0743057 -1.41315e-08
-0.0742158 -1.41011e-08
-0.0741259 -1.41072e-08
-0.074036 -1.40621e-08
-0.0739461 -1.40236e-08
-0.0738562 -1.39613e-08
-0.0737663 -1.38726e-08
-0.0736764 -1.38587e-08
-0.0735865 -1.39562e-08
-0.0734966 -1.40161e-08
-0.0734067 -1.40964e-08
-0.0733168 -1.41438e-08
-0.0732269 -1.4217e-08
-0.073137 -1.43023e-08
-0.0730471 -1.4407e-08
-0.0729572 -1.45101e-08
-0.0728673 -1.45854e-08
-0.0727774 -1.46968e-08
-0.0726875 -1.48067e-08
-0.0725976 -1.50244e-08
-0.0725077 -1.53321e-08
-0.0724178 -1.56691e-08
-0.0723279 -1.5995e-08
-0.072238 -1.63592e-08
-0.072148 -1.67645e-08
-0.0720581 -1.7099e-08
-0.0719682 -1.74169e-08
-0.0718783 -1.77329e-08
-0.0717884 -1.80898e-08
-0.0716985 -1.83968e-08
-0.0716086 -1.86533e-08
-0.0715187 -1.8889e-08
-0.0714288 -1.91508e-08
-0.0713389 -1.94336e-08
-0.071249 -1.96949e-08
-0.0711591 -1.9993e-08
-0.0710692 -2.02843e-08
-0.0709793 -2.05333e-08
-0.0708894 -2.07878e-08
-0.0707995 -2.10737e-08
-0.0707096 -2.13468e-08
-0.0706197 -2.16452e-08
-0.0705298 -2.19108e-08
-0.0704399 -2.21333e-08
-0.07035 -2.23786e-08
-0.0702601 -2.25948e-08
-0.0701702 -2.29232e-08
-0.0700803 -2.3237e-08
-0.0699903 -2.35225e-08
-0.0699004 -2.38211e-08
-0.0698105 -2.41415e-08
-0.0697206 -2.44512e-08
-0.0696307 -2.47297e-08
-0.0695408 -2.49604e-08
-0.0694509 -2.51456e-08
-0.069361 -2.53004e-08
-0.0692711 -2.54503e-08
-0.0691812 -2.56103e-08
-0.0690913 -2.58281e-08
-0.0690014 -2.61134e-08
-0.0689115 -2.63822e-08
-0.0688216 -2.6639e-08
-0.0687317 -2.69196e-08
-0.0686418 -2.71428e-08
-0.0685519 -2.72825e-08
-0.068462 -2.73339e-08
-0.0683721 -2.73932e-08
-0.0682822 -2.74193e-08
-0.0681923 -2.74225e-08
-0.0681024 -2.73736e-08
-0.0680125 -2.72452e-08
-0.0679226 -2.71705e-08
-0.0678326 -2.70776e-08
-0.0677427 -2.69519e-08
-0.0676528 -2.68185e-08
-0.0675629 -2.67019e-08
-0.067473 -2.65915e-08
-0.0673831 -2.64529e-08
-0.0672932 -2.63688e-08
-0.0672033 -2.62353e-08
-0.0671134 -2.61262e-08
-0.0670235 -2.60233e-08
-0.0669336 -2.58827e-08
-0.0668437 -2.56926e-08
-0.0667538 -2.54326e-08
-0.0666639 -2.51583e-08
-0.066574 -2.49075e-08
-0.0664841 -2.475e-08
-0.0663942 -2.46206e-08
-0.0663043 -2.44858e-08
-0.0662144 -2.43811e-08
-0.0661245 -2.42835e-08
-0.0660346 -2.42326e-08
-0.0659447 -2.42179e-08
-0.0658548 -2.41706e-08
-0.0657649 -2.40589e-08
-0.0656749 -2.39815e-08
-0.065585 -2.3932e-08
-0.0654951 -2.38774e-08
-0.0654052 -2.38017e-08
-0.0653153 -2.37745e-08
-0.0652254 -2.36606e-08
-0.0651355 -2.35806e-08
-0.0650456 -2.35316e-08
-0.0649557 -2.34426e-08
-0.0648658 -2.33755e-08
-0.0647759 -2.32647e-08
-0.064686 -2.31853e-08
-0.0645961 -2.31568e-08
-0.0645062 -2.31859e-08
-0.0644163 -2.32532e-08
-0.0643264 -2.33344e-08
-0.0642365 -2.34406e-08
-0.0641466 -2.35435e-08
-0.0640567 -2.36693e-08
-0.0639668 -2.38558e-08
-0.0638769 -2.40372e-08
-0.063787 -2.42216e-08
-0.0636971 -2.43969e-08
-0.0636072 -2.46303e-08
-0.0635172 -2.49103e-08
-0.0634273 -2.51617e-08
-0.0633374 -2.54259e-08
-0.0632475 -2.56051e-08
-0.0631576 -2.57827e-08
-0.0630677 -2.59758e-08
-0.0629778 -2.61545e-08
-0.0628879 -2.63387e-08
-0.062798 -2.6491e-08
-0.0627081 -2.6557e-08
-0.0626182 -2.66093e-08
-0.0625283 -2.66736e-08
-0.0624384 -2.67798e-08
-0.0623485 -2.68235e-08
-0.0622586 -2.6769e-08
-0.0621687 -2.6565e-08
-0.0620788 -2.62825e-08
-0.0619889 -2.58959e-08
-0.061899 -2.54411e-08
-0.0618091 -2.48758e-08
-0.0617192 -2.41204e-08
-0.0616293 -2.3237e-08
-0.0615394 -2.23481e-08
-0.0614495 -2.13409e-08
-0.0613595 -2.02929e-08
-0.0612696 -1.92627e-08
-0.0611797 -1.8484e-08
-0.0610898 -1.79304e-08
-0.0609999 -1.72873e-08
-0.06091 -1.67344e-08
-0.0608201 -1.62158e-08
-0.0607302 -1.57082e-08
-0.0606403 -1.53056e-08
-0.0605504 -1.49166e-08
-0.0604605 -1.45423e-08
-0.0603706 -1.41099e-08
-0.0602807 -1.37489e-08
-0.0601908 -1.33881e-08
-0.0601009 -1.31321e-08
-0.060011 -1.29379e-08
-0.0599211 -1.26354e-08
-0.0598312 -1.24196e-08
-0.0597413 -1.22919e-08
-0.0596514 -1.22684e-08
-0.0595615 -1.22933e-08
-0.0594716 -1.23639e-08
-0.0593817 -1.24551e-08
-0.0592918 -1.25148e-08
-0.0592018 -1.2481e-08
-0.0591119 -1.24193e-08
-0.059022 -1.23366e-08
-0.0589321 -1.22311e-08
-0.0588422 -1.21438e-08
-0.0587523 -1.20958e-08
-0.0586624 -1.19674e-08
-0.0585725 -1.18764e-08
-0.0584826 -1.17964e-08
-0.0583927 -1.1763e-08
-0.0583028 -1.17425e-08
-0.0582129 -1.17229e-08
-0.058123 -1.1732e-08
-0.0580331 -1.16994e-08
-0.0579432 -1.1581e-08
-0.0578533 -1.14715e-08
-0.0577634 -1.13384e-08
-0.0576735 -1.11822e-08
-0.0575836 -1.10149e-08
-0.0574937 -1.08577e-08
-0.0574038 -1.06386e-08
-0.0573139 -1.03711e-08
-0.057224 -1.01236e-08
-0.0571341 -9.88856e-09
-0.0570442 -9.64653e-09
-0.0569542 -9.33421e-09
-0.0568643 -8.95809e-09
-0.0567744 -8.67618e-09
-0.0566845 -8.25119e-09
-0.0565946 -7.84717e-09
-0.0565047 -7.39377e-09
-0.0564148 -6.79679e-09
-0.0563249 -6.07359e-09
-0.056235 -5.29249e-09
-0.0561451 -4.43585e-09
-0.0560552 -3.51212e-09
-0.0559653 -2.57661e-09
-0.0558754 -1.72129e-09
-0.0557855 -7.35422e-10
-0.0556956 3.52981e-10
-0.0556057 1.48819e-09
-0.0555158 2.61823e-09
-0.0554259 3.63396e-09
-0.055336 4.39612e-09
-0.0552461 4.95563e-09
-0.0551562 5.51487e-09
-0.0550663 6.12638e-09
-0.0549764 6.5845e-09
-0.0548865 6.89835e-09
-0.0547965 7.10955e-09
-0.0547066 7.29216e-09
-0.0546167 7.43389e-09
-0.0545268 7.54069e-09
-0.0544369 7.60448e-09
-0.054347 7.51686e-09
-0.0542571 7.32617e-09
-0.0541672 7.09e-09
-0.0540773 6.82888e-09
-0.0539874 6.56605e-09
-0.0538975 6.29361e-09
-0.0538076 6.04707e-09
-0.0537177 5.81179e-09
-0.0536278 5.58492e-09
-0.0535379 5.33725e-09
-0.053448 5.07309e-09
-0.0533581 4.78572e-09
-0.0532682 4.52509e-09
-0.0531783 4.22829e-09
-0.0530884 3.88798e-09
-0.0529985 3.5209e-09
-0.0529086 3.15481e-09
-0.0528187 2.84504e-09
-0.0527288 2.56025e-09
-0.0526388 2.27396e-09
-0.0525489 1.9993e-09
-0.052459 1.71257e-09
-0.0523691 1.40512e-09
-0.0522792 1.1093e-09
-0.0521893 8.48444e-10
-0.0520994 5.68148e-10
-0.0520095 2.56896e-10
-0.0519196 -6.74336e-11
-0.0518297 -3.61452e-10
-0.0517398 -6.31855e-10
-0.0516499 -8.75531e-10
-0.05156 -1.14417e-09
-0.0514701 -1.40289e-09
-0.0513802 -1.66074e-09
-0.0512903 -1.89078e-09
-0.0512004 -2.10651e-09
-0.0511105 -2.30132e-09
-0.0510206 -2.49637e-09
-0.0509307 -2.71426e-09
-0.0508408 -2.94302e-09
-0.0507509 -3.17375e-09
-0.050661 -3.39709e-09
-0.0505711 -3.61081e-09
-0.0504811 -3.83295e-09
-0.0503912 -4.03436e-09
-0.0503013 -4.22628e-09
-0.0502114 -4.38326e-09
-0.0501215 -4.50481e-09
-0.0500316 -4.59879e-09
-0.0499417 -4.67056e-09
-0.0498518 -4.73745e-09
-0.0497619 -4.81898e-09
-0.049672 -4.88739e-09
-0.0495821 -4.97357e-09
-0.0494922 -5.05496e-09
-0.0494023 -5.12178e-09
-0.0493124 -5.1794e-09
-0.0492225 -5.22302e-09
-0.0491326 -5.23136e-09
-0.0490427 -5.19458e-09
-0.0489528 -5.11883e-09
-0.0488629 -5.02248e-09
-0.048773 -4.94246e-09
-0.0486831 -4.84688e-09
-0.0485932 -4.78395e-09
-0.0485033 -4.73536e-09
-0.0484134 -4.62987e-09
-0.0483234 -4.50083e-09
-0.0482335 -4.35853e-09
-0.0481436 -4.20474e-09
-0.0480537 -4.03497e-09
-0.0479638 -3.88272e-09
-0.0478739 -3.71611e-09
-0.047784 -3.55429e-09
-0.0476941 -3.38593e-09
-0.0476042 -3.22719e-09
-0.0475143 -3.10284e-09
-0.0474244 -2.95139e-09
-0.0473345 -2.73073e-09
-0.0472446 -2.49752e-09
-0.0471547 -2.29191e-09
-0.0470648 -2.07422e-09
-0.0469749 -1.88478e-09
-0.046885 -1.70951e-09
-0.0467951 -1.53757e-09
-0.0467052 -1.34529e-09
-0.0466153 -1.14943e-09
-0.0465254 -9.58107e-10
-0.0464355 -7.43201e-10
-0.0463456 -4.96802e-10
-0.0462557 -2.11585e-10
-0.0461657 3.02997e-11
-0.0460758 2.71369e-10
-0.0459859 4.77417e-10
-0.045896 6.59905e-10
-0.0458061 8.03191e-10
-0.0457162 9.31175e-10
-0.0456263 1.08235e-09
-0.0455364 1.21541e-09
-0.0454465 1.34516e-09
-0.0453566 1.46143e-09
-0.0452667 1.5998e-09
-0.0451768 1.72868e-09
-0.0450869 1.83504e-09
-0.044997 1.89767e-09
-0.0449071 1.92999e-09
-0.0448172 1.96133e-09
-0.0447273 1.96605e-09
-0.0446374 1.96542e-09
-0.0445475 1.95093e-09
-0.0444576 1.94166e-09
-0.0443677 1.93481e-09
-0.0442778 1.91149e-09
-0.0441879 1.89557e-09
-0.044098 1.85691e-09
-0.044008 1.79564e-09
-0.0439181 1.71747e-09
-0.0438282 1.62546e-09
-0.0437383 1.55129e-09
-0.0436484 1.48072e-09
-0.0435585 1.39852e-09
-0.0434686 1.30842e-09
-0.0433787 1.24624e-09
-0.0432888 1.19973e-09
-0.0431989 1.1401e-09
-0.043109 1.06409e-09
-0.0430191 9.75876e-10
-0.0429292 8.8451e-10
-0.0428393 8.01611e-10
-0.0427494 7.14864e-10
-0.0426595 6.3608e-10
-0.0425696 5.68434e-10
-0.0424797 4.89526e-10
-0.0423898 3.94912e-10
-0.0422999 2.99706e-10
-0.04221 2.06622e-10
-0.0421201 7.78123e-11
-0.0420302 -6.06542e-11
-0.0419403 -2.02333e-10
-0.0418503 -3.56305e-10
-0.0417604 -4.92739e-10
-0.0416705 -6.19554e-10
-0.0415806 -7.03834e-10
-0.0414907 -7.77218e-10
-0.0414008 -8.70163e-10
-0.0413109 -9.64683e-10
-0.041221 -1.0768e-09
-0.0411311 -1.20056e-09
-0.0410412 -1.34526e-09
-0.0409513 -1.5039e-09
-0.0408614 -1.67901e-09
-0.0407715 -1.85007e-09
-0.0406816 -2.03407e-09
-0.0405917 -2.19102e-09
-0.0405018 -2.30352e-09
-0.0404119 -2.42017e-09
-0.040322 -2.54906e-09
-0.0402321 -2.65594e-09
-0.0401422 -2.77936e-09
-0.0400523 -2.91666e-09
-0.0399624 -3.07314e-09
-0.0398725 -3.25695e-09
-0.0397826 -3.44663e-09
-0.0396927 -3.62736e-09
-0.0396027 -3.84209e-09
-0.0395128 -4.03384e-09
-0.0394229 -4.19199e-09
-0.039333 -4.37051e-09
-0.0392431 -4.55106e-09
-0.0391532 -4.71341e-09
-0.0390633 -4.88185e-09
-0.0389734 -5.07013e-09
-0.0388835 -5.26044e-09
-0.0387936 -5.45009e-09
-0.0387037 -5.64536e-09
-0.0386138 -5.82299e-09
-0.0385239 -5.96829e-09
-0.038434 -6.03939e-09
-0.0383441 -6.0871e-09
-0.0382542 -6.1535e-09
-0.0381643 -6.22092e-09
-0.0380744 -6.25949e-09
-0.0379845 -6.2305e-09
-0.0378946 -6.17822e-09
-0.0378047 -6.06392e-09
-0.0377148 -5.91941e-09
-0.0376249 -5.69859e-09
-0.037535 -5.3189e-09
-0.037445 -4.64559e-09
-0.0373551 -3.7931e-09
-0.0372652 -2.75364e-09
-0.0371753 -1.43213e-09
-0.0370854 2.93671e-11
-0.0369955 1.79925e-09
-0.0369056 4.00997e-09
-0.0368157 6.76554e-09
-0.0367258 9.8042e-09
-0.0366359 1.31054e-08
-0.036546 1.59836e-08
-0.0364561 1.84023e-08
-0.0363662 2.04502e-08
-0.0362763 2.20638e-08
-0.0361864 2.34119e-08
-0.0360965 2.45232e-08
-0.0360066 2.56057e-08
-0.0359167 2.6439e-08
-0.0358268 2.69921e-08
-0.0357369 2.73526e-08
-0.035647 2.76153e-08
-0.0355571 2.78278e-08
-0.0354672 2.79763e-08
-0.0353773 2.80619e-08
-0.0352873 2.80397e-08
-0.0351974 2.797e-08
-0.0351075 2.7917e-08
-0.0350176 2.78168e-08
-0.0349277 2.77193e-08
-0.0348378 2.76033e-08
-0.0347479 2.73607e-08
-0.034658 2.70512e-08
-0.0345681 2.67205e-08
-0.0344782 2.64223e-08
-0.0343883 2.6153e-08
-0.0342984 2.58741e-08
-0.0342085 2.55754e-08
-0.0341186 2.52841e-08
-0.0340287 2.50203e-08
-0.0339388 2.47168e-08
-0.0338489 2.44267e-08
-0.033759 2.40742e-08
-0.0336691 2.36705e-08
-0.0335792 2.32407e-08
-0.0334893 2.2813e-08
-0.0333994 2.23974e-08
-0.0333095 2.1996e-08
-0.0332196 2.15946e-08
-0.0331296 2.1212e-08
-0.0330397 2.08719e-08
-0.0329498 2.05618e-08
-0.0328599 2.02511e-08
-0.03277 1.99662e-08
-0.0326801 1.96673e-08
-0.0325902 1.93429e-08
-0.0325003 1.90003e-08
-0.0324104 1.86659e-08
-0.0323205 1.83133e-08
-0.0322306 1.79513e-08
-0.0321407 1.75978e-08
-0.0320508 1.72626e-08
-0.0319609 1.69559e-08
-0.031871 1.66625e-08
-0.0317811 1.63988e-08
-0.0316912 1.61709e-08
-0.0316013 1.59595e-08
-0.0315114 1.57358e-08
-0.0314215 1.54951e-08
-0.0313316 1.5263e-08
-0.0312417 1.50095e-08
-0.0311518 1.47332e-08
-0.0310619 1.44625e-08
-0.0309719 1.42036e-08
-0.030882 1.39512e-08
-0.0307921 1.37193e-08
-0.0307022 1.35331e-08
-0.0306123 1.33733e-08
-0.0305224 1.32282e-08
-0.0304325 1.30724e-08
-0.0303426 1.2905e-08
-0.0302527 1.27539e-08
-0.0301628 1.25993e-08
-0.0300729 1.24235e-08
-0.029983 1.22637e-08
-0.0298931 1.20975e-08
-0.0298032 1.19371e-08
-0.0297133 1.18096e-08
-0.0296234 1.17106e-08
-0.0295335 1.1624e-08
-0.0294436 1.15298e-08
-0.0293537 1.14307e-08
-0.0292638 1.13355e-08
-0.0291739 1.1272e-08
-0.029084 1.12057e-08
-0.0289941 1.11445e-08
-0.0289042 1.11043e-08
-0.0288142 1.10504e-08
-0.0287243 1.09981e-08
-0.0286344 1.09661e-08
-0.0285445 1.09401e-08
-0.0284546 1.09094e-08
-0.0283647 1.08685e-08
-0.0282748 1.08201e-08
-0.0281849 1.07878e-08
-0.028095 1.07731e-08
-0.0280051 1.07471e-08
-0.0279152 1.07407e-08
-0.0278253 1.07373e-08
-0.0277354 1.07139e-08
-0.0276455 1.06867e-08
-0.0275556 1.06555e-08
-0.0274657 1.0629e-08
-0.0273758 1.06011e-08
-0.0272859 1.05674e-08
-0.027196 1.05196e-08
-0.0271061 1.04781e-08
-0.0270162 1.04377e-08
-0.0269263 1.03934e-08
-0.0268364 1.03671e-08
-0.0267465 1.03318e-08
-0.0266565 1.02866e-08
-0.0265666 1.02428e-08
-0.0264767 1.01961e-08
-0.0263868 1.01577e-08
-0.0262969 1.01231e-08
-0.026207 1.00786e-08
-0.0261171 1.00215e-08
-0.0260272 9.96502e-09
-0.0259373 9.91422e-09
-0.0258474 9.86218e-09
-0.0257575 9.82307e-09
-0.0256676 9.77782e-09
-0.0255777 9.73844e-09
-0.0254878 9.71447e-09
-0.0253979 9.68836e-09
-0.025308 9.67047e-09
-0.0252181 9.65727e-09
-0.0251282 9.63245e-09
-0.0250383 9.60663e-09
-0.0249484 9.59778e-09
-0.0248585 9.59862e-09
-0.0247686 9.5887e-09
-0.0246787 9.57493e-09
-0.0245888 9.5525e-09
-0.0244988 9.547e-09
-0.0244089 9.53931e-09
-0.024319 9.51781e-09
-0.0242291 9.50229e-09
-0.0241392 9.48817e-09
-0.0240493 9.45912e-09
-0.0239594 9.44114e-09
-0.0238695 9.45229e-09
-0.0237796 9.47746e-09
-0.0236897 9.49193e-09
-0.0235998 9.48471e-09
-0.0235099 9.4734e-09
-0.02342 9.4762e-09
-0.0233301 9.45028e-09
-0.0232402 9.39573e-09
-0.0231503 9.36014e-09
-0.0230604 9.33194e-09
-0.0229705 9.30284e-09
-0.0228806 9.29769e-09
-0.0227907 9.31896e-09
-0.0227008 9.35185e-09
-0.0226109 9.38763e-09
-0.022521 9.41168e-09
-0.0224311 9.44327e-09
-0.0223411 9.47344e-09
-0.0222512 9.46384e-09
-0.0221613 9.44916e-09
-0.0220714 9.47264e-09
-0.0219815 9.50096e-09
-0.0218916 9.55381e-09
-0.0218017 9.6274e-09
-0.0217118 9.72201e-09
-0.0216219 9.83317e-09
-0.021532 9.94085e-09
-0.0214421 1.00483e-08
-0.0213522 1.01489e-08
-0.0212623 1.02508e-08
-0.0211724 1.03282e-08
-0.0210825 1.04206e-08
-0.0209926 1.05415e-08
-0.0209027 1.06784e-08
-0.0208128 1.08268e-08
-0.0207229 1.09872e-08
-0.020633 1.11709e-08
-0.0205431 1.13548e-08
-0.0204532 1.15346e-08
-0.0203633 1.17065e-08
-0.0202734 1.18677e-08
-0.0201835 1.2019e-08
-0.0200935 1.21625e-08
-0.0200036 1.23287e-08
-0.0199137 1.25177e-08
-0.0198238 1.27169e-08
-0.0197339 1.29036e-08
-0.019644 1.31064e-08
-0.0195541 1.33107e-08
-0.0194642 1.35199e-08
-0.0193743 1.37221e-08
-0.0192844 1.39281e-08
-0.0191945 1.41195e-08
-0.0191046 1.42944e-08
-0.0190147 1.44797e-08
-0.0189248 1.46894e-08
-0.0188349 1.49071e-08
-0.018745 1.51227e-08
-0.0186551 1.53455e-08
-0.0185652 1.55712e-08
-0.0184753 1.57805e-08
-0.0183854 1.59885e-08
-0.0182955 1.6201e-08
-0.0182056 1.64212e-08
-0.0181157 1.6633e-08
-0.0180258 1.68191e-08
-0.0179358 1.69828e-08
-0.0178459 1.71456e-08
-0.017756 1.73065e-08
-0.0176661 1.74802e-08
-0.0175762 1.76559e-08
-0.0174863 1.7796e-08
-0.0173964 1.79024e-08
-0.0173065 1.7996e-08
-0.0172166 1.80884e-08
-0.0171267 1.81848e-08
-0.0170368 1.82624e-08
-0.0169469 1.83104e-08
-0.016857 1.83304e-08
-0.0167671 1.83466e-08
-0.0166772 1.83746e-08
-0.0165873 1.8416e-08
-0.0164974 1.84168e-08
-0.0164075 1.83774e-08
-0.0163176 1.83026e-08
-0.0162277 1.82108e-08
-0.0161378 1.81217e-08
-0.0160479 1.80328e-08
-0.015958 1.79048e-08
-0.0158681 1.77647e-08
-0.0157781 1.76225e-08
-0.0156882 1.74664e-08
-0.0155983 1.73055e-08
-0.0155084 1.71452e-08
-0.0154185 1.69388e-08
-0.0153286 1.66777e-08
-0.0152387 1.63774e-08
-0.0151488 1.60426e-08
-0.0150589 1.57063e-08
-0.014969 1.53304e-08
-0.0148791 1.49137e-08
-0.0147892 1.45111e-08
-0.0146993 1.41163e-08
-0.0146094 1.37068e-08
-0.0145195 1.32959e-08
-0.0144296 1.28905e-08
-0.0143397 1.24566e-08
-0.0142498 1.19773e-08
-0.0141599 1.14594e-08
-0.01407 1.09214e-08
-0.0139801 1.03557e-08
-0.0138902 9.77255e-09
-0.0138003 9.18658e-09
-0.0137104 8.63001e-09
-0.0136204 8.09804e-09
-0.0135305 7.57379e-09
-0.0134406 7.10494e-09
-0.0133507 6.67012e-09
-0.0132608 6.24803e-09
-0.0131709 5.81006e-09
-0.013081 5.37511e-09
-0.0129911 4.93646e-09
-0.0129012 4.46801e-09
-0.0128113 4.01147e-09
-0.0127214 3.57111e-09
-0.0126315 3.14933e-09
-0.0125416 2.74139e-09
-0.0124517 2.35013e-09
-0.0123618 2.00277e-09
-0.0122719 1.70193e-09
-0.012182 1.42218e-09
-0.0120921 1.11604e-09
-0.0120022 8.3641e-10
-0.0119123 5.49321e-10
-0.0118224 2.36384e-10
-0.0117325 -7.64545e-11
-0.0116426 -3.62117e-10
-0.0115527 -6.20554e-10
-0.0114627 -8.81467e-10
-0.0113728 -1.14309e-09
-0.0112829 -1.38296e-09
-0.011193 -1.57821e-09
-0.0111031 -1.79575e-09
-0.0110132 -2.01286e-09
-0.0109233 -2.20294e-09
-0.0108334 -2.40315e-09
-0.0107435 -2.62166e-09
-0.0106536 -2.84658e-09
-0.0105637 -3.01254e-09
-0.0104738 -3.14847e-09
-0.0103839 -3.3002e-09
-0.010294 -3.44665e-09
-0.0102041 -3.57807e-09
-0.0101142 -3.70095e-09
-0.0100243 -3.83734e-09
-0.00993438 -3.94936e-09
-0.00984447 -4.06036e-09
-0.00975457 -4.16468e-09
-0.00966466 -4.29321e-09
-0.00957476 -4.42881e-09
-0.00948486 -4.50829e-09
-0.00939495 -4.58891e-09
-0.00930505 -4.6863e-09
-0.00921514 -4.76144e-09
-0.00912524 -4.82899e-09
-0.00903534 -4.89238e-09
-0.00894543 -4.94457e-09
-0.00885553 -4.9761e-09
-0.00876562 -5.00908e-09
-0.00867572 -5.03985e-09
-0.00858582 -5.09261e-09
-0.00849591 -5.13183e-09
-0.00840601 -5.13537e-09
-0.0083161 -5.16363e-09
-0.0082262 -5.2002e-09
-0.00813629 -5.22807e-09
-0.00804639 -5.25035e-09
-0.00795649 -5.26009e-09
-0.00786658 -5.26587e-09
-0.00777668 -5.26848e-09
-0.00768677 -5.27409e-09
-0.00759687 -5.27536e-09
-0.00750697 -5.26703e-09
-0.00741706 -5.24021e-09
-0.00732716 -5.20381e-09
-0.00723725 -5.18795e-09
-0.00714735 -5.1709e-09
-0.00705744 -5.15904e-09
-0.00696754 -5.15255e-09
-0.00687764 -5.14553e-09
-0.00678773 -5.14576e-09
-0.00669783 -5.1473e-09
-0.00660792 -5.14293e-09
-0.00651802 -5.11984e-09
-0.00642812 -5.07975e-09
-0.00633821 -5.0382e-09
-0.00624831 -4.99988e-09
-0.0061584 -4.97148e-09
-0.0060685 -4.93045e-09
-0.00597859 -4.90021e-09
-0.00588869 -4.8906e-09
-0.00579879 -4.88377e-09
-0.00570888 -4.87764e-09
-0.00561898 -4.86615e-09
-0.00552907 -4.84286e-09
-0.00543917 -4.80569e-09
-0.00534927 -4.76275e-09
-0.00525936 -4.72346e-09
-0.00516946 -4.68614e-09
-0.00507955 -4.64913e-09
-0.00498965 -4.59843e-09
-0.00489975 -4.55323e-09
-0.00480984 -4.51626e-09
-0.00471994 -4.47441e-09
-0.00463003 -4.42285e-09
-0.00454013 -4.37833e-09
-0.00445022 -4.32212e-09
-0.00436032 -4.27663e-09
-0.00427042 -4.22473e-09
-0.00418051 -4.17044e-09
-0.00409061 -4.12429e-09
-0.0040007 -4.0803e-09
-0.0039108 -4.02684e-09
-0.0038209 -3.9626e-09
-0.00373099 -3.89635e-09
-0.00364109 -3.81351e-09
-0.00355118 -3.73083e-09
-0.00346128 -3.65691e-09
-0.00337137 -3.57988e-09
-0.00328147 -3.5192e-09
-0.00319157 -3.44611e-09
-0.00310166 -3.36944e-09
-0.00301176 -3.30121e-09
-0.00292185 -3.24541e-09
-0.00283195 -3.18038e-09
-0.00274205 -3.10217e-09
-0.00265214 -3.01557e-09
-0.00256224 -2.91347e-09
-0.00247233 -2.81413e-09
-0.00238243 -2.71621e-09
-0.00229252 -2.615e-09
-0.00220262 -2.5332e-09
-0.00211272 -2.44006e-09
-0.00202281 -2.33222e-09
-0.00193291 -2.23252e-09
-0.001843 -2.1394e-09
-0.0017531 -2.04401e-09
-0.0016632 -1.94856e-09
-0.00157329 -1.83433e-09
-0.00148339 -1.71345e-09
-0.00139348 -1.59153e-09
-0.00130358 -1.47534e-09
-0.00121368 -1.3608e-09
-0.00112377 -1.2625e-09
-0.00103387 -1.15028e-09
-0.000943963 -1.03271e-09
-0.000854059 -9.19279e-10
-0.000764154 -8.21014e-10
-0.00067425 -7.37987e-10
-0.000584346 -6.50357e-10
-0.000494442 -5.49337e-10
-0.000404538 -4.49378e-10
-0.000314634 -3.50385e-10
-0.00022473 -2.53306e-10
-0.000134825 -1.6843e-10
-4.49212e-05 -9.11377e-11
4.49829e-05 0
0.000134887 9.50101e-11
0.000224791 1.81231e-10
0.000314695 2.37679e-10
0.0004046 2.74262e-10
0.000494504 3.1182e-10
0.000584408 3.54157e-10
0.000674312 3.93899e-10
0.000764216 4.36067e-10
0.00085412 4.72494e-10
0.000944024 4.9241e-10
0.00103393 5.1277e-10
0.00112383 5.45287e-10
0.00121374 5.82753e-10
0.00130364 5.94039e-10
0.00139355 5.76441e-10
0.00148345 5.50078e-10
0.00157335 5.25327e-10
0.00166326 5.00017e-10
0.00175316 4.7287e-10
0.00184307 4.57645e-10
0.00193297 4.35494e-10
0.00202287 3.91503e-10
0.00211278 3.41476e-10
0.00220268 3.06311e-10
0.00229259 2.65938e-10
0.00238249 1.99716e-10
0.00247239 1.20344e-10
0.0025623 4.01301e-11
0.0026522 -3.06101e-11
0.00274211 -1.09539e-10
0.00283201 -1.7366e-10
0.00292192 -2.31604e-10
0.00301182 -2.8906e-10
0.00310172 -3.76887e-10
0.00319163 -4.67334e-10
0.00328153 -5.40223e-10
0.00337144 -6.23325e-10
0.00346134 -7.278e-10
0.00355124 -8.32234e-10
0.00364115 -9.30051e-10
0.00373105 -1.02777e-09
0.00382096 -1.13063e-09
0.00391086 -1.22263e-09
0.00400077 -1.30693e-09
0.00409067 -1.40191e-09
0.00418057 -1.5284e-09
0.00427048 -1.65518e-09
0.00436038 -1.78472e-09
0.00445029 -1.91017e-09
0.00454019 -2.0407e-09
0.00463009 -2.16941e-09
0.00472 -2.30153e-09
0.0048099 -2.43933e-09
0.00489981 -2.58535e-09
0.00498971 -2.73612e-09
0.00507962 -2.89525e-09
0.00516952 -3.0608e-09
0.00525942 -3.25301e-09
0.00534933 -3.45597e-09
0.00543923 -3.67277e-09
0.00552914 -3.85876e-09
0.00561904 -4.04287e-09
0.00570894 -4.21572e-09
0.00579885 -4.38901e-09
0.00588875 -4.568e-09
0.00597866 -4.74982e-09
0.00606856 -4.96408e-09
0.00615846 -5.21557e-09
0.00624837 -5.46353e-09
0.00633827 -5.74571e-09
0.00642818 -6.05628e-09
0.00651808 -6.38849e-09
0.00660799 -6.66581e-09
0.00669789 -6.90377e-09
0.00678779 -7.11175e-09
0.0068777 -7.3189e-09
0.0069676 -7.52464e-09
0.00705751 -7.73372e-09
0.00714741 -7.96251e-09
0.00723731 -8.23387e-09
0.00732722 -8.51074e-09
0.00741712 -8.83672e-09
0.00750703 -9.18741e-09
0.00759693 -9.5175e-09
0.00768684 -9.73231e-09
0.00777674 -9.83702e-09
0.00786664 -9.97341e-09
0.00795655 -1.01087e-08
0.00804645 -1.0215e-08
0.00813636 -1.02771e-08
0.00822626 -1.03159e-08
0.00831616 -1.03649e-08
0.00840607 -1.04195e-08
0.00849597 -1.04863e-08
0.00858588 -1.04901e-08
0.00867578 -1.04423e-08
0.00876569 -1.02746e-08
0.00885559 -1.00615e-08
0.00894549 -9.94341e-09
0.0090354 -9.78312e-09
0.0091253 -9.56601e-09
0.00921521 -9.3113e-09
0.00930511 -9.05014e-09
0.00939501 -8.75105e-09
0.00948492 -8.45684e-09
0.00957482 -8.15255e-09
0.00966473 -7.77012e-09
0.00975463 -7.38045e-09
0.00984453 -6.9413e-09
0.00993444 -6.54765e-09
0.0100243 -6.19499e-09
0.0101142 -5.77361e-09
0.0102042 -5.35352e-09
0.0102941 -4.93146e-09
0.010384 -4.51042e-09
0.0104739 -4.05455e-09
0.0105638 -3.62973e-09
0.0106537 -3.19379e-09
0.0107436 -2.72908e-09
0.0108335 -2.27864e-09
0.0109234 -1.8342e-09
0.0110133 -1.43808e-09
0.0111032 -1.03053e-09
0.0111931 -6.24397e-10
0.011283 -2.63524e-10
0.0113729 1.0031e-10
0.0114628 4.51573e-10
0.0115527 8.01468e-10
0.0116426 1.13462e-09
0.0117325 1.47299e-09
0.0118224 1.82301e-09
0.0119123 2.16172e-09
0.0120022 2.45884e-09
0.0120921 2.73189e-09
0.012182 3.00891e-09
0.0122719 3.24316e-09
0.0123619 3.45677e-09
0.0124518 3.68573e-09
0.0125417 3.90252e-09
0.0126316 4.12586e-09
0.0127215 4.33908e-09
0.0128114 4.5491e-09
0.0129013 4.73705e-09
0.0129912 4.90172e-09
0.0130811 5.02456e-09
0.013171 5.13433e-09
0.0132609 5.23285e-09
0.0133508 5.30511e-09
0.0134407 5.41133e-09
0.0135306 5.54064e-09
0.0136205 5.68576e-09
0.0137104 5.83877e-09
0.0138003 5.99307e-09
0.0138902 6.14079e-09
0.0139801 6.25539e-09
0.01407 6.34946e-09
0.0141599 6.42277e-09
0.0142498 6.48532e-09
0.0143397 6.5282e-09
0.0144296 6.56686e-09
0.0145196 6.6351e-09
0.0146095 6.74219e-09
0.0146994 6.86871e-09
0.0147893 6.99965e-09
0.0148792 7.14364e-09
0.0149691 7.28591e-09
0.015059 7.39513e-09
0.0151489 7.50515e-09
0.0152388 7.61913e-09
0.0153287 7.72266e-09
0.0154186 7.81686e-09
0.0155085 7.9095e-09
0.0155984 8.01959e-09
0.0156883 8.15015e-09
0.0157782 8.28256e-09
0.0158681 8.41267e-09
0.015958 8.54851e-09
0.0160479 8.68086e-09
0.0161378 8.79057e-09
0.0162277 8.91527e-09
0.0163176 9.05161e-09
0.0164075 9.18304e-09
0.0164974 9.31631e-09
0.0165873 9.43816e-09
0.0166773 9.5632e-09
0.0167672 9.68659e-09
0.0168571 9.7951e-09
0.016947 9.89256e-09
0.0170369 9.98383e-09
0.0171268 1.00736e-08
0.0172167 1.01621e-08
0.0173066 1.02605e-08
0.0173965 1.03659e-08
0.0174864 1.047e-08
0.0175763 1.05606e-08
0.0176662 1.06332e-08
0.0177561 1.07058e-08
0.017846 1.07644e-08
0.0179359 1.08118e-08
0.0180258 1.08473e-08
0.0181157 1.08725e-08
0.0182056 1.09045e-08
0.0182955 1.09256e-08
0.0183854 1.09517e-08
0.0184753 1.09873e-08
0.0185652 1.10243e-08
0.0186551 1.10385e-08
0.018745 1.10433e-08
0.0188349 1.10467e-08
0.0189249 1.10331e-08
0.0190148 1.10151e-08
0.0191047 1.09956e-08
0.0191946 1.09756e-08
0.0192845 1.09515e-08
0.0193744 1.09194e-08
0.0194643 1.08852e-08
0.0195542 1.08575e-08
0.0196441 1.08344e-08
0.019734 1.08065e-08
0.0198239 1.07722e-08
0.0199138 1.07161e-08
0.0200037 1.0657e-08
0.0200936 1.0606e-08
0.0201835 1.05504e-08
0.0202734 1.05112e-08
0.0203633 1.04745e-08
0.0204532 1.04106e-08
0.0205431 1.03303e-08
0.020633 1.02558e-08
0.0207229 1.01842e-08
0.0208128 1.01195e-08
0.0209027 1.00518e-08
0.0209926 9.97609e-09
0.0210826 9.90901e-09
0.0211725 9.85281e-09
0.0212624 9.79038e-09
0.0213523 9.75281e-09
0.0214422 9.72454e-09
0.0215321 9.65825e-09
0.021622 9.59462e-09
0.0217119 9.5378e-09
0.0218018 9.49137e-09
0.0218917 9.45816e-09
0.0219816 9.43393e-09
0.0220715 9.42351e-09
0.0221614 9.41015e-09
0.0222513 9.40143e-09
0.0223412 9.38848e-09
0.0224311 9.39859e-09
0.022521 9.42257e-09
0.0226109 9.44541e-09
0.0227008 9.46009e-09
0.0227907 9.47775e-09
0.0228806 9.50046e-09
0.0229705 9.52499e-09
0.0230604 9.56293e-09
0.0231503 9.61234e-09
0.0232403 9.65436e-09
0.0233302 9.70203e-09
0.0234201 9.75109e-09
0.02351 9.8033e-09
0.0235999 9.88916e-09
0.0236898 9.99398e-09
0.0237797 1.00795e-08
0.0238696 1.01662e-08
0.0239595 1.02323e-08
0.0240494 1.03041e-08
0.0241393 1.0384e-08
0.0242292 1.04659e-08
0.0243191 1.0553e-08
0.024409 1.06515e-08
0.0244989 1.07413e-08
0.0245888 1.0846e-08
0.0246787 1.09772e-08
0.0247686 1.11171e-08
0.0248585 1.12476e-08
0.0249484 1.13694e-08
0.0250383 1.14899e-08
0.0251282 1.16281e-08
0.0252181 1.17745e-08
0.025308 1.192e-08
0.025398 1.2068e-08
0.0254879 1.22306e-08
0.0255778 1.24002e-08
0.0256677 1.25725e-08
0.0257576 1.27644e-08
0.0258475 1.2961e-08
0.0259374 1.31603e-08
0.0260273 1.33386e-08
0.0261172 1.35282e-08
0.0262071 1.37166e-08
0.026297 1.38913e-08
0.0263869 1.40694e-08
0.0264768 1.42416e-08
0.0265667 1.44281e-08
0.0266566 1.46106e-08
0.0267465 1.47847e-08
0.0268364 1.49652e-08
0.0269263 1.51429e-08
0.0270162 1.53328e-08
0.0271061 1.54994e-08
0.027196 1.56672e-08
0.0272859 1.5789e-08
0.0273758 1.58808e-08
0.0274657 1.59708e-08
0.0275557 1.60416e-08
0.0276456 1.61304e-08
0.0277355 1.62111e-08
0.0278254 1.62693e-08
0.0279153 1.63097e-08
0.0280052 1.63443e-08
0.0280951 1.63961e-08
0.028185 1.64118e-08
0.0282749 1.64182e-08
0.0283648 1.64021e-08
0.0284547 1.63917e-08
0.0285446 1.63828e-08
0.0286345 1.63569e-08
0.0287244 1.63488e-08
0.0288143 1.63404e-08
0.0289042 1.63073e-08
0.0289941 1.62429e-08
0.029084 1.61661e-08
0.0291739 1.61043e-08
0.0292638 1.60013e-08
0.0293537 1.59311e-08
0.0294436 1.59005e-08
0.0295335 1.58782e-08
0.0296234 1.58578e-08
0.0297134 1.58108e-08
0.0298033 1.57561e-08
0.0298932 1.57389e-08
0.0299831 1.57067e-08
0.030073 1.56487e-08
0.0301629 1.56003e-08
0.0302528 1.55658e-08
0.0303427 1.54856e-08
0.0304326 1.54271e-08
0.0305225 1.53848e-08
0.0306124 1.53161e-08
0.0307023 1.5261e-08
0.0307922 1.52142e-08
0.0308821 1.51826e-08
0.030972 1.51753e-08
0.0310619 1.51387e-08
0.0311518 1.51105e-08
0.0312417 1.50699e-08
0.0313316 1.49667e-08
0.0314215 1.47869e-08
0.0315114 1.46194e-08
0.0316013 1.4398e-08
0.0316912 1.41631e-08
0.0317811 1.39678e-08
0.0318711 1.38199e-08
0.031961 1.37549e-08
0.0320509 1.36662e-08
0.0321408 1.36224e-08
0.0322307 1.35888e-08
0.0323206 1.3492e-08
0.0324105 1.33444e-08
0.0325004 1.32204e-08
0.0325903 1.308e-08
0.0326802 1.29048e-08
0.0327701 1.27505e-08
0.03286 1.26237e-08
0.0329499 1.25876e-08
0.0330398 1.25068e-08
0.0331297 1.24271e-08
0.0332196 1.23985e-08
0.0333095 1.23451e-08
0.0333994 1.22366e-08
0.0334893 1.21486e-08
0.0335792 1.20591e-08
0.0336691 1.19244e-08
0.033759 1.17949e-08
0.0338489 1.16265e-08
0.0339388 1.15369e-08
0.0340288 1.14454e-08
0.0341187 1.11398e-08
0.0342086 1.07773e-08
0.0342985 1.04168e-08
0.0343884 9.9734e-09
0.0344783 9.55922e-09
0.0345682 9.09801e-09
0.0346581 8.64755e-09
0.034748 8.21055e-09
0.0348379 7.7689e-09
0.0349278 7.39309e-09
0.0350177 7.07056e-09
0.0351076 6.79104e-09
0.0351975 6.42026e-09
0.0352874 6.00567e-09
0.0353773 5.55104e-09
0.0354672 5.11738e-09
0.0355571 4.75205e-09
0.035647 4.33812e-09
0.0357369 4.07894e-09
0.0358268 3.78548e-09
0.0359167 3.53183e-09
0.0360066 3.29815e-09
0.0360965 3.07657e-09
0.0361865 2.97343e-09
0.0362764 2.94628e-09
0.0363663 2.92365e-09
0.0364562 2.91987e-09
0.0365461 2.91781e-09
0.036636 2.88777e-09
0.0367259 2.87258e-09
0.0368158 2.90295e-09
0.0369057 2.90699e-09
0.0369956 2.95945e-09
0.0370855 3.01281e-09
0.0371754 3.08572e-09
0.0372653 3.11655e-09
0.0373552 3.20217e-09
0.0374451 3.28303e-09
0.037535 3.38193e-09
0.0376249 3.47583e-09
0.0377148 3.56116e-09
0.0378047 3.67524e-09
0.0378946 3.7904e-09
0.0379845 3.92018e-09
0.0380744 4.06153e-09
0.0381643 4.26853e-09
0.0382542 4.50743e-09
0.0383441 4.71519e-09
0.0384341 4.9243e-09
0.038524 5.09658e-09
0.0386139 5.29186e-09
0.0387038 5.52784e-09
0.0387937 5.82295e-09
0.0388836 6.08668e-09
0.0389735 6.34602e-09
0.0390634 6.60725e-09
0.0391533 6.85258e-09
0.0392432 7.11405e-09
0.0393331 7.37576e-09
0.039423 7.61884e-09
0.0395129 7.83329e-09
0.0396028 8.03831e-09
0.0396927 8.27933e-09
0.0397826 8.57089e-09
0.0398725 8.89365e-09
0.0399624 9.17289e-09
0.0400523 9.45768e-09
0.0401422 9.71318e-09
0.0402321 9.94433e-09
0.040322 1.01573e-08
0.0404119 1.03596e-08
0.0405018 1.05347e-08
0.0405918 1.0712e-08
0.0406817 1.09066e-08
0.0407716 1.11312e-08
0.0408615 1.13448e-08
0.0409514 1.15777e-08
0.0410413 1.18066e-08
0.0411312 1.20087e-08
0.0412211 1.21863e-08
0.041311 1.23382e-08
0.0414009 1.24862e-08
0.0414908 1.26376e-08
0.0415807 1.27833e-08
0.0416706 1.29339e-08
0.0417605 1.30971e-08
0.0418504 1.32753e-08
0.0419403 1.34155e-08
0.0420302 1.3574e-08
0.0421201 1.37161e-08
0.04221 1.38494e-08
0.0422999 1.39687e-08
0.0423898 1.40887e-08
0.0424797 1.42039e-08
0.0425696 1.43265e-08
0.0426595 1.44465e-08
0.0427495 1.45823e-08
0.0428394 1.4715e-08
0.0429293 1.48339e-08
0.0430192 1.49473e-08
0.0431091 1.50454e-08
0.043199 1.51471e-08
0.0432889 1.5239e-08
0.0433788 1.53254e-08
0.0434687 1.54248e-08
0.0435586 1.55238e-08
0.0436485 1.56278e-08
0.0437384 1.5725e-08
0.0438283 1.5828e-08
0.0439182 1.59253e-08
0.0440081 1.60249e-08
0.044098 1.61242e-08
0.0441879 1.62059e-08
0.0442778 1.62779e-08
0.0443677 1.63473e-08
0.0444576 1.64173e-08
0.0445475 1.65242e-08
0.0446374 1.66542e-08
0.0447273 1.67801e-08
0.0448172 1.68865e-08
0.0449072 1.69977e-08
0.0449971 1.71368e-08
0.045087 1.72929e-08
0.0451769 1.74157e-08
0.0452668 1.75225e-08
0.0453567 1.76177e-08
0.0454466 1.77116e-08
0.0455365 1.77885e-08
0.0456264 1.78769e-08
0.0457163 1.79559e-08
0.0458062 1.80233e-08
0.0458961 1.80843e-08
0.045986 1.81209e-08
0.0460759 1.81669e-08
0.0461658 1.82164e-08
0.0462557 1.82477e-08
0.0463456 1.82868e-08
0.0464355 1.83116e-08
0.0465254 1.83343e-08
0.0466153 1.82919e-08
0.0467052 1.82347e-08
0.0467951 1.81528e-08
0.046885 1.80915e-08
0.0469749 1.80248e-08
0.0470649 1.79397e-08
0.0471548 1.78194e-08
0.0472447 1.77111e-08
0.0473346 1.76157e-08
0.0474245 1.75287e-08
0.0475144 1.74777e-08
0.0476043 1.742e-08
0.0476942 1.73408e-08
0.0477841 1.72867e-08
0.047874 1.72588e-08
0.0479639 1.72453e-08
0.0480538 1.72295e-08
0.0481437 1.72053e-08
0.0482336 1.71748e-08
0.0483235 1.71311e-08
0.0484134 1.70783e-08
0.0485033 1.70422e-08
0.0485932 1.70334e-08
0.0486831 1.70466e-08
0.048773 1.70693e-08
0.0488629 1.71081e-08
0.0489528 1.7126e-08
0.0490427 1.71289e-08
0.0491326 1.71277e-08
0.0492226 1.7133e-08
0.0493125 1.71382e-08
0.0494024 1.71257e-08
0.0494923 1.71042e-08
0.0495822 1.70923e-08
0.0496721 1.71017e-08
0.049762 1.71128e-08
0.0498519 1.71179e-08
0.0499418 1.71013e-08
0.0500317 1.70806e-08
0.0501216 1.70734e-08
0.0502115 1.70668e-08
0.0503014 1.70915e-08
0.0503913 1.71236e-08
0.0504812 1.71541e-08
0.0505711 1.71735e-08
0.050661 1.72014e-08
0.0507509 1.72116e-08
0.0508408 1.71839e-08
0.0509307 1.71264e-08
0.0510206 1.70372e-08
0.0511105 1.69817e-08
0.0512004 1.69211e-08
0.0512903 1.68705e-08
0.0513803 1.68391e-08
0.0514702 1.68622e-08
0.0515601 1.6913e-08
0.05165 1.69819e-08
0.0517399 1.70613e-08
0.0518298 1.71654e-08
0.0519197 1.72308e-08
0.0520096 1.72987e-08
0.0520995 1.73562e-08
0.0521894 1.74096e-08
0.0522793 1.74754e-08
0.0523692 1.74637e-08
0.0524591 1.74343e-08
0.052549 1.74562e-08
0.0526389 1.7482e-08
0.0527288 1.75596e-08
0.0528187 1.76271e-08
0.0529086 1.77772e-08
0.0529985 1.79204e-08
0.0530884 1.81272e-08
0.0531783 1.82795e-08
0.0532682 1.84148e-08
0.0533581 1.85346e-08
0.053448 1.86374e-08
0.053538 1.86633e-08
0.0536279 1.86021e-08
0.0537178 1.85348e-08
0.0538077 1.84972e-08
0.0538976 1.83986e-08
0.0539875 1.83121e-08
0.0540774 1.8215e-08
0.0541673 1.80371e-08
0.0542572 1.7862e-08
0.0543471 1.76714e-08
0.054437 1.74748e-08
0.0545269 1.73084e-08
0.0546168 1.71463e-08
0.0547067 1.69757e-08
0.0547966 1.6709e-08
0.0548865 1.63703e-08
0.0549764 1.5879e-08
0.0550663 1.5367e-08
0.0551562 1.47696e-08
0.0552461 1.41548e-08
0.055336 1.35928e-08
0.0554259 1.29226e-08
0.0555158 1.21394e-08
0.0556057 1.13373e-08
0.0556956 1.06597e-08
0.0557856 1.00263e-08
0.0558755 9.52175e-09
0.0559654 9.02333e-09
0.0560553 8.57334e-09
0.0561452 8.05792e-09
0.0562351 7.55875e-09
0.056325 7.10013e-09
0.0564149 6.67087e-09
0.0565048 6.2424e-09
0.0565947 5.89064e-09
0.0566846 5.47888e-09
0.0567745 5.04454e-09
0.0568644 4.64036e-09
0.0569543 4.25139e-09
0.0570442 3.96628e-09
0.0571341 3.70244e-09
0.057224 3.48802e-09
0.0573139 3.3797e-09
0.0574038 3.21147e-09
0.0574937 3.04504e-09
0.0575836 3.013e-09
0.0576735 3.07911e-09
0.0577634 3.07271e-09
0.0578533 3.05015e-09
0.0579433 3.06254e-09
0.0580332 3.06128e-09
0.0581231 3.0222e-09
0.058213 3.03924e-09
0.0583029 2.88379e-09
0.0583928 2.62957e-09
0.0584827 2.43978e-09
0.0585726 2.29006e-09
0.0586625 2.20933e-09
0.0587524 2.12708e-09
0.0588423 2.18511e-09
0.0589322 2.24843e-09
0.0590221 2.30455e-09
0.059112 2.42817e-09
0.0592019 2.46406e-09
0.0592918 2.47462e-09
0.0593817 2.46633e-09
0.0594716 2.52738e-09
0.0595615 2.6284e-09
0.0596514 2.72645e-09
0.0597413 2.77349e-09
0.0598312 2.79613e-09
0.0599211 2.85669e-09
0.060011 2.85304e-09
0.060101 2.86261e-09
0.0601909 2.93082e-09
0.0602808 2.96e-09
0.0603707 2.98718e-09
0.0604606 3.16323e-09
0.0605505 3.26835e-09
0.0606404 3.3992e-09
0.0607303 3.57727e-09
0.0608202 3.77154e-09
0.0609101 3.91688e-09
0.061 3.99209e-09
0.0610899 4.00946e-09
0.0611798 4.02791e-09
0.0612697 4.03564e-09
0.0613596 4.03454e-09
0.0614495 3.89585e-09
0.0615394 3.70487e-09
0.0616293 3.54836e-09
0.0617192 3.36306e-09
0.0618091 3.11027e-09
0.061899 2.82191e-09
0.0619889 2.55312e-09
0.0620788 2.23221e-09
0.0621687 1.88247e-09
0.0622587 1.55336e-09
0.0623486 1.09196e-09
0.0624385 7.00434e-10
0.0625284 3.23833e-10
0.0626183 -5.1598e-11
0.0627082 -3.92122e-10
0.0627981 -8.02211e-10
0.062888 -1.255e-09
0.0629779 -1.62979e-09
0.0630678 -1.98238e-09
0.0631577 -2.29009e-09
0.0632476 -2.53714e-09
0.0633375 -2.7009e-09
0.0634274 -2.7453e-09
0.0635173 -2.76533e-09
0.0636072 -2.74216e-09
0.0636971 -2.75142e-09
0.063787 -2.76092e-09
0.0638769 -2.74865e-09
0.0639668 -2.65394e-09
0.0640567 -2.59235e-09
0.0641466 -2.56307e-09
0.0642365 -2.53941e-09
0.0643264 -2.51568e-09
0.0644164 -2.41398e-09
0.0645063 -2.31758e-09
0.0645962 -2.26886e-09
0.0646861 -2.19371e-09
0.064776 -2.18637e-09
0.0648659 -2.1464e-09
0.0649558 -2.05397e-09
0.0650457 -1.94907e-09
0.0651356 -1.94632e-09
0.0652255 -2.03892e-09
0.0653154 -2.18592e-09
0.0654053 -2.30258e-09
0.0654952 -2.50124e-09
0.0655851 -2.66309e-09
0.065675 -2.91299e-09
0.0657649 -3.21405e-09
0.0658548 -3.50434e-09
0.0659447 -3.78905e-09
0.0660346 -4.00602e-09
0.0661245 -4.17371e-09
0.0662144 -4.2053e-09
0.0663043 -4.21762e-09
0.0663942 -4.20134e-09
0.0664841 -4.17937e-09
0.0665741 -4.15867e-09
0.066664 -4.16743e-09
0.0667539 -4.14499e-09
0.0668438 -4.12996e-09
0.0669337 -4.13266e-09
0.0670236 -4.11341e-09
0.0671135 -4.08312e-09
0.0672034 -4.07563e-09
0.0672933 -4.11829e-09
0.0673832 -4.13931e-09
0.0674731 -4.20432e-09
0.067563 -4.29223e-09
0.0676529 -4.39634e-09
0.0677428 -4.54346e-09
0.0678327 -4.64499e-09
0.0679226 -4.74155e-09
0.0680125 -4.80289e-09
0.0681024 -4.85693e-09
0.0681923 -4.83962e-09
0.0682822 -4.83492e-09
0.0683721 -4.86342e-09
0.068462 -4.88862e-09
0.0685519 -4.9369e-09
0.0686418 -5.03325e-09
0.0687318 -5.20391e-09
0.0688217 -5.32925e-09
0.0689116 -5.46472e-09
0.0690015 -5.57476e-09
0.0690914 -5.71818e-09
0.0691813 -5.96254e-09
0.0692712 -6.24471e-09
0.0693611 -6.49797e-09
0.069451 -6.74245e-09
0.0695409 -6.94653e-09
0.0696308 -7.14019e-09
0.0697207 -7.19786e-09
0.0698106 -7.15972e-09
0.0699005 -7.13053e-09
0.0699904 -7.13741e-09
0.0700803 -7.13775e-09
0.0701702 -7.13884e-09
0.0702601 -7.13528e-09
0.07035 -7.16467e-09
0.0704399 -7.17526e-09
0.0705298 -7.20666e-09
0.0706197 -7.25541e-09
0.0707096 -7.24606e-09
0.0707995 -7.18781e-09
0.0708895 -7.12197e-09
0.0709794 -7.01653e-09
0.0710693 -6.93451e-09
0.0711592 -6.82056e-09
0.0712491 -6.62001e-09
0.071339 -6.38755e-09
0.0714289 -6.17463e-09
0.0715188 -5.99706e-09
0.0716087 -5.81591e-09
0.0716986 -5.62168e-09
0.0717885 -5.42331e-09
0.0718784 -5.27913e-09
0.0719683 -5.20572e-09
0.0720582 -5.15014e-09
0.0721481 -5.05639e-09
0.072238 -4.93038e-09
0.0723279 -4.79254e-09
0.0724178 -4.66493e-09
0.0725077 -4.52031e-09
0.0725976 -4.36206e-09
0.0726875 -4.1871e-09
0.0727774 -4.08788e-09
0.0728673 -3.98365e-09
0.0729572 -3.83497e-09
0.0730472 -3.696e-09
0.0731371 -3.58452e-09
0.073227 -3.49118e-09
0.0733169 -3.4141e-09
0.0734068 -3.33753e-09
0.0734967 -3.28235e-09
0.0735866 -3.15789e-09
0.0736765 -3.05692e-09
0.0737664 -3.00593e-09
0.0738563 -2.96624e-09
0.0739462 -2.89483e-09
0.0740361 -2.81984e-09
0.074126 -2.68992e-09
0.0742159 -2.56984e-09
0.0743058 -2.47126e-09
0.0743957 -2.39298e-09
0.0744856 -2.269e-09
0.0745755 -2.09035e-09
0.0746654 -1.91375e-09
0.0747553 -1.73801e-09
0.0748452 -1.56365e-09
0.0749351 -1.40924e-09
0.075025 -1.2901e-09
0.0751149 -1.14434e-09
0.0752048 -9.92541e-10
0.0752948 -8.22793e-10
0.0753847 -6.78983e-10
0.0754746 -5.7962e-10
0.0755645 -5.11654e-10
0.0756544 -4.80424e-10
0.0757443 -4.54904e-10
0.0758342 -3.75684e-10
0.0759241 -2.7383e-10
0.076014 -1.65631e-10
0.0761039 -5.91382e-11
0.0761938 7.19201e-11
0.0762837 1.10411e-10
0.0763736 1.22946e-10
0.0764635 1.15878e-10
0.0765534 -9.81501e-13
0.0766433 -3.75429e-10
0.0767332 -7.02068e-10
0.0768231 -1.04029e-09
0.076913 -1.38693e-09
0.0770029 -1.71897e-09
0.0770928 -1.93053e-09
0.0771827 -2.12809e-09
0.0772726 -2.34714e-09
0.0773625 -2.53999e-09
0.0774525 -2.62735e-09
0.0775424 -2.61816e-09
0.0776323 -2.3712e-09
0.0777222 -1.94796e-09
0.0778121 -1.60266e-09
0.077902 -1.30552e-09
0.0779919 -1.11173e-09
0.0780818 -1.00734e-09
0.0781717 -1.01546e-09
0.0782616 -1.05342e-09
0.0783515 -1.13017e-09
0.0784414 -1.16003e-09
0.0785313 -1.36555e-09
0.0786212 -1.5304e-09
0.0787111 -1.66755e-09
0.078801 -1.95029e-09
0.0788909 -2.24233e-09
0.0789808 -2.32981e-09
0.0790707 -2.47748e-09
0.0791606 -2.6618e-09
0.0792505 -2.74789e-09
0.0793404 -2.97267e-09
0.0794303 -3.20847e-09
0.0795202 -3.57342e-09
0.0796102 -4.02454e-09
0.0797001 -4.53721e-09
0.07979 -5.11295e-09
0.0798799 -5.61219e-09
0.0799698 -6.21812e-09
0.0800597 -7.02555e-09
0.0801496 -7.59585e-09
0.0802395 -8.22197e-09
0.0803294 -8.78655e-09
0.0804193 -9.2629e-09
0.0805092 -9.61907e-09
0.0805991 -9.92094e-09
0.080689 -1.00587e-08
0.0807789 -1.00185e-08
0.0808688 -9.95777e-09
0.0809587 -1.00263e-08
0.0810486 -1.01115e-08
0.0811385 -1.01447e-08
0.0812284 -1.00146e-08
0.0813183 -1.00824e-08
0.0814082 -1.01432e-08
0.0814981 -1.0123e-08
0.081588 -1.02052e-08
0.0816779 -1.02638e-08
0.0817679 -1.05095e-08
0.0818578 -1.11399e-08
0.0819477 -1.18106e-08
0.0820376 -1.27846e-08
0.0821275 -1.38361e-08
0.0822174 -1.49473e-08
0.0823073 -1.6068e-08
0.0823972 -1.70284e-08
0.0824871 -1.82836e-08
0.082577 -1.95535e-08
0.0826669 -2.05337e-08
0.0827568 -2.14731e-08
0.0828467 -2.19016e-08
0.0829366 -2.21531e-08
0.0830265 -2.20562e-08
0.0831164 -2.18832e-08
0.0832063 -2.17217e-08
0.0832962 -2.16851e-08
0.0833861 -2.16512e-08
0.083476 -2.14118e-08
0.0835659 -2.08648e-08
0.0836558 -2.0362e-08
0.0837457 -1.97526e-08
0.0838356 -1.92311e-08
0.0839256 -1.87494e-08
0.0840155 -1.81358e-08
0.0841054 -1.77818e-08
0.0841953 -1.72266e-08
0.0842852 -1.66207e-08
0.0843751 -1.60348e-08
0.084465 -1.57596e-08
0.0845549 -1.56704e-08
0.0846448 -1.58267e-08
0.0847347 -1.61651e-08
0.0848246 -1.64949e-08
0.0849145 -1.68977e-08
0.0850044 -1.75425e-08
0.0850943 -1.80912e-08
0.0851842 -1.84116e-08
0.0852741 -1.90403e-08
0.085364 -1.98057e-08
0.0854539 -2.04215e-08
0.0855438 -2.09264e-08
0.0856337 -2.12501e-08
0.0857236 -2.12389e-08
0.0858135 -2.12189e-08
0.0859034 -2.11073e-08
0.0859933 -2.08133e-08
0.0860833 -2.04368e-08
0.0861732 -2.01838e-08
0.0862631 -1.99493e-08
0.086353 -1.96589e-08
0.0864429 -1.94981e-08
0.0865328 -1.94941e-08
0.0866227 -1.93863e-08
0.0867126 -1.93597e-08
0.0868025 -1.93492e-08
0.0868924 -1.9332e-08
0.0869823 -1.93473e-08
0.0870722 -1.94382e-08
0.0871621 -1.94749e-08
0.087252 -1.95748e-08
0.0873419 -1.97166e-08
0.0874318 -1.97165e-08
0.0875217 -1.96878e-08
0.0876116 -1.9506e-08
0.0877015 -1.94344e-08
0.0877914 -1.9396e-08
0.0878813 -1.9414e-08
0.0879712 -1.95039e-08
0.0880611 -1.96154e-08
0.088151 -1.97734e-08
0.088241 -2.00042e-08
0.0883309 -2.00806e-08
0.0884208 -2.02591e-08
0.0885107 -2.04293e-08
0.0886006 -2.05335e-08
0.0886905 -2.06105e-08
0.0887804 -2.04923e-08
0.0888703 -2.03443e-08
0.0889602 -2.02312e-08
0.0890501 -2.00608e-08
0.08914 -1.98224e-08
0.0892299 -1.94782e-08
0.0893198 -1.92496e-08
0.0894097 -1.9135e-08
0.0894996 -1.90059e-08
0.0895895 -1.87624e-08
0.0896794 -1.86107e-08
0.0897693 -1.85897e-08
0.0898592 -1.86428e-08
0.0899491 -1.87247e-08
0.090039 -1.88266e-08
0.0901289 -1.89788e-08
0.0902188 -1.92772e-08
0.0903087 -1.9553e-08
0.0903987 -1.98479e-08
0.0904886 -1.99807e-08
0.0905785 -2.0163e-08
0.0906684 -2.03072e-08
0.0907583 -2.03842e-08
0.0908482 -2.04029e-08
0.0909381 -2.03899e-08
0.091028 -2.02588e-08
0.0911179 -2.00812e-08
0.0912078 -1.98426e-08
0.0912977 -1.97182e-08
0.0913876 -1.96042e-08
0.0914775 -1.93558e-08
0.0915674 -1.91859e-08
0.0916573 -1.90526e-08
0.0917472 -1.91237e-08
0.0918371 -1.9191e-08
0.091927 -1.92251e-08
0.0920169 -1.92669e-08
0.0921068 -1.9441e-08
0.0921967 -1.96557e-08
0.0922866 -1.98871e-08
0.0923765 -2.00753e-08
0.0924664 -2.04488e-08
0.0925564 -2.09302e-08
0.0926463 -2.1376e-08
0.0927362 -2.16523e-08
0.0928261 -2.17459e-08
0.092916 -2.18244e-08
0.0930059 -2.20164e-08
0.0930958 -2.22499e-08
0.0931857 -2.24909e-08
0.0932756 -2.27076e-08
0.0933655 -2.28051e-08
0.0934554 -2.27698e-08
0.0935453 -2.25891e-08
0.0936352 -2.2414e-08
0.0937251 -2.22516e-08
0.093815 -2.21649e-08
0.0939049 -2.2251e-08
0.0939948 -2.24472e-08
0.0940847 -2.25388e-08
0.0941746 -2.2676e-08
0.0942645 -2.26998e-08
0.0943544 -2.26636e-08
0.0944443 -2.25437e-08
0.0945342 -2.26598e-08
0.0946241 -2.27079e-08
0.094714 -2.27742e-08
0.094804 -2.27136e-08
0.0948939 -2.28909e-08
0.0949838 -2.29019e-08
0.0950737 -2.29404e-08
0.0951636 -2.29431e-08
0.0952535 -2.31058e-08
0.0953434 -2.33659e-08
0.0954333 -2.40065e-08
0.0955232 -2.48036e-08
0.0956131 -2.53825e-08
0.095703 -2.59714e-08
0.0957929 -2.66053e-08
0.0958828 -2.73524e-08
0.0959727 -2.78795e-08
0.0960626 -2.84658e-08
0.0961525 -2.89208e-08
0.0962424 -2.92517e-08
0.0963323 -2.93015e-08
0.0964222 -2.94807e-08
0.0965121 -2.93916e-08
0.096602 -2.93357e-08
0.0966919 -2.93907e-08
0.0967818 -2.95637e-08
0.0968717 -2.96752e-08
0.0969617 -2.97175e-08
0.0970516 -2.96442e-08
0.0971415 -2.95646e-08
0.0972314 -2.93884e-08
0.0973213 -2.91608e-08
0.0974112 -2.89805e-08
0.0975011 -2.86413e-08
0.097591 -2.84203e-08
0.0976809 -2.79983e-08
0.0977708 -2.76828e-08
0.0978607 -2.74235e-08
0.0979506 -2.71285e-08
0.0980405 -2.68382e-08
0.0981304 -2.67832e-08
0.0982203 -2.66847e-08
0.0983102 -2.69881e-08
0.0984001 -2.7158e-08
0.09849 -2.73808e-08
0.0985799 -2.73889e-08
0.0986698 -2.74831e-08
0.0987597 -2.76025e-08
0.0988496 -2.75227e-08
0.0989395 -2.72973e-08
0.0990294 -2.71574e-08
0.0991194 -2.70566e-08
0.0992093 -2.71485e-08
0.0992992 -2.73311e-08
0.0993891 -2.73007e-08
0.099479 -2.74068e-08
0.0995689 -2.73715e-08
0.0996588 -2.79007e-08
0.0997487 -2.86837e-08
0.0998386 -2.96132e-08
0.0999285 -3.05058e-08
0.100018 -3.17247e-08
0.100108 -3.27792e-08
0.100198 -3.35663e-08
0.100288 -3.37951e-08
0.100378 -3.38467e-08
0.100468 -3.39863e-08
0.100558 -3.3921e-08
0.100648 -3.38864e-08
0.100738 -3.31467e-08
0.100828 -3.19528e-08
0.100917 -3.09198e-08
0.101007 -2.99947e-08
0.101097 -2.91831e-08
0.101187 -2.85437e-08
0.101277 -2.79357e-08
0.101367 -2.7499e-08
0.101457 -2.69628e-08
0.101547 -2.64428e-08
0.101637 -2.59656e-08
0.101727 -2.51618e-08
0.101816 -2.43308e-08
0.101906 -2.38559e-08
0.101996 -2.32684e-08
0.102086 -2.23928e-08
0.102176 -2.13786e-08
0.102266 -2.10161e-08
0.102356 -2.06697e-08
0.102446 -2.06475e-08
0.102536 -2.06414e-08
0.102626 -2.08551e-08
0.102716 -2.09401e-08
0.102805 -2.18016e-08
0.102895 -2.28415e-08
0.102985 -2.37247e-08
0.103075 -2.52883e-08
0.103165 -2.75526e-08
0.103255 -2.95288e-08
0.103345 -3.047e-08
0.103435 -3.12229e-08
0.103525 -3.16457e-08
0.103615 -3.19938e-08
0.103704 -3.2135e-08
0.103794 -3.24395e-08
0.103884 -3.23685e-08
0.103974 -3.31144e-08
0.104064 -3.38026e-08
0.104154 -3.41091e-08
0.104244 -3.39931e-08
0.104334 -3.38072e-08
0.104424 -3.38918e-08
0.104514 -3.41167e-08
0.104604 -3.41256e-08
0.104693 -3.40325e-08
0.104783 -3.38657e-08
0.104873 -3.34245e-08
0.104963 -3.31347e-08
0.105053 -3.24722e-08
0.105143 -3.18225e-08
0.105233 -3.15161e-08
0.105323 -3.14664e-08
0.105413 -3.14722e-08
0.105503 -3.14789e-08
0.105592 -3.14559e-08
0.105682 -3.16724e-08
0.105772 -3.16407e-08
0.105862 -3.17197e-08
0.105952 -3.13634e-08
0.106042 -3.07241e-08
0.106132 -2.99832e-08
0.106222 -2.90703e-08
0.106312 -2.76071e-08
0.106402 -2.61625e-08
0.106491 -2.50465e-08
0.106581 -2.54801e-08
0.106671 -2.62192e-08
0.106761 -2.6938e-08
0.106851 -2.8072e-08
0.106941 -2.92764e-08
0.107031 -3.13857e-08
0.107121 -3.33731e-08
0.107211 -3.50428e-08
0.107301 -3.71459e-08
0.107391 -3.92365e-08
0.10748 -4.08479e-08
0.10757 -4.13989e-08
0.10766 -4.06044e-08
0.10775 -4.01545e-08
0.10784 -3.95992e-08
0.10793 -3.84588e-08
0.10802 -3.70309e-08
0.10811 -3.47267e-08
0.1082 -3.2453e-08
0.10829 -3.05241e-08
0.108379 -2.83354e-08
0.108469 -2.64788e-08
0.108559 -2.49926e-08
0.108649 -2.38387e-08
0.108739 -2.3196e-08
0.108829 -2.22294e-08
0.108919 -2.12587e-08
0.109009 -2.03335e-08
0.109099 -1.96776e-08
0.109189 -1.87429e-08
0.109279 -1.77455e-08
0.109368 -1.66414e-08
0.109458 -1.5402e-08
0.109548 -1.46021e-08
0.109638 -1.48435e-08
0.109728 -1.64619e-08
0.109818 -1.78719e-08
0.109908 -2.19574e-08
0.109998 -2.69668e-08
0.110088 -3.36238e-08
0.110178 -3.56327e-08
0.110267 -3.74906e-08
0.110357 -3.69092e-08
0.110447 -3.59053e-08
0.110537 -3.50418e-08
0.110627 -3.38462e-08
0.110717 -3.30665e-08
0.110807 -3.31163e-08
0.110897 -3.25427e-08
0.110987 -3.17164e-08
0.111077 -3.16582e-08
0.111167 -3.08683e-08
0.111256 -3.01859e-08
0.111346 -2.9334e-08
0.111436 -2.91465e-08
0.111526 -2.87139e-08
0.111616 -2.90406e-08
0.111706 -3.0497e-08
0.111796 -3.17327e-08
0.111886 -3.26578e-08
0.111976 -3.49053e-08
0.112066 -3.71682e-08
0.112155 -3.89046e-08
0.112245 -4.12878e-08
0.112335 -4.34261e-08
0.112425 -4.4765e-08
0.112515 -4.6066e-08
0.112605 -4.69846e-08
0.112695 -4.65989e-08
0.112785 -4.71308e-08
0.112875 -4.81856e-08
0.112965 -4.91912e-08
0.113054 -4.95939e-08
0.113144 -4.98161e-08
0.113234 -5.00738e-08
0.113324 -5.03683e-08
0.113414 -5.10401e-08
0.113504 -5.18714e-08
0.113594 -5.25836e-08
0.113684 -5.37793e-08
0.113774 -5.48939e-08
0.113864 -5.52955e-08
0.113954 -5.49899e-08
0.114043 -5.45133e-08
0.114133 -5.37111e-08
0.114223 -5.25207e-08
0.114313 -5.0203e-08
0.114403 -4.61082e-08
0.114493 -4.37376e-08
0.114583 -4.2454e-08
0.114673 -4.10448e-08
0.114763 -3.97858e-08
0.114853 -3.93745e-08
0.114942 -3.91949e-08
0.115032 -3.91768e-08
0.115122 -3.94883e-08
0.115212 -3.9869e-08
0.115302 -4.05963e-08
0.115392 -4.15029e-08
0.115482 -4.1833e-08
0.115572 -4.18329e-08
0.115662 -4.17473e-08
0.115752 -4.18797e-08
0.115842 -4.1957e-08
0.115931 -4.18636e-08
0.116021 -4.14733e-08
0.116111 -4.12985e-08
0.116201 -4.12483e-08
0.116291 -4.06754e-08
0.116381 -3.92306e-08
0.116471 -3.78397e-08
0.116561 -3.70812e-08
0.116651 -3.66982e-08
0.116741 -3.63577e-08
0.11683 -3.59399e-08
0.11692 -3.54613e-08
0.11701 -3.49911e-08
0.1171 -3.46852e-08
0.11719 -3.42086e-08
0.11728 -3.3788e-08
0.11737 -3.38249e-08
0.11746 -3.38871e-08
0.11755 -3.3639e-08
0.11764 -3.31429e-08
0.11773 -3.2329e-08
0.117819 -3.16825e-08
0.117909 -3.11134e-08
0.117999 -3.09782e-08
0.118089 -3.0739e-08
0.118179 -3.08035e-08
0.118269 -3.05087e-08
0.118359 -3.00453e-08
0.118449 -2.94032e-08
0.118539 -2.95478e-08
0.118629 -3.00493e-08
0.118718 -3.0975e-08
0.118808 -3.2008e-08
0.118898 -3.30933e-08
0.118988 -3.35185e-08
0.119078 -3.34958e-08
0.119168 -3.31969e-08
0.119258 -3.2935e-08
0.119348 -3.32225e-08
0.119438 -3.33939e-08
0.119528 -3.36831e-08
0.119617 -3.38128e-08
0.119707 -3.36222e-08
0.119797 -3.30338e-08
0.119887 -3.22152e-08
0.119977 -3.13758e-08
0.120067 -3.07369e-08
0.120157 -3.01406e-08
0.120247 -3.01836e-08
0.120337 -2.9538e-08
0.120427 -2.81695e-08
0.120517 -2.69587e-08
0.120606 -2.50378e-08
0.120696 -2.36064e-08
0.120786 -2.32161e-08
0.120876 -2.35911e-08
0.120966 -2.39417e-08
0.121056 -2.40108e-08
0.121146 -2.39726e-08
0.121236 -2.30582e-08
0.121326 -2.20176e-08
0.121416 -2.27864e-08
0.121505 -2.38447e-08
0.121595 -2.42553e-08
0.121685 -2.50184e-08
0.121775 -2.50996e-08
0.121865 -2.42753e-08
0.121955 -2.30003e-08
0.122045 -2.22625e-08
0.122135 -2.18695e-08
0.122225 -2.19947e-08
0.122315 -2.27559e-08
0.122405 -2.31512e-08
0.122494 -2.15969e-08
0.122584 -2.01643e-08
0.122674 -1.88185e-08
0.122764 -1.80694e-08
0.122854 -1.82773e-08
0.122944 -1.93102e-08
0.123034 -2.1185e-08
0.123124 -2.14968e-08
0.123214 -2.13507e-08
0.123304 -2.12836e-08
0.123393 -2.11115e-08
0.123483 -2.16525e-08
0.123573 -2.30766e-08
0.123663 -2.40696e-08
0.123753 -2.5016e-08
0.123843 -2.54477e-08
0.123933 -2.60315e-08
0.124023 -2.62576e-08
0.124113 -2.62579e-08
0.124203 -2.65742e-08
0.124293 -2.65966e-08
0.124382 -2.68469e-08
0.124472 -2.6681e-08
0.124562 -2.63756e-08
0.124652 -2.57417e-08
0.124742 -2.47211e-08
0.124832 -2.39021e-08
0.124922 -2.33301e-08
0.125012 -2.21407e-08
0.125102 -2.18092e-08
0.125192 -2.12445e-08
0.125281 -2.09172e-08
0.125371 -2.04157e-08
0.125461 -1.95642e-08
0.125551 -1.90774e-08
0.125641 -1.88145e-08
0.125731 -1.87504e-08
0.125821 -1.88367e-08
0.125911 -1.83204e-08
0.126001 -1.79804e-08
0.126091 -1.74624e-08
0.126181 -1.61154e-08
0.12627 -1.5218e-08
0.12636 -1.39621e-08
0.12645 -1.39116e-08
0.12654 -1.44715e-08
0.12663 -1.40499e-08
0.12672 -1.32831e-08
0.12681 -1.20142e-08
0.1269 -1.08213e-08
0.12699 -1.03207e-08
0.12708 -9.77743e-09
0.127169 -1.13176e-08
0.127259 -1.56343e-08
0.127349 -1.93093e-08
0.127439 -2.3067e-08
0.127529 -2.47038e-08
0.127619 -2.53663e-08
0.127709 -2.63855e-08
0.127799 -2.72188e-08
0.127889 -2.79765e-08
0.127979 -2.87199e-08
0.128068 -2.88053e-08
0.128158 -2.85625e-08
0.128248 -2.78128e-08
0.128338 -2.67152e-08
0.128428 -2.59829e-08
0.128518 -2.49969e-08
0.128608 -2.45682e-08
0.128698 -2.43836e-08
0.128788 -2.39629e-08
0.128878 -2.3531e-08
0.128968 -2.25764e-08
0.129057 -2.15546e-08
0.129147 -2.0974e-08
0.129237 -2.0229e-08
0.129327 -2.10398e-08
0.129417 -2.15808e-08
0.129507 -2.17308e-08
0.129597 -2.38551e-08
0.129687 -2.54095e-08
0.129777 -2.58322e-08
0.129867 -2.60056e-08
0.129956 -2.61688e-08
0.130046 -2.72026e-08
0.130136 -2.74691e-08
0.130226 -2.83655e-08
0.130316 -3.08089e-08
0.130406 -3.35134e-08
0.130496 -3.67404e-08
0.130586 -3.90979e-08
0.130676 -4.02376e-08
0.130766 -4.16935e-08
0.130856 -4.35248e-08
0.130945 -4.6016e-08
0.131035 -4.85031e-08
0.131125 -5.09763e-08
0.131215 -5.22005e-08
0.131305 -5.41934e-08
0.131395 -5.62899e-08
0.131485 -5.94587e-08
0.131575 4.41416e-08
0.131665 1.47868e-07
0.131755 1.44765e-07
0.131844 1.4283e-07
0.131934 1.38534e-07
0.132024 1.34336e-07
0.132114 2.39433e-07
0.132204 2.34967e-07
0.132294 2.51698e-07
0.132384 2.95542e-07
0.132474 2.9493e-07
0.132564 2.94852e-07
0.132654 2.94961e-07
0.132744 2.95622e-07
0.132833 2.9669e-07
0.132923 2.95809e-07
0.133013 2.94572e-07
0.133103 2.9292e-07
0.133193 2.91827e-07
0.133283 2.91723e-07
0.133373 2.91392e-07
0.133463 2.90805e-07
0.133553 2.90846e-07
0.133643 2.90505e-07
0.133732 2.90576e-07
0.133822 2.89369e-07
0.133912 2.8797e-07
0.134002 2.8861e-07
0.134092 2.91721e-07
0.134182 2.9771e-07
0.134272 3.05053e-07
0.134362 3.09522e-07
0.134452 3.15582e-07
0.134542 3.18578e-07
0.134631 3.20411e-07
0.134721 3.23456e-07
0.134811 3.23124e-07
