-0.134811 1.48814e-07
-0.134721 1.49727e-07
-0.134631 1.5115e-07
-0.134542 1.51657e-07
-0.134452 1.51716e-07
-0.134362 1.51412e-07
-0.134272 1.51112e-07
-0.134182 1.50368e-07
-0.134092 1.48795e-07
-0.134002 1.47591e-07
-0.133912 1.47328e-07
-0.133822 1.4673e-07
-0.133732 1.45353e-07
-0.133642 1.4396e-07
-0.133553 1.42633e-07
-0.133463 1.41708e-07
-0.133373 1.41679e-07
-0.133283 1.42722e-07
-0.133193 1.43605e-07
-0.133103 1.43509e-07
-0.133013 1.43059e-07
-0.132923 1.42314e-07
-0.132833 1.41213e-07
-0.132743 1.40497e-07
-0.132654 1.39803e-07
-0.132564 1.38393e-07
-0.132474 1.36798e-07
-0.132384 1.35775e-07
-0.132294 1.34965e-07
-0.132204 1.33231e-07
-0.132114 1.32706e-07
-0.132024 1.33615e-07
-0.131934 1.34621e-07
-0.131844 1.35372e-07
-0.131754 1.36669e-07
-0.131665 1.37571e-07
-0.131575 1.39364e-07
-0.131485 1.42562e-07
-0.131395 1.45428e-07
-0.131305 1.47473e-07
-0.131215 1.50946e-07
-0.131125 1.52513e-07
-0.131035 1.53006e-07
-0.130945 1.52023e-07
-0.130855 1.51918e-07
-0.130766 1.51509e-07
-0.130676 1.49723e-07
-0.130586 1.47403e-07
-0.130496 1.45402e-07
-0.130406 1.43255e-07
-0.130316 1.42349e-07
-0.130226 1.4083e-07
-0.130136 1.3987e-07
-0.130046 1.40017e-07
-0.129956 1.40761e-07
-0.129867 1.40825e-07
-0.129777 1.40621e-07
-0.129687 1.40127e-07
-0.129597 1.39714e-07
-0.129507 1.3906e-07
-0.129417 1.38489e-07
-0.129327 1.37877e-07
-0.129237 1.3705e-07
-0.129147 1.36095e-07
-0.129057 1.34258e-07
-0.128967 1.32505e-07
-0.128878 1.31181e-07
-0.128788 1.31411e-07
-0.128698 1.32135e-07
-0.128608 1.33053e-07
-0.128518 1.33135e-07
-0.128428 1.34965e-07
-0.128338 1.36339e-07
-0.128248 1.38094e-07
-0.128158 1.39786e-07
-0.128068 1.42129e-07
-0.127979 1.43842e-07
-0.127889 1.45309e-07
-0.127799 1.46409e-07
-0.127709 1.47526e-07
-0.127619 1.48364e-07
-0.127529 1.49017e-07
-0.127439 1.50405e-07
-0.127349 1.5109e-07
-0.127259 1.51602e-07
-0.127169 1.52059e-07
-0.127079 1.51177e-07
-0.12699 1.48836e-07
-0.1269 1.47747e-07
-0.12681 1.47312e-07
-0.12672 1.47001e-07
-0.12663 1.4593e-07
-0.12654 1.45138e-07
-0.12645 1.44608e-07
-0.12636 1.43726e-07
-0.12627 1.4353e-07
-0.12618 1.43968e-07
-0.126091 1.447e-07
-0.126001 1.44913e-07
-0.125911 1.45343e-07
-0.125821 1.44938e-07
-0.125731 1.44275e-07
-0.125641 1.43754e-07
-0.125551 1.43425e-07
-0.125461 1.42879e-07
-0.125371 1.41507e-07
-0.125281 1.4088e-07
-0.125191 1.4035e-07
-0.125102 1.39322e-07
-0.125012 1.38843e-07
-0.124922 1.38828e-07
-0.124832 1.38669e-07
-0.124742 1.38705e-07
-0.124652 1.38939e-07
-0.124562 1.3908e-07
-0.124472 1.3947e-07
-0.124382 1.39998e-07
-0.124292 1.40398e-07
-0.124203 1.40669e-07
-0.124113 1.41074e-07
-0.124023 1.41217e-07
-0.123933 1.41676e-07
-0.123843 1.41211e-07
-0.123753 1.40571e-07
-0.123663 1.40239e-07
-0.123573 1.39832e-07
-0.123483 1.39207e-07
-0.123393 1.38326e-07
-0.123304 1.37492e-07
-0.123214 1.37476e-07
-0.123124 1.37336e-07
-0.123034 1.37927e-07
-0.122944 1.3849e-07
-0.122854 1.38912e-07
-0.122764 1.39859e-07
-0.122674 1.40606e-07
-0.122584 1.40561e-07
-0.122494 1.40395e-07
-0.122404 1.40551e-07
-0.122315 1.40609e-07
-0.122225 1.40827e-07
-0.122135 1.40595e-07
-0.122045 1.4002e-07
-0.121955 1.39085e-07
-0.121865 1.37951e-07
-0.121775 1.37051e-07
-0.121685 1.36244e-07
-0.121595 1.3522e-07
-0.121505 1.35414e-07
-0.121416 1.35025e-07
-0.121326 1.34434e-07
-0.121236 1.33877e-07
-0.121146 1.3295e-07
-0.121056 1.32245e-07
-0.120966 1.3189e-07
-0.120876 1.3241e-07
-0.120786 1.33297e-07
-0.120696 1.33392e-07
-0.120606 1.34014e-07
-0.120516 1.34804e-07
-0.120427 1.34708e-07
-0.120337 1.34878e-07
-0.120247 1.34792e-07
-0.120157 1.34251e-07
-0.120067 1.3494e-07
-0.119977 1.35048e-07
-0.119887 1.35436e-07
-0.119797 1.35583e-07
-0.119707 1.36918e-07
-0.119617 1.37844e-07
-0.119528 1.37744e-07
-0.119438 1.37973e-07
-0.119348 1.41153e-07
-0.119258 1.48632e-07
-0.119168 1.56717e-07
-0.119078 1.61355e-07
-0.118988 1.62138e-07
-0.118898 1.63413e-07
-0.118808 1.63459e-07
-0.118718 1.63048e-07
-0.118628 1.61729e-07
-0.118539 1.60996e-07
-0.118449 1.60974e-07
-0.118359 1.616e-07
-0.118269 1.61576e-07
-0.118179 1.61171e-07
-0.118089 1.61e-07
-0.117999 1.61322e-07
-0.117909 1.61974e-07
-0.117819 1.62314e-07
-0.117729 1.62826e-07
-0.11764 1.63235e-07
-0.11755 1.63839e-07
-0.11746 1.64069e-07
-0.11737 1.6384e-07
-0.11728 1.62902e-07
-0.11719 1.62216e-07
-0.1171 1.61748e-07
-0.11701 1.61161e-07
-0.11692 1.60329e-07
-0.11683 1.59434e-07
-0.116741 1.58432e-07
-0.116651 1.57564e-07
-0.116561 1.57017e-07
-0.116471 1.56612e-07
-0.116381 1.55831e-07
-0.116291 1.55602e-07
-0.116201 1.5539e-07
-0.116111 1.54891e-07
-0.116021 1.54511e-07
-0.115931 1.54239e-07
-0.115841 1.5367e-07
-0.115752 1.53269e-07
-0.115662 1.52569e-07
-0.115572 1.52001e-07
-0.115482 1.5127e-07
-0.115392 1.50698e-07
-0.115302 1.50502e-07
-0.115212 1.503e-07
-0.115122 1.50336e-07
-0.115032 1.50631e-07
-0.114942 1.50314e-07
-0.114853 1.50387e-07
-0.114763 1.50346e-07
-0.114673 1.50401e-07
-0.114583 1.50921e-07
-0.114493 1.51276e-07
-0.114403 1.51579e-07
-0.114313 1.51888e-07
-0.114223 1.51808e-07
-0.114133 1.51688e-07
-0.114043 1.51521e-07
-0.113953 1.51328e-07
-0.113864 1.5147e-07
-0.113774 1.51784e-07
-0.113684 1.52413e-07
-0.113594 1.52799e-07
-0.113504 1.53249e-07
-0.113414 1.53277e-07
-0.113324 1.53572e-07
-0.113234 1.53526e-07
-0.113144 1.53615e-07
-0.113054 1.53731e-07
-0.112965 1.53735e-07
-0.112875 1.53917e-07
-0.112785 1.53877e-07
-0.112695 1.53246e-07
-0.112605 1.5246e-07
-0.112515 1.51359e-07
-0.112425 1.50268e-07
-0.112335 1.49684e-07
-0.112245 1.48838e-07
-0.112155 1.48127e-07
-0.112065 1.47838e-07
-0.111976 1.47737e-07
-0.111886 1.48112e-07
-0.111796 1.48256e-07
-0.111706 1.48463e-07
-0.111616 1.48916e-07
-0.111526 1.4985e-07
-0.111436 1.51003e-07
-0.111346 1.52106e-07
-0.111256 1.53867e-07
-0.111166 1.55815e-07
-0.111077 1.57888e-07
-0.110987 1.59013e-07
-0.110897 1.59668e-07
-0.110807 1.5971e-07
-0.110717 1.60849e-07
-0.110627 1.63319e-07
-0.110537 1.66598e-07
-0.110447 1.66045e-07
-0.110357 1.67344e-07
-0.110267 1.63037e-07
-0.110178 1.54314e-07
-0.110088 1.51237e-07
-0.109998 1.45316e-07
-0.109908 1.50098e-07
-0.109818 6.0491e-08
-0.109728 7.11892e-08
-0.109638 7.74932e-08
-0.109548 7.84762e-08
-0.109458 7.99005e-08
-0.109368 8.13712e-08
-0.109278 8.1903e-08
-0.109189 8.28628e-08
-0.109099 8.41959e-08
-0.109009 8.46012e-08
-0.108919 8.50061e-08
-0.108829 8.50587e-08
-0.108739 8.50585e-08
-0.108649 8.48706e-08
-0.108559 8.47145e-08
-0.108469 8.45774e-08
-0.108379 8.4115e-08
-0.10829 8.34714e-08
-0.1082 8.25732e-08
-0.10811 8.18614e-08
-0.10802 8.14914e-08
-0.10793 8.12684e-08
-0.10784 8.11993e-08
-0.10775 8.14194e-08
-0.10766 8.16913e-08
-0.10757 8.19511e-08
-0.10748 8.2213e-08
-0.10739 8.25667e-08
-0.107301 8.29472e-08
-0.107211 8.34633e-08
-0.107121 8.4108e-08
-0.107031 8.45582e-08
-0.106941 8.49897e-08
-0.106851 8.50732e-08
-0.106761 8.51641e-08
-0.106671 8.50886e-08
-0.106581 8.50498e-08
-0.106491 8.50246e-08
-0.106402 8.4948e-08
-0.106312 8.49782e-08
-0.106222 8.48682e-08
-0.106132 8.46922e-08
-0.106042 8.45843e-08
-0.105952 8.43794e-08
-0.105862 8.43037e-08
-0.105772 8.4292e-08
-0.105682 8.4185e-08
-0.105592 8.41339e-08
-0.105502 8.39428e-08
-0.105413 8.38268e-08
-0.105323 8.37355e-08
-0.105233 8.35422e-08
-0.105143 8.33036e-08
-0.105053 8.30764e-08
-0.104963 8.285e-08
-0.104873 8.2697e-08
-0.104783 8.24263e-08
-0.104693 8.2314e-08
-0.104603 8.21692e-08
-0.104514 8.2032e-08
-0.104424 8.19127e-08
-0.104334 8.16013e-08
-0.104244 8.14042e-08
-0.104154 8.13051e-08
-0.104064 8.12527e-08
-0.103974 8.12205e-08
-0.103884 8.12516e-08
-0.103794 8.12334e-08
-0.103704 8.1273e-08
-0.103614 8.12424e-08
-0.103525 8.12746e-08
-0.103435 8.12211e-08
-0.103345 8.11989e-08
-0.103255 8.1163e-08
-0.103165 8.11054e-08
-0.103075 8.10789e-08
-0.102985 8.10115e-08
-0.102895 8.09176e-08
-0.102805 8.06925e-08
-0.102715 8.05052e-08
-0.102626 8.02277e-08
-0.102536 7.99283e-08
-0.102446 7.97086e-08
-0.102356 7.95811e-08
-0.102266 7.94957e-08
-0.102176 7.94797e-08
-0.102086 7.93867e-08
-0.101996 7.93401e-08
-0.101906 7.92271e-08
-0.101816 7.91875e-08
-0.101727 7.91839e-08
-0.101637 7.91364e-08
-0.101547 7.92136e-08
-0.101457 7.9304e-08
-0.101367 7.93154e-08
-0.101277 7.93003e-08
-0.101187 7.92927e-08
-0.101097 7.92295e-08
-0.101007 7.90823e-08
-0.100917 7.8994e-08
-0.100827 7.88961e-08
-0.100738 7.87825e-08
-0.100648 7.87271e-08
-0.100558 7.8659e-08
-0.100468 7.85373e-08
-0.100378 7.83782e-08
-0.100288 7.82709e-08
-0.100198 7.81846e-08
-0.100108 7.80821e-08
-0.100018 7.80369e-08
-0.0999284 7.80641e-08
-0.0998385 7.80481e-08
-0.0997486 7.80491e-08
-0.0996587 7.79736e-08
-0.0995688 7.78794e-08
-0.0994789 7.7751e-08
-0.099389 7.75997e-08
-0.0992991 7.74762e-08
-0.0992092 7.72966e-08
-0.0991193 7.71225e-08
-0.0990294 7.68847e-08
-0.0989395 7.66375e-08
-0.0988496 7.63827e-08
-0.0987597 7.61277e-08
-0.0986698 7.58772e-08
-0.0985799 7.56477e-08
-0.09849 7.53857e-08
-0.0984001 7.50899e-08
-0.0983102 7.48346e-08
-0.0982202 7.45928e-08
-0.0981303 7.43954e-08
-0.0980404 7.41786e-08
-0.0979505 7.39706e-08
-0.0978606 7.37007e-08
-0.0977707 7.34388e-08
-0.0976808 7.32483e-08
-0.0975909 7.31035e-08
-0.097501 7.29619e-08
-0.0974111 7.28587e-08
-0.0973212 7.28453e-08
-0.0972313 7.27834e-08
-0.0971414 7.26762e-08
-0.0970515 7.25827e-08
-0.0969616 7.25331e-08
-0.0968717 7.24981e-08
-0.0967818 7.24842e-08
-0.0966919 7.24455e-08
-0.096602 7.23905e-08
-0.0965121 7.24116e-08
-0.0964222 7.23754e-08
-0.0963323 7.23658e-08
-0.0962424 7.23592e-08
-0.0961525 7.23985e-08
-0.0960626 7.24333e-08
-0.0959726 7.24012e-08
-0.0958827 7.23556e-08
-0.0957928 7.23797e-08
-0.0957029 7.23931e-08
-0.095613 7.25042e-08
-0.0955231 7.2596e-08
-0.0954332 7.25619e-08
-0.0953433 7.25977e-08
-0.0952534 7.26351e-08
-0.0951635 7.25666e-08
-0.0950736 7.25362e-08
-0.0949837 7.24638e-08
-0.0948938 7.24202e-08
-0.0948039 7.23601e-08
-0.094714 7.22881e-08
-0.0946241 7.21779e-08
-0.0945342 7.19586e-08
-0.0944443 7.17676e-08
-0.0943544 7.16011e-08
-0.0942645 7.13471e-08
-0.0941746 7.1107e-08
-0.0940847 7.08218e-08
-0.0939948 7.05054e-08
-0.0939049 7.0332e-08
-0.0938149 7.01908e-08
-0.093725 7.004e-08
-0.0936351 6.98497e-08
-0.0935452 6.96091e-08
-0.0934553 6.93064e-08
-0.0933654 6.90924e-08
-0.0932755 6.8876e-08
-0.0931856 6.8769e-08
-0.0930957 6.86997e-08
-0.0930058 6.87238e-08
-0.0929159 6.86148e-08
-0.092826 6.85168e-08
-0.0927361 6.83171e-08
-0.0926462 6.81503e-08
-0.0925563 6.80138e-08
-0.0924664 6.79377e-08
-0.0923765 6.77794e-08
-0.0922866 6.76635e-08
-0.0921967 6.75152e-08
-0.0921068 6.72995e-08
-0.0920169 6.71531e-08
-0.091927 6.70196e-08
-0.0918371 6.69927e-08
-0.0917472 6.67948e-08
-0.0916572 6.66922e-08
-0.0915673 6.66053e-08
-0.0914774 6.65955e-08
-0.0913875 6.64556e-08
-0.0912976 6.63926e-08
-0.0912077 6.62941e-08
-0.0911178 6.6192e-08
-0.0910279 6.60144e-08
-0.090938 6.57899e-08
-0.0908481 6.54374e-08
-0.0907582 6.50538e-08
-0.0906683 6.46726e-08
-0.0905784 6.43017e-08
-0.0904885 6.38886e-08
-0.0903986 6.35414e-08
-0.0903087 6.31804e-08
-0.0902188 6.27045e-08
-0.0901289 6.22333e-08
-0.090039 6.1745e-08
-0.0899491 6.13535e-08
-0.0898592 6.09209e-08
-0.0897693 6.05551e-08
-0.0896794 6.02257e-08
-0.0895895 5.98697e-08
-0.0894995 5.94928e-08
-0.0894096 5.90618e-08
-0.0893197 5.86821e-08
-0.0892298 5.83224e-08
-0.0891399 5.79139e-08
-0.08905 5.75185e-08
-0.0889601 5.71701e-08
-0.0888702 5.67918e-08
-0.0887803 5.64619e-08
-0.0886904 5.61238e-08
-0.0886005 5.58311e-08
-0.0885106 5.55433e-08
-0.0884207 5.52296e-08
-0.0883308 5.49275e-08
-0.0882409 5.46514e-08
-0.088151 5.44242e-08
-0.0880611 5.42512e-08
-0.0879712 5.41255e-08
-0.0878813 5.40006e-08
-0.0877914 5.38268e-08
-0.0877015 5.36123e-08
-0.0876116 5.34006e-08
-0.0875217 5.32167e-08
-0.0874318 5.30118e-08
-0.0873418 5.28963e-08
-0.0872519 5.2708e-08
-0.087162 5.25907e-08
-0.0870721 5.24731e-08
-0.0869822 5.23778e-08
-0.0868923 5.22256e-08
-0.0868024 5.21251e-08
-0.0867125 5.20261e-08
-0.0866226 5.18735e-08
-0.0865327 5.17281e-08
-0.0864428 5.15796e-08
-0.0863529 5.14898e-08
-0.086263 5.13887e-08
-0.0861731 5.1297e-08
-0.0860832 5.12055e-08
-0.0859933 5.10478e-08
-0.0859034 5.09048e-08
-0.0858135 5.07656e-08
-0.0857236 5.05822e-08
-0.0856337 5.04336e-08
-0.0855438 5.02625e-08
-0.0854539 5.01136e-08
-0.085364 4.99437e-08
-0.0852741 4.96939e-08
-0.0851841 4.94793e-08
-0.0850942 4.92724e-08
-0.0850043 4.90402e-08
-0.0849144 4.88484e-08
-0.0848245 4.86065e-08
-0.0847346 4.84119e-08
-0.0846447 4.81993e-08
-0.0845548 4.79939e-08
-0.0844649 4.7776e-08
-0.084375 4.75521e-08
-0.0842851 4.72816e-08
-0.0841952 4.69982e-08
-0.0841053 4.67559e-08
-0.0840154 4.65418e-08
-0.0839255 4.63e-08
-0.0838356 4.60558e-08
-0.0837457 4.58128e-08
-0.0836558 4.55996e-08
-0.0835659 4.53832e-08
-0.083476 4.51709e-08
-0.0833861 4.50007e-08
-0.0832962 4.4833e-08
-0.0832063 4.46741e-08
-0.0831164 4.45407e-08
-0.0830264 4.43497e-08
-0.0829365 4.40967e-08
-0.0828466 4.38998e-08
-0.0827567 4.37374e-08
-0.0826668 4.35799e-08
-0.0825769 4.33985e-08
-0.082487 4.3235e-08
-0.0823971 4.31334e-08
-0.0823072 4.30459e-08
-0.0822173 4.29051e-08
-0.0821274 4.28065e-08
-0.0820375 4.2726e-08
-0.0819476 4.26197e-08
-0.0818577 4.25279e-08
-0.0817678 4.2379e-08
-0.0816779 4.22947e-08
-0.081588 4.22036e-08
-0.0814981 4.21635e-08
-0.0814082 4.21002e-08
-0.0813183 4.20467e-08
-0.0812284 4.19505e-08
-0.0811385 4.19286e-08
-0.0810486 4.19181e-08
-0.0809587 4.19411e-08
-0.0808687 4.19615e-08
-0.0807788 4.19802e-08
-0.0806889 4.19604e-08
-0.080599 4.19545e-08
-0.0805091 4.19184e-08
-0.0804192 4.18679e-08
-0.0803293 4.18394e-08
-0.0802394 4.17786e-08
-0.0801495 4.17235e-08
-0.0800596 4.167e-08
-0.0799697 4.15411e-08
-0.0798798 4.14228e-08
-0.0797899 4.12921e-08
-0.0797 4.11545e-08
-0.0796101 4.09646e-08
-0.0795202 4.08118e-08
-0.0794303 4.06543e-08
-0.0793404 4.04999e-08
-0.0792505 4.03117e-08
-0.0791606 4.01641e-08
-0.0790707 4.00227e-08
-0.0789808 3.98849e-08
-0.0788909 3.97467e-08
-0.078801 3.95492e-08
-0.078711 3.93635e-08
-0.0786211 3.92189e-08
-0.0785312 3.90341e-08
-0.0784413 3.88907e-08
-0.0783514 3.87611e-08
-0.0782615 3.86928e-08
-0.0781716 3.85629e-08
-0.0780817 3.84746e-08
-0.0779918 3.83834e-08
-0.0779019 3.82848e-08
-0.077812 3.82418e-08
-0.0777221 3.81883e-08
-0.0776322 3.80804e-08
-0.0775423 3.79835e-08
-0.0774524 3.78854e-08
-0.0773625 3.7793e-08
-0.0772726 3.77081e-08
-0.0771827 3.76391e-08
-0.0770928 3.7588e-08
-0.0770029 3.74917e-08
-0.076913 3.73873e-08
-0.0768231 3.7329e-08
-0.0767332 3.72841e-08
-0.0766433 3.72312e-08
-0.0765534 3.72327e-08
-0.0764634 3.72245e-08
-0.0763735 3.72181e-08
-0.0762836 3.7166e-08
-0.0761937 3.70891e-08
-0.0761038 3.70219e-08
-0.0760139 3.69248e-08
-0.075924 3.68098e-08
-0.0758341 3.66658e-08
-0.0757442 3.65262e-08
-0.0756543 3.63629e-08
-0.0755644 3.61926e-08
-0.0754745 3.6034e-08
-0.0753846 3.58899e-08
-0.0752947 3.57381e-08
-0.0752048 3.55866e-08
-0.0751149 3.5392e-08
-0.075025 3.52408e-08
-0.0749351 3.50533e-08
-0.0748452 3.49266e-08
-0.0747553 3.48219e-08
-0.0746654 3.46742e-08
-0.0745755 3.4495e-08
-0.0744856 3.43984e-08
-0.0743957 3.42553e-08
-0.0743057 3.41218e-08
-0.0742158 3.4025e-08
-0.0741259 3.3939e-08
-0.074036 3.38648e-08
-0.0739461 3.37857e-08
-0.0738562 3.37032e-08
-0.0737663 3.36202e-08
-0.0736764 3.35409e-08
-0.0735865 3.34301e-08
-0.0734966 3.33165e-08
-0.0734067 3.32216e-08
-0.0733168 3.31425e-08
-0.0732269 3.30381e-08
-0.073137 3.30173e-08
-0.0730471 3.30401e-08
-0.0729572 3.30519e-08
-0.0728673 3.31271e-08
-0.0727774 3.32028e-08
-0.0726875 3.3293e-08
-0.0725976 3.34049e-08
-0.0725077 3.35291e-08
-0.0724178 3.37155e-08
-0.0723279 3.39483e-08
-0.072238 3.42071e-08
-0.072148 3.44665e-08
-0.0720581 3.46952e-08
-0.0719682 3.49289e-08
-0.0718783 3.5113e-08
-0.0717884 3.52765e-08
-0.0716985 3.54545e-08
-0.0716086 3.56546e-08
-0.0715187 3.58943e-08
-0.0714288 3.60719e-08
-0.0713389 3.62479e-08
-0.071249 3.63824e-08
-0.0711591 3.65334e-08
-0.0710692 3.66405e-08
-0.0709793 3.67596e-08
-0.0708894 3.6846e-08
-0.0707995 3.69572e-08
-0.0707096 3.70371e-08
-0.0706197 3.70959e-08
-0.0705298 3.71285e-08
-0.0704399 3.71416e-08
-0.07035 3.7135e-08
-0.0702601 3.70604e-08
-0.0701702 3.70157e-08
-0.0700803 3.69324e-08
-0.0699903 3.68305e-08
-0.0699004 3.67556e-08
-0.0698105 3.66647e-08
-0.0697206 3.6592e-08
-0.0696307 3.65176e-08
-0.0695408 3.64654e-08
-0.0694509 3.63692e-08
-0.069361 3.62852e-08
-0.0692711 3.62252e-08
-0.0691812 3.61431e-08
-0.0690913 3.60602e-08
-0.0690014 3.60285e-08
-0.0689115 3.59906e-08
-0.0688216 3.59584e-08
-0.0687317 3.59209e-08
-0.0686418 3.59074e-08
-0.0685519 3.58995e-08
-0.068462 3.58867e-08
-0.0683721 3.58952e-08
-0.0682822 3.59192e-08
-0.0681923 3.59127e-08
-0.0681024 3.58995e-08
-0.0680125 3.58856e-08
-0.0679226 3.58915e-08
-0.0678326 3.58968e-08
-0.0677427 3.59037e-08
-0.0676528 3.59148e-08
-0.0675629 3.58958e-08
-0.067473 3.59135e-08
-0.0673831 3.59745e-08
-0.0672932 3.60959e-08
-0.0672033 3.61605e-08
-0.0671134 3.62521e-08
-0.0670235 3.63495e-08
-0.0669336 3.64129e-08
-0.0668437 3.65285e-08
-0.0667538 3.66284e-08
-0.0666639 3.66692e-08
-0.066574 3.6724e-08
-0.0664841 3.67889e-08
-0.0663942 3.68676e-08
-0.0663043 3.69705e-08
-0.0662144 3.70667e-08
-0.0661245 3.71455e-08
-0.0660346 3.7267e-08
-0.0659447 3.73513e-08
-0.0658548 3.74527e-08
-0.0657649 3.75492e-08
-0.0656749 3.76547e-08
-0.065585 3.77472e-08
-0.0654951 3.7826e-08
-0.0654052 3.7881e-08
-0.0653153 3.79318e-08
-0.0652254 3.7961e-08
-0.0651355 3.80002e-08
-0.0650456 3.80377e-08
-0.0649557 3.8103e-08
-0.0648658 3.81662e-08
-0.0647759 3.81995e-08
-0.064686 3.82029e-08
-0.0645961 3.82256e-08
-0.0645062 3.82047e-08
-0.0644163 3.81686e-08
-0.0643264 3.81358e-08
-0.0642365 3.80869e-08
-0.0641466 3.80581e-08
-0.0640567 3.8048e-08
-0.0639668 3.80109e-08
-0.0638769 3.79818e-08
-0.063787 3.79531e-08
-0.0636971 3.79185e-08
-0.0636072 3.78949e-08
-0.0635172 3.78505e-08
-0.0634273 3.77999e-08
-0.0633374 3.77612e-08
-0.0632475 3.7717e-08
-0.0631576 3.76463e-08
-0.0630677 3.75637e-08
-0.0629778 3.74757e-08
-0.0628879 3.73825e-08
-0.062798 3.72801e-08
-0.0627081 3.71742e-08
-0.0626182 3.70882e-08
-0.0625283 3.70203e-08
-0.0624384 3.6942e-08
-0.0623485 3.68475e-08
-0.0622586 3.67478e-08
-0.0621687 3.6656e-08
-0.0620788 3.65524e-08
-0.0619889 3.6443e-08
-0.061899 3.63318e-08
-0.0618091 3.62168e-08
-0.0617192 3.60956e-08
-0.0616293 3.59757e-08
-0.0615394 3.58567e-08
-0.0614495 3.57445e-08
-0.0613595 3.56308e-08
-0.0612696 3.5506e-08
-0.0611797 3.5398e-08
-0.0610898 3.531e-08
-0.0609999 3.52219e-08
-0.06091 3.51061e-08
-0.0608201 3.50071e-08
-0.0607302 3.49275e-08
-0.0606403 3.48404e-08
-0.0605504 3.47617e-08
-0.0604605 3.46892e-08
-0.0603706 3.46177e-08
-0.0602807 3.45492e-08
-0.0601908 3.44898e-08
-0.0601009 3.44475e-08
-0.060011 3.44246e-08
-0.0599211 3.44077e-08
-0.0598312 3.43779e-08
-0.0597413 3.43481e-08
-0.0596514 3.43292e-08
-0.0595615 3.42945e-08
-0.0594716 3.42794e-08
-0.0593817 3.42637e-08
-0.0592918 3.42482e-08
-0.0592018 3.42596e-08
-0.0591119 3.42647e-08
-0.059022 3.42945e-08
-0.0589321 3.43461e-08
-0.0588422 3.44141e-08
-0.0587523 3.44958e-08
-0.0586624 3.45974e-08
-0.0585725 3.46775e-08
-0.0584826 3.47593e-08
-0.0583927 3.48244e-08
-0.0583028 3.48845e-08
-0.0582129 3.49383e-08
-0.058123 3.50011e-08
-0.0580331 3.50567e-08
-0.0579432 3.51086e-08
-0.0578533 3.51384e-08
-0.0577634 3.51866e-08
-0.0576735 3.52335e-08
-0.0575836 3.52813e-08
-0.0574937 3.53261e-08
-0.0574038 3.53695e-08
-0.0573139 3.53992e-08
-0.057224 3.54274e-08
-0.0571341 3.54423e-08
-0.0570442 3.54571e-08
-0.0569542 3.54609e-08
-0.0568643 3.54495e-08
-0.0567744 3.5433e-08
-0.0566845 3.54071e-08
-0.0565946 3.53873e-08
-0.0565047 3.53643e-08
-0.0564148 3.53405e-08
-0.0563249 3.53008e-08
-0.056235 3.5267e-08
-0.0561451 3.5241e-08
-0.0560552 3.51948e-08
-0.0559653 3.51372e-08
-0.0558754 3.50693e-08
-0.0557855 3.50021e-08
-0.0556956 3.49446e-08
-0.0556057 3.48704e-08
-0.0555158 3.47956e-08
-0.0554259 3.47281e-08
-0.055336 3.46628e-08
-0.0552461 3.45944e-08
-0.0551562 3.45307e-08
-0.0550663 3.4454e-08
-0.0549764 3.43895e-08
-0.0548865 3.43159e-08
-0.0547965 3.42489e-08
-0.0547066 3.41751e-08
-0.0546167 3.41124e-08
-0.0545268 3.40509e-08
-0.0544369 3.39754e-08
-0.054347 3.39177e-08
-0.0542571 3.38766e-08
-0.0541672 3.38406e-08
-0.0540773 3.37944e-08
-0.0539874 3.37529e-08
-0.0538975 3.37284e-08
-0.0538076 3.3699e-08
-0.0537177 3.36584e-08
-0.0536278 3.36217e-08
-0.0535379 3.35795e-08
-0.053448 3.35427e-08
-0.0533581 3.35014e-08
-0.0532682 3.3472e-08
-0.0531783 3.34628e-08
-0.0530884 3.34612e-08
-0.0529985 3.34502e-08
-0.0529086 3.34336e-08
-0.0528187 3.34036e-08
-0.0527288 3.33756e-08
-0.0526388 3.33382e-08
-0.0525489 3.33176e-08
-0.052459 3.33006e-08
-0.0523691 3.32602e-08
-0.0522792 3.32229e-08
-0.0521893 3.319e-08
-0.0520994 3.31617e-08
-0.0520095 3.31114e-08
-0.0519196 3.30507e-08
-0.0518297 3.30023e-08
-0.0517398 3.29426e-08
-0.0516499 3.28961e-08
-0.05156 3.28508e-08
-0.0514701 3.2795e-08
-0.0513802 3.27227e-08
-0.0512903 3.26421e-08
-0.0512004 3.25806e-08
-0.0511105 3.2514e-08
-0.0510206 3.24454e-08
-0.0509307 3.23715e-08
-0.0508408 3.22857e-08
-0.0507509 3.2221e-08
-0.050661 3.21522e-08
-0.0505711 3.20749e-08
-0.0504811 3.20027e-08
-0.0503912 3.1907e-08
-0.0503013 3.18091e-08
-0.0502114 3.17089e-08
-0.0501215 3.16176e-08
-0.0500316 3.15226e-08
-0.0499417 3.1453e-08
-0.0498518 3.13926e-08
-0.0497619 3.13267e-08
-0.049672 3.1252e-08
-0.0495821 3.11829e-08
-0.0494922 3.11219e-08
-0.0494023 3.10617e-08
-0.0493124 3.09954e-08
-0.0492225 3.09318e-08
-0.0491326 3.0878e-08
-0.0490427 3.08053e-08
-0.0489528 3.07347e-08
-0.0488629 3.06823e-08
-0.048773 3.0627e-08
-0.0486831 3.05786e-08
-0.0485932 3.05241e-08
-0.0485033 3.04924e-08
-0.0484134 3.04642e-08
-0.0483234 3.04368e-08
-0.0482335 3.03964e-08
-0.0481436 3.03635e-08
-0.0480537 3.03368e-08
-0.0479638 3.03031e-08
-0.0478739 3.02489e-08
-0.047784 3.02099e-08
-0.0476941 3.01516e-08
-0.0476042 3.01086e-08
-0.0475143 3.00663e-08
-0.0474244 3.00224e-08
-0.0473345 2.99779e-08
-0.0472446 2.99384e-08
-0.0471547 2.9901e-08
-0.0470648 2.98543e-08
-0.0469749 2.9829e-08
-0.046885 2.97773e-08
-0.0467951 2.97136e-08
-0.0467052 2.96604e-08
-0.0466153 2.96081e-08
-0.0465254 2.95703e-08
-0.0464355 2.95205e-08
-0.0463456 2.94691e-08
-0.0462557 2.94226e-08
-0.0461657 2.93902e-08
-0.0460758 2.93418e-08
-0.0459859 2.92949e-08
-0.045896 2.92451e-08
-0.0458061 2.91907e-08
-0.0457162 2.9129e-08
-0.0456263 2.90638e-08
-0.0455364 2.90126e-08
-0.0454465 2.8952e-08
-0.0453566 2.88881e-08
-0.0452667 2.88296e-08
-0.0451768 2.87593e-08
-0.0450869 2.86929e-08
-0.044997 2.8615e-08
-0.0449071 2.85284e-08
-0.0448172 2.84657e-08
-0.0447273 2.84043e-08
-0.0446374 2.83302e-08
-0.0445475 2.82656e-08
-0.0444576 2.81975e-08
-0.0443677 2.81327e-08
-0.0442778 2.80703e-08
-0.0441879 2.80045e-08
-0.044098 2.79239e-08
-0.044008 2.78357e-08
-0.0439181 2.77464e-08
-0.0438282 2.76525e-08
-0.0437383 2.75662e-08
-0.0436484 2.74787e-08
-0.0435585 2.73878e-08
-0.0434686 2.73026e-08
-0.0433787 2.72112e-08
-0.0432888 2.71357e-08
-0.0431989 2.70536e-08
-0.043109 2.69491e-08
-0.0430191 2.68441e-08
-0.0429292 2.67383e-08
-0.0428393 2.66322e-08
-0.0427494 2.65243e-08
-0.0426595 2.6415e-08
-0.0425696 2.63081e-08
-0.0424797 2.61988e-08
-0.0423898 2.60906e-08
-0.0422999 2.59766e-08
-0.04221 2.58665e-08
-0.0421201 2.57478e-08
-0.0420302 2.5622e-08
-0.0419403 2.55028e-08
-0.0418503 2.53668e-08
-0.0417604 2.5225e-08
-0.0416705 2.50967e-08
-0.0415806 2.49829e-08
-0.0414907 2.48664e-08
-0.0414008 2.47617e-08
-0.0413109 2.46624e-08
-0.041221 2.45697e-08
-0.0411311 2.44729e-08
-0.0410412 2.43925e-08
-0.0409513 2.43176e-08
-0.0408614 2.42308e-08
-0.0407715 2.41436e-08
-0.0406816 2.40429e-08
-0.0405917 2.39601e-08
-0.0405018 2.38881e-08
-0.0404119 2.38135e-08
-0.040322 2.37521e-08
-0.0402321 2.37057e-08
-0.0401422 2.36623e-08
-0.0400523 2.36281e-08
-0.0399624 2.36025e-08
-0.0398725 2.35726e-08
-0.0397826 2.35551e-08
-0.0396927 2.35422e-08
-0.0396027 2.35214e-08
-0.0395128 2.35005e-08
-0.0394229 2.34882e-08
-0.039333 2.34783e-08
-0.0392431 2.34745e-08
-0.0391532 2.34837e-08
-0.0390633 2.35029e-08
-0.0389734 2.35281e-08
-0.0388835 2.35679e-08
-0.0387936 2.36071e-08
-0.0387037 2.36515e-08
-0.0386138 2.36894e-08
-0.0385239 2.37345e-08
-0.038434 2.37771e-08
-0.0383441 2.38115e-08
-0.0382542 2.38393e-08
-0.0381643 2.38679e-08
-0.0380744 2.39163e-08
-0.0379845 2.39629e-08
-0.0378946 2.40255e-08
-0.0378047 2.40948e-08
-0.0377148 2.41536e-08
-0.0376249 2.42266e-08
-0.037535 2.42845e-08
-0.037445 2.4348e-08
-0.0373551 2.43962e-08
-0.0372652 2.44338e-08
-0.0371753 2.44686e-08
-0.0370854 2.45145e-08
-0.0369955 2.4553e-08
-0.0369056 2.45897e-08
-0.0368157 2.46293e-08
-0.0367258 2.46655e-08
-0.0366359 2.47082e-08
-0.036546 2.47551e-08
-0.0364561 2.47865e-08
-0.0363662 2.48056e-08
-0.0362763 2.48125e-08
-0.0361864 2.48291e-08
-0.0360965 2.48458e-08
-0.0360066 2.48652e-08
-0.0359167 2.48793e-08
-0.0358268 2.4897e-08
-0.0357369 2.4912e-08
-0.035647 2.4928e-08
-0.0355571 2.49468e-08
-0.0354672 2.49673e-08
-0.0353773 2.49845e-08
-0.0352873 2.49819e-08
-0.0351974 2.49719e-08
-0.0351075 2.49682e-08
-0.0350176 2.49601e-08
-0.0349277 2.49627e-08
-0.0348378 2.49677e-08
-0.0347479 2.49806e-08
-0.034658 2.49871e-08
-0.0345681 2.49904e-08
-0.0344782 2.50071e-08
-0.0343883 2.50272e-08
-0.0342984 2.50401e-08
-0.0342085 2.50348e-08
-0.0341186 2.50378e-08
-0.0340287 2.50545e-08
-0.0339388 2.50661e-08
-0.0338489 2.5084e-08
-0.033759 2.50964e-08
-0.0336691 2.51181e-08
-0.0335792 2.51254e-08
-0.0334893 2.51383e-08
-0.0333994 2.51753e-08
-0.0333095 2.5206e-08
-0.0332196 2.52336e-08
-0.0331296 2.5254e-08
-0.0330397 2.52892e-08
-0.0329498 2.53152e-08
-0.0328599 2.53482e-08
-0.03277 2.53783e-08
-0.0326801 2.5399e-08
-0.0325902 2.54245e-08
-0.0325003 2.54388e-08
-0.0324104 2.54679e-08
-0.0323205 2.55056e-08
-0.0322306 2.55286e-08
-0.0321407 2.55507e-08
-0.0320508 2.55771e-08
-0.0319609 2.55879e-08
-0.031871 2.55932e-08
-0.0317811 2.56041e-08
-0.0316912 2.56089e-08
-0.0316013 2.56157e-08
-0.0315114 2.56187e-08
-0.0314215 2.56223e-08
-0.0313316 2.56253e-08
-0.0312417 2.56273e-08
-0.0311518 2.5615e-08
-0.0310619 2.56097e-08
-0.0309719 2.55996e-08
-0.030882 2.55772e-08
-0.0307921 2.55496e-08
-0.0307022 2.55211e-08
-0.0306123 2.54943e-08
-0.0305224 2.54672e-08
-0.0304325 2.54368e-08
-0.0303426 2.54099e-08
-0.0302527 2.53806e-08
-0.0301628 2.53523e-08
-0.0300729 2.53178e-08
-0.029983 2.5287e-08
-0.0298931 2.52493e-08
-0.0298032 2.52084e-08
-0.0297133 2.51651e-08
-0.0296234 2.51228e-08
-0.0295335 2.50702e-08
-0.0294436 2.50083e-08
-0.0293537 2.49498e-08
-0.0292638 2.48973e-08
-0.0291739 2.48518e-08
-0.029084 2.48102e-08
-0.0289941 2.476e-08
-0.0289042 2.47049e-08
-0.0288142 2.46438e-08
-0.0287243 2.45964e-08
-0.0286344 2.45407e-08
-0.0285445 2.44757e-08
-0.0284546 2.44018e-08
-0.0283647 2.43315e-08
-0.0282748 2.4256e-08
-0.0281849 2.41901e-08
-0.028095 2.41303e-08
-0.0280051 2.40693e-08
-0.0279152 2.40031e-08
-0.0278253 2.39236e-08
-0.0277354 2.38479e-08
-0.0276455 2.37808e-08
-0.0275556 2.37027e-08
-0.0274657 2.3616e-08
-0.0273758 2.35341e-08
-0.0272859 2.34473e-08
-0.027196 2.3359e-08
-0.0271061 2.32864e-08
-0.0270162 2.32128e-08
-0.0269263 2.31422e-08
-0.0268364 2.30733e-08
-0.0267465 2.29966e-08
-0.0266565 2.29236e-08
-0.0265666 2.28552e-08
-0.0264767 2.2779e-08
-0.0263868 2.27072e-08
-0.0262969 2.26283e-08
-0.026207 2.25451e-08
-0.0261171 2.24654e-08
-0.0260272 2.23966e-08
-0.0259373 2.23263e-08
-0.0258474 2.22615e-08
-0.0257575 2.22033e-08
-0.0256676 2.21359e-08
-0.0255777 2.20755e-08
-0.0254878 2.20172e-08
-0.0253979 2.19564e-08
-0.025308 2.18947e-08
-0.0252181 2.18266e-08
-0.0251282 2.17637e-08
-0.0250383 2.17062e-08
-0.0249484 2.16523e-08
-0.0248585 2.15962e-08
-0.0247686 2.15467e-08
-0.0246787 2.14961e-08
-0.0245888 2.14365e-08
-0.0244988 2.13834e-08
-0.0244089 2.13322e-08
-0.024319 2.12679e-08
-0.0242291 2.1198e-08
-0.0241392 2.11301e-08
-0.0240493 2.10641e-08
-0.0239594 2.10053e-08
-0.0238695 2.09527e-08
-0.0237796 2.08983e-08
-0.0236897 2.08507e-08
-0.0235998 2.07934e-08
-0.0235099 2.07353e-08
-0.02342 2.06803e-08
-0.0233301 2.06186e-08
-0.0232402 2.05448e-08
-0.0231503 2.04654e-08
-0.0230604 2.0388e-08
-0.0229705 2.0308e-08
-0.0228806 2.02339e-08
-0.0227907 2.0156e-08
-0.0227008 2.008e-08
-0.0226109 2.00049e-08
-0.022521 1.99233e-08
-0.0224311 1.98477e-08
-0.0223411 1.97733e-08
-0.0222512 1.96929e-08
-0.0221613 1.96006e-08
-0.0220714 1.95011e-08
-0.0219815 1.94009e-08
-0.0218916 1.93041e-08
-0.0218017 1.91993e-08
-0.0217118 1.9092e-08
-0.0216219 1.89801e-08
-0.021532 1.88694e-08
-0.0214421 1.87577e-08
-0.0213522 1.86568e-08
-0.0212623 1.85556e-08
-0.0211724 1.84482e-08
-0.0210825 1.83292e-08
-0.0209926 1.82056e-08
-0.0209027 1.80819e-08
-0.0208128 1.79606e-08
-0.0207229 1.78326e-08
-0.020633 1.77053e-08
-0.0205431 1.75746e-08
-0.0204532 1.74532e-08
-0.0203633 1.73388e-08
-0.0202734 1.72286e-08
-0.0201835 1.71133e-08
-0.0200935 1.69955e-08
-0.0200036 1.6871e-08
-0.0199137 1.67538e-08
-0.0198238 1.66313e-08
-0.0197339 1.65162e-08
-0.019644 1.63977e-08
-0.0195541 1.62776e-08
-0.0194642 1.61605e-08
-0.0193743 1.60533e-08
-0.0192844 1.59549e-08
-0.0191945 1.58568e-08
-0.0191046 1.57551e-08
-0.0190147 1.56528e-08
-0.0189248 1.5555e-08
-0.0188349 1.54627e-08
-0.018745 1.53649e-08
-0.0186551 1.52776e-08
-0.0185652 1.51797e-08
-0.0184753 1.50741e-08
-0.0183854 1.49763e-08
-0.0182955 1.48817e-08
-0.0182056 1.47957e-08
-0.0181157 1.4712e-08
-0.0180258 1.4626e-08
-0.0179358 1.45409e-08
-0.0178459 1.446e-08
-0.017756 1.43757e-08
-0.0176661 1.42989e-08
-0.0175762 1.42168e-08
-0.0174863 1.41225e-08
-0.0173964 1.402e-08
-0.0173065 1.39235e-08
-0.0172166 1.38299e-08
-0.0171267 1.37406e-08
-0.0170368 1.36582e-08
-0.0169469 1.35646e-08
-0.016857 1.34722e-08
-0.0167671 1.33807e-08
-0.0166772 1.32904e-08
-0.0165873 1.32041e-08
-0.0164974 1.31115e-08
-0.0164075 1.30072e-08
-0.0163176 1.28954e-08
-0.0162277 1.2788e-08
-0.0161378 1.26783e-08
-0.0160479 1.25752e-08
-0.015958 1.24739e-08
-0.0158681 1.23685e-08
-0.0157781 1.226e-08
-0.0156882 1.21548e-08
-0.0155983 1.2052e-08
-0.0155084 1.19377e-08
-0.0154185 1.18188e-08
-0.0153286 1.16949e-08
-0.0152387 1.15715e-08
-0.0151488 1.1453e-08
-0.0150589 1.13251e-08
-0.014969 1.12107e-08
-0.0148791 1.10905e-08
-0.0147892 1.09763e-08
-0.0146993 1.08656e-08
-0.0146094 1.07555e-08
-0.0145195 1.06402e-08
-0.0144296 1.05167e-08
-0.0143397 1.03919e-08
-0.0142498 1.02651e-08
-0.0141599 1.01455e-08
-0.01407 1.00271e-08
-0.0139801 9.90082e-09
-0.0138902 9.77764e-09
-0.0138003 9.647e-09
-0.0137104 9.53289e-09
-0.0136204 9.42895e-09
-0.0135305 9.32132e-09
-0.0134406 9.20984e-09
-0.0133507 9.09935e-09
-0.0132608 8.9902e-09
-0.0131709 8.87956e-09
-0.013081 8.76828e-09
-0.0129911 8.66461e-09
-0.0129012 8.55019e-09
-0.0128113 8.44331e-09
-0.0127214 8.32819e-09
-0.0126315 8.2269e-09
-0.0125416 8.12889e-09
-0.0124517 8.02895e-09
-0.0123618 7.93174e-09
-0.0122719 7.8333e-09
-0.012182 7.74025e-09
-0.0120921 7.63522e-09
-0.0120022 7.53105e-09
-0.0119123 7.43474e-09
-0.0118224 7.32755e-09
-0.0117325 7.23329e-09
-0.0116426 7.13768e-09
-0.0115527 7.05004e-09
-0.0114627 6.95362e-09
-0.0113728 6.86099e-09
-0.0112829 6.76944e-09
-0.011193 6.67364e-09
-0.0111031 6.5788e-09
-0.0110132 6.47843e-09
-0.0109233 6.37986e-09
-0.0108334 6.27893e-09
-0.0107435 6.17175e-09
-0.0106536 6.07773e-09
-0.0105637 5.99124e-09
-0.0104738 5.90192e-09
-0.0103839 5.81022e-09
-0.010294 5.71865e-09
-0.0102041 5.62706e-09
-0.0101142 5.52674e-09
-0.0100243 5.42642e-09
-0.00993438 5.32806e-09
-0.00984447 5.22325e-09
-0.00975457 5.11345e-09
-0.00966466 5.00545e-09
-0.00957476 4.90308e-09
-0.00948486 4.81274e-09
-0.00939495 4.72674e-09
-0.00930505 4.63919e-09
-0.00921514 4.54482e-09
-0.00912524 4.44726e-09
-0.00903534 4.34716e-09
-0.00894543 4.2508e-09
-0.00885553 4.15126e-09
-0.00876562 4.04932e-09
-0.00867572 3.94693e-09
-0.00858582 3.84891e-09
-0.00849591 3.75222e-09
-0.00840601 3.67122e-09
-0.0083161 3.59419e-09
-0.0082262 3.51157e-09
-0.00813629 3.42218e-09
-0.00804639 3.32431e-09
-0.00795649 3.23602e-09
-0.00786658 3.14818e-09
-0.00777668 3.06074e-09
-0.00768677 2.97488e-09
-0.00759687 2.88801e-09
-0.00750697 2.80682e-09
-0.00741706 2.73381e-09
-0.00732716 2.66313e-09
-0.00723725 2.59829e-09
-0.00714735 2.53213e-09
-0.00705744 2.45585e-09
-0.00696754 2.37338e-09
-0.00687764 2.29478e-09
-0.00678773 2.21268e-09
-0.00669783 2.13465e-09
-0.00660792 2.05863e-09
-0.00651802 1.97534e-09
-0.00642812 1.9086e-09
-0.00633821 1.84539e-09
-0.00624831 1.7792e-09
-0.0061584 1.72803e-09
-0.0060685 1.66843e-09
-0.00597859 1.60536e-09
-0.00588869 1.53923e-09
-0.00579879 1.46459e-09
-0.00570888 1.39252e-09
-0.00561898 1.3272e-09
-0.00552907 1.26032e-09
-0.00543917 1.18907e-09
-0.00534927 1.13129e-09
-0.00525936 1.07424e-09
-0.00516946 1.02079e-09
-0.00507955 9.7138e-10
-0.00498965 9.21379e-10
-0.00489975 8.75239e-10
-0.00480984 8.19109e-10
-0.00471994 7.66363e-10
-0.00463003 7.2065e-10
-0.00454013 6.73482e-10
-0.00445022 6.17866e-10
-0.00436032 5.61016e-10
-0.00427042 5.07887e-10
-0.00418051 4.66986e-10
-0.00409061 4.2715e-10
-0.0040007 3.88519e-10
-0.0039108 3.56964e-10
-0.0038209 3.27426e-10
-0.00373099 2.98543e-10
-0.00364109 2.80421e-10
-0.00355118 2.61626e-10
-0.00346128 2.27867e-10
-0.00337137 1.97032e-10
-0.00328147 1.56336e-10
-0.00319157 1.21159e-10
-0.00310166 1.03087e-10
-0.00301176 8.21563e-11
-0.00292185 6.76085e-11
-0.00283195 5.62742e-11
-0.00274205 5.10844e-11
-0.00265214 5.4906e-11
-0.00256224 6.24298e-11
-0.00247233 5.96846e-11
-0.00238243 5.15015e-11
-0.00229252 4.56462e-11
-0.00220262 2.74313e-11
-0.00211272 1.8905e-11
-0.00202281 1.38828e-11
-0.00193291 1.28531e-11
-0.001843 1.11335e-11
-0.0017531 6.45329e-12
-0.0016632 1.40645e-11
-0.00157329 2.76661e-11
-0.00148339 4.03317e-11
-0.00139348 4.71056e-11
-0.00130358 5.5998e-11
-0.00121368 5.54353e-11
-0.00112377 4.21504e-11
-0.00103387 3.19341e-11
-0.000943963 2.9114e-11
-0.000854059 2.93715e-11
-0.000764154 2.57077e-11
-0.00067425 2.24296e-11
-0.000584346 2.36019e-11
-0.000494442 2.79623e-11
-0.000404538 3.58775e-11
-0.000314634 4.17235e-11
-0.00022473 4.11345e-11
-0.000134825 3.37571e-11
-4.49212e-05 1.31722e-11
4.49829e-05 0
0.000134887 -1.05826e-12
0.000224791 -1.09683e-12
0.000314695 -4.89408e-12
0.0004046 -7.16213e-12
0.000494504 -6.49341e-12
0.000584408 -3.10246e-12
0.000674312 7.18513e-12
0.000764216 1.20971e-11
0.00085412 1.61595e-11
0.000944024 1.36453e-11
0.00103393 4.28252e-12
0.00112383 4.42833e-12
0.00121374 1.14173e-11
0.00130364 2.05001e-11
0.00139355 2.20806e-11
0.00148345 2.44876e-11
0.00157335 2.83338e-11
0.00166326 3.52486e-11
0.00175316 4.6975e-11
0.00184307 5.28235e-11
0.00193297 6.15477e-11
0.00202287 6.71765e-11
0.00211278 7.31006e-11
0.00220268 8.20754e-11
0.00229259 8.99042e-11
0.00238249 9.37767e-11
0.00247239 9.24431e-11
0.0025623 8.75376e-11
0.0026522 8.21257e-11
0.00274211 8.49213e-11
0.00283201 8.50839e-11
0.00292192 8.35349e-11
0.00301182 8.47093e-11
0.00310172 8.48313e-11
0.00319163 8.90152e-11
0.00328153 9.03699e-11
0.00337144 8.15744e-11
0.00346134 7.21204e-11
0.00355124 5.48759e-11
0.00364115 2.94432e-11
0.00373105 9.70004e-12
0.00382096 -4.83291e-12
0.00391086 -2.99248e-11
0.00400077 -5.91365e-11
0.00409067 -8.14696e-11
0.00418057 -1.04158e-10
0.00427048 -1.17924e-10
0.00436038 -1.37998e-10
0.00445029 -1.67041e-10
0.00454019 -1.94213e-10
0.00463009 -2.25875e-10
0.00472 -2.59799e-10
0.0048099 -2.85568e-10
0.00489981 -3.1976e-10
0.00498971 -3.62915e-10
0.00507962 -4.01832e-10
0.00516952 -4.4141e-10
0.00525942 -4.75047e-10
0.00534933 -4.98912e-10
0.00543923 -5.31111e-10
0.00552914 -5.60958e-10
0.00561904 -5.8108e-10
0.00570894 -6.07307e-10
0.00579885 -6.29477e-10
0.00588875 -6.52685e-10
0.00597866 -6.90412e-10
0.00606856 -7.24077e-10
0.00615846 -7.53815e-10
0.00624837 -7.86012e-10
0.00633827 -8.08191e-10
0.00642818 -8.34196e-10
0.00651808 -8.6657e-10
0.00660799 -8.874e-10
0.00669789 -9.0162e-10
0.00678779 -9.168e-10
0.0068777 -9.2983e-10
0.0069676 -9.49203e-10
0.00705751 -9.73516e-10
0.00714741 -9.9889e-10
0.00723731 -1.02362e-09
0.00732722 -1.04256e-09
0.00741712 -1.06582e-09
0.00750703 -1.09415e-09
0.00759693 -1.12207e-09
0.00768684 -1.14121e-09
0.00777674 -1.15193e-09
0.00786664 -1.15914e-09
0.00795655 -1.16767e-09
0.00804645 -1.171e-09
0.00813636 -1.17397e-09
0.00822626 -1.18907e-09
0.00831616 -1.20013e-09
0.00840607 -1.20839e-09
0.00849597 -1.2262e-09
0.00858588 -1.23545e-09
0.00867578 -1.24797e-09
0.00876569 -1.2486e-09
0.00885559 -1.24341e-09
0.00894549 -1.23694e-09
0.0090354 -1.23085e-09
0.0091253 -1.20806e-09
0.00921521 -1.1886e-09
0.00930511 -1.18001e-09
0.00939501 -1.17206e-09
0.00948492 -1.16709e-09
0.00957482 -1.1653e-09
0.00966473 -1.16257e-09
0.00975463 -1.16096e-09
0.00984453 -1.15481e-09
0.00993444 -1.14811e-09
0.0100243 -1.13433e-09
0.0101142 -1.12257e-09
0.0102042 -1.09617e-09
0.0102941 -1.07356e-09
0.010384 -1.0561e-09
0.0104739 -1.04221e-09
0.0105638 -1.02961e-09
0.0106537 -1.02486e-09
0.0107436 -1.02419e-09
0.0108335 -1.02539e-09
0.0109234 -1.0348e-09
0.0110133 -1.0382e-09
0.0111032 -1.02943e-09
0.0111931 -1.02991e-09
0.011283 -1.02113e-09
0.0113729 -1.01432e-09
0.0114628 -1.00864e-09
0.0115527 -1.00517e-09
0.0116426 -1.00843e-09
0.0117325 -1.01631e-09
0.0118224 -1.03253e-09
0.0119123 -1.05354e-09
0.0120022 -1.08152e-09
0.0120921 -1.10002e-09
0.012182 -1.10982e-09
0.0122719 -1.12931e-09
0.0123619 -1.1433e-09
0.0124518 -1.15639e-09
0.0125417 -1.16939e-09
0.0126316 -1.19219e-09
0.0127215 -1.21413e-09
0.0128114 -1.2372e-09
0.0129013 -1.2664e-09
0.0129912 -1.29901e-09
0.0130811 -1.33476e-09
0.013171 -1.3659e-09
0.0132609 -1.39577e-09
0.0133508 -1.42996e-09
0.0134407 -1.46265e-09
0.0135306 -1.48423e-09
0.0136205 -1.50235e-09
0.0137104 -1.52503e-09
0.0138003 -1.5451e-09
0.0138902 -1.56337e-09
0.0139801 -1.59321e-09
0.01407 -1.62008e-09
0.0141599 -1.64796e-09
0.0142498 -1.67951e-09
0.0143397 -1.71238e-09
0.0144296 -1.74853e-09
0.0145196 -1.77247e-09
0.0146095 -1.79397e-09
0.0146994 -1.80485e-09
0.0147893 -1.81659e-09
0.0148792 -1.82797e-09
0.0149691 -1.84183e-09
0.015059 -1.85725e-09
0.0151489 -1.8666e-09
0.0152388 -1.87356e-09
0.0153287 -1.88564e-09
0.0154186 -1.89497e-09
0.0155085 -1.90588e-09
0.0155984 -1.91456e-09
0.0156883 -1.92204e-09
0.0157782 -1.91959e-09
0.0158681 -1.91828e-09
0.015958 -1.91742e-09
0.0160479 -1.92372e-09
0.0161378 -1.92231e-09
0.0162277 -1.91321e-09
0.0163176 -1.90104e-09
0.0164075 -1.88775e-09
0.0164974 -1.86683e-09
0.0165873 -1.84959e-09
0.0166773 -1.83554e-09
0.0167672 -1.81512e-09
0.0168571 -1.79186e-09
0.016947 -1.76903e-09
0.0170369 -1.75135e-09
0.0171268 -1.73784e-09
0.0172167 -1.72533e-09
0.0173066 -1.70858e-09
0.0173965 -1.69692e-09
0.0174864 -1.68784e-09
0.0175763 -1.67316e-09
0.0176662 -1.66399e-09
0.0177561 -1.65289e-09
0.017846 -1.6424e-09
0.0179359 -1.62752e-09
0.0180258 -1.61615e-09
0.0181157 -1.60413e-09
0.0182056 -1.60289e-09
0.0182955 -1.60216e-09
0.0183854 -1.59377e-09
0.0184753 -1.59867e-09
0.0185652 -1.60946e-09
0.0186551 -1.61874e-09
0.018745 -1.62742e-09
0.0188349 -1.63535e-09
0.0189249 -1.645e-09
0.0190148 -1.6429e-09
0.0191047 -1.64912e-09
0.0191946 -1.65276e-09
0.0192845 -1.66885e-09
0.0193744 -1.68122e-09
0.0194643 -1.69396e-09
0.0195542 -1.7066e-09
0.0196441 -1.72634e-09
0.019734 -1.74164e-09
0.0198239 -1.75506e-09
0.0199138 -1.76395e-09
0.0200037 -1.76617e-09
0.0200936 -1.75881e-09
0.0201835 -1.76458e-09
0.0202734 -1.7615e-09
0.0203633 -1.76601e-09
0.0204532 -1.77284e-09
0.0205431 -1.78555e-09
0.020633 -1.78627e-09
0.0207229 -1.80078e-09
0.0208128 -1.81338e-09
0.0209027 -1.82735e-09
0.0209926 -1.82951e-09
0.0210826 -1.81941e-09
0.0211725 -1.81407e-09
0.0212624 -1.81267e-09
0.0213523 -1.8011e-09
0.0214422 -1.78677e-09
0.0215321 -1.77451e-09
0.021622 -1.75681e-09
0.0217119 -1.73618e-09
0.0218018 -1.72564e-09
0.0218917 -1.71663e-09
0.0219816 -1.70002e-09
0.0220715 -1.67707e-09
0.0221614 -1.65427e-09
0.0222513 -1.6393e-09
0.0223412 -1.62273e-09
0.0224311 -1.60125e-09
0.022521 -1.58396e-09
0.0226109 -1.54623e-09
0.0227008 -1.51141e-09
0.0227907 -1.47894e-09
0.0228806 -1.44514e-09
0.0229705 -1.40806e-09
0.0230604 -1.36544e-09
0.0231503 -1.33291e-09
0.0232403 -1.29959e-09
0.0233302 -1.27323e-09
0.0234201 -1.24353e-09
0.02351 -1.21978e-09
0.0235999 -1.18309e-09
0.0236898 -1.142e-09
0.0237797 -1.10657e-09
0.0238696 -1.07049e-09
0.0239595 -1.02276e-09
0.0240494 -9.76413e-10
0.0241393 -9.3862e-10
0.0242292 -9.01879e-10
0.0243191 -8.66182e-10
0.024409 -8.22346e-10
0.0244989 -7.81055e-10
0.0245888 -7.39651e-10
0.0246787 -6.86893e-10
0.0247686 -6.40614e-10
0.0248585 -5.92898e-10
0.0249484 -5.46393e-10
0.0250383 -4.92494e-10
0.0251282 -4.38863e-10
0.0252181 -3.8578e-10
0.025308 -3.376e-10
0.025398 -2.86356e-10
0.0254879 -2.31044e-10
0.0255778 -1.74885e-10
0.0256677 -1.17335e-10
0.0257576 -6.0952e-11
0.0258475 -8.83505e-12
0.0259374 4.02655e-11
0.0260273 8.85318e-11
0.0261172 1.43587e-10
0.0262071 2.07603e-10
0.026297 2.6965e-10
0.0263869 3.31391e-10
0.0264768 3.94437e-10
0.0265667 4.50521e-10
0.0266566 5.10326e-10
0.0267465 5.55961e-10
0.0268364 5.91738e-10
0.0269263 6.18078e-10
0.0270162 6.41022e-10
0.0271061 6.64417e-10
0.027196 6.95631e-10
0.0272859 7.37104e-10
0.0273758 7.71928e-10
0.0274657 8.11349e-10
0.0275557 8.52767e-10
0.0276456 8.96037e-10
0.0277355 9.29065e-10
0.0278254 9.51452e-10
0.0279153 9.66045e-10
0.0280052 9.67701e-10
0.0280951 9.76653e-10
0.028185 9.82091e-10
0.0282749 1.00148e-09
0.0283648 1.03487e-09
0.0284547 1.07364e-09
0.0285446 1.11475e-09
0.0286345 1.1658e-09
0.0287244 1.21746e-09
0.0288143 1.27213e-09
0.0289042 1.33481e-09
0.0289941 1.38143e-09
0.029084 1.42421e-09
0.0291739 1.47526e-09
0.0292638 1.52111e-09
0.0293537 1.57757e-09
0.0294436 1.64477e-09
0.0295335 1.71543e-09
0.0296234 1.79355e-09
0.0297134 1.88689e-09
0.0298033 1.97634e-09
0.0298932 2.07571e-09
0.0299831 2.1813e-09
0.030073 2.27818e-09
0.0301629 2.3796e-09
0.0302528 2.48035e-09
0.0303427 2.58004e-09
0.0304326 2.68664e-09
0.0305225 2.78703e-09
0.0306124 2.88323e-09
0.0307023 2.98851e-09
0.0307922 3.09684e-09
0.0308821 3.19875e-09
0.030972 3.31215e-09
0.0310619 3.42587e-09
0.0311518 3.54223e-09
0.0312417 3.66659e-09
0.0313316 3.78757e-09
0.0314215 3.90905e-09
0.0315114 4.02875e-09
0.0316013 4.14044e-09
0.0316912 4.25033e-09
0.0317811 4.35866e-09
0.0318711 4.46773e-09
0.031961 4.581e-09
0.0320509 4.69676e-09
0.0321408 4.81204e-09
0.0322307 4.93751e-09
0.0323206 5.05636e-09
0.0324105 5.16571e-09
0.0325004 5.27432e-09
0.0325903 5.37774e-09
0.0326802 5.4758e-09
0.0327701 5.57525e-09
0.03286 5.68098e-09
0.0329499 5.79594e-09
0.0330398 5.90373e-09
0.0331297 6.0076e-09
0.0332196 6.11794e-09
0.0333095 6.22446e-09
0.0333994 6.31346e-09
0.0334893 6.40258e-09
0.0335792 6.50268e-09
0.0336691 6.59873e-09
0.033759 6.68984e-09
0.0338489 6.79353e-09
0.0339388 6.90342e-09
0.0340288 7.01358e-09
0.0341187 7.1271e-09
0.0342086 7.23153e-09
0.0342985 7.33741e-09
0.0343884 7.45484e-09
0.0344783 7.57494e-09
0.0345682 7.69788e-09
0.0346581 7.83129e-09
0.034748 7.95826e-09
0.0348379 8.08414e-09
0.0349278 8.2122e-09
0.0350177 8.33842e-09
0.0351076 8.47742e-09
0.0351975 8.62841e-09
0.0352874 8.75886e-09
0.0353773 8.90511e-09
0.0354672 9.06834e-09
0.0355571 9.23116e-09
0.035647 9.39746e-09
0.0357369 9.56501e-09
0.0358268 9.72406e-09
0.0359167 9.88119e-09
0.0360066 1.0025e-08
0.0360965 1.01759e-08
0.0361865 1.03402e-08
0.0362764 1.0512e-08
0.0363663 1.06704e-08
0.0364562 1.0829e-08
0.0365461 1.09879e-08
0.036636 1.1142e-08
0.0367259 1.12954e-08
0.0368158 1.14423e-08
0.0369057 1.15857e-08
0.0369956 1.17205e-08
0.0370855 1.1857e-08
0.0371754 1.20039e-08
0.0372653 1.21484e-08
0.0373552 1.22921e-08
0.0374451 1.24251e-08
0.037535 1.25561e-08
0.0376249 1.26974e-08
0.0377148 1.28353e-08
0.0378047 1.29717e-08
0.0378946 1.31074e-08
0.0379845 1.32408e-08
0.0380744 1.33772e-08
0.0381643 1.35154e-08
0.0382542 1.36553e-08
0.0383441 1.37811e-08
0.0384341 1.39151e-08
0.038524 1.4048e-08
0.0386139 1.41895e-08
0.0387038 1.4328e-08
0.0387937 1.44743e-08
0.0388836 1.46255e-08
0.0389735 1.47728e-08
0.0390634 1.49292e-08
0.0391533 1.50998e-08
0.0392432 1.52752e-08
0.0393331 1.54517e-08
0.039423 1.56186e-08
0.0395129 1.57947e-08
0.0396028 1.59724e-08
0.0396927 1.61545e-08
0.0397826 1.63329e-08
0.0398725 1.65255e-08
0.0399624 1.67195e-08
0.0400523 1.68961e-08
0.0401422 1.70708e-08
0.0402321 1.72509e-08
0.040322 1.74402e-08
0.0404119 1.7649e-08
0.0405018 1.78526e-08
0.0405918 1.80566e-08
0.0406817 1.82516e-08
0.0407716 1.84573e-08
0.0408615 1.86507e-08
0.0409514 1.8843e-08
0.0410413 1.9014e-08
0.0411312 1.91832e-08
0.0412211 1.93453e-08
0.041311 1.95022e-08
0.0414009 1.96739e-08
0.0414908 1.98423e-08
0.0415807 2.0015e-08
0.0416706 2.01858e-08
0.0417605 2.03326e-08
0.0418504 2.04768e-08
0.0419403 2.06126e-08
0.0420302 2.07324e-08
0.0421201 2.0844e-08
0.04221 2.09661e-08
0.0422999 2.10793e-08
0.0423898 2.11951e-08
0.0424797 2.13094e-08
0.0425696 2.14159e-08
0.0426595 2.15233e-08
0.0427495 2.16219e-08
0.0428394 2.17187e-08
0.0429293 2.18141e-08
0.0430192 2.19098e-08
0.0431091 2.20004e-08
0.043199 2.2078e-08
0.0432889 2.21566e-08
0.0433788 2.22342e-08
0.0434687 2.23273e-08
0.0435586 2.24122e-08
0.0436485 2.24914e-08
0.0437384 2.25628e-08
0.0438283 2.26415e-08
0.0439182 2.27407e-08
0.0440081 2.28396e-08
0.044098 2.29432e-08
0.0441879 2.30357e-08
0.0442778 2.3132e-08
0.0443677 2.32383e-08
0.0444576 2.33406e-08
0.0445475 2.34583e-08
0.0446374 2.35776e-08
0.0447273 2.37024e-08
0.0448172 2.38209e-08
0.0449072 2.39533e-08
0.0449971 2.40995e-08
0.045087 2.42451e-08
0.0451769 2.43757e-08
0.0452668 2.45146e-08
0.0453567 2.46545e-08
0.0454466 2.47961e-08
0.0455365 2.49387e-08
0.0456264 2.51005e-08
0.0457163 2.52709e-08
0.0458062 2.54419e-08
0.0458961 2.56078e-08
0.045986 2.5779e-08
0.0460759 2.59566e-08
0.0461658 2.61271e-08
0.0462557 2.62923e-08
0.0463456 2.64599e-08
0.0464355 2.66229e-08
0.0465254 2.67905e-08
0.0466153 2.69517e-08
0.0467052 2.71081e-08
0.0467951 2.72594e-08
0.046885 2.74215e-08
0.0469749 2.75847e-08
0.0470649 2.77429e-08
0.0471548 2.79168e-08
0.0472447 2.80895e-08
0.0473346 2.8262e-08
0.0474245 2.8427e-08
0.0475144 2.85963e-08
0.0476043 2.87745e-08
0.0476942 2.89408e-08
0.0477841 2.90955e-08
0.047874 2.92442e-08
0.0479639 2.93924e-08
0.0480538 2.95545e-08
0.0481437 2.9722e-08
0.0482336 2.99072e-08
0.0483235 3.009e-08
0.0484134 3.0263e-08
0.0485033 3.04256e-08
0.0485932 3.05782e-08
0.0486831 3.07406e-08
0.048773 3.09032e-08
0.0488629 3.10622e-08
0.0489528 3.1206e-08
0.0490427 3.1354e-08
0.0491326 3.15133e-08
0.0492226 3.16668e-08
0.0493125 3.18202e-08
0.0494024 3.19712e-08
0.0494923 3.21219e-08
0.0495822 3.22692e-08
0.0496721 3.24192e-08
0.049762 3.25585e-08
0.0498519 3.27033e-08
0.0499418 3.28316e-08
0.0500317 3.29577e-08
0.0501216 3.3093e-08
0.0502115 3.32159e-08
0.0503014 3.33484e-08
0.0503913 3.34712e-08
0.0504812 3.36105e-08
0.0505711 3.37442e-08
0.050661 3.38963e-08
0.0507509 3.40497e-08
0.0508408 3.41906e-08
0.0509307 3.43343e-08
0.0510206 3.44573e-08
0.0511105 3.45822e-08
0.0512004 3.47027e-08
0.0512903 3.48248e-08
0.0513803 3.49621e-08
0.0514702 3.51009e-08
0.0515601 3.52279e-08
0.05165 3.53489e-08
0.0517399 3.54874e-08
0.0518298 3.56252e-08
0.0519197 3.57509e-08
0.0520096 3.58709e-08
0.0520995 3.6011e-08
0.0521894 3.61495e-08
0.0522793 3.62988e-08
0.0523692 3.64503e-08
0.0524591 3.66118e-08
0.052549 3.67774e-08
0.0526389 3.69461e-08
0.0527288 3.71248e-08
0.0528187 3.73092e-08
0.0529086 3.74927e-08
0.0529985 3.76652e-08
0.0530884 3.78468e-08
0.0531783 3.80323e-08
0.0532682 3.82179e-08
0.0533581 3.84013e-08
0.053448 3.85784e-08
0.053538 3.87554e-08
0.0536279 3.89288e-08
0.0537178 3.9089e-08
0.0538077 3.92586e-08
0.0538976 3.94236e-08
0.0539875 3.95747e-08
0.0540774 3.97469e-08
0.0541673 3.99153e-08
0.0542572 4.00618e-08
0.0543471 4.0214e-08
0.054437 4.03582e-08
0.0545269 4.05078e-08
0.0546168 4.06491e-08
0.0547067 4.07893e-08
0.0547966 4.09313e-08
0.0548865 4.10712e-08
0.0549764 4.12297e-08
0.0550663 4.13763e-08
0.0551562 4.15243e-08
0.0552461 4.16495e-08
0.055336 4.17698e-08
0.0554259 4.19016e-08
0.0555158 4.20238e-08
0.0556057 4.21488e-08
0.0556956 4.22776e-08
0.0557856 4.24065e-08
0.0558755 4.25443e-08
0.0559654 4.26862e-08
0.0560553 4.2836e-08
0.0561452 4.29781e-08
0.0562351 4.31154e-08
0.056325 4.326e-08
0.0564149 4.33999e-08
0.0565048 4.35331e-08
0.0565947 4.36582e-08
0.0566846 4.37825e-08
0.0567745 4.39346e-08
0.0568644 4.40743e-08
0.0569543 4.42202e-08
0.0570442 4.4362e-08
0.0571341 4.44985e-08
0.057224 4.46323e-08
0.0573139 4.4775e-08
0.0574038 4.49224e-08
0.0574937 4.50605e-08
0.0575836 4.5183e-08
0.0576735 4.53199e-08
0.0577634 4.54466e-08
0.0578533 4.55431e-08
0.0579433 4.56733e-08
0.0580332 4.57872e-08
0.0581231 4.59073e-08
0.058213 4.60063e-08
0.0583029 4.6112e-08
0.0583928 4.62061e-08
0.0584827 4.6311e-08
0.0585726 4.63977e-08
0.0586625 4.64856e-08
0.0587524 4.65613e-08
0.0588423 4.6607e-08
0.0589322 4.66425e-08
0.0590221 4.66926e-08
0.059112 4.67392e-08
0.0592019 4.67923e-08
0.0592918 4.6836e-08
0.0593817 4.68539e-08
0.0594716 4.68689e-08
0.0595615 4.68658e-08
0.0596514 4.68682e-08
0.0597413 4.68811e-08
0.0598312 4.68865e-08
0.0599211 4.68987e-08
0.060011 4.69164e-08
0.060101 4.69501e-08
0.0601909 4.69749e-08
0.0602808 4.69915e-08
0.0603707 4.70082e-08
0.0604606 4.70334e-08
0.0605505 4.70438e-08
0.0606404 4.70649e-08
0.0607303 4.71082e-08
0.0608202 4.71461e-08
0.0609101 4.7182e-08
0.061 4.72269e-08
0.0610899 4.72799e-08
0.0611798 4.73369e-08
0.0612697 4.73963e-08
0.0613596 4.7449e-08
0.0614495 4.7507e-08
0.0615394 4.759e-08
0.0616293 4.76834e-08
0.0617192 4.77712e-08
0.0618091 4.78508e-08
0.061899 4.79147e-08
0.0619889 4.79593e-08
0.0620788 4.801e-08
0.0621687 4.80502e-08
0.0622587 4.8082e-08
0.0623486 4.81222e-08
0.0624385 4.81653e-08
0.0625284 4.81944e-08
0.0626183 4.82301e-08
0.0627082 4.82687e-08
0.0627981 4.83319e-08
0.062888 4.83694e-08
0.0629779 4.83817e-08
0.0630678 4.84083e-08
0.0631577 4.84182e-08
0.0632476 4.84228e-08
0.0633375 4.84391e-08
0.0634274 4.84524e-08
0.0635173 4.8458e-08
0.0636072 4.84331e-08
0.0636971 4.84173e-08
0.063787 4.84123e-08
0.0638769 4.84063e-08
0.0639668 4.83728e-08
0.0640567 4.83424e-08
0.0641466 4.83233e-08
0.0642365 4.82977e-08
0.0643264 4.82903e-08
0.0644164 4.82838e-08
0.0645063 4.82731e-08
0.0645962 4.828e-08
0.0646861 4.82906e-08
0.064776 4.83317e-08
0.0648659 4.83526e-08
0.0649558 4.83568e-08
0.0650457 4.83648e-08
0.0651356 4.83547e-08
0.0652255 4.83508e-08
0.0653154 4.83545e-08
0.0654053 4.83549e-08
0.0654952 4.83694e-08
0.0655851 4.83907e-08
0.065675 4.84205e-08
0.0657649 4.84612e-08
0.0658548 4.85175e-08
0.0659447 4.8579e-08
0.0660346 4.86397e-08
0.0661245 4.86866e-08
0.0662144 4.87315e-08
0.0663043 4.87721e-08
0.0663942 4.88407e-08
0.0664841 4.89177e-08
0.0665741 4.8983e-08
0.066664 4.90607e-08
0.0667539 4.91411e-08
0.0668438 4.92048e-08
0.0669337 4.92815e-08
0.0670236 4.93826e-08
0.0671135 4.94722e-08
0.0672034 4.9598e-08
0.0672933 4.97353e-08
0.0673832 4.98336e-08
0.0674731 4.99296e-08
0.067563 5.0011e-08
0.0676529 5.01024e-08
0.0677428 5.01987e-08
0.0678327 5.02981e-08
0.0679226 5.03834e-08
0.0680125 5.04756e-08
0.0681024 5.05831e-08
0.0681923 5.06938e-08
0.0682822 5.08029e-08
0.0683721 5.09214e-08
0.068462 5.10284e-08
0.0685519 5.11465e-08
0.0686418 5.12522e-08
0.0687318 5.13504e-08
0.0688217 5.14519e-08
0.0689116 5.15639e-08
0.0690015 5.16437e-08
0.0690914 5.17106e-08
0.0691813 5.1799e-08
0.0692712 5.18553e-08
0.0693611 5.18906e-08
0.069451 5.19398e-08
0.0695409 5.19774e-08
0.0696308 5.20262e-08
0.0697207 5.20557e-08
0.0698106 5.20679e-08
0.0699005 5.20578e-08
0.0699904 5.20517e-08
0.0700803 5.20463e-08
0.0701702 5.20847e-08
0.0702601 5.21321e-08
0.07035 5.22251e-08
0.0704399 5.23118e-08
0.0705298 5.23857e-08
0.0706197 5.24539e-08
0.0707096 5.25273e-08
0.0707995 5.25902e-08
0.0708895 5.26418e-08
0.0709794 5.27048e-08
0.0710693 5.27481e-08
0.0711592 5.27739e-08
0.0712491 5.2801e-08
0.071339 5.28101e-08
0.0714289 5.2794e-08
0.0715188 5.28011e-08
0.0716087 5.27909e-08
0.0716986 5.28042e-08
0.0717885 5.28268e-08
0.0718784 5.28705e-08
0.0719683 5.2891e-08
0.0720582 5.28588e-08
0.0721481 5.28365e-08
0.072238 5.28449e-08
0.0723279 5.28406e-08
0.0724178 5.28237e-08
0.0725077 5.2781e-08
0.0725976 5.27641e-08
0.0726875 5.27525e-08
0.0727774 5.27234e-08
0.0728673 5.2689e-08
0.0729572 5.2607e-08
0.0730472 5.24731e-08
0.0731371 5.23287e-08
0.073227 5.22106e-08
0.0733169 5.21248e-08
0.0734068 5.20062e-08
0.0734967 5.19482e-08
0.0735866 5.18814e-08
0.0736765 5.18539e-08
0.0737664 5.177e-08
0.0738563 5.16837e-08
0.0739462 5.15923e-08
0.0740361 5.15361e-08
0.074126 5.1492e-08
0.0742159 5.14915e-08
0.0743058 5.14643e-08
0.0743957 5.14395e-08
0.0744856 5.14211e-08
0.0745755 5.13499e-08
0.0746654 5.13032e-08
0.0747553 5.12319e-08
0.0748452 5.11883e-08
0.0749351 5.11564e-08
0.075025 5.11488e-08
0.0751149 5.11535e-08
0.0752048 5.11696e-08
0.0752948 5.11474e-08
0.0753847 5.11667e-08
0.0754746 5.11571e-08
0.0755645 5.11735e-08
0.0756544 5.12065e-08
0.0757443 5.12558e-08
0.0758342 5.12662e-08
0.0759241 5.12779e-08
0.076014 5.12845e-08
0.0761039 5.12673e-08
0.0761938 5.12355e-08
0.0762837 5.12182e-08
0.0763736 5.12128e-08
0.0764635 5.11671e-08
0.0765534 5.11678e-08
0.0766433 5.11933e-08
0.0767332 5.12918e-08
0.0768231 5.13784e-08
0.076913 5.14705e-08
0.0770029 5.14896e-08
0.0770928 5.15438e-08
0.0771827 5.15822e-08
0.0772726 5.16138e-08
0.0773625 5.1665e-08
0.0774525 5.17031e-08
0.0775424 5.17495e-08
0.0776323 5.17693e-08
0.0777222 5.17033e-08
0.0778121 5.15814e-08
0.077902 5.14282e-08
0.0779919 5.12672e-08
0.0780818 5.11221e-08
0.0781717 5.09286e-08
0.0782616 5.06963e-08
0.0783515 5.04616e-08
0.0784414 5.0215e-08
0.0785313 4.99508e-08
0.0786212 4.96759e-08
0.0787111 4.94343e-08
0.078801 4.92713e-08
0.0788909 4.91056e-08
0.0789808 4.89384e-08
0.0790707 4.88031e-08
0.0791606 4.86606e-08
0.0792505 4.85485e-08
0.0793404 4.85153e-08
0.0794303 4.84269e-08
0.0795202 4.83529e-08
0.0796102 4.81758e-08
0.0797001 4.80171e-08
0.07979 4.78259e-08
0.0798799 4.77263e-08
0.0799698 4.7623e-08
0.0800597 4.75741e-08
0.0801496 4.75439e-08
0.0802395 4.74849e-08
0.0803294 4.74621e-08
0.0804193 4.74394e-08
0.0805092 4.74902e-08
0.0805991 4.75981e-08
0.080689 4.77196e-08
0.0807789 4.78681e-08
0.0808688 4.79761e-08
0.0809587 4.80883e-08
0.0810486 4.82174e-08
0.0811385 4.83552e-08
0.0812284 4.84801e-08
0.0813183 4.86285e-08
0.0814082 4.87798e-08
0.0814981 4.89172e-08
0.081588 4.90074e-08
0.0816779 4.90923e-08
0.0817679 4.9206e-08
0.0818578 4.93649e-08
0.0819477 4.94778e-08
0.0820376 4.95619e-08
0.0821275 4.96184e-08
0.0822174 4.96723e-08
0.0823073 4.97645e-08
0.0823972 4.98953e-08
0.0824871 5.00327e-08
0.082577 5.02094e-08
0.0826669 5.03672e-08
0.0827568 5.04701e-08
0.0828467 5.05664e-08
0.0829366 5.06901e-08
0.0830265 5.07711e-08
0.0831164 5.08663e-08
0.0832063 5.09562e-08
0.0832962 5.10604e-08
0.0833861 5.11738e-08
0.083476 5.1203e-08
0.0835659 5.12426e-08
0.0836558 5.12717e-08
0.0837457 5.13076e-08
0.0838356 5.13678e-08
0.0839256 5.14009e-08
0.0840155 5.14473e-08
0.0841054 5.15146e-08
0.0841953 5.15673e-08
0.0842852 5.16076e-08
0.0843751 5.17076e-08
0.084465 5.17682e-08
0.0845549 5.18321e-08
0.0846448 5.18904e-08
0.0847347 5.19698e-08
0.0848246 5.20479e-08
0.0849145 5.212e-08
0.0850044 5.21336e-08
0.0850943 5.22273e-08
0.0851842 5.22724e-08
0.0852741 5.23097e-08
0.085364 5.24067e-08
0.0854539 5.24591e-08
0.0855438 5.25277e-08
0.0856337 5.26779e-08
0.0857236 5.27382e-08
0.0858135 5.28025e-08
0.0859034 5.28642e-08
0.0859933 5.2958e-08
0.0860833 5.30334e-08
0.0861732 5.30839e-08
0.0862631 5.31782e-08
0.086353 5.33078e-08
0.0864429 5.33777e-08
0.0865328 5.34663e-08
0.0866227 5.35344e-08
0.0867126 5.36074e-08
0.0868025 5.36649e-08
0.0868924 5.36886e-08
0.0869823 5.37602e-08
0.0870722 5.38244e-08
0.0871621 5.38557e-08
0.087252 5.38988e-08
0.0873419 5.39538e-08
0.0874318 5.40306e-08
0.0875217 5.41172e-08
0.0876116 5.41807e-08
0.0877015 5.42609e-08
0.0877914 5.43974e-08
0.0878813 5.45187e-08
0.0879712 5.46367e-08
0.0880611 5.47204e-08
0.088151 5.48195e-08
0.088241 5.49285e-08
0.0883309 5.50397e-08
0.0884208 5.51026e-08
0.0885107 5.51149e-08
0.0886006 5.51515e-08
0.0886905 5.52085e-08
0.0887804 5.51864e-08
0.0888703 5.51167e-08
0.0889602 5.50682e-08
0.0890501 5.50191e-08
0.08914 5.49649e-08
0.0892299 5.49626e-08
0.0893198 5.49489e-08
0.0894097 5.50023e-08
0.0894996 5.50968e-08
0.0895895 5.51118e-08
0.0896794 5.51446e-08
0.0897693 5.51271e-08
0.0898592 5.51549e-08
0.0899491 5.52466e-08
0.090039 5.53e-08
0.0901289 5.53224e-08
0.0902188 5.52985e-08
0.0903087 5.52979e-08
0.0903987 5.53526e-08
0.0904886 5.53086e-08
0.0905785 5.53035e-08
0.0906684 5.52319e-08
0.0907583 5.52086e-08
0.0908482 5.52008e-08
0.0909381 5.52652e-08
0.091028 5.53232e-08
0.0911179 5.53607e-08
0.0912078 5.54458e-08
0.0912977 5.55589e-08
0.0913876 5.55926e-08
0.0914775 5.56279e-08
0.0915674 5.55436e-08
0.0916573 5.55755e-08
0.0917472 5.56108e-08
0.0918371 5.56459e-08
0.091927 5.5599e-08
0.0920169 5.55106e-08
0.0921068 5.54354e-08
0.0921967 5.53621e-08
0.0922866 5.52799e-08
0.0923765 5.52039e-08
0.0924664 5.51539e-08
0.0925564 5.51575e-08
0.0926463 5.51961e-08
0.0927362 5.52126e-08
0.0928261 5.52078e-08
0.092916 5.51843e-08
0.0930059 5.53238e-08
0.0930958 5.54296e-08
0.0931857 5.55606e-08
0.0932756 5.56959e-08
0.0933655 5.57986e-08
0.0934554 5.59293e-08
0.0935453 5.60453e-08
0.0936352 5.61567e-08
0.0937251 5.61896e-08
0.093815 5.62391e-08
0.0939049 5.63659e-08
0.0939948 5.65422e-08
0.0940847 5.67137e-08
0.0941746 5.68778e-08
0.0942645 5.70135e-08
0.0943544 5.71866e-08
0.0944443 5.73082e-08
0.0945342 5.73917e-08
0.0946241 5.75365e-08
0.094714 5.76735e-08
0.094804 5.77662e-08
0.0948939 5.78392e-08
0.0949838 5.78945e-08
0.0950737 5.80238e-08
0.0951636 5.80838e-08
0.0952535 5.8191e-08
0.0953434 5.82509e-08
0.0954333 5.82742e-08
0.0955232 5.83699e-08
0.0956131 5.84468e-08
0.095703 5.85141e-08
0.0957929 5.86506e-08
0.0958828 5.87534e-08
0.0959727 5.89383e-08
0.0960626 5.90814e-08
0.0961525 5.91388e-08
0.0962424 5.93107e-08
0.0963323 5.94615e-08
0.0964222 5.97637e-08
0.0965121 6.01299e-08
0.096602 6.04339e-08
0.0966919 6.06026e-08
0.0967818 6.06308e-08
0.0968717 6.07041e-08
0.0969617 6.07288e-08
0.0970516 6.05975e-08
0.0971415 6.04274e-08
0.0972314 6.01829e-08
0.0973213 5.98795e-08
0.0974112 5.95506e-08
0.0975011 5.90403e-08
0.097591 5.84471e-08
0.0976809 5.791e-08
0.0977708 5.75433e-08
0.0978607 5.7187e-08
0.0979506 5.68889e-08
0.0980405 5.65518e-08
0.0981304 5.63032e-08
0.0982203 5.60693e-08
0.0983102 5.5998e-08
0.0984001 5.5861e-08
0.09849 5.58657e-08
0.0985799 5.59247e-08
0.0986698 5.5936e-08
0.0987597 5.59088e-08
0.0988496 5.58757e-08
0.0989395 5.57869e-08
0.0990294 5.58043e-08
0.0991194 5.57865e-08
0.0992093 5.57421e-08
0.0992992 5.5697e-08
0.0993891 5.55504e-08
0.099479 5.55684e-08
0.0995689 5.54485e-08
0.0996588 5.54409e-08
0.0997487 5.55672e-08
0.0998386 5.58064e-08
0.0999285 5.59923e-08
0.100018 5.61249e-08
0.100108 5.61973e-08
0.100198 5.63249e-08
0.100288 5.64921e-08
0.100378 5.67328e-08
0.100468 5.69213e-08
0.100558 5.70878e-08
0.100648 5.72805e-08
0.100738 5.74316e-08
0.100828 5.75497e-08
0.100917 5.76116e-08
0.101007 5.77068e-08
0.101097 5.79545e-08
0.101187 5.8172e-08
0.101277 5.83491e-08
0.101367 5.84361e-08
0.101457 5.84989e-08
0.101547 5.85766e-08
0.101637 5.85966e-08
0.101727 5.8711e-08
0.101816 5.86546e-08
0.101906 5.85775e-08
0.101996 5.85402e-08
0.102086 5.83037e-08
0.102176 5.80019e-08
0.102266 5.76513e-08
0.102356 5.74062e-08
0.102446 5.73091e-08
0.102536 5.70325e-08
0.102626 5.67374e-08
0.102716 5.65191e-08
0.102805 5.63444e-08
0.102895 5.61945e-08
0.102985 5.58549e-08
0.103075 5.56424e-08
0.103165 5.55224e-08
0.103255 5.53095e-08
0.103345 5.52748e-08
0.103435 5.50574e-08
0.103525 5.48371e-08
0.103615 5.47122e-08
0.103704 5.46734e-08
0.103794 5.4488e-08
0.103884 5.43435e-08
0.103974 5.41729e-08
0.104064 5.41394e-08
0.104154 5.42272e-08
0.104244 5.42955e-08
0.104334 5.43675e-08
0.104424 5.441e-08
0.104514 5.44314e-08
0.104604 5.44682e-08
0.104693 5.46147e-08
0.104783 5.45782e-08
0.104873 5.46103e-08
0.104963 5.46383e-08
0.105053 5.48525e-08
0.105143 5.50128e-08
0.105233 5.51084e-08
0.105323 5.51531e-08
0.105413 5.52421e-08
0.105503 5.53628e-08
0.105592 5.53079e-08
0.105682 5.52995e-08
0.105772 5.51562e-08
0.105862 5.51521e-08
0.105952 5.50923e-08
0.106042 5.49171e-08
0.106132 5.47505e-08
0.106222 5.45379e-08
0.106312 5.43925e-08
0.106402 5.43344e-08
0.106491 5.41138e-08
0.106581 5.41052e-08
0.106671 5.42039e-08
0.106761 5.41841e-08
0.106851 5.43552e-08
0.106941 5.43101e-08
0.107031 5.42718e-08
0.107121 5.42581e-08
0.107211 5.42745e-08
0.107301 5.43178e-08
0.107391 5.41932e-08
0.10748 5.41199e-08
0.10757 5.39873e-08
0.10766 5.39331e-08
0.10775 5.38436e-08
0.10784 5.37842e-08
0.10793 5.36371e-08
0.10802 5.37981e-08
0.10811 5.39842e-08
0.1082 5.42266e-08
0.10829 5.43161e-08
0.108379 5.4511e-08
0.108469 5.48957e-08
0.108559 5.52698e-08
0.108649 5.54265e-08
0.108739 5.5495e-08
0.108829 5.57391e-08
0.108919 5.5976e-08
0.109009 5.61559e-08
0.109099 5.62181e-08
0.109189 5.62794e-08
0.109279 5.63172e-08
0.109368 5.6432e-08
0.109458 5.63342e-08
0.109548 5.62636e-08
0.109638 5.62554e-08
0.109728 5.63608e-08
0.109818 5.64698e-08
0.109908 5.66649e-08
0.109998 5.67182e-08
0.110088 5.67828e-08
0.110178 5.67949e-08
0.110267 5.68386e-08
0.110357 5.66454e-08
0.110447 5.63361e-08
0.110537 5.62938e-08
0.110627 5.59697e-08
0.110717 5.57832e-08
0.110807 5.54996e-08
0.110897 5.49388e-08
0.110987 5.39949e-08
0.111077 5.34396e-08
0.111167 5.28096e-08
0.111256 5.24134e-08
0.111346 5.18788e-08
0.111436 5.16328e-08
0.111526 5.15e-08
0.111616 5.1282e-08
0.111706 5.1153e-08
0.111796 5.09696e-08
0.111886 5.08102e-08
0.111976 5.08141e-08
0.112066 5.10908e-08
0.112155 5.12561e-08
0.112245 5.14543e-08
0.112335 5.16456e-08
0.112425 5.20069e-08
0.112515 5.2312e-08
0.112605 5.24836e-08
0.112695 5.25927e-08
0.112785 5.28376e-08
0.112875 5.28919e-08
0.112965 5.30029e-08
0.113054 5.31312e-08
0.113144 5.30748e-08
0.113234 5.29446e-08
0.113324 5.30513e-08
0.113414 5.29795e-08
0.113504 5.28289e-08
0.113594 5.2694e-08
0.113684 5.27007e-08
0.113774 5.26525e-08
0.113864 5.27343e-08
0.113954 5.27915e-08
0.114043 5.29693e-08
0.114133 5.31198e-08
0.114223 5.33916e-08
0.114313 5.378e-08
0.114403 5.40871e-08
0.114493 5.43679e-08
0.114583 5.45604e-08
0.114673 5.4689e-08
0.114763 5.483e-08
0.114853 5.48016e-08
0.114942 5.47745e-08
0.115032 5.47038e-08
0.115122 5.43835e-08
0.115212 5.41836e-08
0.115302 5.41635e-08
0.115392 5.39367e-08
0.115482 5.36024e-08
0.115572 5.35874e-08
0.115662 5.3402e-08
0.115752 5.34323e-08
0.115842 5.34042e-08
0.115931 5.34496e-08
0.116021 5.33134e-08
0.116111 5.3218e-08
0.116201 5.3057e-08
0.116291 5.28811e-08
0.116381 5.24209e-08
0.116471 5.20608e-08
0.116561 5.16965e-08
0.116651 5.11968e-08
0.116741 5.06438e-08
0.11683 4.98159e-08
0.11692 4.91993e-08
0.11701 4.87606e-08
0.1171 4.8404e-08
0.11719 4.82662e-08
0.11728 4.82063e-08
0.11737 4.80012e-08
0.11746 4.81745e-08
0.11755 4.82976e-08
0.11764 4.82979e-08
0.11773 4.8678e-08
0.117819 4.91703e-08
0.117909 4.96888e-08
0.117999 4.97214e-08
0.118089 4.98368e-08
0.118179 4.99143e-08
0.118269 4.99332e-08
0.118359 4.99697e-08
0.118449 5.0006e-08
0.118539 4.94586e-08
0.118629 4.91707e-08
0.118718 4.90508e-08
0.118808 4.90221e-08
0.118898 4.90142e-08
0.118988 4.91815e-08
0.119078 4.94376e-08
0.119168 4.98694e-08
0.119258 5.0158e-08
0.119348 5.05129e-08
0.119438 5.06862e-08
0.119528 5.12416e-08
0.119617 5.20316e-08
0.119707 5.27424e-08
0.119797 5.31072e-08
0.119887 5.30928e-08
0.119977 5.28084e-08
0.120067 5.26178e-08
0.120157 5.22122e-08
0.120247 5.12171e-08
0.120337 5.01643e-08
0.120427 4.89583e-08
0.120517 4.79951e-08
0.120606 4.67364e-08
0.120696 4.5381e-08
0.120786 4.4261e-08
0.120876 4.36355e-08
0.120966 4.31724e-08
0.121056 4.28398e-08
0.121146 4.23117e-08
0.121236 4.22539e-08
0.121326 4.26357e-08
0.121416 4.36452e-08
0.121505 4.49606e-08
0.121595 4.60903e-08
0.121685 4.72836e-08
0.121775 4.83269e-08
0.121865 4.91251e-08
0.121955 4.93484e-08
0.122045 4.95562e-08
0.122135 5.0323e-08
0.122225 5.06312e-08
0.122315 5.0858e-08
0.122405 5.09215e-08
0.122494 5.04463e-08
0.122584 4.94537e-08
0.122674 4.86965e-08
0.122764 4.78844e-08
0.122854 4.71212e-08
0.122944 4.69795e-08
0.123034 4.69826e-08
0.123124 4.65197e-08
0.123214 4.59501e-08
0.123304 4.51575e-08
0.123393 4.4418e-08
0.123483 4.42936e-08
0.123573 4.41453e-08
0.123663 4.43643e-08
0.123753 4.45253e-08
0.123843 4.50451e-08
0.123933 4.56185e-08
0.124023 4.55716e-08
0.124113 4.53862e-08
0.124203 4.59942e-08
0.124293 4.59501e-08
0.124382 4.57512e-08
0.124472 4.5187e-08
0.124562 4.44358e-08
0.124652 4.32076e-08
0.124742 4.18646e-08
0.124832 4.05565e-08
0.124922 3.89522e-08
0.125012 3.74752e-08
0.125102 3.63802e-08
0.125192 3.55859e-08
0.125281 3.46094e-08
0.125371 3.44267e-08
0.125461 3.41611e-08
0.125551 3.41475e-08
0.125641 3.3927e-08
0.125731 3.43274e-08
0.125821 3.46283e-08
0.125911 3.4987e-08
0.126001 3.54226e-08
0.126091 3.64416e-08
0.126181 3.73536e-08
0.12627 3.82031e-08
0.12636 3.90674e-08
0.12645 4.03944e-08
0.12654 4.15916e-08
0.12663 4.25164e-08
0.12672 4.2953e-08
0.12681 4.29693e-08
0.1269 4.32735e-08
0.12699 4.35133e-08
0.12708 4.33844e-08
0.127169 4.33157e-08
0.127259 4.33748e-08
0.127349 4.36283e-08
0.127439 4.38257e-08
0.127529 4.35289e-08
0.127619 4.36898e-08
0.127709 4.43943e-08
0.127799 4.56352e-08
0.127889 4.69562e-08
0.127979 4.81471e-08
0.128068 4.93317e-08
0.128158 5.12857e-08
0.128248 5.26959e-08
0.128338 5.33688e-08
0.128428 5.34662e-08
0.128518 5.32088e-08
0.128608 5.24436e-08
0.128698 5.11477e-08
0.128788 4.90307e-08
0.128878 4.6401e-08
0.128968 4.36707e-08
0.129057 4.20003e-08
0.129147 4.13249e-08
0.129237 4.00144e-08
0.129327 3.9552e-08
0.129417 3.93438e-08
0.129507 3.93517e-08
0.129597 3.91987e-08
0.129687 3.88578e-08
0.129777 3.81353e-08
0.129867 3.72304e-08
0.129956 3.64091e-08
0.130046 3.55061e-08
0.130136 3.40965e-08
0.130226 3.26945e-08
0.130316 3.12565e-08
0.130406 2.86146e-08
0.130496 2.61803e-08
0.130586 2.38434e-08
0.130676 2.18399e-08
0.130766 2.18644e-08
0.130856 2.54816e-08
0.130945 2.80945e-08
0.131035 3.0412e-08
0.131125 3.21875e-08
0.131215 3.34016e-08
0.131305 3.37048e-08
0.131395 3.46265e-08
0.131485 3.4812e-08
0.131575 3.52474e-08
0.131665 3.57875e-08
0.131755 3.62534e-08
0.131844 3.6596e-08
0.131934 3.67293e-08
0.132024 3.62066e-08
0.132114 3.58438e-08
0.132204 3.50576e-08
0.132294 3.53878e-08
0.132384 3.52465e-08
0.132474 3.62259e-08
0.132564 3.70629e-08
0.132654 3.80105e-08
0.132744 3.84268e-08
0.132833 3.85726e-08
0.132923 3.84903e-08
0.133013 3.90596e-08
0.133103 3.8744e-08
0.133193 3.96553e-08
0.133283 4.03586e-08
0.133373 4.11461e-08
0.133463 4.05983e-08
0.133553 4.00278e-08
0.133643 3.91841e-08
0.133732 3.82611e-08
0.133822 3.76309e-08
0.133912 3.69327e-08
0.134002 3.52172e-08
0.134092 3.42113e-08
0.134182 3.38335e-08
0.134272 3.2982e-08
0.134362 3.2476e-08
0.134452 3.19392e-08
0.134542 3.29627e-08
0.134631 3.38466e-08
0.134721 3.45987e-08
0.134811 3.47735e-08
