-0.134811 -2.93467e-08
-0.134721 -3.0586e-08
-0.134631 -3.26335e-08
-0.134542 -3.40247e-08
-0.134452 -3.44184e-08
-0.134362 -3.40269e-08
-0.134272 -3.4192e-08
-0.134182 -3.45566e-08
-0.134092 -3.44516e-08
-0.134002 -3.42352e-08
-0.133912 -3.45227e-08
-0.133822 -3.27149e-08
-0.133732 -3.01086e-08
-0.133642 -2.89571e-08
-0.133553 -2.85567e-08
-0.133463 -2.78152e-08
-0.133373 -2.85538e-08
-0.133283 -2.91679e-08
-0.133193 -2.93956e-08
-0.133103 -2.90473e-08
-0.133013 -2.91261e-08
-0.132923 -2.88287e-08
-0.132833 -2.89841e-08
-0.132743 -2.83435e-08
-0.132654 -2.83089e-08
-0.132564 -2.78933e-08
-0.132474 -2.73514e-08
-0.132384 -2.75077e-08
-0.132294 -2.59923e-08
-0.132204 -2.60388e-08
-0.132114 -2.53823e-08
-0.132024 -2.50473e-08
-0.131934 -2.45954e-08
-0.131844 -2.35836e-08
-0.131754 -2.26e-08
-0.131665 -2.16769e-08
-0.131575 -2.04507e-08
-0.131485 -1.95241e-08
-0.131395 -1.87737e-08
-0.131305 -1.84093e-08
-0.131215 -1.79681e-08
-0.131125 -1.78336e-08
-0.131035 -1.79512e-08
-0.130945 -1.74938e-08
-0.130855 -1.72909e-08
-0.130766 -1.77612e-08
-0.130676 -1.82815e-08
-0.130586 -1.82231e-08
-0.130496 -1.8788e-08
-0.130406 -1.95363e-08
-0.130316 -1.9858e-08
-0.130226 -2.09685e-08
-0.130136 -2.2e-08
-0.130046 -2.29504e-08
-0.129956 -2.31243e-08
-0.129867 -2.4112e-08
-0.129777 -2.46508e-08
-0.129687 -2.48232e-08
-0.129597 -2.35846e-08
-0.129507 -2.29545e-08
-0.129417 -2.23883e-08
-0.129327 -2.17778e-08
-0.129237 -2.10782e-08
-0.129147 -2.04687e-08
-0.129057 -2.04509e-08
-0.128967 -2.00962e-08
-0.128878 -1.95688e-08
-0.128788 -1.91028e-08
-0.128698 -1.79944e-08
-0.128608 -1.80683e-08
-0.128518 -1.77029e-08
-0.128428 -1.72384e-08
-0.128338 -1.69535e-08
-0.128248 -1.6749e-08
-0.128158 -1.65395e-08
-0.128068 -1.55433e-08
-0.127979 -1.54545e-08
-0.127889 -1.52997e-08
-0.127799 -1.51634e-08
-0.127709 -1.4893e-08
-0.127619 -1.54299e-08
-0.127529 -1.49713e-08
-0.127439 -1.48385e-08
-0.127349 -1.48745e-08
-0.127259 -1.48924e-08
-0.127169 -1.48966e-08
-0.127079 -1.52953e-08
-0.12699 -1.59417e-08
-0.1269 -1.64358e-08
-0.12681 -1.60316e-08
-0.12672 -1.65956e-08
-0.12663 -1.67854e-08
-0.12654 -1.64913e-08
-0.12645 -1.60209e-08
-0.12636 -1.54896e-08
-0.12627 -1.60142e-08
-0.12618 -1.60427e-08
-0.126091 -1.63546e-08
-0.126001 -1.66732e-08
-0.125911 -1.66842e-08
-0.125821 -1.67299e-08
-0.125731 -1.66566e-08
-0.125641 -1.61933e-08
-0.125551 -1.59678e-08
-0.125461 -1.58052e-08
-0.125371 -1.54772e-08
-0.125281 -1.49252e-08
-0.125191 -1.47019e-08
-0.125102 -1.42276e-08
-0.125012 -1.33644e-08
-0.124922 -1.22633e-08
-0.124832 -1.20093e-08
-0.124742 -1.1435e-08
-0.124652 -1.1414e-08
-0.124562 -1.12339e-08
-0.124472 -1.0982e-08
-0.124382 -1.08627e-08
-0.124292 -1.05098e-08
-0.124203 -1.0582e-08
-0.124113 -1.00884e-08
-0.124023 -1.04466e-08
-0.123933 -1.11114e-08
-0.123843 -1.19016e-08
-0.123753 -1.22832e-08
-0.123663 -1.26357e-08
-0.123573 -1.28543e-08
-0.123483 -1.32672e-08
-0.123393 -1.37026e-08
-0.123304 -1.37576e-08
-0.123214 -1.32672e-08
-0.123124 -1.39841e-08
-0.123034 -1.45941e-08
-0.122944 -1.47008e-08
-0.122854 -1.4587e-08
-0.122764 -1.43312e-08
-0.122674 -1.38767e-08
-0.122584 -1.35363e-08
-0.122494 -1.32874e-08
-0.122404 -1.2805e-08
-0.122315 -1.24233e-08
-0.122225 -1.16979e-08
-0.122135 -1.12354e-08
-0.122045 -1.06167e-08
-0.121955 -9.89202e-09
-0.121865 -9.49097e-09
-0.121775 -8.95746e-09
-0.121685 -8.62802e-09
-0.121595 -8.84241e-09
-0.121505 -8.69144e-09
-0.121416 -8.55312e-09
-0.121326 -8.64863e-09
-0.121236 -8.67561e-09
-0.121146 -8.92706e-09
-0.121056 -9.14552e-09
-0.120966 -9.48986e-09
-0.120876 -1.0004e-08
-0.120786 -1.05865e-08
-0.120696 -1.1281e-08
-0.120606 -1.15131e-08
-0.120516 -1.17437e-08
-0.120427 -1.22474e-08
-0.120337 -1.2606e-08
-0.120247 -1.28983e-08
-0.120157 -1.30812e-08
-0.120067 -1.27523e-08
-0.119977 -1.28227e-08
-0.119887 -1.25889e-08
-0.119797 -1.20402e-08
-0.119707 -1.13694e-08
-0.119617 -1.07551e-08
-0.119528 -1.03267e-08
-0.119438 -1.01081e-08
-0.119348 -9.69991e-09
-0.119258 -9.4828e-09
-0.119168 -9.19546e-09
-0.119078 -8.87758e-09
-0.118988 -8.69712e-09
-0.118898 -8.37305e-09
-0.118808 -8.52251e-09
-0.118718 -8.66677e-09
-0.118628 -8.86223e-09
-0.118539 -8.49669e-09
-0.118449 -8.40405e-09
-0.118359 -8.49049e-09
-0.118269 -8.56645e-09
-0.118179 -8.59606e-09
-0.118089 -8.68999e-09
-0.117999 -8.93722e-09
-0.117909 -9.44349e-09
-0.117819 -9.69605e-09
-0.117729 -9.87317e-09
-0.11764 -1.02954e-08
-0.11755 -1.07246e-08
-0.11746 -1.08576e-08
-0.11737 -1.09695e-08
-0.11728 -1.09547e-08
-0.11719 -1.1007e-08
-0.1171 -1.09258e-08
-0.11701 -1.09781e-08
-0.11692 -1.08902e-08
-0.11683 -1.07106e-08
-0.116741 -1.06422e-08
-0.116651 -1.04147e-08
-0.116561 -9.9904e-09
-0.116471 -9.56384e-09
-0.116381 -9.22666e-09
-0.116291 -9.22993e-09
-0.116201 -9.31692e-09
-0.116111 -9.38725e-09
-0.116021 -9.35181e-09
-0.115931 -9.45141e-09
-0.115841 -9.49724e-09
-0.115752 -9.26339e-09
-0.115662 -9.26074e-09
-0.115572 -9.36465e-09
-0.115482 -9.46641e-09
-0.115392 -9.33879e-09
-0.115302 -9.36379e-09
-0.115212 -9.19366e-09
-0.115122 -9.00867e-09
-0.115032 -9.15602e-09
-0.114942 -9.20361e-09
-0.114853 -9.32456e-09
-0.114763 -9.63006e-09
-0.114673 -9.71408e-09
-0.114583 -9.77772e-09
-0.114493 -9.48152e-09
-0.114403 -9.56461e-09
-0.114313 -9.54688e-09
-0.114223 -9.45687e-09
-0.114133 -9.6254e-09
-0.114043 -9.5507e-09
-0.113953 -9.33554e-09
-0.113864 -9.49246e-09
-0.113774 -9.56474e-09
-0.113684 -9.45533e-09
-0.113594 -9.50348e-09
-0.113504 -9.49171e-09
-0.113414 -9.91084e-09
-0.113324 -1.00619e-08
-0.113234 -1.0255e-08
-0.113144 -1.05613e-08
-0.113054 -1.04866e-08
-0.112965 -1.06826e-08
-0.112875 -1.06277e-08
-0.112785 -1.05883e-08
-0.112695 -1.06365e-08
-0.112605 -1.03133e-08
-0.112515 -1.0101e-08
-0.112425 -9.78668e-09
-0.112335 -9.14704e-09
-0.112245 -8.88373e-09
-0.112155 -8.65505e-09
-0.112065 -8.25861e-09
-0.111976 -8.0969e-09
-0.111886 -7.87244e-09
-0.111796 -7.6051e-09
-0.111706 -7.43957e-09
-0.111616 -7.47742e-09
-0.111526 -7.57259e-09
-0.111436 -7.62394e-09
-0.111346 -7.80834e-09
-0.111256 -7.9837e-09
-0.111166 -8.3624e-09
-0.111077 -8.50826e-09
-0.110987 -8.51702e-09
-0.110897 -8.53631e-09
-0.110807 -8.57883e-09
-0.110717 -8.76704e-09
-0.110627 -8.89735e-09
-0.110537 -9.03868e-09
-0.110447 -9.01183e-09
-0.110357 -9.23433e-09
-0.110267 -9.26723e-09
-0.110178 -9.40752e-09
-0.110088 -9.44721e-09
-0.109998 -9.47679e-09
-0.109908 -9.42311e-09
-0.109818 -9.58052e-09
-0.109728 -9.52028e-09
-0.109638 -9.46136e-09
-0.109548 -9.16738e-09
-0.109458 -8.97417e-09
-0.109368 -8.75201e-09
-0.109278 -8.53375e-09
-0.109189 -8.162e-09
-0.109099 -7.97997e-09
-0.109009 -7.76008e-09
-0.108919 -7.7116e-09
-0.108829 -7.64102e-09
-0.108739 -7.38455e-09
-0.108649 -7.39372e-09
-0.108559 -7.24503e-09
-0.108469 -7.18787e-09
-0.108379 -7.20536e-09
-0.10829 -7.1814e-09
-0.1082 -6.96506e-09
-0.10811 -6.95417e-09
-0.10802 -7.04445e-09
-0.10793 -7.07578e-09
-0.10784 -7.08312e-09
-0.10775 -7.18293e-09
-0.10766 -7.2708e-09
-0.10757 -7.249e-09
-0.10748 -7.17135e-09
-0.10739 -7.23613e-09
-0.107301 -7.38573e-09
-0.107211 -7.65566e-09
-0.107121 -8.11862e-09
-0.107031 -8.30139e-09
-0.106941 -8.47547e-09
-0.106851 -8.55502e-09
-0.106761 -8.52397e-09
-0.106671 -8.56923e-09
-0.106581 -8.64495e-09
-0.106491 -8.51516e-09
-0.106402 -8.3917e-09
-0.106312 -8.21645e-09
-0.106222 -7.89427e-09
-0.106132 -7.50104e-09
-0.106042 -7.21816e-09
-0.105952 -6.84632e-09
-0.105862 -6.45814e-09
-0.105772 -6.33696e-09
-0.105682 -6.23387e-09
-0.105592 -5.97649e-09
-0.105502 -5.74834e-09
-0.105413 -5.59385e-09
-0.105323 -5.48599e-09
-0.105233 -5.52843e-09
-0.105143 -5.5281e-09
-0.105053 -5.62185e-09
-0.104963 -5.6747e-09
-0.104873 -5.649e-09
-0.104783 -5.67035e-09
-0.104693 -5.7827e-09
-0.104603 -5.74558e-09
-0.104514 -5.89449e-09
-0.104424 -6.13413e-09
-0.104334 -6.38606e-09
-0.104244 -6.56901e-09
-0.104154 -6.7783e-09
-0.104064 -6.94448e-09
-0.103974 -6.99497e-09
-0.103884 -7.10575e-09
-0.103794 -7.03881e-09
-0.103704 -7.00378e-09
-0.103614 -6.919e-09
-0.103525 -6.93786e-09
-0.103435 -6.6943e-09
-0.103345 -6.56689e-09
-0.103255 -6.50437e-09
-0.103165 -6.26521e-09
-0.103075 -5.96968e-09
-0.102985 -5.71551e-09
-0.102895 -5.44732e-09
-0.102805 -5.18577e-09
-0.102715 -5.02746e-09
-0.102626 -4.9112e-09
-0.102536 -4.74956e-09
-0.102446 -4.75517e-09
-0.102356 -4.67033e-09
-0.102266 -4.75273e-09
-0.102176 -4.83383e-09
-0.102086 -4.86627e-09
-0.101996 -4.99167e-09
-0.101906 -5.05634e-09
-0.101816 -5.02661e-09
-0.101727 -5.13319e-09
-0.101637 -5.16914e-09
-0.101547 -5.22455e-09
-0.101457 -5.36252e-09
-0.101367 -5.44932e-09
-0.101277 -5.49309e-09
-0.101187 -5.52205e-09
-0.101097 -5.58089e-09
-0.101007 -5.56188e-09
-0.100917 -5.6776e-09
-0.100827 -5.67664e-09
-0.100738 -5.72152e-09
-0.100648 -5.93041e-09
-0.100558 -6.04267e-09
-0.100468 -5.98277e-09
-0.100378 -5.73083e-09
-0.100288 -5.52158e-09
-0.100198 -5.43435e-09
-0.100108 -5.18652e-09
-0.100018 -4.95117e-09
-0.0999284 -4.64211e-09
-0.0998385 -4.34463e-09
-0.0997486 -4.17802e-09
-0.0996587 -4.02021e-09
-0.0995688 -3.88751e-09
-0.0994789 -3.71485e-09
-0.099389 -3.64942e-09
-0.0992991 -3.67863e-09
-0.0992092 -3.68117e-09
-0.0991193 -3.60005e-09
-0.0990294 -3.4586e-09
-0.0989395 -3.55786e-09
-0.0988496 -3.61e-09
-0.0987597 -3.67937e-09
-0.0986698 -3.67747e-09
-0.0985799 -3.64825e-09
-0.09849 -3.64307e-09
-0.0984001 -3.6137e-09
-0.0983102 -3.56444e-09
-0.0982202 -3.55329e-09
-0.0981303 -3.61257e-09
-0.0980404 -3.63806e-09
-0.0979505 -3.65585e-09
-0.0978606 -3.64804e-09
-0.0977707 -3.63279e-09
-0.0976808 -3.60947e-09
-0.0975909 -3.58844e-09
-0.097501 -3.44844e-09
-0.0974111 -3.34303e-09
-0.0973212 -3.31621e-09
-0.0972313 -3.30444e-09
-0.0971414 -3.12466e-09
-0.0970515 -2.8944e-09
-0.0969616 -2.68449e-09
-0.0968717 -2.612e-09
-0.0967818 -2.49229e-09
-0.0966919 -2.44205e-09
-0.096602 -2.37975e-09
-0.0965121 -2.31262e-09
-0.0964222 -2.17845e-09
-0.0963323 -2.14671e-09
-0.0962424 -2.03654e-09
-0.0961525 -1.95619e-09
-0.0960626 -1.965e-09
-0.0959726 -2.04211e-09
-0.0958827 -2.04285e-09
-0.0957928 -2.01009e-09
-0.0957029 -1.92324e-09
-0.095613 -1.84282e-09
-0.0955231 -1.81512e-09
-0.0954332 -1.69167e-09
-0.0953433 -1.63248e-09
-0.0952534 -1.6399e-09
-0.0951635 -1.63272e-09
-0.0950736 -1.62676e-09
-0.0949837 -1.53352e-09
-0.0948938 -1.51748e-09
-0.0948039 -1.54021e-09
-0.094714 -1.56647e-09
-0.0946241 -1.65853e-09
-0.0945342 -1.62601e-09
-0.0944443 -1.69191e-09
-0.0943544 -1.73727e-09
-0.0942645 -1.74776e-09
-0.0941746 -1.68718e-09
-0.0940847 -1.63245e-09
-0.0939948 -1.61038e-09
-0.0939049 -1.62421e-09
-0.0938149 -1.66283e-09
-0.093725 -1.65596e-09
-0.0936351 -1.59709e-09
-0.0935452 -1.48242e-09
-0.0934553 -1.36599e-09
-0.0933654 -1.28968e-09
-0.0932755 -1.34021e-09
-0.0931856 -1.26012e-09
-0.0930957 -1.21282e-09
-0.0930058 -1.16191e-09
-0.0929159 -1.04536e-09
-0.092826 -9.69477e-10
-0.0927361 -8.40284e-10
-0.0926462 -7.43199e-10
-0.0925563 -6.09397e-10
-0.0924664 -5.88226e-10
-0.0923765 -5.26892e-10
-0.0922866 -4.52581e-10
-0.0921967 -3.77379e-10
-0.0921068 -2.99147e-10
-0.0920169 -2.53447e-10
-0.091927 -2.71558e-10
-0.0918371 -4.13567e-10
-0.0917472 -3.96185e-10
-0.0916572 -4.53135e-10
-0.0915673 -4.91911e-10
-0.0914774 -5.69021e-10
-0.0913875 -5.90952e-10
-0.0912976 -6.11567e-10
-0.0912077 -5.91909e-10
-0.0911178 -6.27147e-10
-0.0910279 -6.46309e-10
-0.090938 -6.61679e-10
-0.0908481 -6.08205e-10
-0.0907582 -5.58666e-10
-0.0906683 -4.81305e-10
-0.0905784 -4.66562e-10
-0.0904885 -4.56949e-10
-0.0903986 -4.40418e-10
-0.0903087 -4.29473e-10
-0.0902188 -4.27072e-10
-0.0901289 -3.73391e-10
-0.090039 -3.53884e-10
-0.0899491 -3.63928e-10
-0.0898592 -3.25569e-10
-0.0897693 -2.70687e-10
-0.0896794 -2.1319e-10
-0.0895895 -1.46618e-10
-0.0894995 -6.39282e-11
-0.0894096 7.57586e-11
-0.0893197 1.92059e-10
-0.0892298 2.02225e-10
-0.0891399 2.41284e-10
-0.08905 2.0962e-10
-0.0889601 1.9151e-10
-0.0888702 1.94823e-10
-0.0887803 1.05628e-10
-0.0886904 1.23808e-10
-0.0886005 3.07136e-11
-0.0885106 -4.41629e-11
-0.0884207 -1.0519e-10
-0.0883308 -2.06528e-10
-0.0882409 -2.10444e-10
-0.088151 -2.11476e-10
-0.0880611 -2.11339e-10
-0.0879712 -2.21258e-10
-0.0878813 -2.52554e-10
-0.0877914 -2.76784e-10
-0.0877015 -2.99059e-10
-0.0876116 -3.30888e-10
-0.0875217 -3.21806e-10
-0.0874318 -2.9456e-10
-0.0873418 -2.84698e-10
-0.0872519 -3.21978e-10
-0.087162 -3.16595e-10
-0.0870721 -3.05637e-10
-0.0869822 -3.04595e-10
-0.0868923 -2.52776e-10
-0.0868024 -1.87425e-10
-0.0867125 -1.38486e-10
-0.0866226 -4.62954e-11
-0.0865327 6.32016e-11
-0.0864428 1.53505e-10
-0.0863529 2.07998e-10
-0.086263 2.69059e-10
-0.0861731 2.40687e-10
-0.0860832 2.72782e-10
-0.0859933 2.79365e-10
-0.0859034 2.91885e-10
-0.0858135 3.03755e-10
-0.0857236 3.90678e-10
-0.0856337 4.37805e-10
-0.0855438 4.30487e-10
-0.0854539 4.36153e-10
-0.085364 5.49934e-10
-0.0852741 6.29198e-10
-0.0851841 7.12882e-10
-0.0850942 7.75557e-10
-0.0850043 8.00806e-10
-0.0849144 8.47728e-10
-0.0848245 9.28796e-10
-0.0847346 1.02388e-09
-0.0846447 1.11807e-09
-0.0845548 1.15606e-09
-0.0844649 1.22281e-09
-0.084375 1.31931e-09
-0.0842851 1.36573e-09
-0.0841952 1.41309e-09
-0.0841053 1.5125e-09
-0.0840154 1.60505e-09
-0.0839255 1.74663e-09
-0.0838356 1.91711e-09
-0.0837457 2.02699e-09
-0.0836558 2.13815e-09
-0.0835659 2.31743e-09
-0.083476 2.4446e-09
-0.0833861 2.57248e-09
-0.0832962 2.71539e-09
-0.0832063 2.85987e-09
-0.0831164 3.01276e-09
-0.0830264 3.24332e-09
-0.0829365 3.38931e-09
-0.0828466 3.58463e-09
-0.0827567 3.81417e-09
-0.0826668 3.99154e-09
-0.0825769 4.1445e-09
-0.082487 4.3132e-09
-0.0823971 4.55871e-09
-0.0823072 4.79016e-09
-0.0822173 4.89648e-09
-0.0821274 5.05168e-09
-0.0820375 5.21871e-09
-0.0819476 5.34946e-09
-0.0818577 5.52415e-09
-0.0817678 5.68165e-09
-0.0816779 5.87504e-09
-0.081588 6.10897e-09
-0.0814981 6.31071e-09
-0.0814082 6.49714e-09
-0.0813183 6.66722e-09
-0.0812284 6.79347e-09
-0.0811385 6.93305e-09
-0.0810486 7.17741e-09
-0.0809587 7.36853e-09
-0.0808687 7.55388e-09
-0.0807788 7.66739e-09
-0.0806889 7.76077e-09
-0.080599 7.88575e-09
-0.0805091 8.07888e-09
-0.0804192 8.20226e-09
-0.0803293 8.36714e-09
-0.0802394 8.52984e-09
-0.0801495 8.72956e-09
-0.0800596 8.94827e-09
-0.0799697 9.11908e-09
-0.0798798 9.28495e-09
-0.0797899 9.47289e-09
-0.0797 9.63526e-09
-0.0796101 9.74828e-09
-0.0795202 9.92773e-09
-0.0794303 1.00429e-08
-0.0793404 1.01754e-08
-0.0792505 1.02744e-08
-0.0791606 1.03735e-08
-0.0790707 1.05048e-08
-0.0789808 1.0596e-08
-0.0788909 1.07022e-08
-0.078801 1.08094e-08
-0.078711 1.08963e-08
-0.0786211 1.10049e-08
-0.0785312 1.10802e-08
-0.0784413 1.10912e-08
-0.0783514 1.1086e-08
-0.0782615 1.11105e-08
-0.0781716 1.11239e-08
-0.0780817 1.1202e-08
-0.0779918 1.12543e-08
-0.0779019 1.12729e-08
-0.077812 1.13219e-08
-0.0777221 1.13582e-08
-0.0776322 1.14125e-08
-0.0775423 1.14927e-08
-0.0774524 1.15897e-08
-0.0773625 1.16707e-08
-0.0772726 1.17527e-08
-0.0771827 1.18364e-08
-0.0770928 1.19091e-08
-0.0770029 1.19502e-08
-0.076913 1.19727e-08
-0.0768231 1.2013e-08
-0.0767332 1.20274e-08
-0.0766433 1.20376e-08
-0.0765534 1.20395e-08
-0.0764634 1.20247e-08
-0.0763735 1.20083e-08
-0.0762836 1.1994e-08
-0.0761937 1.19557e-08
-0.0761038 1.19219e-08
-0.0760139 1.18997e-08
-0.075924 1.18364e-08
-0.0758341 1.17948e-08
-0.0757442 1.17315e-08
-0.0756543 1.16734e-08
-0.0755644 1.16072e-08
-0.0754745 1.15463e-08
-0.0753846 1.14907e-08
-0.0752947 1.14727e-08
-0.0752048 1.14747e-08
-0.0751149 1.14797e-08
-0.075025 1.14771e-08
-0.0749351 1.1452e-08
-0.0748452 1.14732e-08
-0.0747553 1.14962e-08
-0.0746654 1.15264e-08
-0.0745755 1.1532e-08
-0.0744856 1.15577e-08
-0.0743957 1.15498e-08
-0.0743057 1.15391e-08
-0.0742158 1.15137e-08
-0.0741259 1.1472e-08
-0.074036 1.14199e-08
-0.0739461 1.13695e-08
-0.0738562 1.13225e-08
-0.0737663 1.12721e-08
-0.0736764 1.12191e-08
-0.0735865 1.11538e-08
-0.0734966 1.10807e-08
-0.0734067 1.10052e-08
-0.0733168 1.09588e-08
-0.0732269 1.08916e-08
-0.073137 1.08318e-08
-0.0730471 1.07841e-08
-0.0729572 1.07104e-08
-0.0728673 1.06423e-08
-0.0727774 1.05572e-08
-0.0726875 1.05051e-08
-0.0725976 1.04401e-08
-0.0725077 1.03794e-08
-0.0724178 1.0338e-08
-0.0723279 1.02921e-08
-0.072238 1.02426e-08
-0.072148 1.01838e-08
-0.0720581 1.0133e-08
-0.0719682 1.00854e-08
-0.0718783 1.004e-08
-0.0717884 1.00097e-08
-0.0716985 9.96126e-09
-0.0716086 9.90067e-09
-0.0715187 9.83634e-09
-0.0714288 9.76737e-09
-0.0713389 9.71591e-09
-0.071249 9.64174e-09
-0.0711591 9.57188e-09
-0.0710692 9.52576e-09
-0.0709793 9.48318e-09
-0.0708894 9.45224e-09
-0.0707995 9.40467e-09
-0.0707096 9.34709e-09
-0.0706197 9.28809e-09
-0.0705298 9.22941e-09
-0.0704399 9.16599e-09
-0.07035 9.08576e-09
-0.0702601 8.98876e-09
-0.0701702 8.90834e-09
-0.0700803 8.81418e-09
-0.0699903 8.74865e-09
-0.0699004 8.69631e-09
-0.0698105 8.62745e-09
-0.0697206 8.54936e-09
-0.0696307 8.50061e-09
-0.0695408 8.42515e-09
-0.0694509 8.35477e-09
-0.069361 8.29554e-09
-0.0692711 8.22787e-09
-0.0691812 8.16396e-09
-0.0690913 8.11325e-09
-0.0690014 8.06103e-09
-0.0689115 8.00106e-09
-0.0688216 7.93449e-09
-0.0687317 7.85249e-09
-0.0686418 7.76945e-09
-0.0685519 7.68561e-09
-0.068462 7.63857e-09
-0.0683721 7.59115e-09
-0.0682822 7.55992e-09
-0.0681923 7.52642e-09
-0.0681024 7.48824e-09
-0.0680125 7.44541e-09
-0.0679226 7.3953e-09
-0.0678326 7.33134e-09
-0.0677427 7.27737e-09
-0.0676528 7.21609e-09
-0.0675629 7.12331e-09
-0.067473 7.0219e-09
-0.0673831 6.94661e-09
-0.0672932 6.87527e-09
-0.0672033 6.80037e-09
-0.0671134 6.72901e-09
-0.0670235 6.65071e-09
-0.0669336 6.57626e-09
-0.0668437 6.53134e-09
-0.0667538 6.4541e-09
-0.0666639 6.39266e-09
-0.066574 6.32861e-09
-0.0664841 6.28671e-09
-0.0663942 6.23401e-09
-0.0663043 6.18171e-09
-0.0662144 6.13702e-09
-0.0661245 6.08022e-09
-0.0660346 6.04507e-09
-0.0659447 5.9762e-09
-0.0658548 5.91112e-09
-0.0657649 5.87504e-09
-0.0656749 5.82229e-09
-0.065585 5.77565e-09
-0.0654951 5.74586e-09
-0.0654052 5.72628e-09
-0.0653153 5.69477e-09
-0.0652254 5.65231e-09
-0.0651355 5.60329e-09
-0.0650456 5.52992e-09
-0.0649557 5.46512e-09
-0.0648658 5.41265e-09
-0.0647759 5.35415e-09
-0.064686 5.29615e-09
-0.0645961 5.22523e-09
-0.0645062 5.16566e-09
-0.0644163 5.09943e-09
-0.0643264 5.02379e-09
-0.0642365 4.94091e-09
-0.0641466 4.8766e-09
-0.0640567 4.81507e-09
-0.0639668 4.75774e-09
-0.0638769 4.69237e-09
-0.063787 4.63071e-09
-0.0636971 4.56353e-09
-0.0636072 4.51596e-09
-0.0635172 4.45904e-09
-0.0634273 4.40166e-09
-0.0633374 4.34374e-09
-0.0632475 4.28651e-09
-0.0631576 4.23904e-09
-0.0630677 4.20208e-09
-0.0629778 4.15945e-09
-0.0628879 4.10923e-09
-0.062798 4.04291e-09
-0.0627081 3.98548e-09
-0.0626182 3.93224e-09
-0.0625283 3.87246e-09
-0.0624384 3.81535e-09
-0.0623485 3.75171e-09
-0.0622586 3.69948e-09
-0.0621687 3.64019e-09
-0.0620788 3.58875e-09
-0.0619889 3.52931e-09
-0.061899 3.47524e-09
-0.0618091 3.43851e-09
-0.0617192 3.39928e-09
-0.0616293 3.35397e-09
-0.0615394 3.28358e-09
-0.0614495 3.24298e-09
-0.0613595 3.18083e-09
-0.0612696 3.118e-09
-0.0611797 3.06006e-09
-0.0610898 3.00086e-09
-0.0609999 2.93543e-09
-0.06091 2.8954e-09
-0.0608201 2.85718e-09
-0.0607302 2.83398e-09
-0.0606403 2.79976e-09
-0.0605504 2.72409e-09
-0.0604605 2.65672e-09
-0.0603706 2.59359e-09
-0.0602807 2.5437e-09
-0.0601908 2.46426e-09
-0.0601009 2.39896e-09
-0.060011 2.34371e-09
-0.0599211 2.27085e-09
-0.0598312 2.1683e-09
-0.0597413 2.09808e-09
-0.0596514 2.00828e-09
-0.0595615 1.91182e-09
-0.0594716 1.8343e-09
-0.0593817 1.76015e-09
-0.0592918 1.71669e-09
-0.0592018 1.6643e-09
-0.0591119 1.61719e-09
-0.059022 1.58595e-09
-0.0589321 1.564e-09
-0.0588422 1.54016e-09
-0.0587523 1.49207e-09
-0.0586624 1.45073e-09
-0.0585725 1.38554e-09
-0.0584826 1.34093e-09
-0.0583927 1.302e-09
-0.0583028 1.26385e-09
-0.0582129 1.2087e-09
-0.058123 1.17017e-09
-0.0580331 1.13132e-09
-0.0579432 1.09461e-09
-0.0578533 1.0468e-09
-0.0577634 1.01017e-09
-0.0576735 9.57916e-10
-0.0575836 9.08801e-10
-0.0574937 8.57009e-10
-0.0574038 7.9245e-10
-0.0573139 7.34457e-10
-0.057224 6.51195e-10
-0.0571341 5.70327e-10
-0.0570442 4.88486e-10
-0.0569542 3.97493e-10
-0.0568643 3.08987e-10
-0.0567744 2.41278e-10
-0.0566845 1.811e-10
-0.0565946 1.24294e-10
-0.0565047 5.70225e-11
-0.0564148 1.74028e-11
-0.0563249 -3.41291e-11
-0.056235 -7.84288e-11
-0.0561451 -9.34502e-11
-0.0560552 -1.19404e-10
-0.0559653 -1.74169e-10
-0.0558754 -2.21252e-10
-0.0557855 -2.71621e-10
-0.0556956 -2.99583e-10
-0.0556057 -3.28943e-10
-0.0555158 -3.60896e-10
-0.0554259 -4.19884e-10
-0.055336 -4.59974e-10
-0.0552461 -5.14277e-10
-0.0551562 -5.64272e-10
-0.0550663 -6.10498e-10
-0.0549764 -6.4934e-10
-0.0548865 -6.88382e-10
-0.0547965 -7.4294e-10
-0.0547066 -7.9151e-10
-0.0546167 -8.48516e-10
-0.0545268 -9.1718e-10
-0.0544369 -9.85776e-10
-0.054347 -1.0267e-09
-0.0542571 -1.09096e-09
-0.0541672 -1.17388e-09
-0.0540773 -1.24816e-09
-0.0539874 -1.32101e-09
-0.0538975 -1.37077e-09
-0.0538076 -1.42743e-09
-0.0537177 -1.48145e-09
-0.0536278 -1.52403e-09
-0.0535379 -1.57322e-09
-0.053448 -1.60879e-09
-0.0533581 -1.65084e-09
-0.0532682 -1.68194e-09
-0.0531783 -1.72762e-09
-0.0530884 -1.76598e-09
-0.0529985 -1.80248e-09
-0.0529086 -1.82191e-09
-0.0528187 -1.86854e-09
-0.0527288 -1.90207e-09
-0.0526388 -1.94242e-09
-0.0525489 -1.97252e-09
-0.052459 -2.00952e-09
-0.0523691 -2.04767e-09
-0.0522792 -2.10737e-09
-0.0521893 -2.16425e-09
-0.0520994 -2.19918e-09
-0.0520095 -2.2455e-09
-0.0519196 -2.28928e-09
-0.0518297 -2.32287e-09
-0.0517398 -2.36763e-09
-0.0516499 -2.41398e-09
-0.05156 -2.46847e-09
-0.0514701 -2.51376e-09
-0.0513802 -2.57286e-09
-0.0512903 -2.63322e-09
-0.0512004 -2.67829e-09
-0.0511105 -2.72444e-09
-0.0510206 -2.77196e-09
-0.0509307 -2.81581e-09
-0.0508408 -2.86923e-09
-0.0507509 -2.90558e-09
-0.050661 -2.93583e-09
-0.0505711 -2.98422e-09
-0.0504811 -3.02097e-09
-0.0503912 -3.05497e-09
-0.0503013 -3.08504e-09
-0.0502114 -3.0995e-09
-0.0501215 -3.10687e-09
-0.0500316 -3.12432e-09
-0.0499417 -3.13481e-09
-0.0498518 -3.15433e-09
-0.0497619 -3.17161e-09
-0.049672 -3.19546e-09
-0.0495821 -3.22361e-09
-0.0494922 -3.24527e-09
-0.0494023 -3.26891e-09
-0.0493124 -3.27857e-09
-0.0492225 -3.28994e-09
-0.0491326 -3.30545e-09
-0.0490427 -3.32202e-09
-0.0489528 -3.32273e-09
-0.0488629 -3.32432e-09
-0.048773 -3.32173e-09
-0.0486831 -3.31708e-09
-0.0485932 -3.32086e-09
-0.0485033 -3.33279e-09
-0.0484134 -3.34189e-09
-0.0483234 -3.34686e-09
-0.0482335 -3.35652e-09
-0.0481436 -3.36234e-09
-0.0480537 -3.3647e-09
-0.0479638 -3.36607e-09
-0.0478739 -3.35324e-09
-0.047784 -3.34183e-09
-0.0476941 -3.33894e-09
-0.0476042 -3.32806e-09
-0.0475143 -3.3052e-09
-0.0474244 -3.28138e-09
-0.0473345 -3.25407e-09
-0.0472446 -3.2318e-09
-0.0471547 -3.20279e-09
-0.0470648 -3.1574e-09
-0.0469749 -3.09941e-09
-0.046885 -3.06082e-09
-0.0467951 -3.0082e-09
-0.0467052 -2.95741e-09
-0.0466153 -2.91241e-09
-0.0465254 -2.8744e-09
-0.0464355 -2.83994e-09
-0.0463456 -2.779e-09
-0.0462557 -2.74013e-09
-0.0461657 -2.67796e-09
-0.0460758 -2.62552e-09
-0.0459859 -2.5716e-09
-0.045896 -2.50292e-09
-0.0458061 -2.43998e-09
-0.0457162 -2.36748e-09
-0.0456263 -2.29316e-09
-0.0455364 -2.21826e-09
-0.0454465 -2.14848e-09
-0.0453566 -2.08412e-09
-0.0452667 -2.01223e-09
-0.0451768 -1.93996e-09
-0.0450869 -1.86373e-09
-0.044997 -1.80493e-09
-0.0449071 -1.75491e-09
-0.0448172 -1.68372e-09
-0.0447273 -1.59818e-09
-0.0446374 -1.51499e-09
-0.0445475 -1.43569e-09
-0.0444576 -1.34781e-09
-0.0443677 -1.25206e-09
-0.0442778 -1.14529e-09
-0.0441879 -1.02887e-09
-0.044098 -9.27573e-10
-0.044008 -8.18379e-10
-0.0439181 -7.11134e-10
-0.0438282 -5.99231e-10
-0.0437383 -5.07928e-10
-0.0436484 -4.06565e-10
-0.0435585 -3.0977e-10
-0.0434686 -2.1464e-10
-0.0433787 -1.40757e-10
-0.0432888 -6.10573e-11
-0.0431989 3.08694e-11
-0.043109 1.23971e-10
-0.0430191 2.20801e-10
-0.0429292 3.13105e-10
-0.0428393 3.95851e-10
-0.0427494 4.91425e-10
-0.0426595 5.91374e-10
-0.0425696 6.87879e-10
-0.0424797 7.73405e-10
-0.0423898 8.52314e-10
-0.0422999 9.29412e-10
-0.04221 1.00878e-09
-0.0421201 1.07917e-09
-0.0420302 1.16016e-09
-0.0419403 1.23931e-09
-0.0418503 1.321e-09
-0.0417604 1.38841e-09
-0.0416705 1.47057e-09
-0.0415806 1.55051e-09
-0.0414907 1.62636e-09
-0.0414008 1.70499e-09
-0.0413109 1.77761e-09
-0.041221 1.86059e-09
-0.0411311 1.93449e-09
-0.0410412 2.00859e-09
-0.0409513 2.07872e-09
-0.0408614 2.14107e-09
-0.0407715 2.21067e-09
-0.0406816 2.27362e-09
-0.0405917 2.31496e-09
-0.0405018 2.35809e-09
-0.0404119 2.39872e-09
-0.040322 2.44601e-09
-0.0402321 2.48184e-09
-0.0401422 2.52234e-09
-0.0400523 2.56336e-09
-0.0399624 2.60257e-09
-0.0398725 2.64017e-09
-0.0397826 2.676e-09
-0.0396927 2.70674e-09
-0.0396027 2.73988e-09
-0.0395128 2.77328e-09
-0.0394229 2.80403e-09
-0.039333 2.83517e-09
-0.0392431 2.86609e-09
-0.0391532 2.90403e-09
-0.0390633 2.94492e-09
-0.0389734 2.98038e-09
-0.0388835 3.01667e-09
-0.0387936 3.04864e-09
-0.0387037 3.0827e-09
-0.0386138 3.11355e-09
-0.0385239 3.14368e-09
-0.038434 3.16231e-09
-0.0383441 3.17076e-09
-0.0382542 3.18508e-09
-0.0381643 3.19924e-09
-0.0380744 3.22469e-09
-0.0379845 3.23318e-09
-0.0378946 3.23991e-09
-0.0378047 3.24187e-09
-0.0377148 3.23137e-09
-0.0376249 3.23067e-09
-0.037535 3.23457e-09
-0.037445 3.2214e-09
-0.0373551 3.21252e-09
-0.0372652 3.19245e-09
-0.0371753 3.17089e-09
-0.0370854 3.15792e-09
-0.0369955 3.13704e-09
-0.0369056 3.118e-09
-0.0368157 3.09268e-09
-0.0367258 3.06934e-09
-0.0366359 3.04107e-09
-0.036546 3.00779e-09
-0.0364561 2.97053e-09
-0.0363662 2.95045e-09
-0.0362763 2.93144e-09
-0.0361864 2.90948e-09
-0.0360965 2.88773e-09
-0.0360066 2.8763e-09
-0.0359167 2.86164e-09
-0.0358268 2.84885e-09
-0.0357369 2.83562e-09
-0.035647 2.8225e-09
-0.0355571 2.79808e-09
-0.0354672 2.76992e-09
-0.0353773 2.74235e-09
-0.0352873 2.71617e-09
-0.0351974 2.68309e-09
-0.0351075 2.65407e-09
-0.0350176 2.61308e-09
-0.0349277 2.57798e-09
-0.0348378 2.54183e-09
-0.0347479 2.50506e-09
-0.034658 2.47021e-09
-0.0345681 2.43621e-09
-0.0344782 2.39426e-09
-0.0343883 2.35795e-09
-0.0342984 2.31122e-09
-0.0342085 2.26207e-09
-0.0341186 2.21173e-09
-0.0340287 2.16398e-09
-0.0339388 2.10931e-09
-0.0338489 2.05428e-09
-0.033759 1.99969e-09
-0.0336691 1.94151e-09
-0.0335792 1.88239e-09
-0.0334893 1.82151e-09
-0.0333994 1.76134e-09
-0.0333095 1.69972e-09
-0.0332196 1.64895e-09
-0.0331296 1.59461e-09
-0.0330397 1.555e-09
-0.0329498 1.51017e-09
-0.0328599 1.47092e-09
-0.03277 1.4289e-09
-0.0326801 1.38138e-09
-0.0325902 1.34703e-09
-0.0325003 1.29467e-09
-0.0324104 1.24733e-09
-0.0323205 1.20806e-09
-0.0322306 1.16368e-09
-0.0321407 1.12491e-09
-0.0320508 1.08787e-09
-0.0319609 1.04754e-09
-0.031871 1.00086e-09
-0.0317811 9.51903e-10
-0.0316912 8.99204e-10
-0.0316013 8.60485e-10
-0.0315114 8.21722e-10
-0.0314215 7.74505e-10
-0.0313316 7.35502e-10
-0.0312417 6.89884e-10
-0.0311518 6.41196e-10
-0.0310619 6.05984e-10
-0.0309719 5.67333e-10
-0.030882 5.16791e-10
-0.0307921 4.68805e-10
-0.0307022 4.17706e-10
-0.0306123 3.70957e-10
-0.0305224 3.3197e-10
-0.0304325 2.90078e-10
-0.0303426 2.51647e-10
-0.0302527 2.14655e-10
-0.0301628 1.75108e-10
-0.0300729 1.34832e-10
-0.029983 1.0713e-10
-0.0298931 7.8258e-11
-0.0298032 4.31489e-11
-0.0297133 1.695e-11
-0.0296234 -5.19669e-12
-0.0295335 -2.75864e-11
-0.0294436 -4.95063e-11
-0.0293537 -7.08283e-11
-0.0292638 -8.68091e-11
-0.0291739 -9.68016e-11
-0.029084 -1.06693e-10
-0.0289941 -1.24495e-10
-0.0289042 -1.35897e-10
-0.0288142 -1.57196e-10
-0.0287243 -1.62972e-10
-0.0286344 -1.83162e-10
-0.0285445 -1.92879e-10
-0.0284546 -2.02893e-10
-0.0283647 -2.15997e-10
-0.0282748 -2.28816e-10
-0.0281849 -2.35862e-10
-0.028095 -2.45163e-10
-0.0280051 -2.48749e-10
-0.0279152 -2.47965e-10
-0.0278253 -2.5515e-10
-0.0277354 -2.5429e-10
-0.0276455 -2.49324e-10
-0.0275556 -2.47074e-10
-0.0274657 -2.54193e-10
-0.0273758 -2.54857e-10
-0.0272859 -2.59788e-10
-0.027196 -2.62118e-10
-0.0271061 -2.56119e-10
-0.0270162 -2.41771e-10
-0.0269263 -2.33485e-10
-0.0268364 -2.2409e-10
-0.0267465 -2.1059e-10
-0.0266565 -1.94142e-10
-0.0265666 -1.75489e-10
-0.0264767 -1.65402e-10
-0.0263868 -1.49833e-10
-0.0262969 -1.26847e-10
-0.026207 -1.15517e-10
-0.0261171 -1.02082e-10
-0.0260272 -8.29203e-11
-0.0259373 -5.99933e-11
-0.0258474 -3.4602e-11
-0.0257575 -1.06694e-11
-0.0256676 5.15027e-12
-0.0255777 3.15265e-11
-0.0254878 5.72515e-11
-0.0253979 8.36515e-11
-0.025308 1.15535e-10
-0.0252181 1.47313e-10
-0.0251282 1.7716e-10
-0.0250383 2.03793e-10
-0.0249484 2.39019e-10
-0.0248585 2.70119e-10
-0.0247686 3.10589e-10
-0.0246787 3.34276e-10
-0.0245888 3.53045e-10
-0.0244988 3.82261e-10
-0.0244089 4.13394e-10
-0.024319 4.39479e-10
-0.0242291 4.75689e-10
-0.0241392 5.09565e-10
-0.0240493 5.44615e-10
-0.0239594 5.76801e-10
-0.0238695 6.24058e-10
-0.0237796 6.57511e-10
-0.0236897 6.97917e-10
-0.0235998 7.24227e-10
-0.0235099 7.51027e-10
-0.02342 7.84337e-10
-0.0233301 8.08536e-10
-0.0232402 8.42221e-10
-0.0231503 8.80654e-10
-0.0230604 9.13641e-10
-0.0229705 9.40814e-10
-0.0228806 9.65311e-10
-0.0227907 9.88158e-10
-0.0227008 1.02175e-09
-0.0226109 1.05054e-09
-0.022521 1.07905e-09
-0.0224311 1.10642e-09
-0.0223411 1.14899e-09
-0.0222512 1.18781e-09
-0.0221613 1.21681e-09
-0.0220714 1.24555e-09
-0.0219815 1.27995e-09
-0.0218916 1.30628e-09
-0.0218017 1.33231e-09
-0.0217118 1.35383e-09
-0.0216219 1.3767e-09
-0.021532 1.39333e-09
-0.0214421 1.40498e-09
-0.0213522 1.42836e-09
-0.0212623 1.43947e-09
-0.0211724 1.4525e-09
-0.0210825 1.4654e-09
-0.0209926 1.4797e-09
-0.0209027 1.50434e-09
-0.0208128 1.51891e-09
-0.0207229 1.52243e-09
-0.020633 1.52825e-09
-0.0205431 1.5395e-09
-0.0204532 1.54785e-09
-0.0203633 1.55604e-09
-0.0202734 1.56193e-09
-0.0201835 1.55626e-09
-0.0200935 1.55115e-09
-0.0200036 1.5458e-09
-0.0199137 1.5427e-09
-0.0198238 1.53534e-09
-0.0197339 1.53025e-09
-0.019644 1.52944e-09
-0.0195541 1.52152e-09
-0.0194642 1.51608e-09
-0.0193743 1.51219e-09
-0.0192844 1.50531e-09
-0.0191945 1.49044e-09
-0.0191046 1.47918e-09
-0.0190147 1.45822e-09
-0.0189248 1.43513e-09
-0.0188349 1.41399e-09
-0.018745 1.38714e-09
-0.0186551 1.37084e-09
-0.0185652 1.35511e-09
-0.0184753 1.32743e-09
-0.0183854 1.30243e-09
-0.0182955 1.27735e-09
-0.0182056 1.25307e-09
-0.0181157 1.2246e-09
-0.0180258 1.20582e-09
-0.0179358 1.17666e-09
-0.0178459 1.14306e-09
-0.017756 1.1111e-09
-0.0176661 1.08928e-09
-0.0175762 1.05139e-09
-0.0174863 1.02005e-09
-0.0173964 9.80061e-10
-0.0173065 9.45592e-10
-0.0172166 9.13374e-10
-0.0171267 8.84249e-10
-0.0170368 8.62363e-10
-0.0169469 8.32783e-10
-0.016857 8.05517e-10
-0.0167671 7.68784e-10
-0.0166772 7.42625e-10
-0.0165873 7.12674e-10
-0.0164974 6.90048e-10
-0.0164075 6.4932e-10
-0.0163176 6.12294e-10
-0.0162277 5.78112e-10
-0.0161378 5.40635e-10
-0.0160479 5.08068e-10
-0.015958 4.70061e-10
-0.0158681 4.43871e-10
-0.0157781 4.15477e-10
-0.0156882 3.89348e-10
-0.0155983 3.62024e-10
-0.0155084 3.29166e-10
-0.0154185 2.95257e-10
-0.0153286 2.59168e-10
-0.0152387 2.26576e-10
-0.0151488 1.95839e-10
-0.0150589 1.62146e-10
-0.014969 1.41351e-10
-0.0148791 1.16016e-10
-0.0147892 8.67905e-11
-0.0146993 6.403e-11
-0.0146094 3.68453e-11
-0.0145195 1.01534e-11
-0.0144296 -9.0536e-12
-0.0143397 -3.29021e-11
-0.0142498 -5.62076e-11
-0.0141599 -8.37584e-11
-0.01407 -1.00693e-10
-0.0139801 -1.19528e-10
-0.0138902 -1.43883e-10
-0.0138003 -1.63212e-10
-0.0137104 -1.79107e-10
-0.0136204 -1.98764e-10
-0.0135305 -2.18029e-10
-0.0134406 -2.36491e-10
-0.0133507 -2.61681e-10
-0.0132608 -2.73105e-10
-0.0131709 -2.85826e-10
-0.013081 -2.99314e-10
-0.0129911 -3.04765e-10
-0.0129012 -3.14642e-10
-0.0128113 -3.19957e-10
-0.0127214 -3.25617e-10
-0.0126315 -3.28063e-10
-0.0125416 -3.38125e-10
-0.0124517 -3.41707e-10
-0.0123618 -3.47056e-10
-0.0122719 -3.52923e-10
-0.012182 -3.57573e-10
-0.0120921 -3.58111e-10
-0.0120022 -3.60759e-10
-0.0119123 -3.60215e-10
-0.0118224 -3.64287e-10
-0.0117325 -3.66739e-10
-0.0116426 -3.68037e-10
-0.0115527 -3.60731e-10
-0.0114627 -3.59759e-10
-0.0113728 -3.53234e-10
-0.0112829 -3.4866e-10
-0.011193 -3.46672e-10
-0.0111031 -3.38324e-10
-0.0110132 -3.24634e-10
-0.0109233 -3.14883e-10
-0.0108334 -3.07467e-10
-0.0107435 -2.98128e-10
-0.0106536 -2.91175e-10
-0.0105637 -2.85512e-10
-0.0104738 -2.71285e-10
-0.0103839 -2.63889e-10
-0.010294 -2.52905e-10
-0.0102041 -2.42169e-10
-0.0101142 -2.28291e-10
-0.0100243 -2.09756e-10
-0.00993438 -1.90609e-10
-0.00984447 -1.73689e-10
-0.00975457 -1.64864e-10
-0.00966466 -1.49048e-10
-0.00957476 -1.3338e-10
-0.00948486 -1.16769e-10
-0.00939495 -9.9036e-11
-0.00930505 -8.77663e-11
-0.00921514 -7.79729e-11
-0.00912524 -6.58024e-11
-0.00903534 -4.53306e-11
-0.00894543 -2.67011e-11
-0.00885553 -1.22848e-11
-0.00876562 6.70238e-12
-0.00867572 1.99041e-11
-0.00858582 4.40726e-11
-0.00849591 6.78239e-11
-0.00840601 8.79945e-11
-0.0083161 1.09819e-10
-0.0082262 1.29601e-10
-0.00813629 1.46233e-10
-0.00804639 1.61506e-10
-0.00795649 1.85209e-10
-0.00786658 2.02429e-10
-0.00777668 2.20992e-10
-0.00768677 2.43718e-10
-0.00759687 2.64516e-10
-0.00750697 2.87586e-10
-0.00741706 3.04921e-10
-0.00732716 3.19795e-10
-0.00723725 3.42335e-10
-0.00714735 3.63342e-10
-0.00705744 3.84753e-10
-0.00696754 4.0019e-10
-0.00687764 4.21902e-10
-0.00678773 4.4338e-10
-0.00669783 4.65461e-10
-0.00660792 4.85568e-10
-0.00651802 4.94959e-10
-0.00642812 5.0927e-10
-0.00633821 5.18016e-10
-0.00624831 5.25361e-10
-0.0061584 5.39905e-10
-0.0060685 5.52297e-10
-0.00597859 5.63984e-10
-0.00588869 5.78861e-10
-0.00579879 5.96472e-10
-0.00570888 6.19467e-10
-0.00561898 6.3046e-10
-0.00552907 6.43995e-10
-0.00543917 6.53646e-10
-0.00534927 6.63928e-10
-0.00525936 6.70853e-10
-0.00516946 6.73807e-10
-0.00507955 6.8248e-10
-0.00498965 6.92469e-10
-0.00489975 7.07397e-10
-0.00480984 7.13793e-10
-0.00471994 7.29116e-10
-0.00463003 7.38668e-10
-0.00454013 7.42074e-10
-0.00445022 7.40217e-10
-0.00436032 7.42695e-10
-0.00427042 7.46215e-10
-0.00418051 7.47211e-10
-0.00409061 7.52553e-10
-0.0040007 7.56684e-10
-0.0039108 7.54032e-10
-0.0038209 7.58323e-10
-0.00373099 7.56262e-10
-0.00364109 7.54744e-10
-0.00355118 7.54228e-10
-0.00346128 7.45121e-10
-0.00337137 7.45083e-10
-0.00328147 7.42156e-10
-0.00319157 7.32491e-10
-0.00310166 7.32389e-10
-0.00301176 7.33016e-10
-0.00292185 7.30982e-10
-0.00283195 7.32518e-10
-0.00274205 7.23216e-10
-0.00265214 7.07604e-10
-0.00256224 6.94792e-10
-0.00247233 6.86558e-10
-0.00238243 6.65904e-10
-0.00229252 6.52236e-10
-0.00220262 6.3728e-10
-0.00211272 6.22652e-10
-0.00202281 6.1367e-10
-0.00193291 6.02705e-10
-0.001843 5.89882e-10
-0.0017531 5.6927e-10
-0.0016632 5.52065e-10
-0.00157329 5.27626e-10
-0.00148339 5.09606e-10
-0.00139348 4.88888e-10
-0.00130358 4.72469e-10
-0.00121368 4.52292e-10
-0.00112377 4.23199e-10
-0.00103387 3.98336e-10
-0.000943963 3.71061e-10
-0.000854059 3.44742e-10
-0.000764154 3.20683e-10
-0.00067425 2.93099e-10
-0.000584346 2.59991e-10
-0.000494442 2.2512e-10
-0.000404538 1.91513e-10
-0.000314634 1.59853e-10
-0.00022473 1.21242e-10
-0.000134825 8.1799e-11
-4.49212e-05 4.30786e-11
4.49829e-05 0
0.000134887 -4.006e-11
0.000224791 -8.36792e-11
0.000314695 -1.39726e-10
0.0004046 -1.8437e-10
0.000494504 -2.41826e-10
0.000584408 -2.90729e-10
0.000674312 -3.43363e-10
0.000764216 -3.9409e-10
0.00085412 -4.41714e-10
0.000944024 -4.93658e-10
0.00103393 -5.46202e-10
0.00112383 -5.99324e-10
0.00121374 -6.50224e-10
0.00130364 -7.12748e-10
0.00139355 -7.71415e-10
0.00148345 -8.41137e-10
0.00157335 -9.11046e-10
0.00166326 -9.74547e-10
0.00175316 -1.03861e-09
0.00184307 -1.11186e-09
0.00193297 -1.18066e-09
0.00202287 -1.24186e-09
0.00211278 -1.30739e-09
0.00220268 -1.37066e-09
0.00229259 -1.44337e-09
0.00238249 -1.52157e-09
0.00247239 -1.597e-09
0.0025623 -1.67492e-09
0.0026522 -1.75638e-09
0.00274211 -1.82568e-09
0.00283201 -1.90271e-09
0.00292192 -1.97592e-09
0.00301182 -2.05082e-09
0.00310172 -2.12615e-09
0.00319163 -2.2009e-09
0.00328153 -2.28717e-09
0.00337144 -2.37325e-09
0.00346134 -2.44544e-09
0.00355124 -2.525e-09
0.00364115 -2.61205e-09
0.00373105 -2.69542e-09
0.00382096 -2.77172e-09
0.00391086 -2.85406e-09
0.00400077 -2.93804e-09
0.00409067 -3.02303e-09
0.00418057 -3.10625e-09
0.00427048 -3.18902e-09
0.00436038 -3.27746e-09
0.00445029 -3.35884e-09
0.00454019 -3.43975e-09
0.00463009 -3.52146e-09
0.00472 -3.60458e-09
0.0048099 -3.68536e-09
0.00489981 -3.76606e-09
0.00498971 -3.83932e-09
0.00507962 -3.91688e-09
0.00516952 -4.00236e-09
0.00525942 -4.08003e-09
0.00534933 -4.15419e-09
0.00543923 -4.23225e-09
0.00552914 -4.30266e-09
0.00561904 -4.37484e-09
0.00570894 -4.448e-09
0.00579885 -4.51766e-09
0.00588875 -4.59677e-09
0.00597866 -4.66633e-09
0.00606856 -4.73873e-09
0.00615846 -4.81163e-09
0.00624837 -4.88581e-09
0.00633827 -4.95091e-09
0.00642818 -5.02012e-09
0.00651808 -5.09059e-09
0.00660799 -5.15936e-09
0.00669789 -5.22443e-09
0.00678779 -5.28655e-09
0.0068777 -5.3529e-09
0.0069676 -5.42175e-09
0.00705751 -5.48502e-09
0.00714741 -5.54415e-09
0.00723731 -5.60622e-09
0.00732722 -5.66998e-09
0.00741712 -5.73132e-09
0.00750703 -5.79622e-09
0.00759693 -5.86319e-09
0.00768684 -5.92491e-09
0.00777674 -5.98648e-09
0.00786664 -6.04604e-09
0.00795655 -6.10606e-09
0.00804645 -6.16704e-09
0.00813636 -6.2161e-09
0.00822626 -6.27108e-09
0.00831616 -6.32349e-09
0.00840607 -6.38107e-09
0.00849597 -6.44047e-09
0.00858588 -6.49505e-09
0.00867578 -6.55706e-09
0.00876569 -6.6129e-09
0.00885559 -6.66654e-09
0.00894549 -6.71985e-09
0.0090354 -6.77352e-09
0.0091253 -6.82836e-09
0.00921521 -6.87742e-09
0.00930511 -6.93653e-09
0.00939501 -6.98464e-09
0.00948492 -7.04669e-09
0.00957482 -7.10423e-09
0.00966473 -7.15409e-09
0.00975463 -7.21266e-09
0.00984453 -7.26079e-09
0.00993444 -7.31127e-09
0.0100243 -7.36545e-09
0.0101142 -7.42122e-09
0.0102042 -7.4768e-09
0.0102941 -7.53189e-09
0.010384 -7.59202e-09
0.0104739 -7.65104e-09
0.0105638 -7.71614e-09
0.0106537 -7.77604e-09
0.0107436 -7.82575e-09
0.0108335 -7.87348e-09
0.0109234 -7.92718e-09
0.0110133 -7.98725e-09
0.0111032 -8.04768e-09
0.0111931 -8.10785e-09
0.011283 -8.17044e-09
0.0113729 -8.23683e-09
0.0114628 -8.30338e-09
0.0115527 -8.3667e-09
0.0116426 -8.42609e-09
0.0117325 -8.48425e-09
0.0118224 -8.53946e-09
0.0119123 -8.60171e-09
0.0120022 -8.66712e-09
0.0120921 -8.73295e-09
0.012182 -8.79448e-09
0.0122719 -8.86613e-09
0.0123619 -8.92571e-09
0.0124518 -8.99117e-09
0.0125417 -9.06216e-09
0.0126316 -9.12652e-09
0.0127215 -9.18841e-09
0.0128114 -9.24908e-09
0.0129013 -9.30856e-09
0.0129912 -9.37403e-09
0.0130811 -9.4464e-09
0.013171 -9.51419e-09
0.0132609 -9.58792e-09
0.0133508 -9.66416e-09
0.0134407 -9.74332e-09
0.0135306 -9.81487e-09
0.0136205 -9.88841e-09
0.0137104 -9.9617e-09
0.0138003 -1.00357e-08
0.0138902 -1.01082e-08
0.0139801 -1.01941e-08
0.01407 -1.02699e-08
0.0141599 -1.03425e-08
0.0142498 -1.04216e-08
0.0143397 -1.04976e-08
0.0144296 -1.05743e-08
0.0145196 -1.06437e-08
0.0146095 -1.07161e-08
0.0146994 -1.07894e-08
0.0147893 -1.08652e-08
0.0148792 -1.09468e-08
0.0149691 -1.10231e-08
0.015059 -1.11053e-08
0.0151489 -1.1184e-08
0.0152388 -1.12594e-08
0.0153287 -1.1341e-08
0.0154186 -1.14122e-08
0.0155085 -1.14938e-08
0.0155984 -1.15725e-08
0.0156883 -1.16502e-08
0.0157782 -1.17246e-08
0.0158681 -1.17987e-08
0.015958 -1.18812e-08
0.0160479 -1.19691e-08
0.0161378 -1.2055e-08
0.0162277 -1.21352e-08
0.0163176 -1.22166e-08
0.0164075 -1.22937e-08
0.0164974 -1.23727e-08
0.0165873 -1.24557e-08
0.0166773 -1.25373e-08
0.0167672 -1.26188e-08
0.0168571 -1.27013e-08
0.016947 -1.27794e-08
0.0170369 -1.28673e-08
0.0171268 -1.29502e-08
0.0172167 -1.30413e-08
0.0173066 -1.3132e-08
0.0173965 -1.32129e-08
0.0174864 -1.32905e-08
0.0175763 -1.33669e-08
0.0176662 -1.34524e-08
0.0177561 -1.353e-08
0.017846 -1.36104e-08
0.0179359 -1.36935e-08
0.0180258 -1.37742e-08
0.0181157 -1.38556e-08
0.0182056 -1.3939e-08
0.0182955 -1.40325e-08
0.0183854 -1.41189e-08
0.0184753 -1.42058e-08
0.0185652 -1.42834e-08
0.0186551 -1.43605e-08
0.018745 -1.44433e-08
0.0188349 -1.45215e-08
0.0189249 -1.46079e-08
0.0190148 -1.4686e-08
0.0191047 -1.47724e-08
0.0191946 -1.48577e-08
0.0192845 -1.49504e-08
0.0193744 -1.5039e-08
0.0194643 -1.51281e-08
0.0195542 -1.52231e-08
0.0196441 -1.53131e-08
0.019734 -1.53979e-08
0.0198239 -1.54812e-08
0.0199138 -1.55691e-08
0.0200037 -1.56599e-08
0.0200936 -1.57456e-08
0.0201835 -1.58388e-08
0.0202734 -1.59168e-08
0.0203633 -1.60001e-08
0.0204532 -1.60803e-08
0.0205431 -1.61663e-08
0.020633 -1.62505e-08
0.0207229 -1.63424e-08
0.0208128 -1.64323e-08
0.0209027 -1.65223e-08
0.0209926 -1.66073e-08
0.0210826 -1.66957e-08
0.0211725 -1.67812e-08
0.0212624 -1.68682e-08
0.0213523 -1.69543e-08
0.0214422 -1.7017e-08
0.0215321 -1.70773e-08
0.021622 -1.71422e-08
0.0217119 -1.72103e-08
0.0218018 -1.72785e-08
0.0218917 -1.73397e-08
0.0219816 -1.74192e-08
0.0220715 -1.74939e-08
0.0221614 -1.75731e-08
0.0222513 -1.76467e-08
0.0223412 -1.7715e-08
0.0224311 -1.77738e-08
0.022521 -1.78367e-08
0.0226109 -1.78877e-08
0.0227008 -1.79517e-08
0.0227907 -1.80102e-08
0.0228806 -1.8073e-08
0.0229705 -1.81335e-08
0.0230604 -1.81826e-08
0.0231503 -1.82387e-08
0.0232403 -1.82955e-08
0.0233302 -1.83427e-08
0.0234201 -1.83876e-08
0.02351 -1.84398e-08
0.0235999 -1.84873e-08
0.0236898 -1.85291e-08
0.0237797 -1.85795e-08
0.0238696 -1.86277e-08
0.0239595 -1.86667e-08
0.0240494 -1.87028e-08
0.0241393 -1.87269e-08
0.0242292 -1.87468e-08
0.0243191 -1.87689e-08
0.024409 -1.87825e-08
0.0244989 -1.88029e-08
0.0245888 -1.88318e-08
0.0246787 -1.88431e-08
0.0247686 -1.88556e-08
0.0248585 -1.88766e-08
0.0249484 -1.88956e-08
0.0250383 -1.8905e-08
0.0251282 -1.89192e-08
0.0252181 -1.89175e-08
0.025308 -1.89118e-08
0.025398 -1.89175e-08
0.0254879 -1.89196e-08
0.0255778 -1.89281e-08
0.0256677 -1.89441e-08
0.0257576 -1.89423e-08
0.0258475 -1.89478e-08
0.0259374 -1.8954e-08
0.0260273 -1.89719e-08
0.0261172 -1.89875e-08
0.0262071 -1.89857e-08
0.026297 -1.89816e-08
0.0263869 -1.89843e-08
0.0264768 -1.8991e-08
0.0265667 -1.90076e-08
0.0266566 -1.90254e-08
0.0267465 -1.90339e-08
0.0268364 -1.90352e-08
0.0269263 -1.90386e-08
0.0270162 -1.90368e-08
0.0271061 -1.9033e-08
0.027196 -1.9038e-08
0.0272859 -1.90395e-08
0.0273758 -1.90418e-08
0.0274657 -1.9047e-08
0.0275557 -1.90465e-08
0.0276456 -1.90388e-08
0.0277355 -1.9045e-08
0.0278254 -1.90468e-08
0.0279153 -1.90524e-08
0.0280052 -1.90545e-08
0.0280951 -1.90412e-08
0.028185 -1.90473e-08
0.0282749 -1.90496e-08
0.0283648 -1.90567e-08
0.0284547 -1.9062e-08
0.0285446 -1.90709e-08
0.0286345 -1.90745e-08
0.0287244 -1.90846e-08
0.0288143 -1.90934e-08
0.0289042 -1.91047e-08
0.0289941 -1.91297e-08
0.029084 -1.91408e-08
0.0291739 -1.91448e-08
0.0292638 -1.91607e-08
0.0293537 -1.91783e-08
0.0294436 -1.9186e-08
0.0295335 -1.92011e-08
0.0296234 -1.92156e-08
0.0297134 -1.92224e-08
0.0298033 -1.92298e-08
0.0298932 -1.92357e-08
0.0299831 -1.92579e-08
0.030073 -1.92778e-08
0.0301629 -1.92906e-08
0.0302528 -1.92977e-08
0.0303427 -1.93148e-08
0.0304326 -1.93143e-08
0.0305225 -1.93172e-08
0.0306124 -1.93295e-08
0.0307023 -1.93259e-08
0.0307922 -1.93098e-08
0.0308821 -1.93014e-08
0.030972 -1.93012e-08
0.0310619 -1.93003e-08
0.0311518 -1.93012e-08
0.0312417 -1.93046e-08
0.0313316 -1.93095e-08
0.0314215 -1.93024e-08
0.0315114 -1.92792e-08
0.0316013 -1.9273e-08
0.0316912 -1.92652e-08
0.0317811 -1.92607e-08
0.0318711 -1.92567e-08
0.031961 -1.92381e-08
0.0320509 -1.922e-08
0.0321408 -1.91985e-08
0.0322307 -1.9176e-08
0.0323206 -1.91503e-08
0.0324105 -1.91199e-08
0.0325004 -1.90974e-08
0.0325903 -1.90657e-08
0.0326802 -1.90383e-08
0.0327701 -1.90091e-08
0.03286 -1.89798e-08
0.0329499 -1.89362e-08
0.0330398 -1.8896e-08
0.0331297 -1.88545e-08
0.0332196 -1.88029e-08
0.0333095 -1.87396e-08
0.0333994 -1.86826e-08
0.0334893 -1.86234e-08
0.0335792 -1.85694e-08
0.0336691 -1.85092e-08
0.033759 -1.8444e-08
0.0338489 -1.83761e-08
0.0339388 -1.82987e-08
0.0340288 -1.82207e-08
0.0341187 -1.81436e-08
0.0342086 -1.80676e-08
0.0342985 -1.79859e-08
0.0343884 -1.78989e-08
0.0344783 -1.781e-08
0.0345682 -1.77206e-08
0.0346581 -1.76319e-08
0.034748 -1.75399e-08
0.0348379 -1.74379e-08
0.0349278 -1.73315e-08
0.0350177 -1.72368e-08
0.0351076 -1.7132e-08
0.0351975 -1.70244e-08
0.0352874 -1.69259e-08
0.0353773 -1.68318e-08
0.0354672 -1.67288e-08
0.0355571 -1.66199e-08
0.035647 -1.65152e-08
0.0357369 -1.64027e-08
0.0358268 -1.62953e-08
0.0359167 -1.61769e-08
0.0360066 -1.6065e-08
0.0360965 -1.59467e-08
0.0361865 -1.58368e-08
0.0362764 -1.57207e-08
0.0363663 -1.56113e-08
0.0364562 -1.5502e-08
0.0365461 -1.54097e-08
0.036636 -1.53169e-08
0.0367259 -1.52064e-08
0.0368158 -1.50957e-08
0.0369057 -1.49914e-08
0.0369956 -1.48865e-08
0.0370855 -1.47935e-08
0.0371754 -1.469e-08
0.0372653 -1.45861e-08
0.0373552 -1.44765e-08
0.0374451 -1.43758e-08
0.037535 -1.42861e-08
0.0376249 -1.41905e-08
0.0377148 -1.40996e-08
0.0378047 -1.40023e-08
0.0378946 -1.39126e-08
0.0379845 -1.38278e-08
0.0380744 -1.37465e-08
0.0381643 -1.36678e-08
0.0382542 -1.35898e-08
0.0383441 -1.35151e-08
0.0384341 -1.34296e-08
0.038524 -1.33554e-08
0.0386139 -1.32759e-08
0.0387038 -1.3196e-08
0.0387937 -1.31229e-08
0.0388836 -1.30563e-08
0.0389735 -1.29931e-08
0.0390634 -1.29373e-08
0.0391533 -1.28884e-08
0.0392432 -1.28402e-08
0.0393331 -1.28051e-08
0.039423 -1.27673e-08
0.0395129 -1.27265e-08
0.0396028 -1.26866e-08
0.0396927 -1.26485e-08
0.0397826 -1.26214e-08
0.0398725 -1.25888e-08
0.0399624 -1.25622e-08
0.0400523 -1.25377e-08
0.0401422 -1.25144e-08
0.0402321 -1.24981e-08
0.040322 -1.24841e-08
0.0404119 -1.2464e-08
0.0405018 -1.24527e-08
0.0405918 -1.2445e-08
0.0406817 -1.24411e-08
0.0407716 -1.24232e-08
0.0408615 -1.24182e-08
0.0409514 -1.24118e-08
0.0410413 -1.24164e-08
0.0411312 -1.24098e-08
0.0412211 -1.23999e-08
0.041311 -1.23942e-08
0.0414009 -1.23926e-08
0.0414908 -1.23954e-08
0.0415807 -1.24053e-08
0.0416706 -1.242e-08
0.0417605 -1.24342e-08
0.0418504 -1.24536e-08
0.0419403 -1.24727e-08
0.0420302 -1.25004e-08
0.0421201 -1.25261e-08
0.04221 -1.25558e-08
0.0422999 -1.25843e-08
0.0423898 -1.261e-08
0.0424797 -1.2644e-08
0.0425696 -1.26786e-08
0.0426595 -1.27223e-08
0.0427495 -1.27608e-08
0.0428394 -1.28091e-08
0.0429293 -1.28585e-08
0.0430192 -1.29017e-08
0.0431091 -1.29426e-08
0.043199 -1.29962e-08
0.0432889 -1.30484e-08
0.0433788 -1.31019e-08
0.0434687 -1.31565e-08
0.0435586 -1.32009e-08
0.0436485 -1.32466e-08
0.0437384 -1.3297e-08
0.0438283 -1.33499e-08
0.0439182 -1.33882e-08
0.0440081 -1.34297e-08
0.044098 -1.34829e-08
0.0441879 -1.35459e-08
0.0442778 -1.36099e-08
0.0443677 -1.36645e-08
0.0444576 -1.3718e-08
0.0445475 -1.37813e-08
0.0446374 -1.38422e-08
0.0447273 -1.39091e-08
0.0448172 -1.39698e-08
0.0449072 -1.40338e-08
0.0449971 -1.40956e-08
0.045087 -1.41549e-08
0.0451769 -1.42304e-08
0.0452668 -1.43018e-08
0.0453567 -1.43814e-08
0.0454466 -1.44541e-08
0.0455365 -1.45281e-08
0.0456264 -1.461e-08
0.0457163 -1.46883e-08
0.0458062 -1.47776e-08
0.0458961 -1.48584e-08
0.045986 -1.49462e-08
0.0460759 -1.50378e-08
0.0461658 -1.51168e-08
0.0462557 -1.5194e-08
0.0463456 -1.52836e-08
0.0464355 -1.53724e-08
0.0465254 -1.54593e-08
0.0466153 -1.5552e-08
0.0467052 -1.56374e-08
0.0467951 -1.57231e-08
0.046885 -1.58144e-08
0.0469749 -1.59172e-08
0.0470649 -1.60101e-08
0.0471548 -1.6104e-08
0.0472447 -1.62102e-08
0.0473346 -1.63127e-08
0.0474245 -1.64273e-08
0.0475144 -1.65334e-08
0.0476043 -1.66364e-08
0.0476942 -1.67428e-08
0.0477841 -1.68525e-08
0.047874 -1.69562e-08
0.0479639 -1.70642e-08
0.0480538 -1.71655e-08
0.0481437 -1.72663e-08
0.0482336 -1.73779e-08
0.0483235 -1.75002e-08
0.0484134 -1.76185e-08
0.0485033 -1.77427e-08
0.0485932 -1.7862e-08
0.0486831 -1.79819e-08
0.048773 -1.81166e-08
0.0488629 -1.82524e-08
0.0489528 -1.83834e-08
0.0490427 -1.85062e-08
0.0491326 -1.86438e-08
0.0492226 -1.87966e-08
0.0493125 -1.89325e-08
0.0494024 -1.9077e-08
0.0494923 -1.92108e-08
0.0495822 -1.93545e-08
0.0496721 -1.94993e-08
0.049762 -1.9664e-08
0.0498519 -1.98189e-08
0.0499418 -1.99882e-08
0.0500317 -2.01553e-08
0.0501216 -2.03361e-08
0.0502115 -2.05167e-08
0.0503014 -2.07004e-08
0.0503913 -2.08748e-08
0.0504812 -2.10616e-08
0.0505711 -2.12401e-08
0.050661 -2.14168e-08
0.0507509 -2.15923e-08
0.0508408 -2.17622e-08
0.0509307 -2.19343e-08
0.0510206 -2.21073e-08
0.0511105 -2.22958e-08
0.0512004 -2.2468e-08
0.0512903 -2.26358e-08
0.0513803 -2.28289e-08
0.0514702 -2.30272e-08
0.0515601 -2.32279e-08
0.05165 -2.3419e-08
0.0517399 -2.36211e-08
0.0518298 -2.38017e-08
0.0519197 -2.4002e-08
0.0520096 -2.42085e-08
0.0520995 -2.44171e-08
0.0521894 -2.46212e-08
0.0522793 -2.48355e-08
0.0523692 -2.50748e-08
0.0524591 -2.53067e-08
0.052549 -2.55369e-08
0.0526389 -2.57711e-08
0.0527288 -2.60133e-08
0.0528187 -2.62545e-08
0.0529086 -2.6514e-08
0.0529985 -2.67492e-08
0.0530884 -2.70066e-08
0.0531783 -2.7263e-08
0.0532682 -2.75308e-08
0.0533581 -2.7821e-08
0.053448 -2.81039e-08
0.053538 -2.83554e-08
0.0536279 -2.86152e-08
0.0537178 -2.88692e-08
0.0538077 -2.9121e-08
0.0538976 -2.93945e-08
0.0539875 -2.96499e-08
0.0540774 -2.98988e-08
0.0541673 -3.01493e-08
0.0542572 -3.03778e-08
0.0543471 -3.06255e-08
0.054437 -3.08494e-08
0.0545269 -3.11009e-08
0.0546168 -3.13643e-08
0.0547067 -3.16261e-08
0.0547966 -3.18562e-08
0.0548865 -3.20893e-08
0.0549764 -3.23423e-08
0.0550663 -3.25907e-08
0.0551562 -3.28802e-08
0.0552461 -3.31684e-08
0.055336 -3.34416e-08
0.0554259 -3.37126e-08
0.0555158 -3.3966e-08
0.0556057 -3.42535e-08
0.0556956 -3.45182e-08
0.0557856 -3.47723e-08
0.0558755 -3.50448e-08
0.0559654 -3.53116e-08
0.0560553 -3.55833e-08
0.0561452 -3.58861e-08
0.0562351 -3.61497e-08
0.056325 -3.64318e-08
0.0564149 -3.67342e-08
0.0565048 -3.70407e-08
0.0565947 -3.73485e-08
0.0566846 -3.76147e-08
0.0567745 -3.79029e-08
0.0568644 -3.81817e-08
0.0569543 -3.84435e-08
0.0570442 -3.86992e-08
0.0571341 -3.89499e-08
0.057224 -3.9205e-08
0.0573139 -3.94612e-08
0.0574038 -3.97018e-08
0.0574937 -3.99112e-08
0.0575836 -4.00995e-08
0.0576735 -4.03431e-08
0.0577634 -4.05539e-08
0.0578533 -4.07422e-08
0.0579433 -4.10183e-08
0.0580332 -4.12653e-08
0.0581231 -4.155e-08
0.058213 -4.18017e-08
0.0583029 -4.2065e-08
0.0583928 -4.23102e-08
0.0584827 -4.25423e-08
0.0585726 -4.27665e-08
0.0586625 -4.29858e-08
0.0587524 -4.32255e-08
0.0588423 -4.34754e-08
0.0589322 -4.37362e-08
0.0590221 -4.39971e-08
0.059112 -4.42319e-08
0.0592019 -4.44509e-08
0.0592918 -4.47196e-08
0.0593817 -4.50041e-08
0.0594716 -4.5284e-08
0.0595615 -4.5547e-08
0.0596514 -4.5817e-08
0.0597413 -4.60882e-08
0.0598312 -4.63633e-08
0.0599211 -4.66289e-08
0.060011 -4.69016e-08
0.060101 -4.71412e-08
0.0601909 -4.73712e-08
0.0602808 -4.75672e-08
0.0603707 -4.77849e-08
0.0604606 -4.80033e-08
0.0605505 -4.823e-08
0.0606404 -4.84308e-08
0.0607303 -4.86614e-08
0.0608202 -4.88762e-08
0.0609101 -4.90855e-08
0.061 -4.93385e-08
0.0610899 -4.9585e-08
0.0611798 -4.97986e-08
0.0612697 -5.00528e-08
0.0613596 -5.02976e-08
0.0614495 -5.05141e-08
0.0615394 -5.07674e-08
0.0616293 -5.10498e-08
0.0617192 -5.13176e-08
0.0618091 -5.15636e-08
0.061899 -5.18011e-08
0.0619889 -5.20414e-08
0.0620788 -5.2303e-08
0.0621687 -5.25348e-08
0.0622587 -5.27682e-08
0.0623486 -5.30403e-08
0.0624385 -5.33105e-08
0.0625284 -5.35935e-08
0.0626183 -5.38563e-08
0.0627082 -5.41273e-08
0.0627981 -5.43888e-08
0.062888 -5.45783e-08
0.0629779 -5.47955e-08
0.0630678 -5.49852e-08
0.0631577 -5.51811e-08
0.0632476 -5.53572e-08
0.0633375 -5.55376e-08
0.0634274 -5.56887e-08
0.0635173 -5.58443e-08
0.0636072 -5.59685e-08
0.0636971 -5.61463e-08
0.063787 -5.6314e-08
0.0638769 -5.64367e-08
0.0639668 -5.65627e-08
0.0640567 -5.66895e-08
0.0641466 -5.68155e-08
0.0642365 -5.697e-08
0.0643264 -5.71505e-08
0.0644164 -5.73069e-08
0.0645063 -5.7459e-08
0.0645962 -5.76309e-08
0.0646861 -5.7783e-08
0.064776 -5.79253e-08
0.0648659 -5.80628e-08
0.0649558 -5.82325e-08
0.0650457 -5.83613e-08
0.0651356 -5.85028e-08
0.0652255 -5.8647e-08
0.0653154 -5.87928e-08
0.0654053 -5.89159e-08
0.0654952 -5.90262e-08
0.0655851 -5.91312e-08
0.065675 -5.92623e-08
0.0657649 -5.93855e-08
0.0658548 -5.94599e-08
0.0659447 -5.95518e-08
0.0660346 -5.96472e-08
0.0661245 -5.97148e-08
0.0662144 -5.97979e-08
0.0663043 -5.98462e-08
0.0663942 -5.9904e-08
0.0664841 -5.99871e-08
0.0665741 -6.00415e-08
0.066664 -6.00779e-08
0.0667539 -6.00932e-08
0.0668438 -6.01275e-08
0.0669337 -6.01405e-08
0.0670236 -6.01453e-08
0.0671135 -6.01595e-08
0.0672034 -6.01993e-08
0.0672933 -6.02412e-08
0.0673832 -6.0277e-08
0.0674731 -6.03268e-08
0.067563 -6.03727e-08
0.0676529 -6.04203e-08
0.0677428 -6.048e-08
0.0678327 -6.0528e-08
0.0679226 -6.06038e-08
0.0680125 -6.06444e-08
0.0681024 -6.07046e-08
0.0681923 -6.07541e-08
0.0682822 -6.07981e-08
0.0683721 -6.08486e-08
0.068462 -6.09281e-08
0.0685519 -6.10191e-08
0.0686418 -6.10665e-08
0.0687318 -6.1133e-08
0.0688217 -6.12499e-08
0.0689116 -6.13451e-08
0.0690015 -6.1424e-08
0.0690914 -6.1504e-08
0.0691813 -6.15943e-08
0.0692712 -6.16765e-08
0.0693611 -6.17442e-08
0.069451 -6.17543e-08
0.0695409 -6.17834e-08
0.0696308 -6.18213e-08
0.0697207 -6.18732e-08
0.0698106 -6.18862e-08
0.0699005 -6.18713e-08
0.0699904 -6.18767e-08
0.0700803 -6.19063e-08
0.0701702 -6.19319e-08
0.0702601 -6.19871e-08
0.07035 -6.20529e-08
0.0704399 -6.20907e-08
0.0705298 -6.21444e-08
0.0706197 -6.22013e-08
0.0707096 -6.2263e-08
0.0707995 -6.23152e-08
0.0708895 -6.23501e-08
0.0709794 -6.23962e-08
0.0710693 -6.24404e-08
0.0711592 -6.25217e-08
0.0712491 -6.25624e-08
0.071339 -6.26352e-08
0.0714289 -6.27098e-08
0.0715188 -6.27623e-08
0.0716087 -6.28548e-08
0.0716986 -6.29515e-08
0.0717885 -6.30505e-08
0.0718784 -6.31356e-08
0.0719683 -6.32397e-08
0.0720582 -6.33246e-08
0.0721481 -6.33994e-08
0.072238 -6.34808e-08
0.0723279 -6.3535e-08
0.0724178 -6.36357e-08
0.0725077 -6.37424e-08
0.0725976 -6.38247e-08
0.0726875 -6.38933e-08
0.0727774 -6.39433e-08
0.0728673 -6.39832e-08
0.0729572 -6.40044e-08
0.0730472 -6.40655e-08
0.0731371 -6.41164e-08
0.073227 -6.4177e-08
0.0733169 -6.42481e-08
0.0734068 -6.43397e-08
0.0734967 -6.43756e-08
0.0735866 -6.44306e-08
0.0736765 -6.44658e-08
0.0737664 -6.44752e-08
0.0738563 -6.44922e-08
0.0739462 -6.45411e-08
0.0740361 -6.46089e-08
0.074126 -6.46413e-08
0.0742159 -6.47024e-08
0.0743058 -6.47566e-08
0.0743957 -6.48388e-08
0.0744856 -6.49085e-08
0.0745755 -6.49858e-08
0.0746654 -6.50834e-08
0.0747553 -6.51861e-08
0.0748452 -6.52718e-08
0.0749351 -6.53928e-08
0.075025 -6.5489e-08
0.0751149 -6.55448e-08
0.0752048 -6.5673e-08
0.0752948 -6.57506e-08
0.0753847 -6.58637e-08
0.0754746 -6.59428e-08
0.0755645 -6.60216e-08
0.0756544 -6.60744e-08
0.0757443 -6.61179e-08
0.0758342 -6.61661e-08
0.0759241 -6.62086e-08
0.076014 -6.62777e-08
0.0761039 -6.63505e-08
0.0761938 -6.63941e-08
0.0762837 -6.64277e-08
0.0763736 -6.6454e-08
0.0764635 -6.64735e-08
0.0765534 -6.64444e-08
0.0766433 -6.64563e-08
0.0767332 -6.64877e-08
0.0768231 -6.65368e-08
0.076913 -6.65682e-08
0.0770029 -6.6593e-08
0.0770928 -6.65803e-08
0.0771827 -6.66388e-08
0.0772726 -6.66943e-08
0.0773625 -6.67409e-08
0.0774525 -6.679e-08
0.0775424 -6.68276e-08
0.0776323 -6.6811e-08
0.0777222 -6.68696e-08
0.0778121 -6.69034e-08
0.077902 -6.69683e-08
0.0779919 -6.70945e-08
0.0780818 -6.71823e-08
0.0781717 -6.72498e-08
0.0782616 -6.73935e-08
0.0783515 -6.74626e-08
0.0784414 -6.75767e-08
0.0785313 -6.76517e-08
0.0786212 -6.77674e-08
0.0787111 -6.78304e-08
0.078801 -6.78813e-08
0.0788909 -6.79885e-08
0.0789808 -6.80862e-08
0.0790707 -6.81103e-08
0.0791606 -6.81181e-08
0.0792505 -6.81408e-08
0.0793404 -6.81209e-08
0.0794303 -6.81324e-08
0.0795202 -6.81325e-08
0.0796102 -6.8159e-08
0.0797001 -6.8185e-08
0.07979 -6.82073e-08
0.0798799 -6.81746e-08
0.0799698 -6.81782e-08
0.0800597 -6.82185e-08
0.0801496 -6.82397e-08
0.0802395 -6.82979e-08
0.0803294 -6.83089e-08
0.0804193 -6.82994e-08
0.0805092 -6.83022e-08
0.0805991 -6.8333e-08
0.080689 -6.83954e-08
0.0807789 -6.85061e-08
0.0808688 -6.86009e-08
0.0809587 -6.87384e-08
0.0810486 -6.88934e-08
0.0811385 -6.89816e-08
0.0812284 -6.91242e-08
0.0813183 -6.92818e-08
0.0814082 -6.93526e-08
0.0814981 -6.95191e-08
0.081588 -6.96484e-08
0.0816779 -6.9783e-08
0.0817679 -6.98207e-08
0.0818578 -6.98795e-08
0.0819477 -6.99391e-08
0.0820376 -6.9949e-08
0.0821275 -6.99559e-08
0.0822174 -6.99778e-08
0.0823073 -6.996e-08
0.0823972 -6.9964e-08
0.0824871 -6.99453e-08
0.082577 -6.99302e-08
0.0826669 -6.99805e-08
0.0827568 -7.00154e-08
0.0828467 -7.00562e-08
0.0829366 -7.00737e-08
0.0830265 -7.01902e-08
0.0831164 -7.02343e-08
0.0832063 -7.02958e-08
0.0832962 -7.03794e-08
0.0833861 -7.04272e-08
0.083476 -7.05508e-08
0.0835659 -7.06943e-08
0.0836558 -7.08374e-08
0.0837457 -7.09859e-08
0.0838356 -7.11401e-08
0.0839256 -7.1314e-08
0.0840155 -7.14279e-08
0.0841054 -7.15128e-08
0.0841953 -7.16232e-08
0.0842852 -7.17524e-08
0.0843751 -7.18545e-08
0.084465 -7.19442e-08
0.0845549 -7.20534e-08
0.0846448 -7.21065e-08
0.0847347 -7.2141e-08
0.0848246 -7.21391e-08
0.0849145 -7.21753e-08
0.0850044 -7.22333e-08
0.0850943 -7.2279e-08
0.0851842 -7.23633e-08
0.0852741 -7.23918e-08
0.085364 -7.24368e-08
0.0854539 -7.25574e-08
0.0855438 -7.26779e-08
0.0856337 -7.27473e-08
0.0857236 -7.28305e-08
0.0858135 -7.28777e-08
0.0859034 -7.30208e-08
0.0859933 -7.31177e-08
0.0860833 -7.32308e-08
0.0861732 -7.3255e-08
0.0862631 -7.33961e-08
0.086353 -7.34617e-08
0.0864429 -7.35616e-08
0.0865328 -7.36381e-08
0.0866227 -7.36648e-08
0.0867126 -7.37073e-08
0.0868025 -7.37685e-08
0.0868924 -7.38462e-08
0.0869823 -7.38059e-08
0.0870722 -7.37458e-08
0.0871621 -7.37251e-08
0.087252 -7.37207e-08
0.0873419 -7.37339e-08
0.0874318 -7.37825e-08
0.0875217 -7.37905e-08
0.0876116 -7.38433e-08
0.0877015 -7.38671e-08
0.0877914 -7.39175e-08
0.0878813 -7.39708e-08
0.0879712 -7.40646e-08
0.0880611 -7.4179e-08
0.088151 -7.42674e-08
0.088241 -7.43907e-08
0.0883309 -7.44673e-08
0.0884208 -7.45999e-08
0.0885107 -7.46953e-08
0.0886006 -7.47245e-08
0.0886905 -7.47523e-08
0.0887804 -7.48609e-08
0.0888703 -7.49269e-08
0.0889602 -7.50051e-08
0.0890501 -7.49862e-08
0.08914 -7.506e-08
0.0892299 -7.50934e-08
0.0893198 -7.51587e-08
0.0894097 -7.51036e-08
0.0894996 -7.50258e-08
0.0895895 -7.50388e-08
0.0896794 -7.49609e-08
0.0897693 -7.49377e-08
0.0898592 -7.47964e-08
0.0899491 -7.4675e-08
0.090039 -7.46559e-08
0.0901289 -7.46772e-08
0.0902188 -7.47409e-08
0.0903087 -7.48285e-08
0.0903987 -7.48658e-08
0.0904886 -7.4998e-08
0.0905785 -7.50973e-08
0.0906684 -7.52326e-08
0.0907583 -7.53187e-08
0.0908482 -7.53887e-08
0.0909381 -7.55311e-08
0.091028 -7.567e-08
0.0911179 -7.5761e-08
0.0912078 -7.58639e-08
0.0912977 -7.58856e-08
0.0913876 -7.59033e-08
0.0914775 -7.58888e-08
0.0915674 -7.59064e-08
0.0916573 -7.58772e-08
0.0917472 -7.5899e-08
0.0918371 -7.59278e-08
0.091927 -7.59109e-08
0.0920169 -7.5892e-08
0.0921068 -7.58295e-08
0.0921967 -7.57739e-08
0.0922866 -7.56663e-08
0.0923765 -7.5584e-08
0.0924664 -7.55261e-08
0.0925564 -7.55493e-08
0.0926463 -7.54095e-08
0.0927362 -7.5306e-08
0.0928261 -7.52916e-08
0.092916 -7.53509e-08
0.0930059 -7.53528e-08
0.0930958 -7.55283e-08
0.0931857 -7.56236e-08
0.0932756 -7.57447e-08
0.0933655 -7.58056e-08
0.0934554 -7.58968e-08
0.0935453 -7.58203e-08
0.0936352 -7.57514e-08
0.0937251 -7.57792e-08
0.093815 -7.57885e-08
0.0939049 -7.57648e-08
0.0939948 -7.57506e-08
0.0940847 -7.56611e-08
0.0941746 -7.55e-08
0.0942645 -7.54317e-08
0.0943544 -7.52987e-08
0.0944443 -7.519e-08
0.0945342 -7.51552e-08
0.0946241 -7.51509e-08
0.094714 -7.50999e-08
0.094804 -7.5044e-08
0.0948939 -7.49459e-08
0.0949838 -7.48443e-08
0.0950737 -7.47023e-08
0.0951636 -7.4622e-08
0.0952535 -7.44979e-08
0.0953434 -7.44182e-08
0.0954333 -7.43613e-08
0.0955232 -7.42374e-08
0.0956131 -7.42069e-08
0.095703 -7.41854e-08
0.0957929 -7.42312e-08
0.0958828 -7.43177e-08
0.0959727 -7.42989e-08
0.0960626 -7.42977e-08
0.0961525 -7.43925e-08
0.0962424 -7.43521e-08
0.0963323 -7.4311e-08
0.0964222 -7.41975e-08
0.0965121 -7.41593e-08
0.096602 -7.41024e-08
0.0966919 -7.40072e-08
0.0967818 -7.3994e-08
0.0968717 -7.38301e-08
0.0969617 -7.36435e-08
0.0970516 -7.35371e-08
0.0971415 -7.33753e-08
0.0972314 -7.32389e-08
0.0973213 -7.31474e-08
0.0974112 -7.30442e-08
0.0975011 -7.30377e-08
0.097591 -7.31047e-08
0.0976809 -7.30595e-08
0.0977708 -7.30125e-08
0.0978607 -7.29493e-08
0.0979506 -7.28152e-08
0.0980405 -7.27455e-08
0.0981304 -7.26861e-08
0.0982203 -7.27471e-08
0.0983102 -7.2784e-08
0.0984001 -7.28575e-08
0.09849 -7.28273e-08
0.0985799 -7.2761e-08
0.0986698 -7.28026e-08
0.0987597 -7.27129e-08
0.0988496 -7.25959e-08
0.0989395 -7.25919e-08
0.0990294 -7.25519e-08
0.0991194 -7.2527e-08
0.0992093 -7.25622e-08
0.0992992 -7.23846e-08
0.0993891 -7.22908e-08
0.099479 -7.2063e-08
0.0995689 -7.19421e-08
0.0996588 -7.17044e-08
0.0997487 -7.1468e-08
0.0998386 -7.13514e-08
0.0999285 -7.11747e-08
0.100018 -7.09976e-08
0.100108 -7.0857e-08
0.100198 -7.07339e-08
0.100288 -7.06533e-08
0.100378 -7.06086e-08
0.100468 -7.06061e-08
0.100558 -7.06706e-08
0.100648 -7.0732e-08
0.100738 -7.06934e-08
0.100828 -7.06885e-08
0.100917 -7.06399e-08
0.101007 -7.0666e-08
0.101097 -7.0707e-08
0.101187 -7.0821e-08
0.101277 -7.08609e-08
0.101367 -7.08518e-08
0.101457 -7.08553e-08
0.101547 -7.08245e-08
0.101637 -7.08616e-08
0.101727 -7.07606e-08
0.101816 -7.06576e-08
0.101906 -7.0617e-08
0.101996 -7.05876e-08
0.102086 -7.05686e-08
0.102176 -7.04591e-08
0.102266 -7.02906e-08
0.102356 -6.99705e-08
0.102446 -6.96979e-08
0.102536 -6.93949e-08
0.102626 -6.91975e-08
0.102716 -6.89508e-08
0.102805 -6.88233e-08
0.102895 -6.86498e-08
0.102985 -6.85934e-08
0.103075 -6.84579e-08
0.103165 -6.83751e-08
0.103255 -6.84353e-08
0.103345 -6.83902e-08
0.103435 -6.84026e-08
0.103525 -6.84985e-08
0.103615 -6.85798e-08
0.103704 -6.84683e-08
0.103794 -6.83463e-08
0.103884 -6.82495e-08
0.103974 -6.83211e-08
0.104064 -6.83459e-08
0.104154 -6.83214e-08
0.104244 -6.83442e-08
0.104334 -6.82563e-08
0.104424 -6.81984e-08
0.104514 -6.82808e-08
0.104604 -6.8316e-08
0.104693 -6.82505e-08
0.104783 -6.82629e-08
0.104873 -6.82948e-08
0.104963 -6.8351e-08
0.105053 -6.8206e-08
0.105143 -6.81479e-08
0.105233 -6.79748e-08
0.105323 -6.78304e-08
0.105413 -6.76775e-08
0.105503 -6.76136e-08
0.105592 -6.75921e-08
0.105682 -6.75774e-08
0.105772 -6.76383e-08
0.105862 -6.7752e-08
0.105952 -6.77476e-08
0.106042 -6.79617e-08
0.106132 -6.79307e-08
0.106222 -6.78461e-08
0.106312 -6.78994e-08
0.106402 -6.78254e-08
0.106491 -6.78614e-08
0.106581 -6.77804e-08
0.106671 -6.76251e-08
0.106761 -6.74883e-08
0.106851 -6.73836e-08
0.106941 -6.73058e-08
0.107031 -6.73595e-08
0.107121 -6.70696e-08
0.107211 -6.70519e-08
0.107301 -6.71034e-08
0.107391 -6.70092e-08
0.10748 -6.70632e-08
0.10757 -6.70398e-08
0.10766 -6.69792e-08
0.10775 -6.70196e-08
0.10784 -6.71228e-08
0.10793 -6.71464e-08
0.10802 -6.72386e-08
0.10811 -6.73732e-08
0.1082 -6.7523e-08
0.10829 -6.758e-08
0.108379 -6.7764e-08
0.108469 -6.77528e-08
0.108559 -6.78747e-08
0.108649 -6.80869e-08
0.108739 -6.80532e-08
0.108829 -6.80427e-08
0.108919 -6.79555e-08
0.109009 -6.77261e-08
0.109099 -6.75234e-08
0.109189 -6.73127e-08
0.109279 -6.7278e-08
0.109368 -6.7027e-08
0.109458 -6.69267e-08
0.109548 -6.6788e-08
0.109638 -6.66594e-08
0.109728 -6.64409e-08
0.109818 -6.61787e-08
0.109908 -6.58521e-08
0.109998 -6.56561e-08
0.110088 -6.56119e-08
0.110178 -6.53115e-08
0.110267 -6.51402e-08
0.110357 -6.50122e-08
0.110447 -6.48535e-08
0.110537 -6.47112e-08
0.110627 -6.47219e-08
0.110717 -6.49281e-08
0.110807 -6.52147e-08
0.110897 -6.55044e-08
0.110987 -6.56604e-08
0.111077 -6.57914e-08
0.111167 -6.59497e-08
0.111256 -6.58557e-08
0.111346 -6.59194e-08
0.111436 -6.59975e-08
0.111526 -6.59145e-08
0.111616 -6.59857e-08
0.111706 -6.57207e-08
0.111796 -6.52758e-08
0.111886 -6.50104e-08
0.111976 -6.45933e-08
0.112066 -6.43e-08
0.112155 -6.40404e-08
0.112245 -6.36468e-08
0.112335 -6.35e-08
0.112425 -6.30983e-08
0.112515 -6.28183e-08
0.112605 -6.25171e-08
0.112695 -6.21548e-08
0.112785 -6.18499e-08
0.112875 -6.15572e-08
0.112965 -6.14003e-08
0.113054 -6.13988e-08
0.113144 -6.12781e-08
0.113234 -6.12087e-08
0.113324 -6.12004e-08
0.113414 -6.11007e-08
0.113504 -6.13292e-08
0.113594 -6.14478e-08
0.113684 -6.15601e-08
0.113774 -6.16069e-08
0.113864 -6.15349e-08
0.113954 -6.1491e-08
0.114043 -6.14135e-08
0.114133 -6.13094e-08
0.114223 -6.12804e-08
0.114313 -6.10361e-08
0.114403 -6.08842e-08
0.114493 -6.05559e-08
0.114583 -6.0186e-08
0.114673 -5.98537e-08
0.114763 -5.97656e-08
0.114853 -5.94866e-08
0.114942 -5.92204e-08
0.115032 -5.91906e-08
0.115122 -5.90154e-08
0.115212 -5.88074e-08
0.115302 -5.84892e-08
0.115392 -5.84039e-08
0.115482 -5.83096e-08
0.115572 -5.82785e-08
0.115662 -5.81826e-08
0.115752 -5.78807e-08
0.115842 -5.76024e-08
0.115931 -5.73908e-08
0.116021 -5.69728e-08
0.116111 -5.68841e-08
0.116201 -5.66646e-08
0.116291 -5.66599e-08
0.116381 -5.6493e-08
0.116471 -5.6524e-08
0.116561 -5.64758e-08
0.116651 -5.63089e-08
0.116741 -5.63701e-08
0.11683 -5.63428e-08
0.11692 -5.62517e-08
0.11701 -5.63105e-08
0.1171 -5.60802e-08
0.11719 -5.58803e-08
0.11728 -5.58253e-08
0.11737 -5.57181e-08
0.11746 -5.58285e-08
0.11755 -5.61183e-08
0.11764 -5.61971e-08
0.11773 -5.61117e-08
0.117819 -5.61008e-08
0.117909 -5.60726e-08
0.117999 -5.60583e-08
0.118089 -5.612e-08
0.118179 -5.62581e-08
0.118269 -5.62044e-08
0.118359 -5.62226e-08
0.118449 -5.59147e-08
0.118539 -5.55489e-08
0.118629 -5.52387e-08
0.118718 -5.4966e-08
0.118808 -5.45006e-08
0.118898 -5.41778e-08
0.118988 -5.37019e-08
0.119078 -5.35469e-08
0.119168 -5.35556e-08
0.119258 -5.32125e-08
0.119348 -5.29886e-08
0.119438 -5.27043e-08
0.119528 -5.27479e-08
0.119617 -5.31501e-08
0.119707 -5.33538e-08
0.119797 -5.35618e-08
0.119887 -5.37599e-08
0.119977 -5.38091e-08
0.120067 -5.4059e-08
0.120157 -5.4497e-08
0.120247 -5.48509e-08
0.120337 -5.52238e-08
0.120427 -5.56958e-08
0.120517 -5.64705e-08
0.120606 -5.68128e-08
0.120696 -5.70482e-08
0.120786 -5.73542e-08
0.120876 -5.75548e-08
0.120966 -5.78045e-08
0.121056 -5.846e-08
0.121146 -5.83406e-08
0.121236 -5.832e-08
0.121326 -5.77742e-08
0.121416 -5.75685e-08
0.121505 -5.68274e-08
0.121595 -5.59507e-08
0.121685 -5.54931e-08
0.121775 -5.49321e-08
0.121865 -5.44805e-08
0.121955 -5.42699e-08
0.122045 -5.38672e-08
0.122135 -5.31194e-08
0.122225 -5.31398e-08
0.122315 -5.32707e-08
0.122405 -5.34057e-08
0.122494 -5.32621e-08
0.122584 -5.35655e-08
0.122674 -5.37415e-08
0.122764 -5.37707e-08
0.122854 -5.39551e-08
0.122944 -5.37652e-08
0.123034 -5.37221e-08
0.123124 -5.41371e-08
0.123214 -5.45798e-08
0.123304 -5.54269e-08
0.123393 -5.63926e-08
0.123483 -5.6966e-08
0.123573 -5.76754e-08
0.123663 -5.77932e-08
0.123753 -5.86859e-08
0.123843 -5.86412e-08
0.123933 -5.94025e-08
0.124023 -6.03457e-08
0.124113 -6.02148e-08
0.124203 -6.00088e-08
0.124293 -5.98063e-08
0.124382 -5.9639e-08
0.124472 -5.90716e-08
0.124562 -5.82868e-08
0.124652 -5.79853e-08
0.124742 -5.77112e-08
0.124832 -5.74142e-08
0.124922 -5.68433e-08
0.125012 -5.61914e-08
0.125102 -5.55783e-08
0.125192 -5.52622e-08
0.125281 -5.4838e-08
0.125371 -5.45772e-08
0.125461 -5.43432e-08
0.125551 -5.39715e-08
0.125641 -5.39821e-08
0.125731 -5.32225e-08
0.125821 -5.27159e-08
0.125911 -5.17095e-08
0.126001 -5.0853e-08
0.126091 -5.04134e-08
0.126181 -5.05867e-08
0.12627 -5.00968e-08
0.12636 -5.03359e-08
0.12645 -5.06941e-08
0.12654 -5.15069e-08
0.12663 -5.18871e-08
0.12672 -5.23772e-08
0.12681 -5.27693e-08
0.1269 -5.34175e-08
0.12699 -5.34344e-08
0.12708 -5.43097e-08
0.127169 -5.43214e-08
0.127259 -5.47937e-08
0.127349 -5.54234e-08
0.127439 -5.51625e-08
0.127529 -5.48589e-08
0.127619 -5.44748e-08
0.127709 -5.45608e-08
0.127799 -5.46786e-08
0.127889 -5.47639e-08
0.127979 -5.47162e-08
0.128068 -5.39814e-08
0.128158 -5.33163e-08
0.128248 -5.30708e-08
0.128338 -5.17238e-08
0.128428 -5.09278e-08
0.128518 -5.01615e-08
0.128608 -4.94837e-08
0.128698 -4.87472e-08
0.128788 -4.7615e-08
0.128878 -4.70396e-08
0.128968 -4.67382e-08
0.129057 -4.64846e-08
0.129147 -4.62477e-08
0.129237 -4.63161e-08
0.129327 -4.65124e-08
0.129417 -4.69105e-08
0.129507 -4.72545e-08
0.129597 -4.72892e-08
0.129687 -4.72022e-08
0.129777 -4.78473e-08
0.129867 -4.84376e-08
0.129956 -4.83435e-08
0.130046 -4.84816e-08
0.130136 -4.80856e-08
0.130226 -4.79693e-08
0.130316 -4.76148e-08
0.130406 -4.71412e-08
0.130496 -4.6895e-08
0.130586 -4.66278e-08
0.130676 -4.58026e-08
0.130766 -4.51695e-08
0.130856 -4.45747e-08
0.130945 -4.3314e-08
0.131035 -4.2819e-08
0.131125 -4.09209e-08
0.131215 -3.92495e-08
0.131305 -3.77598e-08
0.131395 -3.81527e-08
0.131485 -3.80118e-08
0.131575 -3.81433e-08
0.131665 -3.81842e-08
0.131755 -3.81866e-08
0.131844 -3.87233e-08
0.131934 -3.98507e-08
0.132024 -4.02603e-08
0.132114 -4.09437e-08
0.132204 -4.19095e-08
0.132294 -4.31961e-08
0.132384 -4.38909e-08
0.132474 -4.36639e-08
0.132564 -4.36005e-08
0.132654 -4.36217e-08
0.132744 -4.3423e-08
0.132833 -4.29614e-08
0.132923 -4.29458e-08
0.133013 -4.27541e-08
0.133103 -4.25252e-08
0.133193 -4.24323e-08
0.133283 -4.11861e-08
0.133373 -3.97716e-08
0.133463 -3.92632e-08
0.133553 -3.90104e-08
0.133643 -3.85013e-08
0.133732 -3.76576e-08
0.133822 -3.59766e-08
0.133912 -3.39633e-08
0.134002 -3.2062e-08
0.134092 -3.01801e-08
0.134182 -2.97688e-08
0.134272 -2.87224e-08
0.134362 -2.92315e-08
0.134452 -2.86711e-08
0.134542 -2.86775e-08
0.134631 -2.85538e-08
0.134721 -2.88911e-08
0.134811 -2.9279e-08
