-0.134811 -4.49502e-08
-0.134721 -4.49386e-08
-0.134631 -4.54304e-08
-0.134542 -4.56289e-08
-0.134452 -4.56644e-08
-0.134362 -4.52313e-08
-0.134272 -4.54401e-08
-0.134182 -4.5656e-08
-0.134092 -4.61112e-08
-0.134002 -4.62417e-08
-0.133912 -4.68815e-08
-0.133822 -4.63633e-08
-0.133732 -4.59279e-08
-0.133642 -4.58212e-08
-0.133553 -4.56926e-08
-0.133463 -4.51344e-08
-0.133373 -4.47547e-08
-0.133283 -4.48758e-08
-0.133193 -4.47192e-08
-0.133103 -4.43001e-08
-0.133013 -4.35833e-08
-0.132923 -4.32973e-08
-0.132833 -4.30579e-08
-0.132743 -4.32231e-08
-0.132654 -4.32084e-08
-0.132564 -4.29227e-08
-0.132474 -4.26126e-08
-0.132384 -4.31921e-08
-0.132294 -4.34431e-08
-0.132204 -4.33664e-08
-0.132114 -4.31674e-08
-0.132024 -4.34387e-08
-0.131934 -4.39197e-08
-0.131844 -4.36014e-08
-0.131754 -4.34122e-08
-0.131665 -4.31108e-08
-0.131575 -4.29125e-08
-0.131485 -4.28717e-08
-0.131395 -4.27399e-08
-0.131305 -4.23404e-08
-0.131215 -4.21758e-08
-0.131125 -4.19974e-08
-0.131035 -4.21118e-08
-0.130945 -4.18848e-08
-0.130855 -4.16466e-08
-0.130766 -4.21845e-08
-0.130676 -4.20891e-08
-0.130586 -4.20225e-08
-0.130496 -4.22066e-08
-0.130406 -4.27588e-08
-0.130316 -4.31476e-08
-0.130226 -4.30027e-08
-0.130136 -4.32184e-08
-0.130046 -4.35918e-08
-0.129956 -4.35761e-08
-0.129867 -4.33446e-08
-0.129777 -4.32262e-08
-0.129687 -4.3472e-08
-0.129597 -4.34715e-08
-0.129507 -4.32466e-08
-0.129417 -4.28705e-08
-0.129327 -4.19692e-08
-0.129237 -4.18379e-08
-0.129147 -4.20201e-08
-0.129057 -4.16915e-08
-0.128967 -4.14518e-08
-0.128878 -4.12717e-08
-0.128788 -4.18038e-08
-0.128698 -4.15389e-08
-0.128608 -4.15174e-08
-0.128518 -4.08686e-08
-0.128428 -4.09542e-08
-0.128338 -4.10903e-08
-0.128248 -4.13971e-08
-0.128158 -4.11755e-08
-0.128068 -4.12677e-08
-0.127979 -4.11416e-08
-0.127889 -4.14833e-08
-0.127799 -4.14006e-08
-0.127709 -4.15458e-08
-0.127619 -4.12728e-08
-0.127529 -4.14061e-08
-0.127439 -4.17942e-08
-0.127349 -4.19213e-08
-0.127259 -4.23423e-08
-0.127169 -4.27174e-08
-0.127079 -4.26378e-08
-0.12699 -4.258e-08
-0.1269 -4.2567e-08
-0.12681 -4.25227e-08
-0.12672 -4.21162e-08
-0.12663 -4.18711e-08
-0.12654 -4.20442e-08
-0.12645 -4.15874e-08
-0.12636 -4.11389e-08
-0.12627 -4.09157e-08
-0.12618 -4.03961e-08
-0.126091 -4.01996e-08
-0.126001 -3.99509e-08
-0.125911 -4.01194e-08
-0.125821 -3.99432e-08
-0.125731 -3.96814e-08
-0.125641 -4.00591e-08
-0.125551 -3.99489e-08
-0.125461 -4.00255e-08
-0.125371 -3.96642e-08
-0.125281 -3.97079e-08
-0.125191 -3.99e-08
-0.125102 -3.98031e-08
-0.125012 -3.9903e-08
-0.124922 -3.99209e-08
-0.124832 -3.92772e-08
-0.124742 -3.93292e-08
-0.124652 -3.93066e-08
-0.124562 -3.92759e-08
-0.124472 -3.92981e-08
-0.124382 -3.93202e-08
-0.124292 -3.95372e-08
-0.124203 -3.92111e-08
-0.124113 -3.92584e-08
-0.124023 -3.92139e-08
-0.123933 -3.9227e-08
-0.123843 -3.93646e-08
-0.123753 -3.93225e-08
-0.123663 -3.93225e-08
-0.123573 -3.9363e-08
-0.123483 -3.91192e-08
-0.123393 -3.88702e-08
-0.123304 -3.86861e-08
-0.123214 -3.86256e-08
-0.123124 -3.86695e-08
-0.123034 -3.81741e-08
-0.122944 -3.8268e-08
-0.122854 -3.78469e-08
-0.122764 -3.79993e-08
-0.122674 -3.81646e-08
-0.122584 -3.81527e-08
-0.122494 -3.79997e-08
-0.122404 -3.81914e-08
-0.122315 -3.82023e-08
-0.122225 -3.81526e-08
-0.122135 -3.79942e-08
-0.122045 -3.83189e-08
-0.121955 -3.85619e-08
-0.121865 -3.85206e-08
-0.121775 -3.8623e-08
-0.121685 -3.81797e-08
-0.121595 -3.78162e-08
-0.121505 -3.8006e-08
-0.121416 -3.78089e-08
-0.121326 -3.76358e-08
-0.121236 -3.76901e-08
-0.121146 -3.7434e-08
-0.121056 -3.73936e-08
-0.120966 -3.72488e-08
-0.120876 -3.71879e-08
-0.120786 -3.73483e-08
-0.120696 -3.73512e-08
-0.120606 -3.74099e-08
-0.120516 -3.74813e-08
-0.120427 -3.70933e-08
-0.120337 -3.72487e-08
-0.120247 -3.73137e-08
-0.120157 -3.7333e-08
-0.120067 -3.73711e-08
-0.119977 -3.73816e-08
-0.119887 -3.74976e-08
-0.119797 -3.73444e-08
-0.119707 -3.72773e-08
-0.119617 -3.7165e-08
-0.119528 -3.70472e-08
-0.119438 -3.71817e-08
-0.119348 -3.74985e-08
-0.119258 -3.75685e-08
-0.119168 -3.74072e-08
-0.119078 -3.75049e-08
-0.118988 -3.75251e-08
-0.118898 -3.7401e-08
-0.118808 -3.73676e-08
-0.118718 -3.72679e-08
-0.118628 -3.72225e-08
-0.118539 -3.70451e-08
-0.118449 -3.69601e-08
-0.118359 -3.69471e-08
-0.118269 -3.67622e-08
-0.118179 -3.6455e-08
-0.118089 -3.63551e-08
-0.117999 -3.62437e-08
-0.117909 -3.62063e-08
-0.117819 -3.58937e-08
-0.117729 -3.60013e-08
-0.11764 -3.59054e-08
-0.11755 -3.59662e-08
-0.11746 -3.60201e-08
-0.11737 -3.59474e-08
-0.11728 -3.58535e-08
-0.11719 -3.58818e-08
-0.1171 -3.60872e-08
-0.11701 -3.60965e-08
-0.11692 -3.61255e-08
-0.11683 -3.62525e-08
-0.116741 -3.62397e-08
-0.116651 -3.59872e-08
-0.116561 -3.61059e-08
-0.116471 -3.60558e-08
-0.116381 -3.60163e-08
-0.116291 -3.59663e-08
-0.116201 -3.5784e-08
-0.116111 -3.57984e-08
-0.116021 -3.55838e-08
-0.115931 -3.56822e-08
-0.115841 -3.56545e-08
-0.115752 -3.54644e-08
-0.115662 -3.54412e-08
-0.115572 -3.54684e-08
-0.115482 -3.52373e-08
-0.115392 -3.49972e-08
-0.115302 -3.48696e-08
-0.115212 -3.48935e-08
-0.115122 -3.50581e-08
-0.115032 -3.49456e-08
-0.114942 -3.47789e-08
-0.114853 -3.48194e-08
-0.114763 -3.48909e-08
-0.114673 -3.47826e-08
-0.114583 -3.47775e-08
-0.114493 -3.46796e-08
-0.114403 -3.45405e-08
-0.114313 -3.46699e-08
-0.114223 -3.44696e-08
-0.114133 -3.42617e-08
-0.114043 -3.39931e-08
-0.113953 -3.4008e-08
-0.113864 -3.38801e-08
-0.113774 -3.36568e-08
-0.113684 -3.34891e-08
-0.113594 -3.35958e-08
-0.113504 -3.34256e-08
-0.113414 -3.3359e-08
-0.113324 -3.33764e-08
-0.113234 -3.33164e-08
-0.113144 -3.33268e-08
-0.113054 -3.32442e-08
-0.112965 -3.31049e-08
-0.112875 -3.29984e-08
-0.112785 -3.30474e-08
-0.112695 -3.29259e-08
-0.112605 -3.2782e-08
-0.112515 -3.24182e-08
-0.112425 -3.24288e-08
-0.112335 -3.22993e-08
-0.112245 -3.22031e-08
-0.112155 -3.21258e-08
-0.112065 -3.22202e-08
-0.111976 -3.20833e-08
-0.111886 -3.20499e-08
-0.111796 -3.18811e-08
-0.111706 -3.17906e-08
-0.111616 -3.17005e-08
-0.111526 -3.17803e-08
-0.111436 -3.16171e-08
-0.111346 -3.13618e-08
-0.111256 -3.12851e-08
-0.111166 -3.12488e-08
-0.111077 -3.11519e-08
-0.110987 -3.08678e-08
-0.110897 -3.08683e-08
-0.110807 -3.0726e-08
-0.110717 -3.0571e-08
-0.110627 -3.04403e-08
-0.110537 -3.0291e-08
-0.110447 -3.01858e-08
-0.110357 -3.02912e-08
-0.110267 -3.02103e-08
-0.110178 -3.01169e-08
-0.110088 -3.00553e-08
-0.109998 -2.98561e-08
-0.109908 -2.97562e-08
-0.109818 -2.96549e-08
-0.109728 -2.95931e-08
-0.109638 -2.94171e-08
-0.109548 -2.92294e-08
-0.109458 -2.91888e-08
-0.109368 -2.89501e-08
-0.109278 -2.89259e-08
-0.109189 -2.8704e-08
-0.109099 -2.85271e-08
-0.109009 -2.84541e-08
-0.108919 -2.8397e-08
-0.108829 -2.82849e-08
-0.108739 -2.81296e-08
-0.108649 -2.80457e-08
-0.108559 -2.80162e-08
-0.108469 -2.79289e-08
-0.108379 -2.78635e-08
-0.10829 -2.79006e-08
-0.1082 -2.76995e-08
-0.10811 -2.77875e-08
-0.10802 -2.77097e-08
-0.10793 -2.75816e-08
-0.10784 -2.76355e-08
-0.10775 -2.75427e-08
-0.10766 -2.75082e-08
-0.10757 -2.74543e-08
-0.10748 -2.73484e-08
-0.10739 -2.71917e-08
-0.107301 -2.70524e-08
-0.107211 -2.69362e-08
-0.107121 -2.68394e-08
-0.107031 -2.66914e-08
-0.106941 -2.65845e-08
-0.106851 -2.64102e-08
-0.106761 -2.62591e-08
-0.106671 -2.61166e-08
-0.106581 -2.59984e-08
-0.106491 -2.57866e-08
-0.106402 -2.56666e-08
-0.106312 -2.54975e-08
-0.106222 -2.53276e-08
-0.106132 -2.506e-08
-0.106042 -2.48924e-08
-0.105952 -2.4678e-08
-0.105862 -2.44913e-08
-0.105772 -2.43304e-08
-0.105682 -2.42262e-08
-0.105592 -2.41793e-08
-0.105502 -2.40089e-08
-0.105413 -2.38901e-08
-0.105323 -2.38565e-08
-0.105233 -2.38545e-08
-0.105143 -2.37126e-08
-0.105053 -2.37818e-08
-0.104963 -2.37282e-08
-0.104873 -2.37033e-08
-0.104783 -2.36778e-08
-0.104693 -2.36485e-08
-0.104603 -2.35241e-08
-0.104514 -2.34752e-08
-0.104424 -2.34294e-08
-0.104334 -2.33756e-08
-0.104244 -2.33097e-08
-0.104154 -2.32653e-08
-0.104064 -2.3238e-08
-0.103974 -2.31288e-08
-0.103884 -2.31292e-08
-0.103794 -2.2958e-08
-0.103704 -2.28971e-08
-0.103614 -2.2861e-08
-0.103525 -2.27713e-08
-0.103435 -2.25935e-08
-0.103345 -2.25233e-08
-0.103255 -2.24026e-08
-0.103165 -2.22787e-08
-0.103075 -2.21206e-08
-0.102985 -2.19894e-08
-0.102895 -2.17976e-08
-0.102805 -2.16464e-08
-0.102715 -2.15438e-08
-0.102626 -2.14178e-08
-0.102536 -2.12212e-08
-0.102446 -2.11294e-08
-0.102356 -2.0987e-08
-0.102266 -2.09879e-08
-0.102176 -2.0873e-08
-0.102086 -2.08469e-08
-0.101996 -2.07668e-08
-0.101906 -2.07523e-08
-0.101816 -2.06805e-08
-0.101727 -2.05685e-08
-0.101637 -2.04769e-08
-0.101547 -2.03445e-08
-0.101457 -2.03293e-08
-0.101367 -2.03448e-08
-0.101277 -2.02107e-08
-0.101187 -2.01942e-08
-0.101097 -2.01976e-08
-0.101007 -2.01556e-08
-0.100917 -2.02303e-08
-0.100827 -2.01197e-08
-0.100738 -2.00727e-08
-0.100648 -2.01375e-08
-0.100558 -2.00888e-08
-0.100468 -2.01433e-08
-0.100378 -2.0041e-08
-0.100288 -1.99696e-08
-0.100198 -1.9953e-08
-0.100108 -1.98533e-08
-0.100018 -1.97212e-08
-0.0999284 -1.94983e-08
-0.0998385 -1.93311e-08
-0.0997486 -1.91687e-08
-0.0996587 -1.90272e-08
-0.0995688 -1.89485e-08
-0.0994789 -1.88335e-08
-0.099389 -1.86264e-08
-0.0992991 -1.84926e-08
-0.0992092 -1.83287e-08
-0.0991193 -1.81826e-08
-0.0990294 -1.79363e-08
-0.0989395 -1.78555e-08
-0.0988496 -1.77779e-08
-0.0987597 -1.77496e-08
-0.0986698 -1.76488e-08
-0.0985799 -1.75114e-08
-0.09849 -1.74126e-08
-0.0984001 -1.72974e-08
-0.0983102 -1.71468e-08
-0.0982202 -1.70313e-08
-0.0981303 -1.69995e-08
-0.0980404 -1.69003e-08
-0.0979505 -1.68252e-08
-0.0978606 -1.67291e-08
-0.0977707 -1.65811e-08
-0.0976808 -1.641e-08
-0.0975909 -1.63856e-08
-0.097501 -1.62447e-08
-0.0974111 -1.61419e-08
-0.0973212 -1.60508e-08
-0.0972313 -1.60629e-08
-0.0971414 -1.59439e-08
-0.0970515 -1.58329e-08
-0.0969616 -1.57058e-08
-0.0968717 -1.56107e-08
-0.0967818 -1.54956e-08
-0.0966919 -1.54488e-08
-0.096602 -1.53968e-08
-0.0965121 -1.52884e-08
-0.0964222 -1.51656e-08
-0.0963323 -1.50201e-08
-0.0962424 -1.48935e-08
-0.0961525 -1.46974e-08
-0.0960626 -1.46231e-08
-0.0959726 -1.45448e-08
-0.0958827 -1.44677e-08
-0.0957928 -1.43718e-08
-0.0957029 -1.42312e-08
-0.095613 -1.4111e-08
-0.0955231 -1.39906e-08
-0.0954332 -1.38073e-08
-0.0953433 -1.36937e-08
-0.0952534 -1.36266e-08
-0.0951635 -1.3531e-08
-0.0950736 -1.34391e-08
-0.0949837 -1.32288e-08
-0.0948938 -1.31109e-08
-0.0948039 -1.30325e-08
-0.094714 -1.29784e-08
-0.0946241 -1.28992e-08
-0.0945342 -1.28144e-08
-0.0944443 -1.27531e-08
-0.0943544 -1.26707e-08
-0.0942645 -1.2608e-08
-0.0941746 -1.25485e-08
-0.0940847 -1.24315e-08
-0.0939948 -1.23929e-08
-0.0939049 -1.2354e-08
-0.0938149 -1.23138e-08
-0.093725 -1.22691e-08
-0.0936351 -1.2238e-08
-0.0935452 -1.21376e-08
-0.0934553 -1.20046e-08
-0.0933654 -1.19382e-08
-0.0932755 -1.19402e-08
-0.0931856 -1.18526e-08
-0.0930957 -1.17888e-08
-0.0930058 -1.17444e-08
-0.0929159 -1.16024e-08
-0.092826 -1.1551e-08
-0.0927361 -1.14567e-08
-0.0926462 -1.13723e-08
-0.0925563 -1.1279e-08
-0.0924664 -1.12226e-08
-0.0923765 -1.11713e-08
-0.0922866 -1.11004e-08
-0.0921967 -1.10293e-08
-0.0921068 -1.09153e-08
-0.0920169 -1.08353e-08
-0.091927 -1.0774e-08
-0.0918371 -1.07786e-08
-0.0917472 -1.06572e-08
-0.0916572 -1.05509e-08
-0.0915673 -1.04486e-08
-0.0914774 -1.03773e-08
-0.0913875 -1.02836e-08
-0.0912976 -1.01792e-08
-0.0912077 -1.00869e-08
-0.0911178 -1.00236e-08
-0.0910279 -9.95517e-09
-0.090938 -9.88062e-09
-0.0908481 -9.84402e-09
-0.0907582 -9.79151e-09
-0.0906683 -9.72575e-09
-0.0905784 -9.68205e-09
-0.0904885 -9.61507e-09
-0.0903986 -9.60618e-09
-0.0903087 -9.54006e-09
-0.0902188 -9.47745e-09
-0.0901289 -9.38427e-09
-0.090039 -9.32468e-09
-0.0899491 -9.31432e-09
-0.0898592 -9.2391e-09
-0.0897693 -9.16072e-09
-0.0896794 -9.08133e-09
-0.0895895 -8.99734e-09
-0.0894995 -8.93851e-09
-0.0894096 -8.8107e-09
-0.0893197 -8.74766e-09
-0.0892298 -8.76505e-09
-0.0891399 -8.70063e-09
-0.08905 -8.64701e-09
-0.0889601 -8.57801e-09
-0.0888702 -8.44498e-09
-0.0887803 -8.39384e-09
-0.0886904 -8.2888e-09
-0.0886005 -8.24323e-09
-0.0885106 -8.19048e-09
-0.0884207 -8.13576e-09
-0.0883308 -8.05793e-09
-0.0882409 -7.95092e-09
-0.088151 -7.86125e-09
-0.0880611 -7.79115e-09
-0.0879712 -7.74232e-09
-0.0878813 -7.67614e-09
-0.0877914 -7.61336e-09
-0.0877015 -7.54209e-09
-0.0876116 -7.46623e-09
-0.0875217 -7.40831e-09
-0.0874318 -7.30625e-09
-0.0873418 -7.27235e-09
-0.0872519 -7.19872e-09
-0.087162 -7.12314e-09
-0.0870721 -7.05401e-09
-0.0869822 -6.99348e-09
-0.0868923 -6.91018e-09
-0.0868024 -6.84422e-09
-0.0867125 -6.80141e-09
-0.0866226 -6.68858e-09
-0.0865327 -6.59124e-09
-0.0864428 -6.50776e-09
-0.0863529 -6.41867e-09
-0.086263 -6.30536e-09
-0.0861731 -6.26386e-09
-0.0860832 -6.17741e-09
-0.0859933 -6.0915e-09
-0.0859034 -6.01641e-09
-0.0858135 -5.95513e-09
-0.0857236 -5.85803e-09
-0.0856337 -5.78373e-09
-0.0855438 -5.72878e-09
-0.0854539 -5.64287e-09
-0.085364 -5.54361e-09
-0.0852741 -5.44092e-09
-0.0851841 -5.39634e-09
-0.0850942 -5.32423e-09
-0.0850043 -5.24854e-09
-0.0849144 -5.19156e-09
-0.0848245 -5.09142e-09
-0.0847346 -5.00351e-09
-0.0846447 -4.91575e-09
-0.0845548 -4.8841e-09
-0.0844649 -4.81515e-09
-0.084375 -4.74719e-09
-0.0842851 -4.66941e-09
-0.0841952 -4.61781e-09
-0.0841053 -4.5439e-09
-0.0840154 -4.4927e-09
-0.0839255 -4.40003e-09
-0.0838356 -4.32283e-09
-0.0837457 -4.2296e-09
-0.0836558 -4.1394e-09
-0.0835659 -4.01287e-09
-0.083476 -3.94069e-09
-0.0833861 -3.90012e-09
-0.0832962 -3.83343e-09
-0.0832063 -3.79888e-09
-0.0831164 -3.74934e-09
-0.0830264 -3.64039e-09
-0.0829365 -3.58709e-09
-0.0828466 -3.52113e-09
-0.0827567 -3.42829e-09
-0.0826668 -3.39087e-09
-0.0825769 -3.33666e-09
-0.082487 -3.29293e-09
-0.0823971 -3.23533e-09
-0.0823072 -3.17007e-09
-0.0822173 -3.11828e-09
-0.0821274 -3.06664e-09
-0.0820375 -3.00979e-09
-0.0819476 -2.97139e-09
-0.0818577 -2.91503e-09
-0.0817678 -2.8535e-09
-0.0816779 -2.80246e-09
-0.081588 -2.73418e-09
-0.0814981 -2.69664e-09
-0.0814082 -2.62985e-09
-0.0813183 -2.56315e-09
-0.0812284 -2.47921e-09
-0.0811385 -2.45684e-09
-0.0810486 -2.34728e-09
-0.0809587 -2.23835e-09
-0.0808687 -2.15017e-09
-0.0807788 -2.11404e-09
-0.0806889 -2.0335e-09
-0.080599 -1.97577e-09
-0.0805091 -1.87912e-09
-0.0804192 -1.8283e-09
-0.0803293 -1.7684e-09
-0.0802394 -1.68128e-09
-0.0801495 -1.60651e-09
-0.0800596 -1.51778e-09
-0.0799697 -1.43026e-09
-0.0798798 -1.38842e-09
-0.0797899 -1.31167e-09
-0.0797 -1.28847e-09
-0.0796101 -1.26482e-09
-0.0795202 -1.19516e-09
-0.0794303 -1.12206e-09
-0.0793404 -1.06024e-09
-0.0792505 -9.90997e-10
-0.0791606 -9.68459e-10
-0.0790707 -9.16675e-10
-0.0789808 -8.64598e-10
-0.0788909 -8.22089e-10
-0.078801 -7.71853e-10
-0.078711 -7.26074e-10
-0.0786211 -6.86571e-10
-0.0785312 -6.38581e-10
-0.0784413 -5.81589e-10
-0.0783514 -5.53679e-10
-0.0782615 -5.01098e-10
-0.0781716 -4.53618e-10
-0.0780817 -3.8558e-10
-0.0779918 -3.35465e-10
-0.0779019 -2.87376e-10
-0.077812 -2.24598e-10
-0.0777221 -1.75503e-10
-0.0776322 -1.10058e-10
-0.0775423 -3.09087e-11
-0.0774524 5.36597e-11
-0.0773625 1.15397e-10
-0.0772726 1.90991e-10
-0.0771827 2.62419e-10
-0.0770928 3.08992e-10
-0.0770029 4.03433e-10
-0.076913 4.76207e-10
-0.0768231 5.63757e-10
-0.0767332 6.46843e-10
-0.0766433 7.25969e-10
-0.0765534 7.94501e-10
-0.0764634 8.29706e-10
-0.0763735 8.74048e-10
-0.0762836 9.06273e-10
-0.0761937 9.32698e-10
-0.0761038 9.6546e-10
-0.0760139 1.03234e-09
-0.075924 1.06233e-09
-0.0758341 1.09109e-09
-0.0757442 1.12307e-09
-0.0756543 1.17305e-09
-0.0755644 1.19263e-09
-0.0754745 1.24039e-09
-0.0753846 1.29668e-09
-0.0752947 1.36561e-09
-0.0752048 1.41924e-09
-0.0751149 1.48901e-09
-0.075025 1.55676e-09
-0.0749351 1.60787e-09
-0.0748452 1.69293e-09
-0.0747553 1.76245e-09
-0.0746654 1.85099e-09
-0.0745755 1.91255e-09
-0.0744856 2.011e-09
-0.0743957 2.08988e-09
-0.0743057 2.15896e-09
-0.0742158 2.22776e-09
-0.0741259 2.27446e-09
-0.074036 2.31338e-09
-0.0739461 2.36032e-09
-0.0738562 2.40035e-09
-0.0737663 2.45145e-09
-0.0736764 2.50023e-09
-0.0735865 2.53568e-09
-0.0734966 2.56032e-09
-0.0734067 2.60605e-09
-0.0733168 2.65639e-09
-0.0732269 2.71644e-09
-0.073137 2.78691e-09
-0.0730471 2.85231e-09
-0.0729572 2.92423e-09
-0.0728673 2.98582e-09
-0.0727774 3.01196e-09
-0.0726875 3.07585e-09
-0.0725976 3.1351e-09
-0.0725077 3.18453e-09
-0.0724178 3.23915e-09
-0.0723279 3.30381e-09
-0.072238 3.3659e-09
-0.072148 3.41399e-09
-0.0720581 3.46851e-09
-0.0719682 3.51647e-09
-0.0718783 3.55158e-09
-0.0717884 3.61572e-09
-0.0716985 3.67885e-09
-0.0716086 3.7416e-09
-0.0715187 3.78527e-09
-0.0714288 3.83909e-09
-0.0713389 3.92115e-09
-0.071249 3.96904e-09
-0.0711591 4.01854e-09
-0.0710692 4.08235e-09
-0.0709793 4.1588e-09
-0.0708894 4.24973e-09
-0.0707995 4.33377e-09
-0.0707096 4.39883e-09
-0.0706197 4.46842e-09
-0.0705298 4.55046e-09
-0.0704399 4.61527e-09
-0.07035 4.66738e-09
-0.0702601 4.71217e-09
-0.0701702 4.77297e-09
-0.0700803 4.83227e-09
-0.0699903 4.89547e-09
-0.0699004 4.97363e-09
-0.0698105 5.0284e-09
-0.0697206 5.07745e-09
-0.0696307 5.14e-09
-0.0695408 5.17744e-09
-0.0694509 5.20955e-09
-0.069361 5.25112e-09
-0.0692711 5.28046e-09
-0.0691812 5.30653e-09
-0.0690913 5.3454e-09
-0.0690014 5.36742e-09
-0.0689115 5.40041e-09
-0.0688216 5.42914e-09
-0.0687317 5.43946e-09
-0.0686418 5.461e-09
-0.0685519 5.48624e-09
-0.068462 5.53557e-09
-0.0683721 5.55812e-09
-0.0682822 5.59617e-09
-0.0681923 5.63793e-09
-0.0681024 5.67878e-09
-0.0680125 5.72243e-09
-0.0679226 5.76441e-09
-0.0678326 5.79537e-09
-0.0677427 5.84307e-09
-0.0676528 5.88018e-09
-0.0675629 5.89434e-09
-0.067473 5.90421e-09
-0.0673831 5.93831e-09
-0.0672932 5.98764e-09
-0.0672033 6.03143e-09
-0.0671134 6.07333e-09
-0.0670235 6.1083e-09
-0.0669336 6.14745e-09
-0.0668437 6.19632e-09
-0.0667538 6.22615e-09
-0.0666639 6.2658e-09
-0.066574 6.29402e-09
-0.0664841 6.3178e-09
-0.0663942 6.33976e-09
-0.0663043 6.37556e-09
-0.0662144 6.40731e-09
-0.0661245 6.42067e-09
-0.0660346 6.4487e-09
-0.0659447 6.44852e-09
-0.0658548 6.45632e-09
-0.0657649 6.50613e-09
-0.0656749 6.52446e-09
-0.065585 6.53586e-09
-0.0654951 6.55453e-09
-0.0654052 6.58739e-09
-0.0653153 6.60959e-09
-0.0652254 6.63168e-09
-0.0651355 6.64663e-09
-0.0650456 6.65729e-09
-0.0649557 6.67348e-09
-0.0648658 6.68391e-09
-0.0647759 6.7185e-09
-0.064686 6.74236e-09
-0.0645961 6.76322e-09
-0.0645062 6.78769e-09
-0.0644163 6.81764e-09
-0.0643264 6.8396e-09
-0.0642365 6.8535e-09
-0.0641466 6.87644e-09
-0.0640567 6.91286e-09
-0.0639668 6.93858e-09
-0.0638769 6.96875e-09
-0.063787 6.99464e-09
-0.0636971 7.01934e-09
-0.0636072 7.05125e-09
-0.0635172 7.06997e-09
-0.0634273 7.09387e-09
-0.0633374 7.13e-09
-0.0632475 7.15797e-09
-0.0631576 7.1901e-09
-0.0630677 7.22482e-09
-0.0629778 7.25596e-09
-0.0628879 7.28207e-09
-0.062798 7.31052e-09
-0.0627081 7.33723e-09
-0.0626182 7.36854e-09
-0.0625283 7.40524e-09
-0.0624384 7.44442e-09
-0.0623485 7.4709e-09
-0.0622586 7.51165e-09
-0.0621687 7.5542e-09
-0.0620788 7.60094e-09
-0.0619889 7.64388e-09
-0.061899 7.68122e-09
-0.0618091 7.73057e-09
-0.0617192 7.76126e-09
-0.0616293 7.79165e-09
-0.0615394 7.82108e-09
-0.0614495 7.87175e-09
-0.0613595 7.90806e-09
-0.0612696 7.94161e-09
-0.0611797 7.97099e-09
-0.0610898 8.01462e-09
-0.0609999 8.04744e-09
-0.06091 8.095e-09
-0.0608201 8.12975e-09
-0.0607302 8.17726e-09
-0.0606403 8.22067e-09
-0.0605504 8.24516e-09
-0.0604605 8.26706e-09
-0.0603706 8.29941e-09
-0.0602807 8.3249e-09
-0.0601908 8.34453e-09
-0.0601009 8.37066e-09
-0.060011 8.40338e-09
-0.0599211 8.43324e-09
-0.0598312 8.42908e-09
-0.0597413 8.47135e-09
-0.0596514 8.49533e-09
-0.0595615 8.50637e-09
-0.0594716 8.52484e-09
-0.0593817 8.55778e-09
-0.0592918 8.60227e-09
-0.0592018 8.63636e-09
-0.0591119 8.65341e-09
-0.059022 8.68787e-09
-0.0589321 8.72004e-09
-0.0588422 8.76244e-09
-0.0587523 8.79529e-09
-0.0586624 8.82581e-09
-0.0585725 8.84584e-09
-0.0584826 8.86877e-09
-0.0583927 8.90485e-09
-0.0583028 8.92067e-09
-0.0582129 8.93584e-09
-0.058123 8.9695e-09
-0.0580331 8.99145e-09
-0.0579432 9.02572e-09
-0.0578533 9.04485e-09
-0.0577634 9.06913e-09
-0.0576735 9.09544e-09
-0.0575836 9.11438e-09
-0.0574937 9.13053e-09
-0.0574038 9.15329e-09
-0.0573139 9.16874e-09
-0.057224 9.18621e-09
-0.0571341 9.19315e-09
-0.0570442 9.21172e-09
-0.0569542 9.22681e-09
-0.0568643 9.22495e-09
-0.0567744 9.23513e-09
-0.0566845 9.2541e-09
-0.0565946 9.27371e-09
-0.0565047 9.27736e-09
-0.0564148 9.28638e-09
-0.0563249 9.28877e-09
-0.056235 9.29668e-09
-0.0561451 9.32861e-09
-0.0560552 9.35515e-09
-0.0559653 9.36327e-09
-0.0558754 9.37857e-09
-0.0557855 9.38076e-09
-0.0556956 9.39617e-09
-0.0556057 9.41035e-09
-0.0555158 9.41478e-09
-0.0554259 9.42133e-09
-0.055336 9.42857e-09
-0.0552461 9.43506e-09
-0.0551562 9.44067e-09
-0.0550663 9.45006e-09
-0.0549764 9.46296e-09
-0.0548865 9.48181e-09
-0.0547965 9.49146e-09
-0.0547066 9.51267e-09
-0.0546167 9.51934e-09
-0.0545268 9.52562e-09
-0.0544369 9.53012e-09
-0.054347 9.55043e-09
-0.0542571 9.56923e-09
-0.0541672 9.57492e-09
-0.0540773 9.58557e-09
-0.0539874 9.58684e-09
-0.0538975 9.60256e-09
-0.0538076 9.60999e-09
-0.0537177 9.61549e-09
-0.0536278 9.62513e-09
-0.0535379 9.63891e-09
-0.053448 9.65844e-09
-0.0533581 9.68139e-09
-0.0532682 9.70118e-09
-0.0531783 9.71847e-09
-0.0530884 9.7393e-09
-0.0529985 9.75199e-09
-0.0529086 9.77592e-09
-0.0528187 9.78868e-09
-0.0527288 9.80884e-09
-0.0526388 9.8178e-09
-0.0525489 9.83972e-09
-0.052459 9.86254e-09
-0.0523691 9.8792e-09
-0.0522792 9.90088e-09
-0.0521893 9.91991e-09
-0.0520994 9.94912e-09
-0.0520095 9.97042e-09
-0.0519196 9.98986e-09
-0.0518297 1.00093e-08
-0.0517398 1.002e-08
-0.0516499 1.00374e-08
-0.05156 1.00521e-08
-0.0514701 1.0073e-08
-0.0513802 1.00889e-08
-0.0512903 1.01045e-08
-0.0512004 1.01223e-08
-0.0511105 1.01446e-08
-0.0510206 1.01571e-08
-0.0509307 1.01752e-08
-0.0508408 1.01884e-08
-0.0507509 1.02053e-08
-0.050661 1.02194e-08
-0.0505711 1.0234e-08
-0.0504811 1.02472e-08
-0.0503912 1.02631e-08
-0.0503013 1.02779e-08
-0.0502114 1.02981e-08
-0.0501215 1.03148e-08
-0.0500316 1.03272e-08
-0.0499417 1.03437e-08
-0.0498518 1.03614e-08
-0.0497619 1.03755e-08
-0.049672 1.03913e-08
-0.0495821 1.03954e-08
-0.0494922 1.04066e-08
-0.0494023 1.04191e-08
-0.0493124 1.04407e-08
-0.0492225 1.0452e-08
-0.0491326 1.0457e-08
-0.0490427 1.04615e-08
-0.0489528 1.04687e-08
-0.0488629 1.04769e-08
-0.048773 1.048e-08
-0.0486831 1.04838e-08
-0.0485932 1.04753e-08
-0.0485033 1.04673e-08
-0.0484134 1.04654e-08
-0.0483234 1.04683e-08
-0.0482335 1.04597e-08
-0.0481436 1.04594e-08
-0.0480537 1.04538e-08
-0.0479638 1.04488e-08
-0.0478739 1.04506e-08
-0.047784 1.04507e-08
-0.0476941 1.04389e-08
-0.0476042 1.04343e-08
-0.0475143 1.04234e-08
-0.0474244 1.04213e-08
-0.0473345 1.04125e-08
-0.0472446 1.03969e-08
-0.0471547 1.0385e-08
-0.0470648 1.03756e-08
-0.0469749 1.03757e-08
-0.046885 1.03635e-08
-0.0467951 1.03597e-08
-0.0467052 1.03616e-08
-0.0466153 1.03544e-08
-0.0465254 1.03606e-08
-0.0464355 1.03488e-08
-0.0463456 1.03473e-08
-0.0462557 1.03415e-08
-0.0461657 1.03443e-08
-0.0460758 1.03314e-08
-0.0459859 1.0318e-08
-0.045896 1.03136e-08
-0.0458061 1.02993e-08
-0.0457162 1.02913e-08
-0.0456263 1.02774e-08
-0.0455364 1.02708e-08
-0.0454465 1.02632e-08
-0.0453566 1.02522e-08
-0.0452667 1.02561e-08
-0.0451768 1.02558e-08
-0.0450869 1.02516e-08
-0.044997 1.02402e-08
-0.0449071 1.02229e-08
-0.0448172 1.02113e-08
-0.0447273 1.02033e-08
-0.0446374 1.01939e-08
-0.0445475 1.01831e-08
-0.0444576 1.01794e-08
-0.0443677 1.01688e-08
-0.0442778 1.01702e-08
-0.0441879 1.01695e-08
-0.044098 1.01617e-08
-0.044008 1.01616e-08
-0.0439181 1.01547e-08
-0.0438282 1.01555e-08
-0.0437383 1.01513e-08
-0.0436484 1.01537e-08
-0.0435585 1.01576e-08
-0.0434686 1.01623e-08
-0.0433787 1.01586e-08
-0.0432888 1.016e-08
-0.0431989 1.01555e-08
-0.043109 1.01566e-08
-0.0430191 1.01587e-08
-0.0429292 1.01556e-08
-0.0428393 1.01489e-08
-0.0427494 1.01546e-08
-0.0426595 1.01669e-08
-0.0425696 1.01738e-08
-0.0424797 1.01717e-08
-0.0423898 1.01706e-08
-0.0422999 1.01642e-08
-0.04221 1.01651e-08
-0.0421201 1.01642e-08
-0.0420302 1.01667e-08
-0.0419403 1.01598e-08
-0.0418503 1.01579e-08
-0.0417604 1.01504e-08
-0.0416705 1.01515e-08
-0.0415806 1.01521e-08
-0.0414907 1.01467e-08
-0.0414008 1.01439e-08
-0.0413109 1.01413e-08
-0.041221 1.01411e-08
-0.0411311 1.01426e-08
-0.0410412 1.01405e-08
-0.0409513 1.01383e-08
-0.0408614 1.01303e-08
-0.0407715 1.01289e-08
-0.0406816 1.01245e-08
-0.0405917 1.01256e-08
-0.0405018 1.01248e-08
-0.0404119 1.01245e-08
-0.040322 1.01255e-08
-0.0402321 1.01233e-08
-0.0401422 1.01262e-08
-0.0400523 1.01241e-08
-0.0399624 1.01243e-08
-0.0398725 1.01234e-08
-0.0397826 1.01204e-08
-0.0396927 1.01195e-08
-0.0396027 1.01207e-08
-0.0395128 1.01243e-08
-0.0394229 1.01213e-08
-0.039333 1.01209e-08
-0.0392431 1.012e-08
-0.0391532 1.0116e-08
-0.0390633 1.01193e-08
-0.0389734 1.0122e-08
-0.0388835 1.01265e-08
-0.0387936 1.01273e-08
-0.0387037 1.01303e-08
-0.0386138 1.01333e-08
-0.0385239 1.01312e-08
-0.038434 1.01223e-08
-0.0383441 1.01099e-08
-0.0382542 1.0105e-08
-0.0381643 1.00996e-08
-0.0380744 1.01026e-08
-0.0379845 1.00986e-08
-0.0378946 1.00929e-08
-0.0378047 1.00893e-08
-0.0377148 1.00775e-08
-0.0376249 1.00758e-08
-0.037535 1.00742e-08
-0.037445 1.00682e-08
-0.0373551 1.00637e-08
-0.0372652 1.00539e-08
-0.0371753 1.00343e-08
-0.0370854 1.0026e-08
-0.0369955 1.00132e-08
-0.0369056 9.99784e-09
-0.0368157 9.98387e-09
-0.0367258 9.97219e-09
-0.0366359 9.95657e-09
-0.036546 9.94306e-09
-0.0364561 9.92616e-09
-0.0363662 9.91534e-09
-0.0362763 9.90263e-09
-0.0361864 9.88706e-09
-0.0360965 9.86826e-09
-0.0360066 9.85103e-09
-0.0359167 9.82946e-09
-0.0358268 9.81559e-09
-0.0357369 9.80162e-09
-0.035647 9.7903e-09
-0.0355571 9.77384e-09
-0.0354672 9.75325e-09
-0.0353773 9.72793e-09
-0.0352873 9.70191e-09
-0.0351974 9.67299e-09
-0.0351075 9.65421e-09
-0.0350176 9.62445e-09
-0.0349277 9.60302e-09
-0.0348378 9.58167e-09
-0.0347479 9.55718e-09
-0.034658 9.53376e-09
-0.0345681 9.51399e-09
-0.0344782 9.49138e-09
-0.0343883 9.46861e-09
-0.0342984 9.43957e-09
-0.0342085 9.40748e-09
-0.0341186 9.37759e-09
-0.0340287 9.35461e-09
-0.0339388 9.32457e-09
-0.0338489 9.30012e-09
-0.033759 9.2767e-09
-0.0336691 9.25184e-09
-0.0335792 9.22182e-09
-0.0334893 9.18571e-09
-0.0333994 9.1534e-09
-0.0333095 9.12083e-09
-0.0332196 9.09558e-09
-0.0331296 9.06059e-09
-0.0330397 9.03749e-09
-0.0329498 9.01188e-09
-0.0328599 8.97983e-09
-0.03277 8.94785e-09
-0.0326801 8.91917e-09
-0.0325902 8.90236e-09
-0.0325003 8.86305e-09
-0.0324104 8.82797e-09
-0.0323205 8.79888e-09
-0.0322306 8.76758e-09
-0.0321407 8.7387e-09
-0.0320508 8.70877e-09
-0.0319609 8.67859e-09
-0.031871 8.64001e-09
-0.0317811 8.60704e-09
-0.0316912 8.57076e-09
-0.0316013 8.5431e-09
-0.0315114 8.51127e-09
-0.0314215 8.4742e-09
-0.0313316 8.44726e-09
-0.0312417 8.41768e-09
-0.0311518 8.38342e-09
-0.0310619 8.35888e-09
-0.0309719 8.33307e-09
-0.030882 8.29586e-09
-0.0307921 8.2646e-09
-0.0307022 8.22849e-09
-0.0306123 8.19913e-09
-0.0305224 8.17241e-09
-0.0304325 8.14383e-09
-0.0303426 8.11689e-09
-0.0302527 8.09151e-09
-0.0301628 8.05949e-09
-0.0300729 8.03142e-09
-0.029983 8.0133e-09
-0.0298931 7.98722e-09
-0.0298032 7.95589e-09
-0.0297133 7.92914e-09
-0.0296234 7.90235e-09
-0.0295335 7.87775e-09
-0.0294436 7.85256e-09
-0.0293537 7.82795e-09
-0.0292638 7.80136e-09
-0.0291739 7.78066e-09
-0.029084 7.7576e-09
-0.0289941 7.73336e-09
-0.0289042 7.71167e-09
-0.0288142 7.68047e-09
-0.0287243 7.65609e-09
-0.0286344 7.62579e-09
-0.0285445 7.60084e-09
-0.0284546 7.57377e-09
-0.0283647 7.54289e-09
-0.0282748 7.51025e-09
-0.0281849 7.47829e-09
-0.028095 7.45037e-09
-0.0280051 7.42068e-09
-0.0279152 7.39217e-09
-0.0278253 7.36157e-09
-0.0277354 7.33187e-09
-0.0276455 7.30863e-09
-0.0275556 7.28143e-09
-0.0274657 7.25277e-09
-0.0273758 7.22438e-09
-0.0272859 7.18991e-09
-0.027196 7.16183e-09
-0.0271061 7.13642e-09
-0.0270162 7.10686e-09
-0.0269263 7.08127e-09
-0.0268364 7.05139e-09
-0.0267465 7.02201e-09
-0.0266565 6.99218e-09
-0.0265666 6.97263e-09
-0.0264767 6.94231e-09
-0.0263868 6.91585e-09
-0.0262969 6.88968e-09
-0.026207 6.85887e-09
-0.0261171 6.82605e-09
-0.0260272 6.79997e-09
-0.0259373 6.77382e-09
-0.0258474 6.75164e-09
-0.0257575 6.72716e-09
-0.0256676 6.69305e-09
-0.0255777 6.66946e-09
-0.0254878 6.63926e-09
-0.0253979 6.60449e-09
-0.025308 6.57716e-09
-0.0252181 6.54855e-09
-0.0251282 6.51764e-09
-0.0250383 6.47854e-09
-0.0249484 6.45211e-09
-0.0248585 6.41712e-09
-0.0247686 6.3949e-09
-0.0246787 6.36337e-09
-0.0245888 6.32862e-09
-0.0244988 6.30019e-09
-0.0244089 6.27188e-09
-0.024319 6.23994e-09
-0.0242291 6.21247e-09
-0.0241392 6.18438e-09
-0.0240493 6.15565e-09
-0.0239594 6.12623e-09
-0.0238695 6.0994e-09
-0.0237796 6.0675e-09
-0.0236897 6.04256e-09
-0.0235998 6.00838e-09
-0.0235099 5.97282e-09
-0.02342 5.94396e-09
-0.0233301 5.9158e-09
-0.0232402 5.88819e-09
-0.0231503 5.85931e-09
-0.0230604 5.83078e-09
-0.0229705 5.80341e-09
-0.0228806 5.77461e-09
-0.0227907 5.74443e-09
-0.0227008 5.72135e-09
-0.0226109 5.69471e-09
-0.022521 5.66241e-09
-0.0224311 5.63063e-09
-0.0223411 5.60559e-09
-0.0222512 5.5792e-09
-0.0221613 5.55149e-09
-0.0220714 5.51855e-09
-0.0219815 5.49727e-09
-0.0218916 5.47194e-09
-0.0218017 5.44451e-09
-0.0217118 5.41689e-09
-0.0216219 5.39309e-09
-0.021532 5.36613e-09
-0.0214421 5.3322e-09
-0.0213522 5.30521e-09
-0.0212623 5.27649e-09
-0.0211724 5.24545e-09
-0.0210825 5.21572e-09
-0.0209926 5.1866e-09
-0.0209027 5.16685e-09
-0.0208128 5.13804e-09
-0.0207229 5.11008e-09
-0.020633 5.07787e-09
-0.0205431 5.05081e-09
-0.0204532 5.02531e-09
-0.0203633 5.0017e-09
-0.0202734 4.97681e-09
-0.0201835 4.94575e-09
-0.0200935 4.91659e-09
-0.0200036 4.8877e-09
-0.0199137 4.86188e-09
-0.0198238 4.83334e-09
-0.0197339 4.80471e-09
-0.019644 4.77716e-09
-0.0195541 4.74975e-09
-0.0194642 4.72074e-09
-0.0193743 4.69818e-09
-0.0192844 4.67982e-09
-0.0191945 4.65521e-09
-0.0191046 4.6352e-09
-0.0190147 4.6087e-09
-0.0189248 4.57942e-09
-0.0188349 4.55378e-09
-0.018745 4.52637e-09
-0.0186551 4.5024e-09
-0.0185652 4.47967e-09
-0.0184753 4.45071e-09
-0.0183854 4.42273e-09
-0.0182955 4.39724e-09
-0.0182056 4.37391e-09
-0.0181157 4.34718e-09
-0.0180258 4.32645e-09
-0.0179358 4.30003e-09
-0.0178459 4.26803e-09
-0.017756 4.23857e-09
-0.0176661 4.21544e-09
-0.0175762 4.1876e-09
-0.0174863 4.15951e-09
-0.0173964 4.1296e-09
-0.0173065 4.10721e-09
-0.0172166 4.0799e-09
-0.0171267 4.05781e-09
-0.0170368 4.03832e-09
-0.0169469 4.01264e-09
-0.016857 3.98931e-09
-0.0167671 3.95981e-09
-0.0166772 3.93021e-09
-0.0165873 3.90211e-09
-0.0164974 3.8809e-09
-0.0164075 3.84902e-09
-0.0163176 3.82308e-09
-0.0162277 3.79786e-09
-0.0161378 3.76617e-09
-0.0160479 3.74416e-09
-0.015958 3.7211e-09
-0.0158681 3.69704e-09
-0.0157781 3.67314e-09
-0.0156882 3.64979e-09
-0.0155983 3.62144e-09
-0.0155084 3.58954e-09
-0.0154185 3.56038e-09
-0.0153286 3.53144e-09
-0.0152387 3.50046e-09
-0.0151488 3.46895e-09
-0.0150589 3.43966e-09
-0.014969 3.41493e-09
-0.0148791 3.38879e-09
-0.0147892 3.35967e-09
-0.0146993 3.33442e-09
-0.0146094 3.30869e-09
-0.0145195 3.28451e-09
-0.0144296 3.25089e-09
-0.0143397 3.22138e-09
-0.0142498 3.19321e-09
-0.0141599 3.15706e-09
-0.01407 3.13131e-09
-0.0139801 3.10332e-09
-0.0138902 3.06871e-09
-0.0138003 3.03289e-09
-0.0137104 3.0046e-09
-0.0136204 2.97222e-09
-0.0135305 2.94758e-09
-0.0134406 2.92099e-09
-0.0133507 2.88809e-09
-0.0132608 2.8605e-09
-0.0131709 2.83115e-09
-0.013081 2.80391e-09
-0.0129911 2.77926e-09
-0.0129012 2.74572e-09
-0.0128113 2.70749e-09
-0.0127214 2.67135e-09
-0.0126315 2.64333e-09
-0.0125416 2.61029e-09
-0.0124517 2.58304e-09
-0.0123618 2.55261e-09
-0.0122719 2.52065e-09
-0.012182 2.4912e-09
-0.0120921 2.46358e-09
-0.0120022 2.4373e-09
-0.0119123 2.40713e-09
-0.0118224 2.37506e-09
-0.0117325 2.34284e-09
-0.0116426 2.30503e-09
-0.0115527 2.28081e-09
-0.0114627 2.24478e-09
-0.0113728 2.21145e-09
-0.0112829 2.18137e-09
-0.011193 2.1455e-09
-0.0111031 2.11532e-09
-0.0110132 2.08431e-09
-0.0109233 2.05535e-09
-0.0108334 2.023e-09
-0.0107435 1.99245e-09
-0.0106536 1.9639e-09
-0.0105637 1.93088e-09
-0.0104738 1.90488e-09
-0.0103839 1.86699e-09
-0.010294 1.8356e-09
-0.0102041 1.79954e-09
-0.0101142 1.76655e-09
-0.0100243 1.73736e-09
-0.00993438 1.70548e-09
-0.00984447 1.67719e-09
-0.00975457 1.64108e-09
-0.00966466 1.61364e-09
-0.00957476 1.58696e-09
-0.00948486 1.55771e-09
-0.00939495 1.52849e-09
-0.00930505 1.4946e-09
-0.00921514 1.46323e-09
-0.00912524 1.43161e-09
-0.00903534 1.40459e-09
-0.00894543 1.37841e-09
-0.00885553 1.3479e-09
-0.00876562 1.32003e-09
-0.00867572 1.28617e-09
-0.00858582 1.26011e-09
-0.00849591 1.23479e-09
-0.00840601 1.20492e-09
-0.0083161 1.17634e-09
-0.0082262 1.1483e-09
-0.00813629 1.12006e-09
-0.00804639 1.08841e-09
-0.00795649 1.06594e-09
-0.00786658 1.0426e-09
-0.00777668 1.01663e-09
-0.00768677 9.93432e-10
-0.00759687 9.68341e-10
-0.00750697 9.43491e-10
-0.00741706 9.17588e-10
-0.00732716 8.89718e-10
-0.00723725 8.67186e-10
-0.00714735 8.47362e-10
-0.00705744 8.24972e-10
-0.00696754 7.98869e-10
-0.00687764 7.79396e-10
-0.00678773 7.60397e-10
-0.00669783 7.41367e-10
-0.00660792 7.2084e-10
-0.00651802 6.9201e-10
-0.00642812 6.7112e-10
-0.00633821 6.5012e-10
-0.00624831 6.25753e-10
-0.0061584 6.09984e-10
-0.0060685 5.90977e-10
-0.00597859 5.72834e-10
-0.00588869 5.56974e-10
-0.00579879 5.38782e-10
-0.00570888 5.26289e-10
-0.00561898 5.07791e-10
-0.00552907 4.90643e-10
-0.00543917 4.71331e-10
-0.00534927 4.6189e-10
-0.00525936 4.47156e-10
-0.00516946 4.29051e-10
-0.00507955 4.1603e-10
-0.00498965 4.04187e-10
-0.00489975 4.01093e-10
-0.00480984 3.86148e-10
-0.00471994 3.75305e-10
-0.00463003 3.65039e-10
-0.00454013 3.51757e-10
-0.00445022 3.36171e-10
-0.00436032 3.24754e-10
-0.00427042 3.16396e-10
-0.00418051 3.0494e-10
-0.00409061 2.98394e-10
-0.0040007 2.86742e-10
-0.0039108 2.78323e-10
-0.0038209 2.75106e-10
-0.00373099 2.63e-10
-0.00364109 2.52394e-10
-0.00355118 2.47125e-10
-0.00346128 2.36731e-10
-0.00337137 2.33048e-10
-0.00328147 2.2524e-10
-0.00319157 2.122e-10
-0.00310166 2.10431e-10
-0.00301176 2.06304e-10
-0.00292185 1.98896e-10
-0.00283195 1.97441e-10
-0.00274205 1.91138e-10
-0.00265214 1.80286e-10
-0.00256224 1.72944e-10
-0.00247233 1.70688e-10
-0.00238243 1.63865e-10
-0.00229252 1.6343e-10
-0.00220262 1.53052e-10
-0.00211272 1.49026e-10
-0.00202281 1.47749e-10
-0.00193291 1.44517e-10
-0.001843 1.39394e-10
-0.0017531 1.29887e-10
-0.0016632 1.22069e-10
-0.00157329 1.16538e-10
-0.00148339 1.13473e-10
-0.00139348 1.12119e-10
-0.00130358 1.14738e-10
-0.00121368 1.11722e-10
-0.00112377 1.02154e-10
-0.00103387 9.64518e-11
-0.000943963 8.96198e-11
-0.000854059 8.64025e-11
-0.000764154 7.62429e-11
-0.00067425 6.61081e-11
-0.000584346 5.58154e-11
-0.000494442 5.13318e-11
-0.000404538 4.57283e-11
-0.000314634 4.37562e-11
-0.00022473 3.61729e-11
-0.000134825 2.64564e-11
-4.49212e-05 1.51138e-11
4.49829e-05 0
0.000134887 -5.90773e-12
0.000224791 -1.52937e-11
0.000314695 -3.42653e-11
0.0004046 -4.30146e-11
0.000494504 -5.93609e-11
0.000584408 -6.47936e-11
0.000674312 -7.40888e-11
0.000764216 -8.6964e-11
0.00085412 -9.89311e-11
0.000944024 -1.10041e-10
0.00103393 -1.27155e-10
0.00112383 -1.40241e-10
0.00121374 -1.46854e-10
0.00130364 -1.6097e-10
0.00139355 -1.73792e-10
0.00148345 -1.8826e-10
0.00157335 -2.06688e-10
0.00166326 -2.14281e-10
0.00175316 -2.28663e-10
0.00184307 -2.51551e-10
0.00193297 -2.66767e-10
0.00202287 -2.80089e-10
0.00211278 -2.97059e-10
0.00220268 -3.08201e-10
0.00229259 -3.23528e-10
0.00238249 -3.37208e-10
0.00247239 -3.53136e-10
0.0025623 -3.67457e-10
0.0026522 -3.88078e-10
0.00274211 -3.98076e-10
0.00283201 -4.16353e-10
0.00292192 -4.35673e-10
0.00301182 -4.51705e-10
0.00310172 -4.69315e-10
0.00319163 -4.83962e-10
0.00328153 -5.06475e-10
0.00337144 -5.24414e-10
0.00346134 -5.33514e-10
0.00355124 -5.48862e-10
0.00364115 -5.66474e-10
0.00373105 -5.88144e-10
0.00382096 -6.00606e-10
0.00391086 -6.21867e-10
0.00400077 -6.42328e-10
0.00409067 -6.63148e-10
0.00418057 -6.82019e-10
0.00427048 -6.99627e-10
0.00436038 -7.20938e-10
0.00445029 -7.36461e-10
0.00454019 -7.51658e-10
0.00463009 -7.68956e-10
0.00472 -7.8851e-10
0.0048099 -8.07608e-10
0.00489981 -8.23795e-10
0.00498971 -8.39017e-10
0.00507962 -8.54177e-10
0.00516952 -8.74989e-10
0.00525942 -8.92653e-10
0.00534933 -9.05385e-10
0.00543923 -9.20863e-10
0.00552914 -9.33443e-10
0.00561904 -9.46886e-10
0.00570894 -9.65693e-10
0.00579885 -9.81412e-10
0.00588875 -1.00335e-09
0.00597866 -1.01816e-09
0.00606856 -1.03648e-09
0.00615846 -1.05345e-09
0.00624837 -1.07089e-09
0.00633827 -1.08415e-09
0.00642818 -1.09924e-09
0.00651808 -1.11848e-09
0.00660799 -1.13622e-09
0.00669789 -1.15009e-09
0.00678779 -1.16767e-09
0.0068777 -1.1846e-09
0.0069676 -1.20756e-09
0.00705751 -1.22704e-09
0.00714741 -1.24297e-09
0.00723731 -1.25976e-09
0.00732722 -1.2777e-09
0.00741712 -1.29582e-09
0.00750703 -1.317e-09
0.00759693 -1.34165e-09
0.00768684 -1.35672e-09
0.00777674 -1.37448e-09
0.00786664 -1.3967e-09
0.00795655 -1.41588e-09
0.00804645 -1.44242e-09
0.00813636 -1.45965e-09
0.00822626 -1.48068e-09
0.00831616 -1.49819e-09
0.00840607 -1.52011e-09
0.00849597 -1.54417e-09
0.00858588 -1.5634e-09
0.00867578 -1.59086e-09
0.00876569 -1.61225e-09
0.00885559 -1.63348e-09
0.00894549 -1.65811e-09
0.0090354 -1.68215e-09
0.0091253 -1.70752e-09
0.00921521 -1.72289e-09
0.00930511 -1.74986e-09
0.00939501 -1.76775e-09
0.00948492 -1.79407e-09
0.00957482 -1.81876e-09
0.00966473 -1.83901e-09
0.00975463 -1.86606e-09
0.00984453 -1.88938e-09
0.00993444 -1.91468e-09
0.0100243 -1.94517e-09
0.0101142 -1.97572e-09
0.0102042 -2.0033e-09
0.0102941 -2.03011e-09
0.010384 -2.06013e-09
0.0104739 -2.08584e-09
0.0105638 -2.11424e-09
0.0106537 -2.14166e-09
0.0107436 -2.16417e-09
0.0108335 -2.19066e-09
0.0109234 -2.21868e-09
0.0110133 -2.25161e-09
0.0111032 -2.28446e-09
0.0111931 -2.31679e-09
0.011283 -2.34628e-09
0.0113729 -2.37491e-09
0.0114628 -2.40973e-09
0.0115527 -2.43765e-09
0.0116426 -2.46465e-09
0.0117325 -2.49473e-09
0.0118224 -2.51842e-09
0.0119123 -2.54718e-09
0.0120022 -2.58179e-09
0.0120921 -2.61088e-09
0.012182 -2.63703e-09
0.0122719 -2.66807e-09
0.0123619 -2.6932e-09
0.0124518 -2.72403e-09
0.0125417 -2.75514e-09
0.0126316 -2.78453e-09
0.0127215 -2.81551e-09
0.0128114 -2.84386e-09
0.0129013 -2.8738e-09
0.0129912 -2.90565e-09
0.0130811 -2.93694e-09
0.013171 -2.962e-09
0.0132609 -2.98984e-09
0.0133508 -3.01724e-09
0.0134407 -3.04477e-09
0.0135306 -3.0724e-09
0.0136205 -3.10287e-09
0.0137104 -3.13709e-09
0.0138003 -3.17098e-09
0.0138902 -3.20141e-09
0.0139801 -3.23516e-09
0.01407 -3.26454e-09
0.0141599 -3.29239e-09
0.0142498 -3.32572e-09
0.0143397 -3.35129e-09
0.0144296 -3.37877e-09
0.0145196 -3.40809e-09
0.0146095 -3.43398e-09
0.0146994 -3.46476e-09
0.0147893 -3.4948e-09
0.0148792 -3.52959e-09
0.0149691 -3.5579e-09
0.015059 -3.59132e-09
0.0151489 -3.61968e-09
0.0152388 -3.65254e-09
0.0153287 -3.68343e-09
0.0154186 -3.70803e-09
0.0155085 -3.73829e-09
0.0155984 -3.76902e-09
0.0156883 -3.8001e-09
0.0157782 -3.82561e-09
0.0158681 -3.85192e-09
0.015958 -3.88264e-09
0.0160479 -3.91658e-09
0.0161378 -3.94724e-09
0.0162277 -3.97578e-09
0.0163176 -4.00707e-09
0.0164075 -4.03194e-09
0.0164974 -4.06167e-09
0.0165873 -4.0895e-09
0.0166773 -4.11884e-09
0.0167672 -4.14902e-09
0.0168571 -4.17635e-09
0.016947 -4.19993e-09
0.0170369 -4.23503e-09
0.0171268 -4.26562e-09
0.0172167 -4.29581e-09
0.0173066 -4.33066e-09
0.0173965 -4.36098e-09
0.0174864 -4.39045e-09
0.0175763 -4.42313e-09
0.0176662 -4.45959e-09
0.0177561 -4.48817e-09
0.017846 -4.51911e-09
0.0179359 -4.55123e-09
0.0180258 -4.58035e-09
0.0181157 -4.61236e-09
0.0182056 -4.64719e-09
0.0182955 -4.68406e-09
0.0183854 -4.72043e-09
0.0184753 -4.75619e-09
0.0185652 -4.79203e-09
0.0186551 -4.82448e-09
0.018745 -4.86088e-09
0.0188349 -4.89995e-09
0.0189249 -4.93952e-09
0.0190148 -4.97411e-09
0.0191047 -5.0106e-09
0.0191946 -5.04221e-09
0.0192845 -5.07966e-09
0.0193744 -5.11702e-09
0.0194643 -5.14965e-09
0.0195542 -5.19578e-09
0.0196441 -5.2357e-09
0.019734 -5.27694e-09
0.0198239 -5.31829e-09
0.0199138 -5.36498e-09
0.0200037 -5.41104e-09
0.0200936 -5.45001e-09
0.0201835 -5.4948e-09
0.0202734 -5.53825e-09
0.0203633 -5.58559e-09
0.0204532 -5.62551e-09
0.0205431 -5.67047e-09
0.020633 -5.72098e-09
0.0207229 -5.77105e-09
0.0208128 -5.81528e-09
0.0209027 -5.86357e-09
0.0209926 -5.91164e-09
0.0210826 -5.96098e-09
0.0211725 -6.0098e-09
0.0212624 -6.06506e-09
0.0213523 -6.12167e-09
0.0214422 -6.17493e-09
0.0215321 -6.22229e-09
0.021622 -6.27909e-09
0.0217119 -6.33493e-09
0.0218018 -6.38812e-09
0.0218917 -6.43908e-09
0.0219816 -6.49538e-09
0.0220715 -6.55033e-09
0.0221614 -6.60888e-09
0.0222513 -6.66721e-09
0.0223412 -6.72642e-09
0.0224311 -6.78665e-09
0.022521 -6.84911e-09
0.0226109 -6.89933e-09
0.0227008 -6.96654e-09
0.0227907 -7.02662e-09
0.0228806 -7.09086e-09
0.0229705 -7.15363e-09
0.0230604 -7.20884e-09
0.0231503 -7.27486e-09
0.0232403 -7.33868e-09
0.0233302 -7.40419e-09
0.0234201 -7.46774e-09
0.02351 -7.5393e-09
0.0235999 -7.60503e-09
0.0236898 -7.66693e-09
0.0237797 -7.7412e-09
0.0238696 -7.81089e-09
0.0239595 -7.87915e-09
0.0240494 -7.94643e-09
0.0241393 -8.01146e-09
0.0242292 -8.08214e-09
0.0243191 -8.15463e-09
0.024409 -8.22282e-09
0.0244989 -8.29024e-09
0.0245888 -8.36814e-09
0.0246787 -8.43176e-09
0.0247686 -8.50405e-09
0.0248585 -8.57691e-09
0.0249484 -8.65472e-09
0.0250383 -8.73253e-09
0.0251282 -8.81409e-09
0.0252181 -8.88721e-09
0.025308 -8.96113e-09
0.025398 -9.03969e-09
0.0254879 -9.11199e-09
0.0255778 -9.19242e-09
0.0256677 -9.26881e-09
0.0257576 -9.34236e-09
0.0258475 -9.41987e-09
0.0259374 -9.49808e-09
0.0260273 -9.57798e-09
0.0261172 -9.66045e-09
0.0262071 -9.73657e-09
0.026297 -9.8115e-09
0.0263869 -9.89194e-09
0.0264768 -9.97472e-09
0.0265667 -1.0056e-08
0.0266566 -1.01389e-08
0.0267465 -1.02229e-08
0.0268364 -1.03046e-08
0.0269263 -1.03936e-08
0.0270162 -1.04782e-08
0.0271061 -1.05614e-08
0.027196 -1.06439e-08
0.0272859 -1.0722e-08
0.0273758 -1.08045e-08
0.0274657 -1.08897e-08
0.0275557 -1.09725e-08
0.0276456 -1.10526e-08
0.0277355 -1.11354e-08
0.0278254 -1.12205e-08
0.0279153 -1.13105e-08
0.0280052 -1.14011e-08
0.0280951 -1.14835e-08
0.028185 -1.15725e-08
0.0282749 -1.16585e-08
0.0283648 -1.17428e-08
0.0284547 -1.18271e-08
0.0285446 -1.19129e-08
0.0286345 -1.19968e-08
0.0287244 -1.20817e-08
0.0288143 -1.21611e-08
0.0289042 -1.22442e-08
0.0289941 -1.23339e-08
0.029084 -1.24189e-08
0.0291739 -1.24949e-08
0.0292638 -1.2579e-08
0.0293537 -1.26613e-08
0.0294436 -1.27389e-08
0.0295335 -1.28242e-08
0.0296234 -1.29076e-08
0.0297134 -1.2982e-08
0.0298033 -1.30564e-08
0.0298932 -1.31314e-08
0.0299831 -1.3213e-08
0.030073 -1.32929e-08
0.0301629 -1.3372e-08
0.0302528 -1.34498e-08
0.0303427 -1.3533e-08
0.0304326 -1.36034e-08
0.0305225 -1.36825e-08
0.0306124 -1.37718e-08
0.0307023 -1.38433e-08
0.0307922 -1.3917e-08
0.0308821 -1.39924e-08
0.030972 -1.40768e-08
0.0310619 -1.4157e-08
0.0311518 -1.42356e-08
0.0312417 -1.43198e-08
0.0313316 -1.43968e-08
0.0314215 -1.44742e-08
0.0315114 -1.45434e-08
0.0316013 -1.46296e-08
0.0316912 -1.47138e-08
0.0317811 -1.48008e-08
0.0318711 -1.48861e-08
0.031961 -1.49702e-08
0.0320509 -1.5055e-08
0.0321408 -1.51322e-08
0.0322307 -1.52097e-08
0.0323206 -1.52928e-08
0.0324105 -1.53725e-08
0.0325004 -1.54576e-08
0.0325903 -1.55391e-08
0.0326802 -1.56225e-08
0.0327701 -1.57065e-08
0.03286 -1.57959e-08
0.0329499 -1.58733e-08
0.0330398 -1.59564e-08
0.0331297 -1.60381e-08
0.0332196 -1.61113e-08
0.0333095 -1.61873e-08
0.0333994 -1.62716e-08
0.0334893 -1.63547e-08
0.0335792 -1.64416e-08
0.0336691 -1.65294e-08
0.033759 -1.66134e-08
0.0338489 -1.66951e-08
0.0339388 -1.67776e-08
0.0340288 -1.68606e-08
0.0341187 -1.69428e-08
0.0342086 -1.70248e-08
0.0342985 -1.71083e-08
0.0343884 -1.7193e-08
0.0344783 -1.72743e-08
0.0345682 -1.73614e-08
0.0346581 -1.74499e-08
0.034748 -1.75378e-08
0.0348379 -1.76205e-08
0.0349278 -1.77065e-08
0.0350177 -1.77995e-08
0.0351076 -1.78895e-08
0.0351975 -1.79689e-08
0.0352874 -1.80614e-08
0.0353773 -1.81541e-08
0.0354672 -1.82454e-08
0.0355571 -1.83392e-08
0.035647 -1.84322e-08
0.0357369 -1.852e-08
0.0358268 -1.86159e-08
0.0359167 -1.87035e-08
0.0360066 -1.8798e-08
0.0360965 -1.88896e-08
0.0361865 -1.8982e-08
0.0362764 -1.9067e-08
0.0363663 -1.91546e-08
0.0364562 -1.92426e-08
0.0365461 -1.93404e-08
0.036636 -1.94365e-08
0.0367259 -1.95243e-08
0.0368158 -1.9616e-08
0.0369057 -1.97113e-08
0.0369956 -1.98018e-08
0.0370855 -1.98962e-08
0.0371754 -1.99835e-08
0.0372653 -2.00733e-08
0.0373552 -2.01587e-08
0.0374451 -2.02499e-08
0.037535 -2.03441e-08
0.0376249 -2.04318e-08
0.0377148 -2.05211e-08
0.0378047 -2.06115e-08
0.0378946 -2.07032e-08
0.0379845 -2.07936e-08
0.0380744 -2.08845e-08
0.0381643 -2.09744e-08
0.0382542 -2.10629e-08
0.0383441 -2.11597e-08
0.0384341 -2.12481e-08
0.038524 -2.13403e-08
0.0386139 -2.14289e-08
0.0387038 -2.15181e-08
0.0387937 -2.16098e-08
0.0388836 -2.17015e-08
0.0389735 -2.17934e-08
0.0390634 -2.1889e-08
0.0391533 -2.19846e-08
0.0392432 -2.20791e-08
0.0393331 -2.21774e-08
0.039423 -2.22744e-08
0.0395129 -2.23682e-08
0.0396028 -2.24719e-08
0.0396927 -2.25695e-08
0.0397826 -2.26698e-08
0.0398725 -2.27672e-08
0.0399624 -2.2869e-08
0.0400523 -2.29743e-08
0.0401422 -2.30779e-08
0.0402321 -2.31815e-08
0.040322 -2.32856e-08
0.0404119 -2.33861e-08
0.0405018 -2.3494e-08
0.0405918 -2.36101e-08
0.0406817 -2.373e-08
0.0407716 -2.38317e-08
0.0408615 -2.39304e-08
0.0409514 -2.40383e-08
0.0410413 -2.4153e-08
0.0411312 -2.42628e-08
0.0412211 -2.43727e-08
0.041311 -2.44813e-08
0.0414009 -2.45949e-08
0.0414908 -2.47116e-08
0.0415807 -2.48315e-08
0.0416706 -2.49491e-08
0.0417605 -2.50591e-08
0.0418504 -2.51704e-08
0.0419403 -2.52786e-08
0.0420302 -2.53964e-08
0.0421201 -2.55075e-08
0.04221 -2.56376e-08
0.0422999 -2.57541e-08
0.0423898 -2.58658e-08
0.0424797 -2.59857e-08
0.0425696 -2.60987e-08
0.0426595 -2.62233e-08
0.0427495 -2.63405e-08
0.0428394 -2.64574e-08
0.0429293 -2.65729e-08
0.0430192 -2.66929e-08
0.0431091 -2.68151e-08
0.043199 -2.69475e-08
0.0432889 -2.70709e-08
0.0433788 -2.71877e-08
0.0434687 -2.73151e-08
0.0435586 -2.74312e-08
0.0436485 -2.75501e-08
0.0437384 -2.7668e-08
0.0438283 -2.77866e-08
0.0439182 -2.79074e-08
0.0440081 -2.80177e-08
0.044098 -2.8148e-08
0.0441879 -2.82786e-08
0.0442778 -2.84041e-08
0.0443677 -2.85248e-08
0.0444576 -2.86413e-08
0.0445475 -2.87711e-08
0.0446374 -2.88878e-08
0.0447273 -2.9018e-08
0.0448172 -2.91263e-08
0.0449072 -2.92452e-08
0.0449971 -2.93703e-08
0.045087 -2.94854e-08
0.0451769 -2.95999e-08
0.0452668 -2.97092e-08
0.0453567 -2.983e-08
0.0454466 -2.99529e-08
0.0455365 -3.00686e-08
0.0456264 -3.0188e-08
0.0457163 -3.0302e-08
0.0458062 -3.04287e-08
0.0458961 -3.05448e-08
0.045986 -3.06604e-08
0.0460759 -3.07845e-08
0.0461658 -3.08979e-08
0.0462557 -3.10086e-08
0.0463456 -3.11318e-08
0.0464355 -3.12429e-08
0.0465254 -3.13586e-08
0.0466153 -3.1476e-08
0.0467052 -3.15989e-08
0.0467951 -3.17209e-08
0.046885 -3.18465e-08
0.0469749 -3.19653e-08
0.0470649 -3.20784e-08
0.0471548 -3.21938e-08
0.0472447 -3.23218e-08
0.0473346 -3.24458e-08
0.0474245 -3.25649e-08
0.0475144 -3.26791e-08
0.0476043 -3.27951e-08
0.0476942 -3.29149e-08
0.0477841 -3.30337e-08
0.047874 -3.31542e-08
0.0479639 -3.32773e-08
0.0480538 -3.33917e-08
0.0481437 -3.35094e-08
0.0482336 -3.36301e-08
0.0483235 -3.37497e-08
0.0484134 -3.38652e-08
0.0485033 -3.3972e-08
0.0485932 -3.40722e-08
0.0486831 -3.41717e-08
0.048773 -3.42715e-08
0.0488629 -3.43707e-08
0.0489528 -3.44753e-08
0.0490427 -3.45815e-08
0.0491326 -3.46971e-08
0.0492226 -3.4809e-08
0.0493125 -3.49115e-08
0.0494024 -3.50168e-08
0.0494923 -3.51167e-08
0.0495822 -3.52138e-08
0.0496721 -3.53141e-08
0.049762 -3.54145e-08
0.0498519 -3.55113e-08
0.0499418 -3.56059e-08
0.0500317 -3.57112e-08
0.0501216 -3.58205e-08
0.0502115 -3.59191e-08
0.0503014 -3.60234e-08
0.0503913 -3.61235e-08
0.0504812 -3.62398e-08
0.0505711 -3.63432e-08
0.050661 -3.64505e-08
0.0507509 -3.65626e-08
0.0508408 -3.66737e-08
0.0509307 -3.67916e-08
0.0510206 -3.6899e-08
0.0511105 -3.70093e-08
0.0512004 -3.71154e-08
0.0512903 -3.72183e-08
0.0513803 -3.73226e-08
0.0514702 -3.74344e-08
0.0515601 -3.75353e-08
0.05165 -3.76423e-08
0.0517399 -3.77376e-08
0.0518298 -3.78401e-08
0.0519197 -3.79413e-08
0.0520096 -3.80399e-08
0.0520995 -3.81396e-08
0.0521894 -3.82306e-08
0.0522793 -3.83388e-08
0.0523692 -3.84349e-08
0.0524591 -3.85194e-08
0.052549 -3.86039e-08
0.0526389 -3.8698e-08
0.0527288 -3.87963e-08
0.0528187 -3.88874e-08
0.0529086 -3.89894e-08
0.0529985 -3.90762e-08
0.0530884 -3.91621e-08
0.0531783 -3.92423e-08
0.0532682 -3.93333e-08
0.0533581 -3.94275e-08
0.053448 -3.95222e-08
0.053538 -3.96119e-08
0.0536279 -3.97165e-08
0.0537178 -3.98061e-08
0.0538077 -3.98937e-08
0.0538976 -3.99915e-08
0.0539875 -4.00886e-08
0.0540774 -4.01996e-08
0.0541673 -4.03037e-08
0.0542572 -4.03836e-08
0.0543471 -4.04788e-08
0.054437 -4.0565e-08
0.0545269 -4.06611e-08
0.0546168 -4.07683e-08
0.0547067 -4.08641e-08
0.0547966 -4.09525e-08
0.0548865 -4.10333e-08
0.0549764 -4.11281e-08
0.0550663 -4.12169e-08
0.0551562 -4.13069e-08
0.0552461 -4.14001e-08
0.055336 -4.14963e-08
0.0554259 -4.15919e-08
0.0555158 -4.1693e-08
0.0556057 -4.17906e-08
0.0556956 -4.18946e-08
0.0557856 -4.19887e-08
0.0558755 -4.20868e-08
0.0559654 -4.21778e-08
0.0560553 -4.22564e-08
0.0561452 -4.23533e-08
0.0562351 -4.24268e-08
0.056325 -4.25198e-08
0.0564149 -4.26104e-08
0.0565048 -4.26939e-08
0.0565947 -4.27931e-08
0.0566846 -4.28823e-08
0.0567745 -4.29756e-08
0.0568644 -4.30736e-08
0.0569543 -4.31642e-08
0.0570442 -4.32545e-08
0.0571341 -4.33362e-08
0.057224 -4.34304e-08
0.0573139 -4.35331e-08
0.0574038 -4.36165e-08
0.0574937 -4.36901e-08
0.0575836 -4.3759e-08
0.0576735 -4.38582e-08
0.0577634 -4.394e-08
0.0578533 -4.40008e-08
0.0579433 -4.41117e-08
0.0580332 -4.42093e-08
0.0581231 -4.4308e-08
0.058213 -4.43901e-08
0.0583029 -4.44878e-08
0.0583928 -4.45765e-08
0.0584827 -4.46612e-08
0.0585726 -4.47492e-08
0.0586625 -4.48529e-08
0.0587524 -4.49434e-08
0.0588423 -4.5044e-08
0.0589322 -4.51359e-08
0.0590221 -4.52248e-08
0.059112 -4.53155e-08
0.0592019 -4.53914e-08
0.0592918 -4.54816e-08
0.0593817 -4.55846e-08
0.0594716 -4.56868e-08
0.0595615 -4.5766e-08
0.0596514 -4.58514e-08
0.0597413 -4.59454e-08
0.0598312 -4.60466e-08
0.0599211 -4.6136e-08
0.060011 -4.62289e-08
0.060101 -4.63144e-08
0.0601909 -4.64119e-08
0.0602808 -4.6502e-08
0.0603707 -4.65924e-08
0.0604606 -4.66882e-08
0.0605505 -4.67859e-08
0.0606404 -4.68775e-08
0.0607303 -4.69732e-08
0.0608202 -4.70681e-08
0.0609101 -4.71552e-08
0.061 -4.72535e-08
0.0610899 -4.73466e-08
0.0611798 -4.74269e-08
0.0612697 -4.75283e-08
0.0613596 -4.76326e-08
0.0614495 -4.77161e-08
0.0615394 -4.78067e-08
0.0616293 -4.79054e-08
0.0617192 -4.7996e-08
0.0618091 -4.80738e-08
0.061899 -4.81734e-08
0.0619889 -4.82688e-08
0.0620788 -4.83718e-08
0.0621687 -4.84686e-08
0.0622587 -4.85544e-08
0.0623486 -4.86564e-08
0.0624385 -4.87606e-08
0.0625284 -4.88694e-08
0.0626183 -4.89643e-08
0.0627082 -4.90695e-08
0.0627981 -4.91656e-08
0.062888 -4.92375e-08
0.0629779 -4.93255e-08
0.0630678 -4.94039e-08
0.0631577 -4.94939e-08
0.0632476 -4.95805e-08
0.0633375 -4.9673e-08
0.0634274 -4.97503e-08
0.0635173 -4.98363e-08
0.0636072 -4.9911e-08
0.0636971 -5.00171e-08
0.063787 -5.01251e-08
0.0638769 -5.01982e-08
0.0639668 -5.02881e-08
0.0640567 -5.03764e-08
0.0641466 -5.04587e-08
0.0642365 -5.05694e-08
0.0643264 -5.06601e-08
0.0644164 -5.07524e-08
0.0645063 -5.08341e-08
0.0645962 -5.09273e-08
0.0646861 -5.10203e-08
0.064776 -5.11132e-08
0.0648659 -5.12187e-08
0.0649558 -5.1324e-08
0.0650457 -5.1425e-08
0.0651356 -5.15295e-08
0.0652255 -5.16483e-08
0.0653154 -5.17669e-08
0.0654053 -5.18544e-08
0.0654952 -5.19409e-08
0.0655851 -5.20163e-08
0.065675 -5.21152e-08
0.0657649 -5.2211e-08
0.0658548 -5.22936e-08
0.0659447 -5.23863e-08
0.0660346 -5.24603e-08
0.0661245 -5.25307e-08
0.0662144 -5.26203e-08
0.0663043 -5.26938e-08
0.0663942 -5.27687e-08
0.0664841 -5.2868e-08
0.0665741 -5.29472e-08
0.066664 -5.30329e-08
0.0667539 -5.31012e-08
0.0668438 -5.31977e-08
0.0669337 -5.32705e-08
0.0670236 -5.33458e-08
0.0671135 -5.34159e-08
0.0672034 -5.34898e-08
0.0672933 -5.35722e-08
0.0673832 -5.36555e-08
0.0674731 -5.37288e-08
0.067563 -5.38089e-08
0.0676529 -5.38964e-08
0.0677428 -5.39788e-08
0.0678327 -5.40682e-08
0.0679226 -5.4183e-08
0.0680125 -5.42623e-08
0.0681024 -5.43654e-08
0.0681923 -5.44484e-08
0.0682822 -5.45147e-08
0.0683721 -5.45876e-08
0.068462 -5.46859e-08
0.0685519 -5.47881e-08
0.0686418 -5.48733e-08
0.0687318 -5.4979e-08
0.0688217 -5.51022e-08
0.0689116 -5.52089e-08
0.0690015 -5.5303e-08
0.0690914 -5.53942e-08
0.0691813 -5.5476e-08
0.0692712 -5.55633e-08
0.0693611 -5.56662e-08
0.069451 -5.57222e-08
0.0695409 -5.57925e-08
0.0696308 -5.58733e-08
0.0697207 -5.59674e-08
0.0698106 -5.60311e-08
0.0699005 -5.60827e-08
0.0699904 -5.61555e-08
0.0700803 -5.62269e-08
0.0701702 -5.62894e-08
0.0702601 -5.63628e-08
0.07035 -5.64497e-08
0.0704399 -5.65178e-08
0.0705298 -5.65852e-08
0.0706197 -5.66723e-08
0.0707096 -5.67391e-08
0.0707995 -5.67839e-08
0.0708895 -5.68572e-08
0.0709794 -5.69248e-08
0.0710693 -5.69964e-08
0.0711592 -5.70625e-08
0.0712491 -5.71128e-08
0.071339 -5.717e-08
0.0714289 -5.72177e-08
0.0715188 -5.72579e-08
0.0716087 -5.73163e-08
0.0716986 -5.73828e-08
0.0717885 -5.74271e-08
0.0718784 -5.74721e-08
0.0719683 -5.75389e-08
0.0720582 -5.75832e-08
0.0721481 -5.76413e-08
0.072238 -5.7706e-08
0.0723279 -5.77651e-08
0.0724178 -5.78435e-08
0.0725077 -5.7923e-08
0.0725976 -5.79806e-08
0.0726875 -5.80557e-08
0.0727774 -5.81238e-08
0.0728673 -5.81956e-08
0.0729572 -5.82328e-08
0.0730472 -5.83114e-08
0.0731371 -5.83684e-08
0.073227 -5.84377e-08
0.0733169 -5.85038e-08
0.0734068 -5.85973e-08
0.0734967 -5.86372e-08
0.0735866 -5.86868e-08
0.0736765 -5.87312e-08
0.0737664 -5.87662e-08
0.0738563 -5.88015e-08
0.0739462 -5.88688e-08
0.0740361 -5.89244e-08
0.074126 -5.89669e-08
0.0742159 -5.90105e-08
0.0743058 -5.90645e-08
0.0743957 -5.91143e-08
0.0744856 -5.9175e-08
0.0745755 -5.92477e-08
0.0746654 -5.9307e-08
0.0747553 -5.93868e-08
0.0748452 -5.94435e-08
0.0749351 -5.95223e-08
0.075025 -5.95898e-08
0.0751149 -5.96192e-08
0.0752048 -5.96907e-08
0.0752948 -5.97266e-08
0.0753847 -5.97912e-08
0.0754746 -5.98327e-08
0.0755645 -5.98917e-08
0.0756544 -5.99414e-08
0.0757443 -5.99915e-08
0.0758342 -6.00424e-08
0.0759241 -6.00909e-08
0.076014 -6.0152e-08
0.0761039 -6.02112e-08
0.0761938 -6.02539e-08
0.0762837 -6.03016e-08
0.0763736 -6.03422e-08
0.0764635 -6.0396e-08
0.0765534 -6.0442e-08
0.0766433 -6.05079e-08
0.0767332 -6.05715e-08
0.0768231 -6.0651e-08
0.076913 -6.07205e-08
0.0770029 -6.07939e-08
0.0770928 -6.08352e-08
0.0771827 -6.09135e-08
0.0772726 -6.10087e-08
0.0773625 -6.10915e-08
0.0774525 -6.11793e-08
0.0775424 -6.12731e-08
0.0776323 -6.13051e-08
0.0777222 -6.13887e-08
0.0778121 -6.14529e-08
0.077902 -6.15038e-08
0.0779919 -6.15893e-08
0.0780818 -6.16692e-08
0.0781717 -6.17163e-08
0.0782616 -6.18063e-08
0.0783515 -6.18354e-08
0.0784414 -6.19133e-08
0.0785313 -6.19739e-08
0.0786212 -6.20538e-08
0.0787111 -6.2095e-08
0.078801 -6.21535e-08
0.0788909 -6.22561e-08
0.0789808 -6.23692e-08
0.0790707 -6.2439e-08
0.0791606 -6.24884e-08
0.0792505 -6.25711e-08
0.0793404 -6.26134e-08
0.0794303 -6.2677e-08
0.0795202 -6.27184e-08
0.0796102 -6.28111e-08
0.0797001 -6.28713e-08
0.07979 -6.29576e-08
0.0798799 -6.29985e-08
0.0799698 -6.30568e-08
0.0800597 -6.31508e-08
0.0801496 -6.32155e-08
0.0802395 -6.33085e-08
0.0803294 -6.33993e-08
0.0804193 -6.34764e-08
0.0805092 -6.35286e-08
0.0805991 -6.35991e-08
0.080689 -6.36544e-08
0.0807789 -6.37293e-08
0.0808688 -6.378e-08
0.0809587 -6.3872e-08
0.0810486 -6.39862e-08
0.0811385 -6.40134e-08
0.0812284 -6.40868e-08
0.0813183 -6.4153e-08
0.0814082 -6.42072e-08
0.0814981 -6.43048e-08
0.081588 -6.43882e-08
0.0816779 -6.44536e-08
0.0817679 -6.44927e-08
0.0818578 -6.45455e-08
0.0819477 -6.46055e-08
0.0820376 -6.46425e-08
0.0821275 -6.46969e-08
0.0822174 -6.4722e-08
0.0823073 -6.4713e-08
0.0823972 -6.47373e-08
0.0824871 -6.47494e-08
0.082577 -6.47725e-08
0.0826669 -6.48565e-08
0.0827568 -6.49089e-08
0.0828467 -6.49855e-08
0.0829366 -6.49918e-08
0.0830265 -6.50444e-08
0.0831164 -6.50741e-08
0.0832063 -6.51249e-08
0.0832962 -6.51928e-08
0.0833861 -6.52641e-08
0.083476 -6.5308e-08
0.0835659 -6.53554e-08
0.0836558 -6.54417e-08
0.0837457 -6.55213e-08
0.0838356 -6.56037e-08
0.0839256 -6.57053e-08
0.0840155 -6.57751e-08
0.0841054 -6.58124e-08
0.0841953 -6.58652e-08
0.0842852 -6.59578e-08
0.0843751 -6.60049e-08
0.084465 -6.60657e-08
0.0845549 -6.61277e-08
0.0846448 -6.61584e-08
0.0847347 -6.61932e-08
0.0848246 -6.62301e-08
0.0849145 -6.62771e-08
0.0850044 -6.63148e-08
0.0850943 -6.63791e-08
0.0851842 -6.6437e-08
0.0852741 -6.64452e-08
0.085364 -6.64958e-08
0.0854539 -6.65761e-08
0.0855438 -6.66396e-08
0.0856337 -6.66563e-08
0.0857236 -6.66927e-08
0.0858135 -6.66824e-08
0.0859034 -6.67419e-08
0.0859933 -6.67435e-08
0.0860833 -6.67973e-08
0.0861732 -6.6792e-08
0.0862631 -6.68503e-08
0.086353 -6.68173e-08
0.0864429 -6.68765e-08
0.0865328 -6.68928e-08
0.0866227 -6.69263e-08
0.0867126 -6.69802e-08
0.0868025 -6.70014e-08
0.0868924 -6.70816e-08
0.0869823 -6.70858e-08
0.0870722 -6.70879e-08
0.0871621 -6.71084e-08
0.087252 -6.71502e-08
0.0873419 -6.72002e-08
0.0874318 -6.72464e-08
0.0875217 -6.7244e-08
0.0876116 -6.72818e-08
0.0877015 -6.73395e-08
0.0877914 -6.73726e-08
0.0878813 -6.7429e-08
0.0879712 -6.74837e-08
0.0880611 -6.75376e-08
0.088151 -6.75894e-08
0.088241 -6.76069e-08
0.0883309 -6.76312e-08
0.0884208 -6.7726e-08
0.0885107 -6.77773e-08
0.0886006 -6.78354e-08
0.0886905 -6.78615e-08
0.0887804 -6.79549e-08
0.0888703 -6.8024e-08
0.0889602 -6.80646e-08
0.0890501 -6.80248e-08
0.08914 -6.80875e-08
0.0892299 -6.8124e-08
0.0893198 -6.81743e-08
0.0894097 -6.81558e-08
0.0894996 -6.81493e-08
0.0895895 -6.817e-08
0.0896794 -6.817e-08
0.0897693 -6.82358e-08
0.0898592 -6.82025e-08
0.0899491 -6.82162e-08
0.090039 -6.82707e-08
0.0901289 -6.83522e-08
0.0902188 -6.83935e-08
0.0903087 -6.84493e-08
0.0903987 -6.84415e-08
0.0904886 -6.84947e-08
0.0905785 -6.85662e-08
0.0906684 -6.86514e-08
0.0907583 -6.87105e-08
0.0908482 -6.86886e-08
0.0909381 -6.87224e-08
0.091028 -6.87774e-08
0.0911179 -6.88331e-08
0.0912078 -6.89016e-08
0.0912977 -6.89301e-08
0.0913876 -6.9024e-08
0.0914775 -6.90813e-08
0.0915674 -6.91534e-08
0.0916573 -6.92066e-08
0.0917472 -6.92553e-08
0.0918371 -6.93045e-08
0.091927 -6.93494e-08
0.0920169 -6.93743e-08
0.0921068 -6.93543e-08
0.0921967 -6.93867e-08
0.0922866 -6.93623e-08
0.0923765 -6.93633e-08
0.0924664 -6.9394e-08
0.0925564 -6.94977e-08
0.0926463 -6.94667e-08
0.0927362 -6.95077e-08
0.0928261 -6.95568e-08
0.092916 -6.9616e-08
0.0930059 -6.95998e-08
0.0930958 -6.96823e-08
0.0931857 -6.97417e-08
0.0932756 -6.97751e-08
0.0933655 -6.97883e-08
0.0934554 -6.98398e-08
0.0935453 -6.98005e-08
0.0936352 -6.97897e-08
0.0937251 -6.98078e-08
0.093815 -6.98339e-08
0.0939049 -6.9836e-08
0.0939948 -6.98986e-08
0.0940847 -6.99658e-08
0.0941746 -6.99764e-08
0.0942645 -7.00219e-08
0.0943544 -7.00154e-08
0.0944443 -7.00607e-08
0.0945342 -7.01244e-08
0.0946241 -7.0209e-08
0.094714 -7.024e-08
0.094804 -7.02544e-08
0.0948939 -7.01964e-08
0.0949838 -7.02179e-08
0.0950737 -7.02015e-08
0.0951636 -7.02452e-08
0.0952535 -7.0226e-08
0.0953434 -7.02015e-08
0.0954333 -7.02241e-08
0.0955232 -7.0192e-08
0.0956131 -7.01593e-08
0.095703 -7.01232e-08
0.0957929 -7.01142e-08
0.0958828 -7.01211e-08
0.0959727 -7.00881e-08
0.0960626 -7.00949e-08
0.0961525 -7.01416e-08
0.0962424 -7.00932e-08
0.0963323 -7.00982e-08
0.0964222 -7.00798e-08
0.0965121 -7.01e-08
0.096602 -7.01317e-08
0.0966919 -7.01297e-08
0.0967818 -7.01867e-08
0.0968717 -7.01953e-08
0.0969617 -7.01719e-08
0.0970516 -7.02287e-08
0.0971415 -7.02055e-08
0.0972314 -7.01897e-08
0.0973213 -7.01931e-08
0.0974112 -7.02349e-08
0.0975011 -7.03305e-08
0.097591 -7.04272e-08
0.0976809 -7.04288e-08
0.0977708 -7.04292e-08
0.0978607 -7.04543e-08
0.0979506 -7.04193e-08
0.0980405 -7.04958e-08
0.0981304 -7.04789e-08
0.0982203 -7.04994e-08
0.0983102 -7.05429e-08
0.0984001 -7.05924e-08
0.09849 -7.05318e-08
0.0985799 -7.04114e-08
0.0986698 -7.0359e-08
0.0987597 -7.0284e-08
0.0988496 -7.02307e-08
0.0989395 -7.02651e-08
0.0990294 -7.02501e-08
0.0991194 -7.02498e-08
0.0992093 -7.03043e-08
0.0992992 -7.02066e-08
0.0993891 -7.02424e-08
0.099479 -7.0138e-08
0.0995689 -7.01427e-08
0.0996588 -7.00701e-08
0.0997487 -7.00307e-08
0.0998386 -7.00542e-08
0.0999285 -7.00063e-08
0.100018 -6.99534e-08
0.100108 -6.99352e-08
0.100198 -6.98551e-08
0.100288 -6.98336e-08
0.100378 -6.97997e-08
0.100468 -6.97732e-08
0.100558 -6.98148e-08
0.100648 -6.98152e-08
0.100738 -6.98129e-08
0.100828 -6.98387e-08
0.100917 -6.98307e-08
0.101007 -6.98393e-08
0.101097 -6.98544e-08
0.101187 -6.98523e-08
0.101277 -6.98166e-08
0.101367 -6.98794e-08
0.101457 -6.98943e-08
0.101547 -6.98811e-08
0.101637 -6.99554e-08
0.101727 -6.99202e-08
0.101816 -6.98956e-08
0.101906 -6.99177e-08
0.101996 -6.98942e-08
0.102086 -6.99155e-08
0.102176 -6.99576e-08
0.102266 -6.99672e-08
0.102356 -6.9853e-08
0.102446 -6.97456e-08
0.102536 -6.9656e-08
0.102626 -6.96137e-08
0.102716 -6.95232e-08
0.102805 -6.9542e-08
0.102895 -6.94649e-08
0.102985 -6.94705e-08
0.103075 -6.94202e-08
0.103165 -6.9284e-08
0.103255 -6.92725e-08
0.103345 -6.92009e-08
0.103435 -6.91854e-08
0.103525 -6.92388e-08
0.103615 -6.92941e-08
0.103704 -6.91938e-08
0.103794 -6.91633e-08
0.103884 -6.91675e-08
0.103974 -6.92185e-08
0.104064 -6.92199e-08
0.104154 -6.92676e-08
0.104244 -6.9318e-08
0.104334 -6.9331e-08
0.104424 -6.93749e-08
0.104514 -6.93581e-08
0.104604 -6.93814e-08
0.104693 -6.93828e-08
0.104783 -6.94431e-08
0.104873 -6.94505e-08
0.104963 -6.95514e-08
0.105053 -6.95014e-08
0.105143 -6.94383e-08
0.105233 -6.9373e-08
0.105323 -6.93097e-08
0.105413 -6.9253e-08
0.105503 -6.92772e-08
0.105592 -6.93074e-08
0.105682 -6.92763e-08
0.105772 -6.92876e-08
0.105862 -6.93628e-08
0.105952 -6.92888e-08
0.106042 -6.9365e-08
0.106132 -6.93737e-08
0.106222 -6.9358e-08
0.106312 -6.94414e-08
0.106402 -6.93559e-08
0.106491 -6.94323e-08
0.106581 -6.9488e-08
0.106671 -6.94847e-08
0.106761 -6.95053e-08
0.106851 -6.94901e-08
0.106941 -6.95546e-08
0.107031 -6.96075e-08
0.107121 -6.95295e-08
0.107211 -6.96008e-08
0.107301 -6.96488e-08
0.107391 -6.96286e-08
0.10748 -6.97709e-08
0.10757 -6.97358e-08
0.10766 -6.98157e-08
0.10775 -6.98358e-08
0.10784 -6.98853e-08
0.10793 -6.98964e-08
0.10802 -6.98654e-08
0.10811 -6.99227e-08
0.1082 -6.99348e-08
0.10829 -7.00221e-08
0.108379 -7.01458e-08
0.108469 -7.00825e-08
0.108559 -7.00739e-08
0.108649 -7.00683e-08
0.108739 -6.99258e-08
0.108829 -6.99267e-08
0.108919 -6.98928e-08
0.109009 -6.97612e-08
0.109099 -6.97836e-08
0.109189 -6.96802e-08
0.109279 -6.97451e-08
0.109368 -6.9571e-08
0.109458 -6.96496e-08
0.109548 -6.97329e-08
0.109638 -6.98087e-08
0.109728 -6.98359e-08
0.109818 -6.98833e-08
0.109908 -6.98835e-08
0.109998 -6.99457e-08
0.110088 -7.00609e-08
0.110178 -6.99872e-08
0.110267 -6.99252e-08
0.110357 -6.99852e-08
0.110447 -6.99712e-08
0.110537 -6.98247e-08
0.110627 -6.98214e-08
0.110717 -6.97597e-08
0.110807 -6.9936e-08
0.110897 -6.99195e-08
0.110987 -6.99187e-08
0.111077 -6.99652e-08
0.111167 -7.0054e-08
0.111256 -7.00168e-08
0.111346 -7.019e-08
0.111436 -7.01397e-08
0.111526 -7.00849e-08
0.111616 -7.01269e-08
0.111706 -6.99758e-08
0.111796 -6.97779e-08
0.111886 -6.97579e-08
0.111976 -6.96288e-08
0.112066 -6.94404e-08
0.112155 -6.92577e-08
0.112245 -6.91032e-08
0.112335 -6.91393e-08
0.112425 -6.89495e-08
0.112515 -6.89452e-08
0.112605 -6.89441e-08
0.112695 -6.89127e-08
0.112785 -6.89402e-08
0.112875 -6.88728e-08
0.112965 -6.8868e-08
0.113054 -6.8987e-08
0.113144 -6.91261e-08
0.113234 -6.91526e-08
0.113324 -6.91358e-08
0.113414 -6.894e-08
0.113504 -6.89782e-08
0.113594 -6.9033e-08
0.113684 -6.89871e-08
0.113774 -6.89188e-08
0.113864 -6.88959e-08
0.113954 -6.88635e-08
0.114043 -6.87713e-08
0.114133 -6.87988e-08
0.114223 -6.87657e-08
0.114313 -6.87061e-08
0.114403 -6.86698e-08
0.114493 -6.86368e-08
0.114583 -6.85006e-08
0.114673 -6.82992e-08
0.114763 -6.82818e-08
0.114853 -6.81406e-08
0.114942 -6.79543e-08
0.115032 -6.79219e-08
0.115122 -6.79126e-08
0.115212 -6.77436e-08
0.115302 -6.75389e-08
0.115392 -6.74961e-08
0.115482 -6.75728e-08
0.115572 -6.75613e-08
0.115662 -6.76265e-08
0.115752 -6.7536e-08
0.115842 -6.74249e-08
0.115931 -6.74814e-08
0.116021 -6.73356e-08
0.116111 -6.72481e-08
0.116201 -6.69323e-08
0.116291 -6.68839e-08
0.116381 -6.68213e-08
0.116471 -6.67603e-08
0.116561 -6.6703e-08
0.116651 -6.67045e-08
0.116741 -6.66798e-08
0.11683 -6.67444e-08
0.11692 -6.66179e-08
0.11701 -6.6686e-08
0.1171 -6.66188e-08
0.11719 -6.6602e-08
0.11728 -6.67039e-08
0.11737 -6.67489e-08
0.11746 -6.6734e-08
0.11755 -6.67329e-08
0.11764 -6.65302e-08
0.11773 -6.61978e-08
0.117819 -6.59659e-08
0.117909 -6.58545e-08
0.117999 -6.57702e-08
0.118089 -6.56364e-08
0.118179 -6.56085e-08
0.118269 -6.55497e-08
0.118359 -6.55575e-08
0.118449 -6.53441e-08
0.118539 -6.53935e-08
0.118629 -6.54745e-08
0.118718 -6.56351e-08
0.118808 -6.56246e-08
0.118898 -6.56384e-08
0.118988 -6.54466e-08
0.119078 -6.53804e-08
0.119168 -6.54276e-08
0.119258 -6.54254e-08
0.119348 -6.52863e-08
0.119438 -6.5128e-08
0.119528 -6.5142e-08
0.119617 -6.50117e-08
0.119707 -6.47785e-08
0.119797 -6.47424e-08
0.119887 -6.46765e-08
0.119977 -6.46302e-08
0.120067 -6.46602e-08
0.120157 -6.46712e-08
0.120247 -6.45708e-08
0.120337 -6.43874e-08
0.120427 -6.42474e-08
0.120517 -6.4231e-08
0.120606 -6.40092e-08
0.120696 -6.39132e-08
0.120786 -6.39168e-08
0.120876 -6.39195e-08
0.120966 -6.39631e-08
0.121056 -6.42755e-08
0.121146 -6.43654e-08
0.121236 -6.42927e-08
0.121326 -6.43286e-08
0.121416 -6.4597e-08
0.121505 -6.46005e-08
0.121595 -6.45156e-08
0.121685 -6.46096e-08
0.121775 -6.46283e-08
0.121865 -6.47035e-08
0.121955 -6.4743e-08
0.122045 -6.46294e-08
0.122135 -6.40069e-08
0.122225 -6.39868e-08
0.122315 -6.40895e-08
0.122405 -6.38816e-08
0.122494 -6.35238e-08
0.122584 -6.34482e-08
0.122674 -6.34826e-08
0.122764 -6.33203e-08
0.122854 -6.30595e-08
0.122944 -6.24853e-08
0.123034 -6.20945e-08
0.123124 -6.21305e-08
0.123214 -6.23054e-08
0.123304 -6.24241e-08
0.123393 -6.27361e-08
0.123483 -6.2771e-08
0.123573 -6.27752e-08
0.123663 -6.25308e-08
0.123753 -6.26072e-08
0.123843 -6.23325e-08
0.123933 -6.2687e-08
0.124023 -6.34479e-08
0.124113 -6.35949e-08
0.124203 -6.3529e-08
0.124293 -6.36157e-08
0.124382 -6.35128e-08
0.124472 -6.32686e-08
0.124562 -6.31139e-08
0.124652 -6.34218e-08
0.124742 -6.34408e-08
0.124832 -6.33581e-08
0.124922 -6.31276e-08
0.125012 -6.27163e-08
0.125102 -6.21796e-08
0.125192 -6.18434e-08
0.125281 -6.15725e-08
0.125371 -6.13387e-08
0.125461 -6.12573e-08
0.125551 -6.11956e-08
0.125641 -6.15007e-08
0.125731 -6.09225e-08
0.125821 -6.08069e-08
0.125911 -6.04141e-08
0.126001 -6.0233e-08
0.126091 -5.99598e-08
0.126181 -6.04296e-08
0.12627 -6.01127e-08
0.12636 -6.03005e-08
0.12645 -5.99971e-08
0.12654 -6.03379e-08
0.12663 -6.00254e-08
0.12672 -5.9695e-08
0.12681 -5.95923e-08
0.1269 -5.96725e-08
0.12699 -5.94459e-08
0.12708 -5.97573e-08
0.127169 -5.92379e-08
0.127259 -5.95068e-08
0.127349 -5.98476e-08
0.127439 -5.99511e-08
0.127529 -5.97499e-08
0.127619 -5.92259e-08
0.127709 -5.93809e-08
0.127799 -5.97204e-08
0.127889 -5.97373e-08
0.127979 -5.95251e-08
0.128068 -5.921e-08
0.128158 -5.91147e-08
0.128248 -5.92141e-08
0.128338 -5.84624e-08
0.128428 -5.8305e-08
0.128518 -5.75559e-08
0.128608 -5.7497e-08
0.128698 -5.74378e-08
0.128788 -5.69218e-08
0.128878 -5.67755e-08
0.128968 -5.67916e-08
0.129057 -5.67328e-08
0.129147 -5.6275e-08
0.129237 -5.64488e-08
0.129327 -5.63608e-08
0.129417 -5.60347e-08
0.129507 -5.59051e-08
0.129597 -5.59439e-08
0.129687 -5.54949e-08
0.129777 -5.56357e-08
0.129867 -5.54174e-08
0.129956 -5.465e-08
0.130046 -5.41647e-08
0.130136 -5.39565e-08
0.130226 -5.38172e-08
0.130316 -5.30127e-08
0.130406 -5.29349e-08
0.130496 -5.30365e-08
0.130586 -5.31814e-08
0.130676 -5.29063e-08
0.130766 -5.28096e-08
0.130856 -5.32268e-08
0.130945 -5.33706e-08
0.131035 -5.40023e-08
0.131125 -5.39899e-08
0.131215 -5.37654e-08
0.131305 -5.34679e-08
0.131395 -5.39349e-08
0.131485 -5.38541e-08
0.131575 -5.34978e-08
0.131665 -5.28361e-08
0.131755 -5.289e-08
0.131844 -5.25079e-08
0.131934 -5.188e-08
0.132024 -5.15102e-08
0.132114 -5.11599e-08
0.132204 -5.08798e-08
0.132294 -5.0704e-08
0.132384 -5.07419e-08
0.132474 -5.02816e-08
0.132564 -4.9914e-08
0.132654 -4.96357e-08
0.132744 -4.95563e-08
0.132833 -4.88694e-08
0.132923 -4.90136e-08
0.133013 -4.91671e-08
0.133103 -4.91175e-08
0.133193 -4.92213e-08
0.133283 -4.92084e-08
0.133373 -4.90865e-08
0.133463 -4.91377e-08
0.133553 -4.91086e-08
0.133643 -4.949e-08
0.133732 -4.95854e-08
0.133822 -4.89605e-08
0.133912 -4.89847e-08
0.134002 -4.80771e-08
0.134092 -4.75052e-08
0.134182 -4.73238e-08
0.134272 -4.70049e-08
0.134362 -4.69392e-08
0.134452 -4.63876e-08
0.134542 -4.58813e-08
0.134631 -4.5645e-08
0.134721 -4.49403e-08
0.134811 -4.49505e-08
