-0.134811 -6.64165e-08
-0.134721 -6.63477e-08
-0.134631 -6.69462e-08
-0.134542 -6.7192e-08
-0.134452 -6.73176e-08
-0.134362 -6.73851e-08
-0.134272 -6.7717e-08
-0.134182 -6.7985e-08
-0.134092 -6.82769e-08
-0.134002 -6.84861e-08
-0.133912 -6.90739e-08
-0.133822 -6.888e-08
-0.133732 -6.92291e-08
-0.133642 -6.9195e-08
-0.133553 -6.88304e-08
-0.133463 -6.87497e-08
-0.133373 -6.89117e-08
-0.133283 -6.90088e-08
-0.133193 -6.88429e-08
-0.133103 -6.8822e-08
-0.133013 -6.8461e-08
-0.132923 -6.80934e-08
-0.132833 -6.73583e-08
-0.132743 -6.78297e-08
-0.132654 -6.74486e-08
-0.132564 -6.73925e-08
-0.132474 -6.73198e-08
-0.132384 -6.76309e-08
-0.132294 -6.77477e-08
-0.132204 -6.76788e-08
-0.132114 -6.75799e-08
-0.132024 -6.7828e-08
-0.131934 -6.8185e-08
-0.131844 -6.8753e-08
-0.131754 -6.91548e-08
-0.131665 -6.9144e-08
-0.131575 -6.96053e-08
-0.131485 -6.99659e-08
-0.131395 -7.03913e-08
-0.131305 -6.99603e-08
-0.131215 -6.99932e-08
-0.131125 -7.05966e-08
-0.131035 -7.08148e-08
-0.130945 -7.08002e-08
-0.130855 -7.07932e-08
-0.130766 -7.10985e-08
-0.130676 -7.11723e-08
-0.130586 -7.14168e-08
-0.130496 -7.15934e-08
-0.130406 -7.16124e-08
-0.130316 -7.15849e-08
-0.130226 -7.20742e-08
-0.130136 -7.19303e-08
-0.130046 -7.18366e-08
-0.129956 -7.18486e-08
-0.129867 -7.18963e-08
-0.129777 -7.17607e-08
-0.129687 -7.15597e-08
-0.129597 -7.17975e-08
-0.129507 -7.15129e-08
-0.129417 -7.13575e-08
-0.129327 -7.10042e-08
-0.129237 -7.09314e-08
-0.129147 -7.09082e-08
-0.129057 -7.09806e-08
-0.128967 -7.1159e-08
-0.128878 -7.12127e-08
-0.128788 -7.17319e-08
-0.128698 -7.19432e-08
-0.128608 -7.16005e-08
-0.128518 -7.1623e-08
-0.128428 -7.21233e-08
-0.128338 -7.25428e-08
-0.128248 -7.34503e-08
-0.128158 -7.33397e-08
-0.128068 -7.37286e-08
-0.127979 -7.37836e-08
-0.127889 -7.39338e-08
-0.127799 -7.3885e-08
-0.127709 -7.36916e-08
-0.127619 -7.34978e-08
-0.127529 -7.38742e-08
-0.127439 -7.39006e-08
-0.127349 -7.40893e-08
-0.127259 -7.39629e-08
-0.127169 -7.41393e-08
-0.127079 -7.41105e-08
-0.12699 -7.39933e-08
-0.1269 -7.42585e-08
-0.12681 -7.41819e-08
-0.12672 -7.41666e-08
-0.12663 -7.42901e-08
-0.12654 -7.49866e-08
-0.12645 -7.5068e-08
-0.12636 -7.55201e-08
-0.12627 -7.53376e-08
-0.12618 -7.5434e-08
-0.126091 -7.51546e-08
-0.126001 -7.54677e-08
-0.125911 -7.54654e-08
-0.125821 -7.58518e-08
-0.125731 -7.59868e-08
-0.125641 -7.67337e-08
-0.125551 -7.67692e-08
-0.125461 -7.67145e-08
-0.125371 -7.65104e-08
-0.125281 -7.65819e-08
-0.125191 -7.67262e-08
-0.125102 -7.68823e-08
-0.125012 -7.72983e-08
-0.124922 -7.79805e-08
-0.124832 -7.7871e-08
-0.124742 -7.80023e-08
-0.124652 -7.79112e-08
-0.124562 -7.78277e-08
-0.124472 -7.77165e-08
-0.124382 -7.80028e-08
-0.124292 -7.82078e-08
-0.124203 -7.8486e-08
-0.124113 -7.86814e-08
-0.124023 -7.88023e-08
-0.123933 -7.82509e-08
-0.123843 -7.81388e-08
-0.123753 -7.85157e-08
-0.123663 -7.87577e-08
-0.123573 -7.88862e-08
-0.123483 -7.87714e-08
-0.123393 -7.87967e-08
-0.123304 -7.89376e-08
-0.123214 -7.91183e-08
-0.123124 -7.8813e-08
-0.123034 -7.87319e-08
-0.122944 -7.89425e-08
-0.122854 -7.90244e-08
-0.122764 -7.91306e-08
-0.122674 -7.90893e-08
-0.122584 -7.8972e-08
-0.122494 -7.8968e-08
-0.122404 -7.91142e-08
-0.122315 -7.92036e-08
-0.122225 -7.87098e-08
-0.122135 -7.84217e-08
-0.122045 -7.88212e-08
-0.121955 -7.88722e-08
-0.121865 -7.89759e-08
-0.121775 -7.91794e-08
-0.121685 -7.94101e-08
-0.121595 -7.95196e-08
-0.121505 -7.96373e-08
-0.121416 -7.98373e-08
-0.121326 -8.0001e-08
-0.121236 -8.00708e-08
-0.121146 -8.03165e-08
-0.121056 -8.0474e-08
-0.120966 -8.07967e-08
-0.120876 -8.08761e-08
-0.120786 -8.09826e-08
-0.120696 -8.08133e-08
-0.120606 -8.06434e-08
-0.120516 -8.07076e-08
-0.120427 -8.08723e-08
-0.120337 -8.08239e-08
-0.120247 -8.08159e-08
-0.120157 -8.08535e-08
-0.120067 -8.10266e-08
-0.119977 -8.08387e-08
-0.119887 -8.06179e-08
-0.119797 -8.06881e-08
-0.119707 -8.08966e-08
-0.119617 -8.12142e-08
-0.119528 -8.15226e-08
-0.119438 -8.14961e-08
-0.119348 -8.15477e-08
-0.119258 -8.16867e-08
-0.119168 -8.17385e-08
-0.119078 -8.1787e-08
-0.118988 -8.17242e-08
-0.118898 -8.18505e-08
-0.118808 -8.18407e-08
-0.118718 -8.16784e-08
-0.118628 -8.14235e-08
-0.118539 -8.14161e-08
-0.118449 -8.12758e-08
-0.118359 -8.14126e-08
-0.118269 -8.14255e-08
-0.118179 -8.14704e-08
-0.118089 -8.14023e-08
-0.117999 -8.14142e-08
-0.117909 -8.13886e-08
-0.117819 -8.1447e-08
-0.117729 -8.15157e-08
-0.11764 -8.16778e-08
-0.11755 -8.16767e-08
-0.11746 -8.1656e-08
-0.11737 -8.17082e-08
-0.11728 -8.16942e-08
-0.11719 -8.16374e-08
-0.1171 -8.16517e-08
-0.11701 -8.15704e-08
-0.11692 -8.16505e-08
-0.11683 -8.17021e-08
-0.116741 -8.16058e-08
-0.116651 -8.17484e-08
-0.116561 -8.18348e-08
-0.116471 -8.19239e-08
-0.116381 -8.19145e-08
-0.116291 -8.18671e-08
-0.116201 -8.18279e-08
-0.116111 -8.18179e-08
-0.116021 -8.18983e-08
-0.115931 -8.2023e-08
-0.115841 -8.20025e-08
-0.115752 -8.223e-08
-0.115662 -8.22278e-08
-0.115572 -8.21321e-08
-0.115482 -8.21255e-08
-0.115392 -8.208e-08
-0.115302 -8.2068e-08
-0.115212 -8.21274e-08
-0.115122 -8.22181e-08
-0.115032 -8.22604e-08
-0.114942 -8.2233e-08
-0.114853 -8.22617e-08
-0.114763 -8.20804e-08
-0.114673 -8.20307e-08
-0.114583 -8.21217e-08
-0.114493 -8.21653e-08
-0.114403 -8.20674e-08
-0.114313 -8.20287e-08
-0.114223 -8.21328e-08
-0.114133 -8.21964e-08
-0.114043 -8.23194e-08
-0.113953 -8.23854e-08
-0.113864 -8.23293e-08
-0.113774 -8.23761e-08
-0.113684 -8.24698e-08
-0.113594 -8.24069e-08
-0.113504 -8.24726e-08
-0.113414 -8.24211e-08
-0.113324 -8.25325e-08
-0.113234 -8.25387e-08
-0.113144 -8.24752e-08
-0.113054 -8.23687e-08
-0.112965 -8.21917e-08
-0.112875 -8.22745e-08
-0.112785 -8.23371e-08
-0.112695 -8.23503e-08
-0.112605 -8.25037e-08
-0.112515 -8.26236e-08
-0.112425 -8.24611e-08
-0.112335 -8.26673e-08
-0.112245 -8.26747e-08
-0.112155 -8.27291e-08
-0.112065 -8.2795e-08
-0.111976 -8.28371e-08
-0.111886 -8.28146e-08
-0.111796 -8.27788e-08
-0.111706 -8.28591e-08
-0.111616 -8.2768e-08
-0.111526 -8.25692e-08
-0.111436 -8.2491e-08
-0.111346 -8.25367e-08
-0.111256 -8.23625e-08
-0.111166 -8.23379e-08
-0.111077 -8.23179e-08
-0.110987 -8.23696e-08
-0.110897 -8.23185e-08
-0.110807 -8.23794e-08
-0.110717 -8.2263e-08
-0.110627 -8.23432e-08
-0.110537 -8.24466e-08
-0.110447 -8.25922e-08
-0.110357 -8.25765e-08
-0.110267 -8.25813e-08
-0.110178 -8.26111e-08
-0.110088 -8.27623e-08
-0.109998 -8.27128e-08
-0.109908 -8.27344e-08
-0.109818 -8.2877e-08
-0.109728 -8.28557e-08
-0.109638 -8.28435e-08
-0.109548 -8.28877e-08
-0.109458 -8.2806e-08
-0.109368 -8.28886e-08
-0.109278 -8.30264e-08
-0.109189 -8.29656e-08
-0.109099 -8.29305e-08
-0.109009 -8.27632e-08
-0.108919 -8.26414e-08
-0.108829 -8.25659e-08
-0.108739 -8.24577e-08
-0.108649 -8.24603e-08
-0.108559 -8.23491e-08
-0.108469 -8.23033e-08
-0.108379 -8.21942e-08
-0.10829 -8.20603e-08
-0.1082 -8.20517e-08
-0.10811 -8.2003e-08
-0.10802 -8.2016e-08
-0.10793 -8.20862e-08
-0.10784 -8.21943e-08
-0.10775 -8.21528e-08
-0.10766 -8.21351e-08
-0.10757 -8.20955e-08
-0.10748 -8.21536e-08
-0.10739 -8.20868e-08
-0.107301 -8.21288e-08
-0.107211 -8.20215e-08
-0.107121 -8.18405e-08
-0.107031 -8.18664e-08
-0.106941 -8.17317e-08
-0.106851 -8.16437e-08
-0.106761 -8.1616e-08
-0.106671 -8.15429e-08
-0.106581 -8.15676e-08
-0.106491 -8.1573e-08
-0.106402 -8.15185e-08
-0.106312 -8.15233e-08
-0.106222 -8.14829e-08
-0.106132 -8.15011e-08
-0.106042 -8.15688e-08
-0.105952 -8.16156e-08
-0.105862 -8.17295e-08
-0.105772 -8.16955e-08
-0.105682 -8.17038e-08
-0.105592 -8.17404e-08
-0.105502 -8.16799e-08
-0.105413 -8.16178e-08
-0.105323 -8.16283e-08
-0.105233 -8.16108e-08
-0.105143 -8.16046e-08
-0.105053 -8.15542e-08
-0.104963 -8.15137e-08
-0.104873 -8.13764e-08
-0.104783 -8.13441e-08
-0.104693 -8.12316e-08
-0.104603 -8.12256e-08
-0.104514 -8.11679e-08
-0.104424 -8.11126e-08
-0.104334 -8.10308e-08
-0.104244 -8.10386e-08
-0.104154 -8.09785e-08
-0.104064 -8.08727e-08
-0.103974 -8.08857e-08
-0.103884 -8.07486e-08
-0.103794 -8.07375e-08
-0.103704 -8.06818e-08
-0.103614 -8.06663e-08
-0.103525 -8.05639e-08
-0.103435 -8.05269e-08
-0.103345 -8.04804e-08
-0.103255 -8.04621e-08
-0.103165 -8.04488e-08
-0.103075 -8.05409e-08
-0.102985 -8.05992e-08
-0.102895 -8.06825e-08
-0.102805 -8.07469e-08
-0.102715 -8.07226e-08
-0.102626 -8.08131e-08
-0.102536 -8.08591e-08
-0.102446 -8.08294e-08
-0.102356 -8.08236e-08
-0.102266 -8.08551e-08
-0.102176 -8.08071e-08
-0.102086 -8.07166e-08
-0.101996 -8.06751e-08
-0.101906 -8.05265e-08
-0.101816 -8.03651e-08
-0.101727 -8.02751e-08
-0.101637 -8.01664e-08
-0.101547 -8.00231e-08
-0.101457 -7.99382e-08
-0.101367 -7.98395e-08
-0.101277 -7.98018e-08
-0.101187 -7.97494e-08
-0.101097 -7.96513e-08
-0.101007 -7.95855e-08
-0.100917 -7.94758e-08
-0.100827 -7.94812e-08
-0.100738 -7.93759e-08
-0.100648 -7.93321e-08
-0.100558 -7.93161e-08
-0.100468 -7.92185e-08
-0.100378 -7.926e-08
-0.100288 -7.92657e-08
-0.100198 -7.91909e-08
-0.100108 -7.92996e-08
-0.100018 -7.92899e-08
-0.0999284 -7.93955e-08
-0.0998385 -7.95133e-08
-0.0997486 -7.95169e-08
-0.0996587 -7.95752e-08
-0.0995688 -7.96249e-08
-0.0994789 -7.96282e-08
-0.099389 -7.97615e-08
-0.0992991 -7.97236e-08
-0.0992092 -7.9822e-08
-0.0991193 -7.98055e-08
-0.0990294 -7.98414e-08
-0.0989395 -7.97873e-08
-0.0988496 -7.96966e-08
-0.0987597 -7.96019e-08
-0.0986698 -7.95705e-08
-0.0985799 -7.95892e-08
-0.09849 -7.96567e-08
-0.0984001 -7.96447e-08
-0.0983102 -7.95676e-08
-0.0982202 -7.95051e-08
-0.0981303 -7.94425e-08
-0.0980404 -7.93937e-08
-0.0979505 -7.92545e-08
-0.0978606 -7.92288e-08
-0.0977707 -7.91706e-08
-0.0976808 -7.92366e-08
-0.0975909 -7.91619e-08
-0.097501 -7.90958e-08
-0.0974111 -7.90132e-08
-0.0973212 -7.89604e-08
-0.0972313 -7.88386e-08
-0.0971414 -7.88346e-08
-0.0970515 -7.8836e-08
-0.0969616 -7.87831e-08
-0.0968717 -7.87897e-08
-0.0967818 -7.87939e-08
-0.0966919 -7.86751e-08
-0.096602 -7.86295e-08
-0.0965121 -7.85972e-08
-0.0964222 -7.85006e-08
-0.0963323 -7.84521e-08
-0.0962424 -7.84023e-08
-0.0961525 -7.84487e-08
-0.0960626 -7.83126e-08
-0.0959726 -7.82342e-08
-0.0958827 -7.81483e-08
-0.0957928 -7.80881e-08
-0.0957029 -7.79999e-08
-0.095613 -7.79837e-08
-0.0955231 -7.79274e-08
-0.0954332 -7.78981e-08
-0.0953433 -7.77997e-08
-0.0952534 -7.77395e-08
-0.0951635 -7.76455e-08
-0.0950736 -7.75449e-08
-0.0949837 -7.75597e-08
-0.0948938 -7.75244e-08
-0.0948039 -7.75153e-08
-0.094714 -7.74666e-08
-0.0946241 -7.74094e-08
-0.0945342 -7.73517e-08
-0.0944443 -7.72856e-08
-0.0943544 -7.72079e-08
-0.0942645 -7.71874e-08
-0.0941746 -7.71447e-08
-0.0940847 -7.7161e-08
-0.0939948 -7.7046e-08
-0.0939049 -7.69107e-08
-0.0938149 -7.68654e-08
-0.093725 -7.68489e-08
-0.0936351 -7.68066e-08
-0.0935452 -7.67869e-08
-0.0934553 -7.67629e-08
-0.0933654 -7.66968e-08
-0.0932755 -7.65988e-08
-0.0931856 -7.65722e-08
-0.0930957 -7.647e-08
-0.0930058 -7.63389e-08
-0.0929159 -7.63199e-08
-0.092826 -7.62452e-08
-0.0927361 -7.61621e-08
-0.0926462 -7.61054e-08
-0.0925563 -7.60676e-08
-0.0924664 -7.59396e-08
-0.0923765 -7.58637e-08
-0.0922866 -7.58332e-08
-0.0921967 -7.58579e-08
-0.0921068 -7.58104e-08
-0.0920169 -7.58314e-08
-0.091927 -7.58267e-08
-0.0918371 -7.57849e-08
-0.0917472 -7.57735e-08
-0.0916572 -7.57729e-08
-0.0915673 -7.57565e-08
-0.0914774 -7.57633e-08
-0.0913875 -7.57151e-08
-0.0912976 -7.56685e-08
-0.0912077 -7.56555e-08
-0.0911178 -7.55881e-08
-0.0910279 -7.55146e-08
-0.090938 -7.54458e-08
-0.0908481 -7.53399e-08
-0.0907582 -7.53121e-08
-0.0906683 -7.52102e-08
-0.0905784 -7.50709e-08
-0.0904885 -7.4942e-08
-0.0903986 -7.47892e-08
-0.0903087 -7.47422e-08
-0.0902188 -7.46203e-08
-0.0901289 -7.45399e-08
-0.090039 -7.44302e-08
-0.0899491 -7.43119e-08
-0.0898592 -7.42449e-08
-0.0897693 -7.42553e-08
-0.0896794 -7.4143e-08
-0.0895895 -7.4053e-08
-0.0894995 -7.3963e-08
-0.0894096 -7.39169e-08
-0.0893197 -7.38989e-08
-0.0892298 -7.37449e-08
-0.0891399 -7.36806e-08
-0.08905 -7.35644e-08
-0.0889601 -7.35479e-08
-0.0888702 -7.34971e-08
-0.0887803 -7.34279e-08
-0.0886904 -7.33582e-08
-0.0886005 -7.3321e-08
-0.0885106 -7.32698e-08
-0.0884207 -7.32148e-08
-0.0883308 -7.3127e-08
-0.0882409 -7.31387e-08
-0.088151 -7.31576e-08
-0.0880611 -7.30877e-08
-0.0879712 -7.30416e-08
-0.0878813 -7.29807e-08
-0.0877914 -7.29334e-08
-0.0877015 -7.28582e-08
-0.0876116 -7.27837e-08
-0.0875217 -7.27179e-08
-0.0874318 -7.26948e-08
-0.0873418 -7.26036e-08
-0.0872519 -7.25108e-08
-0.087162 -7.24213e-08
-0.0870721 -7.23548e-08
-0.0869822 -7.23039e-08
-0.0868923 -7.22661e-08
-0.0868024 -7.21473e-08
-0.0867125 -7.20597e-08
-0.0866226 -7.19979e-08
-0.0865327 -7.19055e-08
-0.0864428 -7.18436e-08
-0.0863529 -7.17329e-08
-0.086263 -7.17105e-08
-0.0861731 -7.15887e-08
-0.0860832 -7.15467e-08
-0.0859933 -7.14337e-08
-0.0859034 -7.13703e-08
-0.0858135 -7.12399e-08
-0.0857236 -7.11999e-08
-0.0856337 -7.11091e-08
-0.0855438 -7.0995e-08
-0.0854539 -7.09027e-08
-0.085364 -7.07993e-08
-0.0852741 -7.07221e-08
-0.0851841 -7.06655e-08
-0.0850942 -7.05737e-08
-0.0850043 -7.05035e-08
-0.0849144 -7.04489e-08
-0.0848245 -7.04085e-08
-0.0847346 -7.03663e-08
-0.0846447 -7.03055e-08
-0.0845548 -7.0254e-08
-0.0844649 -7.01937e-08
-0.084375 -7.01052e-08
-0.0842851 -7.0028e-08
-0.0841952 -6.99013e-08
-0.0841053 -6.9855e-08
-0.0840154 -6.97701e-08
-0.0839255 -6.96534e-08
-0.0838356 -6.95029e-08
-0.0837457 -6.93649e-08
-0.0836558 -6.92313e-08
-0.0835659 -6.91153e-08
-0.083476 -6.90003e-08
-0.0833861 -6.88719e-08
-0.0832962 -6.87424e-08
-0.0832063 -6.86174e-08
-0.0831164 -6.85284e-08
-0.0830264 -6.84551e-08
-0.0829365 -6.83707e-08
-0.0828466 -6.8317e-08
-0.0827567 -6.82384e-08
-0.0826668 -6.81491e-08
-0.0825769 -6.80463e-08
-0.082487 -6.79891e-08
-0.0823971 -6.79709e-08
-0.0823072 -6.79363e-08
-0.0822173 -6.79072e-08
-0.0821274 -6.78657e-08
-0.0820375 -6.77821e-08
-0.0819476 -6.76944e-08
-0.0818577 -6.76197e-08
-0.0817678 -6.75283e-08
-0.0816779 -6.7441e-08
-0.081588 -6.73677e-08
-0.0814981 -6.72685e-08
-0.0814082 -6.71876e-08
-0.0813183 -6.71218e-08
-0.0812284 -6.70478e-08
-0.0811385 -6.69704e-08
-0.0810486 -6.69304e-08
-0.0809587 -6.68486e-08
-0.0808687 -6.67746e-08
-0.0807788 -6.66977e-08
-0.0806889 -6.66262e-08
-0.080599 -6.65603e-08
-0.0805091 -6.64855e-08
-0.0804192 -6.63869e-08
-0.0803293 -6.62947e-08
-0.0802394 -6.62148e-08
-0.0801495 -6.61333e-08
-0.0800596 -6.60676e-08
-0.0799697 -6.5973e-08
-0.0798798 -6.5859e-08
-0.0797899 -6.57984e-08
-0.0797 -6.56931e-08
-0.0796101 -6.56057e-08
-0.0795202 -6.54903e-08
-0.0794303 -6.54216e-08
-0.0793404 -6.53415e-08
-0.0792505 -6.5242e-08
-0.0791606 -6.50847e-08
-0.0790707 -6.49749e-08
-0.0789808 -6.48461e-08
-0.0788909 -6.46871e-08
-0.078801 -6.45698e-08
-0.078711 -6.44645e-08
-0.0786211 -6.43866e-08
-0.0785312 -6.42741e-08
-0.0784413 -6.41874e-08
-0.0783514 -6.40692e-08
-0.0782615 -6.40055e-08
-0.0781716 -6.38977e-08
-0.0780817 -6.38288e-08
-0.0779918 -6.37127e-08
-0.0779019 -6.35929e-08
-0.077812 -6.34974e-08
-0.0777221 -6.3399e-08
-0.0776322 -6.32982e-08
-0.0775423 -6.32553e-08
-0.0774524 -6.31519e-08
-0.0773625 -6.30362e-08
-0.0772726 -6.29426e-08
-0.0771827 -6.28426e-08
-0.0770928 -6.27542e-08
-0.0770029 -6.27053e-08
-0.076913 -6.26415e-08
-0.0768231 -6.25846e-08
-0.0767332 -6.25153e-08
-0.0766433 -6.24554e-08
-0.0765534 -6.23904e-08
-0.0764634 -6.23079e-08
-0.0763735 -6.22248e-08
-0.0762836 -6.21639e-08
-0.0761937 -6.20766e-08
-0.0761038 -6.19933e-08
-0.0760139 -6.19184e-08
-0.075924 -6.18071e-08
-0.0758341 -6.17116e-08
-0.0757442 -6.15915e-08
-0.0756543 -6.148e-08
-0.0755644 -6.13571e-08
-0.0754745 -6.12452e-08
-0.0753846 -6.11564e-08
-0.0752947 -6.10518e-08
-0.0752048 -6.09727e-08
-0.0751149 -6.08808e-08
-0.075025 -6.08026e-08
-0.0749351 -6.06735e-08
-0.0748452 -6.05712e-08
-0.0747553 -6.04757e-08
-0.0746654 -6.03665e-08
-0.0745755 -6.02593e-08
-0.0744856 -6.01523e-08
-0.0743957 -6.00357e-08
-0.0743057 -5.99236e-08
-0.0742158 -5.97981e-08
-0.0741259 -5.96911e-08
-0.074036 -5.95582e-08
-0.0739461 -5.94402e-08
-0.0738562 -5.93176e-08
-0.0737663 -5.92108e-08
-0.0736764 -5.90992e-08
-0.0735865 -5.89813e-08
-0.0734966 -5.88763e-08
-0.0734067 -5.87834e-08
-0.0733168 -5.86583e-08
-0.0732269 -5.85529e-08
-0.073137 -5.84459e-08
-0.0730471 -5.83588e-08
-0.0729572 -5.82639e-08
-0.0728673 -5.81843e-08
-0.0727774 -5.80565e-08
-0.0726875 -5.795e-08
-0.0725976 -5.78447e-08
-0.0725077 -5.776e-08
-0.0724178 -5.76555e-08
-0.0723279 -5.7549e-08
-0.072238 -5.74577e-08
-0.072148 -5.735e-08
-0.0720581 -5.72505e-08
-0.0719682 -5.71542e-08
-0.0718783 -5.70262e-08
-0.0717884 -5.69435e-08
-0.0716985 -5.68668e-08
-0.0716086 -5.67543e-08
-0.0715187 -5.66476e-08
-0.0714288 -5.65604e-08
-0.0713389 -5.64631e-08
-0.071249 -5.63337e-08
-0.0711591 -5.62164e-08
-0.0710692 -5.60951e-08
-0.0709793 -5.5976e-08
-0.0708894 -5.58794e-08
-0.0707995 -5.57879e-08
-0.0707096 -5.56947e-08
-0.0706197 -5.55957e-08
-0.0705298 -5.54875e-08
-0.0704399 -5.53923e-08
-0.07035 -5.52734e-08
-0.0702601 -5.51442e-08
-0.0701702 -5.50449e-08
-0.0700803 -5.49441e-08
-0.0699903 -5.48358e-08
-0.0699004 -5.47274e-08
-0.0698105 -5.46221e-08
-0.0697206 -5.45071e-08
-0.0696307 -5.43941e-08
-0.0695408 -5.42688e-08
-0.0694509 -5.41557e-08
-0.069361 -5.40753e-08
-0.0692711 -5.39684e-08
-0.0691812 -5.38668e-08
-0.0690913 -5.3766e-08
-0.0690014 -5.36618e-08
-0.0689115 -5.3546e-08
-0.0688216 -5.34086e-08
-0.0687317 -5.32678e-08
-0.0686418 -5.31399e-08
-0.0685519 -5.30201e-08
-0.068462 -5.29114e-08
-0.0683721 -5.27848e-08
-0.0682822 -5.26749e-08
-0.0681923 -5.25724e-08
-0.0681024 -5.24679e-08
-0.0680125 -5.23435e-08
-0.0679226 -5.22394e-08
-0.0678326 -5.21032e-08
-0.0677427 -5.19867e-08
-0.0676528 -5.18734e-08
-0.0675629 -5.17546e-08
-0.067473 -5.16363e-08
-0.0673831 -5.15274e-08
-0.0672932 -5.14327e-08
-0.0672033 -5.1335e-08
-0.0671134 -5.12334e-08
-0.0670235 -5.11289e-08
-0.0669336 -5.10317e-08
-0.0668437 -5.09309e-08
-0.0667538 -5.0806e-08
-0.0666639 -5.07126e-08
-0.066574 -5.06173e-08
-0.0664841 -5.0533e-08
-0.0663942 -5.04276e-08
-0.0663043 -5.03238e-08
-0.0662144 -5.021e-08
-0.0661245 -5.00867e-08
-0.0660346 -4.9988e-08
-0.0659447 -4.98745e-08
-0.0658548 -4.97469e-08
-0.0657649 -4.96441e-08
-0.0656749 -4.95344e-08
-0.065585 -4.94071e-08
-0.0654951 -4.92992e-08
-0.0654052 -4.91974e-08
-0.0653153 -4.90935e-08
-0.0652254 -4.8969e-08
-0.0651355 -4.88525e-08
-0.0650456 -4.87409e-08
-0.0649557 -4.86278e-08
-0.0648658 -4.8533e-08
-0.0647759 -4.84258e-08
-0.064686 -4.83115e-08
-0.0645961 -4.82109e-08
-0.0645062 -4.81167e-08
-0.0644163 -4.80207e-08
-0.0643264 -4.79098e-08
-0.0642365 -4.78007e-08
-0.0641466 -4.7684e-08
-0.0640567 -4.75866e-08
-0.0639668 -4.74869e-08
-0.0638769 -4.73917e-08
-0.063787 -4.73024e-08
-0.0636971 -4.71801e-08
-0.0636072 -4.70716e-08
-0.0635172 -4.69682e-08
-0.0634273 -4.68639e-08
-0.0633374 -4.67682e-08
-0.0632475 -4.66654e-08
-0.0631576 -4.65683e-08
-0.0630677 -4.64584e-08
-0.0629778 -4.63613e-08
-0.0628879 -4.6248e-08
-0.062798 -4.61566e-08
-0.0627081 -4.60524e-08
-0.0626182 -4.59364e-08
-0.0625283 -4.58266e-08
-0.0624384 -4.57273e-08
-0.0623485 -4.56143e-08
-0.0622586 -4.55146e-08
-0.0621687 -4.5426e-08
-0.0620788 -4.53352e-08
-0.0619889 -4.5226e-08
-0.061899 -4.51271e-08
-0.0618091 -4.5037e-08
-0.0617192 -4.49392e-08
-0.0616293 -4.48418e-08
-0.0615394 -4.47378e-08
-0.0614495 -4.46458e-08
-0.0613595 -4.45485e-08
-0.0612696 -4.44406e-08
-0.0611797 -4.43184e-08
-0.0610898 -4.42193e-08
-0.0609999 -4.4097e-08
-0.06091 -4.40056e-08
-0.0608201 -4.38954e-08
-0.0607302 -4.37853e-08
-0.0606403 -4.36885e-08
-0.0605504 -4.35866e-08
-0.0604605 -4.34721e-08
-0.0603706 -4.33465e-08
-0.0602807 -4.32372e-08
-0.0601908 -4.31266e-08
-0.0601009 -4.30107e-08
-0.060011 -4.28944e-08
-0.0599211 -4.27727e-08
-0.0598312 -4.2629e-08
-0.0597413 -4.25189e-08
-0.0596514 -4.23898e-08
-0.0595615 -4.2273e-08
-0.0594716 -4.217e-08
-0.0593817 -4.20669e-08
-0.0592918 -4.19666e-08
-0.0592018 -4.18742e-08
-0.0591119 -4.17827e-08
-0.059022 -4.16847e-08
-0.0589321 -4.15737e-08
-0.0588422 -4.14852e-08
-0.0587523 -4.13914e-08
-0.0586624 -4.12815e-08
-0.0585725 -4.11862e-08
-0.0584826 -4.11026e-08
-0.0583927 -4.10188e-08
-0.0583028 -4.09142e-08
-0.0582129 -4.08016e-08
-0.058123 -4.07207e-08
-0.0580331 -4.06252e-08
-0.0579432 -4.05343e-08
-0.0578533 -4.04272e-08
-0.0577634 -4.03391e-08
-0.0576735 -4.02418e-08
-0.0575836 -4.01326e-08
-0.0574937 -4.0047e-08
-0.0574038 -3.99494e-08
-0.0573139 -3.9841e-08
-0.057224 -3.97342e-08
-0.0571341 -3.96172e-08
-0.0570442 -3.95151e-08
-0.0569542 -3.94059e-08
-0.0568643 -3.92815e-08
-0.0567744 -3.91701e-08
-0.0566845 -3.90602e-08
-0.0565946 -3.89536e-08
-0.0565047 -3.88348e-08
-0.0564148 -3.87313e-08
-0.0563249 -3.86147e-08
-0.056235 -3.85047e-08
-0.0561451 -3.84104e-08
-0.0560552 -3.83109e-08
-0.0559653 -3.81971e-08
-0.0558754 -3.80949e-08
-0.0557855 -3.79861e-08
-0.0556956 -3.78803e-08
-0.0556057 -3.7765e-08
-0.0555158 -3.76566e-08
-0.0554259 -3.75588e-08
-0.055336 -3.74577e-08
-0.0552461 -3.73615e-08
-0.0551562 -3.72579e-08
-0.0550663 -3.71415e-08
-0.0549764 -3.70345e-08
-0.0548865 -3.69337e-08
-0.0547965 -3.68358e-08
-0.0547066 -3.6746e-08
-0.0546167 -3.66287e-08
-0.0545268 -3.65143e-08
-0.0544369 -3.64128e-08
-0.054347 -3.63219e-08
-0.0542571 -3.62286e-08
-0.0541672 -3.61383e-08
-0.0540773 -3.60395e-08
-0.0539874 -3.59313e-08
-0.0538975 -3.58261e-08
-0.0538076 -3.57169e-08
-0.0537177 -3.56159e-08
-0.0536278 -3.55122e-08
-0.0535379 -3.54109e-08
-0.053448 -3.53171e-08
-0.0533581 -3.52224e-08
-0.0532682 -3.51097e-08
-0.0531783 -3.50041e-08
-0.0530884 -3.49067e-08
-0.0529985 -3.47998e-08
-0.0529086 -3.47079e-08
-0.0528187 -3.45983e-08
-0.0527288 -3.45066e-08
-0.0526388 -3.44042e-08
-0.0525489 -3.43091e-08
-0.052459 -3.42119e-08
-0.0523691 -3.41092e-08
-0.0522792 -3.40012e-08
-0.0521893 -3.38901e-08
-0.0520994 -3.37895e-08
-0.0520095 -3.36869e-08
-0.0519196 -3.3585e-08
-0.0518297 -3.34835e-08
-0.0517398 -3.33847e-08
-0.0516499 -3.3289e-08
-0.05156 -3.31988e-08
-0.0514701 -3.31008e-08
-0.0513802 -3.30084e-08
-0.0512903 -3.2918e-08
-0.0512004 -3.28299e-08
-0.0511105 -3.2745e-08
-0.0510206 -3.26498e-08
-0.0509307 -3.2569e-08
-0.0508408 -3.2478e-08
-0.0507509 -3.23897e-08
-0.050661 -3.23041e-08
-0.0505711 -3.22189e-08
-0.0504811 -3.21359e-08
-0.0503912 -3.20466e-08
-0.0503013 -3.19609e-08
-0.0502114 -3.1875e-08
-0.0501215 -3.17825e-08
-0.0500316 -3.16889e-08
-0.0499417 -3.16006e-08
-0.0498518 -3.15156e-08
-0.0497619 -3.14252e-08
-0.049672 -3.13342e-08
-0.0495821 -3.12414e-08
-0.0494922 -3.11492e-08
-0.0494023 -3.10536e-08
-0.0493124 -3.09584e-08
-0.0492225 -3.08604e-08
-0.0491326 -3.07529e-08
-0.0490427 -3.06513e-08
-0.0489528 -3.05526e-08
-0.0488629 -3.04528e-08
-0.048773 -3.03562e-08
-0.0486831 -3.02609e-08
-0.0485932 -3.01641e-08
-0.0485033 -3.00725e-08
-0.0484134 -2.99745e-08
-0.0483234 -2.98785e-08
-0.0482335 -2.97682e-08
-0.0481436 -2.96762e-08
-0.0480537 -2.95816e-08
-0.0479638 -2.94912e-08
-0.0478739 -2.93981e-08
-0.047784 -2.93083e-08
-0.0476941 -2.9215e-08
-0.0476042 -2.91325e-08
-0.0475143 -2.90535e-08
-0.0474244 -2.8981e-08
-0.0473345 -2.88878e-08
-0.0472446 -2.87937e-08
-0.0471547 -2.87108e-08
-0.0470648 -2.86312e-08
-0.0469749 -2.856e-08
-0.046885 -2.84799e-08
-0.0467951 -2.83936e-08
-0.0467052 -2.83225e-08
-0.0466153 -2.82484e-08
-0.0465254 -2.81789e-08
-0.0464355 -2.81078e-08
-0.0463456 -2.80348e-08
-0.0462557 -2.79684e-08
-0.0461657 -2.79092e-08
-0.0460758 -2.78402e-08
-0.0459859 -2.77644e-08
-0.045896 -2.76891e-08
-0.0458061 -2.76242e-08
-0.0457162 -2.75419e-08
-0.0456263 -2.74688e-08
-0.0455364 -2.73919e-08
-0.0454465 -2.73195e-08
-0.0453566 -2.72532e-08
-0.0452667 -2.71823e-08
-0.0451768 -2.71143e-08
-0.0450869 -2.70381e-08
-0.044997 -2.6973e-08
-0.0449071 -2.68952e-08
-0.0448172 -2.68201e-08
-0.0447273 -2.67503e-08
-0.0446374 -2.66719e-08
-0.0445475 -2.6605e-08
-0.0444576 -2.65262e-08
-0.0443677 -2.64538e-08
-0.0442778 -2.63812e-08
-0.0441879 -2.6297e-08
-0.044098 -2.62169e-08
-0.044008 -2.61369e-08
-0.0439181 -2.60652e-08
-0.0438282 -2.59914e-08
-0.0437383 -2.59166e-08
-0.0436484 -2.58403e-08
-0.0435585 -2.57639e-08
-0.0434686 -2.56935e-08
-0.0433787 -2.56131e-08
-0.0432888 -2.55445e-08
-0.0431989 -2.54533e-08
-0.043109 -2.53737e-08
-0.0430191 -2.52928e-08
-0.0429292 -2.52159e-08
-0.0428393 -2.51416e-08
-0.0427494 -2.50681e-08
-0.0426595 -2.49974e-08
-0.0425696 -2.49156e-08
-0.0424797 -2.48321e-08
-0.0423898 -2.47488e-08
-0.0422999 -2.46698e-08
-0.04221 -2.45905e-08
-0.0421201 -2.45078e-08
-0.0420302 -2.4425e-08
-0.0419403 -2.43417e-08
-0.0418503 -2.42714e-08
-0.0417604 -2.41996e-08
-0.0416705 -2.41171e-08
-0.0415806 -2.4029e-08
-0.0414907 -2.3942e-08
-0.0414008 -2.38611e-08
-0.0413109 -2.37772e-08
-0.041221 -2.36985e-08
-0.0411311 -2.36122e-08
-0.0410412 -2.35234e-08
-0.0409513 -2.34331e-08
-0.0408614 -2.3349e-08
-0.0407715 -2.32666e-08
-0.0406816 -2.31856e-08
-0.0405917 -2.30929e-08
-0.0405018 -2.30028e-08
-0.0404119 -2.29164e-08
-0.040322 -2.28243e-08
-0.0402321 -2.27331e-08
-0.0401422 -2.26408e-08
-0.0400523 -2.25507e-08
-0.0399624 -2.24596e-08
-0.0398725 -2.23724e-08
-0.0397826 -2.22862e-08
-0.0396927 -2.2196e-08
-0.0396027 -2.2107e-08
-0.0395128 -2.20095e-08
-0.0394229 -2.19174e-08
-0.039333 -2.18226e-08
-0.0392431 -2.17331e-08
-0.0391532 -2.16435e-08
-0.0390633 -2.15529e-08
-0.0389734 -2.14648e-08
-0.0388835 -2.13784e-08
-0.0387936 -2.12911e-08
-0.0387037 -2.12044e-08
-0.0386138 -2.11186e-08
-0.0385239 -2.1029e-08
-0.038434 -2.09361e-08
-0.0383441 -2.08551e-08
-0.0382542 -2.07668e-08
-0.0381643 -2.06876e-08
-0.0380744 -2.06055e-08
-0.0379845 -2.05204e-08
-0.0378946 -2.0434e-08
-0.0378047 -2.03493e-08
-0.0377148 -2.02682e-08
-0.0376249 -2.0187e-08
-0.037535 -2.01046e-08
-0.037445 -2.00257e-08
-0.0373551 -1.99547e-08
-0.0372652 -1.98837e-08
-0.0371753 -1.98055e-08
-0.0370854 -1.97346e-08
-0.0369955 -1.96515e-08
-0.0369056 -1.95774e-08
-0.0368157 -1.95e-08
-0.0367258 -1.94318e-08
-0.0366359 -1.93667e-08
-0.036546 -1.92939e-08
-0.0364561 -1.92223e-08
-0.0363662 -1.91551e-08
-0.0362763 -1.90868e-08
-0.0361864 -1.90299e-08
-0.0360965 -1.89686e-08
-0.0360066 -1.88984e-08
-0.0359167 -1.88319e-08
-0.0358268 -1.87709e-08
-0.0357369 -1.87075e-08
-0.035647 -1.86504e-08
-0.0355571 -1.85929e-08
-0.0354672 -1.8533e-08
-0.0353773 -1.84744e-08
-0.0352873 -1.84116e-08
-0.0351974 -1.83515e-08
-0.0351075 -1.82963e-08
-0.0350176 -1.8236e-08
-0.0349277 -1.81783e-08
-0.0348378 -1.8124e-08
-0.0347479 -1.80631e-08
-0.034658 -1.80003e-08
-0.0345681 -1.79371e-08
-0.0344782 -1.78754e-08
-0.0343883 -1.78185e-08
-0.0342984 -1.77646e-08
-0.0342085 -1.7709e-08
-0.0341186 -1.76528e-08
-0.0340287 -1.75968e-08
-0.0339388 -1.75432e-08
-0.0338489 -1.74817e-08
-0.033759 -1.74244e-08
-0.0336691 -1.7371e-08
-0.0335792 -1.73128e-08
-0.0334893 -1.72468e-08
-0.0333994 -1.71873e-08
-0.0333095 -1.71304e-08
-0.0332196 -1.70796e-08
-0.0331296 -1.70279e-08
-0.0330397 -1.69725e-08
-0.0329498 -1.69126e-08
-0.0328599 -1.68575e-08
-0.03277 -1.67944e-08
-0.0326801 -1.67388e-08
-0.0325902 -1.6682e-08
-0.0325003 -1.66285e-08
-0.0324104 -1.65767e-08
-0.0323205 -1.65243e-08
-0.0322306 -1.64682e-08
-0.0321407 -1.64145e-08
-0.0320508 -1.63671e-08
-0.0319609 -1.63063e-08
-0.031871 -1.62553e-08
-0.0317811 -1.62055e-08
-0.0316912 -1.61575e-08
-0.0316013 -1.61029e-08
-0.0315114 -1.60442e-08
-0.0314215 -1.60031e-08
-0.0313316 -1.59524e-08
-0.0312417 -1.59009e-08
-0.0311518 -1.58461e-08
-0.0310619 -1.5796e-08
-0.0309719 -1.57438e-08
-0.030882 -1.5693e-08
-0.0307921 -1.56481e-08
-0.0307022 -1.56016e-08
-0.0306123 -1.55537e-08
-0.0305224 -1.54973e-08
-0.0304325 -1.54505e-08
-0.0303426 -1.54087e-08
-0.0302527 -1.53578e-08
-0.0301628 -1.53117e-08
-0.0300729 -1.52632e-08
-0.029983 -1.52096e-08
-0.0298931 -1.51596e-08
-0.0298032 -1.51145e-08
-0.0297133 -1.5066e-08
-0.0296234 -1.50208e-08
-0.0295335 -1.49688e-08
-0.0294436 -1.49122e-08
-0.0293537 -1.48618e-08
-0.0292638 -1.48078e-08
-0.0291739 -1.47542e-08
-0.029084 -1.47079e-08
-0.0289941 -1.46537e-08
-0.0289042 -1.45954e-08
-0.0288142 -1.45456e-08
-0.0287243 -1.44977e-08
-0.0286344 -1.44467e-08
-0.0285445 -1.4395e-08
-0.0284546 -1.43373e-08
-0.0283647 -1.42792e-08
-0.0282748 -1.42257e-08
-0.0281849 -1.41715e-08
-0.028095 -1.41126e-08
-0.0280051 -1.40582e-08
-0.0279152 -1.39923e-08
-0.0278253 -1.39323e-08
-0.0277354 -1.38753e-08
-0.0276455 -1.3819e-08
-0.0275556 -1.37627e-08
-0.0274657 -1.37019e-08
-0.0273758 -1.36425e-08
-0.0272859 -1.35844e-08
-0.027196 -1.35289e-08
-0.0271061 -1.34687e-08
-0.0270162 -1.34079e-08
-0.0269263 -1.33515e-08
-0.0268364 -1.32887e-08
-0.0267465 -1.32282e-08
-0.0266565 -1.31694e-08
-0.0265666 -1.31088e-08
-0.0264767 -1.30497e-08
-0.0263868 -1.29906e-08
-0.0262969 -1.29311e-08
-0.026207 -1.28792e-08
-0.0261171 -1.28143e-08
-0.0260272 -1.27562e-08
-0.0259373 -1.26968e-08
-0.0258474 -1.26383e-08
-0.0257575 -1.2579e-08
-0.0256676 -1.25239e-08
-0.0255777 -1.24645e-08
-0.0254878 -1.24038e-08
-0.0253979 -1.2352e-08
-0.025308 -1.22959e-08
-0.0252181 -1.22451e-08
-0.0251282 -1.21956e-08
-0.0250383 -1.21459e-08
-0.0249484 -1.20894e-08
-0.0248585 -1.20345e-08
-0.0247686 -1.19759e-08
-0.0246787 -1.19253e-08
-0.0245888 -1.18743e-08
-0.0244988 -1.18154e-08
-0.0244089 -1.17682e-08
-0.024319 -1.1722e-08
-0.0242291 -1.16703e-08
-0.0241392 -1.16216e-08
-0.0240493 -1.15758e-08
-0.0239594 -1.1532e-08
-0.0238695 -1.14802e-08
-0.0237796 -1.1438e-08
-0.0236897 -1.13853e-08
-0.0235998 -1.13476e-08
-0.0235099 -1.13033e-08
-0.02342 -1.12555e-08
-0.0233301 -1.1213e-08
-0.0232402 -1.1171e-08
-0.0231503 -1.11239e-08
-0.0230604 -1.10812e-08
-0.0229705 -1.10414e-08
-0.0228806 -1.09988e-08
-0.0227907 -1.09568e-08
-0.0227008 -1.09145e-08
-0.0226109 -1.08696e-08
-0.022521 -1.08349e-08
-0.0224311 -1.07951e-08
-0.0223411 -1.07527e-08
-0.0222512 -1.07088e-08
-0.0221613 -1.06685e-08
-0.0220714 -1.0627e-08
-0.0219815 -1.05869e-08
-0.0218916 -1.0545e-08
-0.0218017 -1.05021e-08
-0.0217118 -1.04567e-08
-0.0216219 -1.04066e-08
-0.021532 -1.03638e-08
-0.0214421 -1.03296e-08
-0.0213522 -1.02861e-08
-0.0212623 -1.02401e-08
-0.0211724 -1.01925e-08
-0.0210825 -1.01469e-08
-0.0209926 -1.01018e-08
-0.0209027 -1.00465e-08
-0.0208128 -9.99554e-09
-0.0207229 -9.94592e-09
-0.020633 -9.89496e-09
-0.0205431 -9.84005e-09
-0.0204532 -9.79264e-09
-0.0203633 -9.75259e-09
-0.0202734 -9.70203e-09
-0.0201835 -9.65614e-09
-0.0200935 -9.60824e-09
-0.0200036 -9.55792e-09
-0.0199137 -9.50436e-09
-0.0198238 -9.44841e-09
-0.0197339 -9.39238e-09
-0.019644 -9.33838e-09
-0.0195541 -9.28835e-09
-0.0194642 -9.23271e-09
-0.0193743 -9.1824e-09
-0.0192844 -9.1285e-09
-0.0191945 -9.07852e-09
-0.0191046 -9.03305e-09
-0.0190147 -8.98683e-09
-0.0189248 -8.93654e-09
-0.0188349 -8.8822e-09
-0.018745 -8.83296e-09
-0.0186551 -8.78e-09
-0.0185652 -8.72943e-09
-0.0184753 -8.67851e-09
-0.0183854 -8.63035e-09
-0.0182955 -8.58117e-09
-0.0182056 -8.52777e-09
-0.0181157 -8.47952e-09
-0.0180258 -8.42483e-09
-0.0179358 -8.38152e-09
-0.0178459 -8.33721e-09
-0.017756 -8.28911e-09
-0.0176661 -8.24037e-09
-0.0175762 -8.19552e-09
-0.0174863 -8.14782e-09
-0.0173964 -8.10448e-09
-0.0173065 -8.06177e-09
-0.0172166 -8.0144e-09
-0.0171267 -7.96866e-09
-0.0170368 -7.92279e-09
-0.0169469 -7.87452e-09
-0.016857 -7.83417e-09
-0.0167671 -7.79771e-09
-0.0166772 -7.75656e-09
-0.0165873 -7.71575e-09
-0.0164974 -7.67402e-09
-0.0164075 -7.63569e-09
-0.0163176 -7.59882e-09
-0.0162277 -7.55273e-09
-0.0161378 -7.51382e-09
-0.0160479 -7.46915e-09
-0.015958 -7.4259e-09
-0.0158681 -7.3808e-09
-0.0157781 -7.34114e-09
-0.0156882 -7.30069e-09
-0.0155983 -7.26416e-09
-0.0155084 -7.22633e-09
-0.0154185 -7.18413e-09
-0.0153286 -7.15199e-09
-0.0152387 -7.11024e-09
-0.0151488 -7.06967e-09
-0.0150589 -7.03148e-09
-0.014969 -6.98384e-09
-0.0148791 -6.93766e-09
-0.0147892 -6.89378e-09
-0.0146993 -6.8476e-09
-0.0146094 -6.80345e-09
-0.0145195 -6.76474e-09
-0.0144296 -6.72571e-09
-0.0143397 -6.68548e-09
-0.0142498 -6.64398e-09
-0.0141599 -6.60711e-09
-0.01407 -6.56554e-09
-0.0139801 -6.51583e-09
-0.0138902 -6.46666e-09
-0.0138003 -6.41896e-09
-0.0137104 -6.37075e-09
-0.0136204 -6.32578e-09
-0.0135305 -6.2794e-09
-0.0134406 -6.23511e-09
-0.0133507 -6.1942e-09
-0.0132608 -6.14778e-09
-0.0131709 -6.10395e-09
-0.013081 -6.06444e-09
-0.0129911 -6.01298e-09
-0.0129012 -5.96293e-09
-0.0128113 -5.91882e-09
-0.0127214 -5.86987e-09
-0.0126315 -5.82176e-09
-0.0125416 -5.78033e-09
-0.0124517 -5.72639e-09
-0.0123618 -5.67954e-09
-0.0122719 -5.63191e-09
-0.012182 -5.5876e-09
-0.0120921 -5.53999e-09
-0.0120022 -5.49126e-09
-0.0119123 -5.43916e-09
-0.0118224 -5.39241e-09
-0.0117325 -5.34923e-09
-0.0116426 -5.30513e-09
-0.0115527 -5.25453e-09
-0.0114627 -5.20968e-09
-0.0113728 -5.15507e-09
-0.0112829 -5.10599e-09
-0.011193 -5.05825e-09
-0.0111031 -5.00889e-09
-0.0110132 -4.95266e-09
-0.0109233 -4.899e-09
-0.0108334 -4.84828e-09
-0.0107435 -4.79391e-09
-0.0106536 -4.7469e-09
-0.0105637 -4.70017e-09
-0.0104738 -4.64397e-09
-0.0103839 -4.59722e-09
-0.010294 -4.54256e-09
-0.0102041 -4.49475e-09
-0.0101142 -4.44257e-09
-0.0100243 -4.38564e-09
-0.00993438 -4.32979e-09
-0.00984447 -4.27385e-09
-0.00975457 -4.22675e-09
-0.00966466 -4.17259e-09
-0.00957476 -4.12304e-09
-0.00948486 -4.06929e-09
-0.00939495 -4.016e-09
-0.00930505 -3.96719e-09
-0.00921514 -3.91665e-09
-0.00912524 -3.87384e-09
-0.00903534 -3.81651e-09
-0.00894543 -3.7666e-09
-0.00885553 -3.71533e-09
-0.00876562 -3.66442e-09
-0.00867572 -3.61936e-09
-0.00858582 -3.56388e-09
-0.00849591 -3.51305e-09
-0.00840601 -3.46406e-09
-0.0083161 -3.41803e-09
-0.0082262 -3.37168e-09
-0.00813629 -3.32328e-09
-0.00804639 -3.27793e-09
-0.00795649 -3.2271e-09
-0.00786658 -3.17944e-09
-0.00777668 -3.13236e-09
-0.00768677 -3.0838e-09
-0.00759687 -3.03894e-09
-0.00750697 -2.98915e-09
-0.00741706 -2.94431e-09
-0.00732716 -2.9025e-09
-0.00723725 -2.85909e-09
-0.00714735 -2.81567e-09
-0.00705744 -2.77052e-09
-0.00696754 -2.72876e-09
-0.00687764 -2.67888e-09
-0.00678773 -2.63094e-09
-0.00669783 -2.58553e-09
-0.00660792 -2.54166e-09
-0.00651802 -2.49975e-09
-0.00642812 -2.45835e-09
-0.00633821 -2.41911e-09
-0.00624831 -2.37795e-09
-0.0061584 -2.334e-09
-0.0060685 -2.29224e-09
-0.00597859 -2.2513e-09
-0.00588869 -2.20602e-09
-0.00579879 -2.15991e-09
-0.00570888 -2.11548e-09
-0.00561898 -2.07328e-09
-0.00552907 -2.03657e-09
-0.00543917 -1.99777e-09
-0.00534927 -1.95796e-09
-0.00525936 -1.91749e-09
-0.00516946 -1.8788e-09
-0.00507955 -1.83564e-09
-0.00498965 -1.79835e-09
-0.00489975 -1.7585e-09
-0.00480984 -1.71975e-09
-0.00471994 -1.67766e-09
-0.00463003 -1.63926e-09
-0.00454013 -1.6007e-09
-0.00445022 -1.5685e-09
-0.00436032 -1.5302e-09
-0.00427042 -1.48844e-09
-0.00418051 -1.45194e-09
-0.00409061 -1.41497e-09
-0.0040007 -1.37857e-09
-0.0039108 -1.33937e-09
-0.0038209 -1.30033e-09
-0.00373099 -1.2698e-09
-0.00364109 -1.22947e-09
-0.00355118 -1.19487e-09
-0.00346128 -1.15985e-09
-0.00337137 -1.13143e-09
-0.00328147 -1.09269e-09
-0.00319157 -1.05856e-09
-0.00310166 -1.02479e-09
-0.00301176 -9.90247e-10
-0.00292185 -9.5555e-10
-0.00283195 -9.16827e-10
-0.00274205 -8.80471e-10
-0.00265214 -8.53464e-10
-0.00256224 -8.17655e-10
-0.00247233 -7.85846e-10
-0.00238243 -7.53737e-10
-0.00229252 -7.20316e-10
-0.00220262 -6.87961e-10
-0.00211272 -6.60049e-10
-0.00202281 -6.24916e-10
-0.00193291 -5.92282e-10
-0.001843 -5.58797e-10
-0.0017531 -5.26404e-10
-0.0016632 -4.92514e-10
-0.00157329 -4.69109e-10
-0.00148339 -4.3865e-10
-0.00139348 -4.07485e-10
-0.00130358 -3.75437e-10
-0.00121368 -3.45162e-10
-0.00112377 -3.19549e-10
-0.00103387 -2.90285e-10
-0.000943963 -2.59556e-10
-0.000854059 -2.34411e-10
-0.000764154 -2.09893e-10
-0.00067425 -1.86946e-10
-0.000584346 -1.63789e-10
-0.000494442 -1.46387e-10
-0.000404538 -1.18449e-10
-0.000314634 -9.25088e-11
-0.00022473 -6.62955e-11
-0.000134825 -4.32618e-11
-4.49212e-05 -2.08145e-11
4.49829e-05 0
0.000134887 1.88691e-11
0.000224791 3.57373e-11
0.000314695 5.07733e-11
0.0004046 6.47998e-11
0.000494504 7.6121e-11
0.000584408 9.51235e-11
0.000674312 1.14075e-10
0.000764216 1.32206e-10
0.00085412 1.50154e-10
0.000944024 1.65193e-10
0.00103393 1.76973e-10
0.00112383 1.86476e-10
0.00121374 2.0196e-10
0.00130364 2.1138e-10
0.00139355 2.18793e-10
0.00148345 2.26454e-10
0.00157335 2.35141e-10
0.00166326 2.51442e-10
0.00175316 2.59763e-10
0.00184307 2.71501e-10
0.00193297 2.8065e-10
0.00202287 2.88073e-10
0.00211278 2.93585e-10
0.00220268 3.04022e-10
0.00229259 3.15652e-10
0.00238249 3.21638e-10
0.00247239 3.29665e-10
0.0025623 3.36497e-10
0.0026522 3.41432e-10
0.00274211 3.5508e-10
0.00283201 3.6048e-10
0.00292192 3.64081e-10
0.00301182 3.69001e-10
0.00310172 3.75681e-10
0.00319163 3.82587e-10
0.00328153 3.90619e-10
0.00337144 3.96281e-10
0.00346134 4.06506e-10
0.00355124 4.13309e-10
0.00364115 4.17229e-10
0.00373105 4.183e-10
0.00382096 4.29446e-10
0.00391086 4.31211e-10
0.00400077 4.31567e-10
0.00409067 4.35354e-10
0.00418057 4.39145e-10
0.00427048 4.42824e-10
0.00436038 4.42543e-10
0.00445029 4.46333e-10
0.00454019 4.55597e-10
0.00463009 4.57296e-10
0.00472 4.57362e-10
0.0048099 4.55916e-10
0.00489981 4.59206e-10
0.00498971 4.56618e-10
0.00507962 4.56247e-10
0.00516952 4.52743e-10
0.00525942 4.53197e-10
0.00534933 4.5056e-10
0.00543923 4.49053e-10
0.00552914 4.49762e-10
0.00561904 4.5226e-10
0.00570894 4.50318e-10
0.00579885 4.43863e-10
0.00588875 4.39978e-10
0.00597866 4.34599e-10
0.00606856 4.33215e-10
0.00615846 4.31081e-10
0.00624837 4.26584e-10
0.00633827 4.25346e-10
0.00642818 4.24114e-10
0.00651808 4.24161e-10
0.00660799 4.24569e-10
0.00669789 4.21877e-10
0.00678779 4.17233e-10
0.0068777 4.08585e-10
0.0069676 4.01162e-10
0.00705751 3.99349e-10
0.00714741 3.94522e-10
0.00723731 3.924e-10
0.00732722 3.90464e-10
0.00741712 3.9085e-10
0.00750703 3.88883e-10
0.00759693 3.84942e-10
0.00768684 3.82321e-10
0.00777674 3.75715e-10
0.00786664 3.73147e-10
0.00795655 3.668e-10
0.00804645 3.60178e-10
0.00813636 3.57751e-10
0.00822626 3.52235e-10
0.00831616 3.4829e-10
0.00840607 3.46165e-10
0.00849597 3.42967e-10
0.00858588 3.35426e-10
0.00867578 3.27728e-10
0.00876569 3.27573e-10
0.00885559 3.20252e-10
0.00894549 3.17279e-10
0.0090354 3.10874e-10
0.0091253 2.97428e-10
0.00921521 2.93753e-10
0.00930511 2.85535e-10
0.00939501 2.77055e-10
0.00948492 2.66239e-10
0.00957482 2.54866e-10
0.00966473 2.45818e-10
0.00975463 2.34144e-10
0.00984453 2.30502e-10
0.00993444 2.16114e-10
0.0100243 2.04963e-10
0.0101142 1.86501e-10
0.0102042 1.71796e-10
0.0102941 1.65564e-10
0.010384 1.50687e-10
0.0104739 1.38059e-10
0.0105638 1.16212e-10
0.0106537 1.04432e-10
0.0107436 9.05793e-11
0.0108335 7.26755e-11
0.0109234 5.86204e-11
0.0110133 3.85808e-11
0.0111032 1.46649e-11
0.0111931 -6.15889e-12
0.011283 -2.18e-11
0.0113729 -4.19263e-11
0.0114628 -6.33181e-11
0.0115527 -8.20497e-11
0.0116426 -1.09432e-10
0.0117325 -1.24882e-10
0.0118224 -1.46603e-10
0.0119123 -1.71702e-10
0.0120022 -1.95848e-10
0.0120921 -2.23457e-10
0.012182 -2.52976e-10
0.0122719 -2.75905e-10
0.0123619 -3.00707e-10
0.0124518 -3.27707e-10
0.0125417 -3.58964e-10
0.0126316 -3.81589e-10
0.0127215 -4.12922e-10
0.0128114 -4.39736e-10
0.0129013 -4.63274e-10
0.0129912 -4.9272e-10
0.0130811 -5.25404e-10
0.013171 -5.51625e-10
0.0132609 -5.82027e-10
0.0133508 -6.10783e-10
0.0134407 -6.39036e-10
0.0135306 -6.6982e-10
0.0136205 -7.01167e-10
0.0137104 -7.27101e-10
0.0138003 -7.60453e-10
0.0138902 -7.876e-10
0.0139801 -8.15613e-10
0.01407 -8.482e-10
0.0141599 -8.76378e-10
0.0142498 -8.97088e-10
0.0143397 -9.26536e-10
0.0144296 -9.52063e-10
0.0145196 -9.76916e-10
0.0146095 -1.00594e-09
0.0146994 -1.03524e-09
0.0147893 -1.06743e-09
0.0148792 -1.09478e-09
0.0149691 -1.12063e-09
0.015059 -1.14795e-09
0.0151489 -1.17108e-09
0.0152388 -1.19723e-09
0.0153287 -1.22218e-09
0.0154186 -1.24208e-09
0.0155085 -1.26798e-09
0.0155984 -1.293e-09
0.0156883 -1.31869e-09
0.0157782 -1.34921e-09
0.0158681 -1.37825e-09
0.015958 -1.40546e-09
0.0160479 -1.43093e-09
0.0161378 -1.45643e-09
0.0162277 -1.47611e-09
0.0163176 -1.5084e-09
0.0164075 -1.52872e-09
0.0164974 -1.54754e-09
0.0165873 -1.57335e-09
0.0166773 -1.59558e-09
0.0167672 -1.62046e-09
0.0168571 -1.6419e-09
0.016947 -1.66638e-09
0.0170369 -1.69138e-09
0.0171268 -1.71758e-09
0.0172167 -1.74071e-09
0.0173066 -1.76199e-09
0.0173965 -1.78446e-09
0.0174864 -1.80088e-09
0.0175763 -1.82287e-09
0.0176662 -1.83846e-09
0.0177561 -1.8631e-09
0.017846 -1.8846e-09
0.0179359 -1.90047e-09
0.0180258 -1.91744e-09
0.0181157 -1.94322e-09
0.0182056 -1.962e-09
0.0182955 -1.98301e-09
0.0183854 -1.99699e-09
0.0184753 -2.01139e-09
0.0185652 -2.02897e-09
0.0186551 -2.0476e-09
0.018745 -2.06773e-09
0.0188349 -2.08623e-09
0.0189249 -2.1074e-09
0.0190148 -2.1241e-09
0.0191047 -2.13668e-09
0.0191946 -2.15378e-09
0.0192845 -2.17039e-09
0.0193744 -2.19164e-09
0.0194643 -2.20526e-09
0.0195542 -2.22386e-09
0.0196441 -2.23816e-09
0.019734 -2.25645e-09
0.0198239 -2.2768e-09
0.0199138 -2.29497e-09
0.0200037 -2.31628e-09
0.0200936 -2.33417e-09
0.0201835 -2.3465e-09
0.0202734 -2.3576e-09
0.0203633 -2.37593e-09
0.0204532 -2.39043e-09
0.0205431 -2.40951e-09
0.020633 -2.43506e-09
0.0207229 -2.45208e-09
0.0208128 -2.47454e-09
0.0209027 -2.49494e-09
0.0209926 -2.52396e-09
0.0210826 -2.54518e-09
0.0211725 -2.56685e-09
0.0212624 -2.58654e-09
0.0213523 -2.60935e-09
0.0214422 -2.63288e-09
0.0215321 -2.64942e-09
0.021622 -2.67803e-09
0.0217119 -2.71255e-09
0.0218018 -2.73885e-09
0.0218917 -2.7622e-09
0.0219816 -2.7863e-09
0.0220715 -2.81601e-09
0.0221614 -2.84059e-09
0.0222513 -2.86859e-09
0.0223412 -2.89838e-09
0.0224311 -2.93116e-09
0.022521 -2.96072e-09
0.0226109 -2.99027e-09
0.0227008 -3.02603e-09
0.0227907 -3.0607e-09
0.0228806 -3.08915e-09
0.0229705 -3.11814e-09
0.0230604 -3.14602e-09
0.0231503 -3.17613e-09
0.0232403 -3.21022e-09
0.0233302 -3.24234e-09
0.0234201 -3.27691e-09
0.02351 -3.31415e-09
0.0235999 -3.34676e-09
0.0236898 -3.37638e-09
0.0237797 -3.41426e-09
0.0238696 -3.44297e-09
0.0239595 -3.48109e-09
0.0240494 -3.51299e-09
0.0241393 -3.54458e-09
0.0242292 -3.57768e-09
0.0243191 -3.61384e-09
0.024409 -3.64518e-09
0.0244989 -3.67867e-09
0.0245888 -3.71955e-09
0.0246787 -3.75054e-09
0.0247686 -3.7813e-09
0.0248585 -3.82006e-09
0.0249484 -3.8502e-09
0.0250383 -3.88907e-09
0.0251282 -3.915e-09
0.0252181 -3.9444e-09
0.025308 -3.97304e-09
0.025398 -4.00757e-09
0.0254879 -4.03369e-09
0.0255778 -4.06825e-09
0.0256677 -4.10465e-09
0.0257576 -4.13163e-09
0.0258475 -4.16824e-09
0.0259374 -4.2024e-09
0.0260273 -4.23571e-09
0.0261172 -4.26974e-09
0.0262071 -4.3055e-09
0.026297 -4.33255e-09
0.0263869 -4.36557e-09
0.0264768 -4.39927e-09
0.0265667 -4.43077e-09
0.0266566 -4.46957e-09
0.0267465 -4.49841e-09
0.0268364 -4.53329e-09
0.0269263 -4.56924e-09
0.0270162 -4.60072e-09
0.0271061 -4.63357e-09
0.027196 -4.66932e-09
0.0272859 -4.70267e-09
0.0273758 -4.73384e-09
0.0274657 -4.77195e-09
0.0275557 -4.81019e-09
0.0276456 -4.84734e-09
0.0277355 -4.88362e-09
0.0278254 -4.92086e-09
0.0279153 -4.96033e-09
0.0280052 -5.00368e-09
0.0280951 -5.03845e-09
0.028185 -5.07658e-09
0.0282749 -5.10647e-09
0.0283648 -5.13631e-09
0.0284547 -5.17622e-09
0.0285446 -5.21849e-09
0.0286345 -5.26022e-09
0.0287244 -5.29713e-09
0.0288143 -5.33674e-09
0.0289042 -5.37631e-09
0.0289941 -5.42081e-09
0.029084 -5.46498e-09
0.0291739 -5.50248e-09
0.0292638 -5.54417e-09
0.0293537 -5.58177e-09
0.0294436 -5.61935e-09
0.0295335 -5.66239e-09
0.0296234 -5.70384e-09
0.0297134 -5.74258e-09
0.0298033 -5.78144e-09
0.0298932 -5.8189e-09
0.0299831 -5.86032e-09
0.030073 -5.90482e-09
0.0301629 -5.94362e-09
0.0302528 -5.9788e-09
0.0303427 -6.02143e-09
0.0304326 -6.05898e-09
0.0305225 -6.09712e-09
0.0306124 -6.14098e-09
0.0307023 -6.18156e-09
0.0307922 -6.21603e-09
0.0308821 -6.25166e-09
0.030972 -6.28847e-09
0.0310619 -6.33084e-09
0.0311518 -6.37196e-09
0.0312417 -6.4143e-09
0.0313316 -6.45755e-09
0.0314215 -6.50151e-09
0.0315114 -6.53556e-09
0.0316013 -6.58122e-09
0.0316912 -6.62807e-09
0.0317811 -6.66389e-09
0.0318711 -6.7029e-09
0.031961 -6.73973e-09
0.0320509 -6.78828e-09
0.0321408 -6.82684e-09
0.0322307 -6.87267e-09
0.0323206 -6.92081e-09
0.0324105 -6.96507e-09
0.0325004 -7.00675e-09
0.0325903 -7.04746e-09
0.0326802 -7.10405e-09
0.0327701 -7.14995e-09
0.03286 -7.19866e-09
0.0329499 -7.24655e-09
0.0330398 -7.29905e-09
0.0331297 -7.34689e-09
0.0332196 -7.38618e-09
0.0333095 -7.43496e-09
0.0333994 -7.48373e-09
0.0334893 -7.53288e-09
0.0335792 -7.58587e-09
0.0336691 -7.63695e-09
0.033759 -7.68626e-09
0.0338489 -7.73864e-09
0.0339388 -7.79757e-09
0.0340288 -7.84643e-09
0.0341187 -7.89786e-09
0.0342086 -7.94438e-09
0.0342985 -7.98886e-09
0.0343884 -8.03628e-09
0.0344783 -8.09307e-09
0.0345682 -8.14989e-09
0.0346581 -8.21363e-09
0.034748 -8.27228e-09
0.0348379 -8.32742e-09
0.0349278 -8.37877e-09
0.0350177 -8.43584e-09
0.0351076 -8.48777e-09
0.0351975 -8.54548e-09
0.0352874 -8.59923e-09
0.0353773 -8.65508e-09
0.0354672 -8.70891e-09
0.0355571 -8.76475e-09
0.035647 -8.82055e-09
0.0357369 -8.88385e-09
0.0358268 -8.9441e-09
0.0359167 -9.00383e-09
0.0360066 -9.06115e-09
0.0360965 -9.12685e-09
0.0361865 -9.18567e-09
0.0362764 -9.24339e-09
0.0363663 -9.31305e-09
0.0364562 -9.381e-09
0.0365461 -9.4449e-09
0.036636 -9.51167e-09
0.0367259 -9.57168e-09
0.0368158 -9.63531e-09
0.0369057 -9.70198e-09
0.0369956 -9.76784e-09
0.0370855 -9.84007e-09
0.0371754 -9.90601e-09
0.0372653 -9.97056e-09
0.0373552 -1.00331e-08
0.0374451 -1.01004e-08
0.037535 -1.01696e-08
0.0376249 -1.02435e-08
0.0377148 -1.03167e-08
0.0378047 -1.03812e-08
0.0378946 -1.04542e-08
0.0379845 -1.05285e-08
0.0380744 -1.06036e-08
0.0381643 -1.06776e-08
0.0382542 -1.07459e-08
0.0383441 -1.08211e-08
0.0384341 -1.08832e-08
0.038524 -1.09576e-08
0.0386139 -1.10295e-08
0.0387038 -1.11004e-08
0.0387937 -1.11737e-08
0.0388836 -1.12483e-08
0.0389735 -1.13221e-08
0.0390634 -1.13969e-08
0.0391533 -1.14718e-08
0.0392432 -1.15428e-08
0.0393331 -1.16169e-08
0.039423 -1.1694e-08
0.0395129 -1.17721e-08
0.0396028 -1.18542e-08
0.0396927 -1.19279e-08
0.0397826 -1.20028e-08
0.0398725 -1.20785e-08
0.0399624 -1.21556e-08
0.0400523 -1.22328e-08
0.0401422 -1.23121e-08
0.0402321 -1.23944e-08
0.040322 -1.24776e-08
0.0404119 -1.25626e-08
0.0405018 -1.26459e-08
0.0405918 -1.27315e-08
0.0406817 -1.28186e-08
0.0407716 -1.29036e-08
0.0408615 -1.29921e-08
0.0409514 -1.30774e-08
0.0410413 -1.31665e-08
0.0411312 -1.3256e-08
0.0412211 -1.33499e-08
0.041311 -1.34395e-08
0.0414009 -1.35338e-08
0.0414908 -1.36256e-08
0.0415807 -1.37294e-08
0.0416706 -1.38374e-08
0.0417605 -1.39462e-08
0.0418504 -1.4041e-08
0.0419403 -1.41379e-08
0.0420302 -1.42405e-08
0.0421201 -1.43485e-08
0.04221 -1.44519e-08
0.0422999 -1.45562e-08
0.0423898 -1.4659e-08
0.0424797 -1.47681e-08
0.0425696 -1.48801e-08
0.0426595 -1.49956e-08
0.0427495 -1.51015e-08
0.0428394 -1.52091e-08
0.0429293 -1.53097e-08
0.0430192 -1.54146e-08
0.0431091 -1.55269e-08
0.043199 -1.56376e-08
0.0432889 -1.57582e-08
0.0433788 -1.58591e-08
0.0434687 -1.59677e-08
0.0435586 -1.60734e-08
0.0436485 -1.61821e-08
0.0437384 -1.62853e-08
0.0438283 -1.63822e-08
0.0439182 -1.64866e-08
0.0440081 -1.65881e-08
0.044098 -1.66945e-08
0.0441879 -1.67996e-08
0.0442778 -1.69182e-08
0.0443677 -1.70226e-08
0.0444576 -1.71222e-08
0.0445475 -1.72271e-08
0.0446374 -1.73165e-08
0.0447273 -1.74163e-08
0.0448172 -1.7515e-08
0.0449072 -1.76171e-08
0.0449971 -1.77137e-08
0.045087 -1.78082e-08
0.0451769 -1.79167e-08
0.0452668 -1.80287e-08
0.0453567 -1.81344e-08
0.0454466 -1.82276e-08
0.0455365 -1.833e-08
0.0456264 -1.84329e-08
0.0457163 -1.85357e-08
0.0458062 -1.86435e-08
0.0458961 -1.87337e-08
0.045986 -1.88403e-08
0.0460759 -1.89408e-08
0.0461658 -1.90356e-08
0.0462557 -1.91264e-08
0.0463456 -1.92137e-08
0.0464355 -1.93154e-08
0.0465254 -1.94127e-08
0.0466153 -1.95102e-08
0.0467052 -1.96076e-08
0.0467951 -1.97046e-08
0.046885 -1.98115e-08
0.0469749 -1.99059e-08
0.0470649 -1.99959e-08
0.0471548 -2.00952e-08
0.0472447 -2.0182e-08
0.0473346 -2.02716e-08
0.0474245 -2.03667e-08
0.0475144 -2.04501e-08
0.0476043 -2.0541e-08
0.0476942 -2.06318e-08
0.0477841 -2.07331e-08
0.047874 -2.08273e-08
0.0479639 -2.09283e-08
0.0480538 -2.10178e-08
0.0481437 -2.1105e-08
0.0482336 -2.11949e-08
0.0483235 -2.12995e-08
0.0484134 -2.13936e-08
0.0485033 -2.14844e-08
0.0485932 -2.15702e-08
0.0486831 -2.16647e-08
0.048773 -2.17643e-08
0.0488629 -2.18661e-08
0.0489528 -2.19666e-08
0.0490427 -2.20674e-08
0.0491326 -2.21655e-08
0.0492226 -2.22678e-08
0.0493125 -2.23676e-08
0.0494024 -2.24781e-08
0.0494923 -2.25789e-08
0.0495822 -2.26805e-08
0.0496721 -2.27785e-08
0.049762 -2.28773e-08
0.0498519 -2.2976e-08
0.0499418 -2.30765e-08
0.0500317 -2.31795e-08
0.0501216 -2.3291e-08
0.0502115 -2.34122e-08
0.0503014 -2.35266e-08
0.0503913 -2.36323e-08
0.0504812 -2.37392e-08
0.0505711 -2.38438e-08
0.050661 -2.39529e-08
0.0507509 -2.40635e-08
0.0508408 -2.41748e-08
0.0509307 -2.4286e-08
0.0510206 -2.43956e-08
0.0511105 -2.45173e-08
0.0512004 -2.46409e-08
0.0512903 -2.47589e-08
0.0513803 -2.48775e-08
0.0514702 -2.49965e-08
0.0515601 -2.51273e-08
0.05165 -2.52458e-08
0.0517399 -2.53717e-08
0.0518298 -2.54972e-08
0.0519197 -2.563e-08
0.0520096 -2.57594e-08
0.0520995 -2.58869e-08
0.0521894 -2.60168e-08
0.0522793 -2.61447e-08
0.0523692 -2.6273e-08
0.0524591 -2.64028e-08
0.052549 -2.65299e-08
0.0526389 -2.66566e-08
0.0527288 -2.67819e-08
0.0528187 -2.68951e-08
0.0529086 -2.7021e-08
0.0529985 -2.71376e-08
0.0530884 -2.72593e-08
0.0531783 -2.73673e-08
0.0532682 -2.7475e-08
0.0533581 -2.75974e-08
0.053448 -2.77038e-08
0.053538 -2.78132e-08
0.0536279 -2.79244e-08
0.0537178 -2.80408e-08
0.0538077 -2.81463e-08
0.0538976 -2.82554e-08
0.0539875 -2.83652e-08
0.0540774 -2.84666e-08
0.0541673 -2.85685e-08
0.0542572 -2.86672e-08
0.0543471 -2.87706e-08
0.054437 -2.8873e-08
0.0545269 -2.89818e-08
0.0546168 -2.90953e-08
0.0547067 -2.92185e-08
0.0547966 -2.93218e-08
0.0548865 -2.94382e-08
0.0549764 -2.95539e-08
0.0550663 -2.96748e-08
0.0551562 -2.9812e-08
0.0552461 -2.99309e-08
0.055336 -3.00433e-08
0.0554259 -3.01552e-08
0.0555158 -3.02632e-08
0.0556057 -3.03964e-08
0.0556956 -3.05338e-08
0.0557856 -3.06549e-08
0.0558755 -3.07741e-08
0.0559654 -3.08974e-08
0.0560553 -3.1025e-08
0.0561452 -3.11462e-08
0.0562351 -3.12673e-08
0.056325 -3.13982e-08
0.0564149 -3.15278e-08
0.0565048 -3.16539e-08
0.0565947 -3.17876e-08
0.0566846 -3.19175e-08
0.0567745 -3.20425e-08
0.0568644 -3.21756e-08
0.0569543 -3.23216e-08
0.0570442 -3.24475e-08
0.0571341 -3.25724e-08
0.057224 -3.27019e-08
0.0573139 -3.28151e-08
0.0574038 -3.29499e-08
0.0574937 -3.3078e-08
0.0575836 -3.32047e-08
0.0576735 -3.33512e-08
0.0577634 -3.34852e-08
0.0578533 -3.36247e-08
0.0579433 -3.37677e-08
0.0580332 -3.39019e-08
0.0581231 -3.40303e-08
0.058213 -3.41477e-08
0.0583029 -3.42981e-08
0.0583928 -3.44482e-08
0.0584827 -3.45712e-08
0.0585726 -3.46969e-08
0.0586625 -3.48272e-08
0.0587524 -3.49845e-08
0.0588423 -3.51077e-08
0.0589322 -3.52407e-08
0.0590221 -3.53976e-08
0.059112 -3.55353e-08
0.0592019 -3.56787e-08
0.0592918 -3.58043e-08
0.0593817 -3.59448e-08
0.0594716 -3.60749e-08
0.0595615 -3.62023e-08
0.0596514 -3.63382e-08
0.0597413 -3.64832e-08
0.0598312 -3.66107e-08
0.0599211 -3.67625e-08
0.060011 -3.68843e-08
0.060101 -3.70099e-08
0.0601909 -3.71287e-08
0.0602808 -3.72512e-08
0.0603707 -3.73717e-08
0.0604606 -3.74983e-08
0.0605505 -3.76219e-08
0.0606404 -3.77248e-08
0.0607303 -3.78237e-08
0.0608202 -3.79332e-08
0.0609101 -3.80409e-08
0.061 -3.81473e-08
0.0610899 -3.82593e-08
0.0611798 -3.83564e-08
0.0612697 -3.84754e-08
0.0613596 -3.85833e-08
0.0614495 -3.86869e-08
0.0615394 -3.87904e-08
0.0616293 -3.89059e-08
0.0617192 -3.90168e-08
0.0618091 -3.91199e-08
0.061899 -3.92219e-08
0.0619889 -3.93245e-08
0.0620788 -3.9441e-08
0.0621687 -3.9557e-08
0.0622587 -3.96662e-08
0.0623486 -3.97967e-08
0.0624385 -3.99235e-08
0.0625284 -4.00369e-08
0.0626183 -4.01578e-08
0.0627082 -4.03017e-08
0.0627981 -4.04283e-08
0.062888 -4.05485e-08
0.0629779 -4.06842e-08
0.0630678 -4.08116e-08
0.0631577 -4.09452e-08
0.0632476 -4.10588e-08
0.0633375 -4.11726e-08
0.0634274 -4.12874e-08
0.0635173 -4.14135e-08
0.0636072 -4.15442e-08
0.0636971 -4.16692e-08
0.063787 -4.18091e-08
0.0638769 -4.19198e-08
0.0639668 -4.20246e-08
0.0640567 -4.21402e-08
0.0641466 -4.22433e-08
0.0642365 -4.23661e-08
0.0643264 -4.24781e-08
0.0644164 -4.25835e-08
0.0645063 -4.26713e-08
0.0645962 -4.2765e-08
0.0646861 -4.28537e-08
0.064776 -4.29739e-08
0.0648659 -4.30661e-08
0.0649558 -4.31567e-08
0.0650457 -4.32539e-08
0.0651356 -4.3352e-08
0.0652255 -4.34647e-08
0.0653154 -4.35839e-08
0.0654053 -4.36796e-08
0.0654952 -4.37734e-08
0.0655851 -4.3866e-08
0.065675 -4.39818e-08
0.0657649 -4.40936e-08
0.0658548 -4.41885e-08
0.0659447 -4.43055e-08
0.0660346 -4.4422e-08
0.0661245 -4.45202e-08
0.0662144 -4.46338e-08
0.0663043 -4.4738e-08
0.0663942 -4.48456e-08
0.0664841 -4.49479e-08
0.0665741 -4.50407e-08
0.066664 -4.51386e-08
0.0667539 -4.52498e-08
0.0668438 -4.5368e-08
0.0669337 -4.54718e-08
0.0670236 -4.55732e-08
0.0671135 -4.5666e-08
0.0672034 -4.5756e-08
0.0672933 -4.58548e-08
0.0673832 -4.59244e-08
0.0674731 -4.60265e-08
0.067563 -4.61357e-08
0.0676529 -4.62423e-08
0.0677428 -4.63389e-08
0.0678327 -4.64321e-08
0.0679226 -4.65584e-08
0.0680125 -4.66468e-08
0.0681024 -4.67493e-08
0.0681923 -4.68496e-08
0.0682822 -4.69521e-08
0.0683721 -4.70541e-08
0.068462 -4.71766e-08
0.0685519 -4.7274e-08
0.0686418 -4.73843e-08
0.0687318 -4.75082e-08
0.0688217 -4.76411e-08
0.0689116 -4.77739e-08
0.0690015 -4.78941e-08
0.0690914 -4.80018e-08
0.0691813 -4.81108e-08
0.0692712 -4.82104e-08
0.0693611 -4.8312e-08
0.069451 -4.83968e-08
0.0695409 -4.85174e-08
0.0696308 -4.86378e-08
0.0697207 -4.87375e-08
0.0698106 -4.88519e-08
0.0699005 -4.89712e-08
0.0699904 -4.90795e-08
0.0700803 -4.91841e-08
0.0701702 -4.92783e-08
0.0702601 -4.93703e-08
0.07035 -4.94931e-08
0.0704399 -4.95944e-08
0.0705298 -4.96658e-08
0.0706197 -4.97611e-08
0.0707096 -4.9861e-08
0.0707995 -4.99525e-08
0.0708895 -5.0016e-08
0.0709794 -5.00798e-08
0.0710693 -5.01759e-08
0.0711592 -5.02685e-08
0.0712491 -5.03549e-08
0.071339 -5.0462e-08
0.0714289 -5.05425e-08
0.0715188 -5.06253e-08
0.0716087 -5.07362e-08
0.0716986 -5.08516e-08
0.0717885 -5.09296e-08
0.0718784 -5.10048e-08
0.0719683 -5.11362e-08
0.0720582 -5.1241e-08
0.0721481 -5.13469e-08
0.072238 -5.14652e-08
0.0723279 -5.15683e-08
0.0724178 -5.16805e-08
0.0725077 -5.17866e-08
0.0725976 -5.18902e-08
0.0726875 -5.2004e-08
0.0727774 -5.21106e-08
0.0728673 -5.22371e-08
0.0729572 -5.23322e-08
0.0730472 -5.24364e-08
0.0731371 -5.25206e-08
0.073227 -5.26249e-08
0.0733169 -5.27427e-08
0.0734068 -5.28608e-08
0.0734967 -5.29807e-08
0.0735866 -5.30888e-08
0.0736765 -5.31983e-08
0.0737664 -5.32952e-08
0.0738563 -5.33951e-08
0.0739462 -5.35109e-08
0.0740361 -5.3604e-08
0.074126 -5.37176e-08
0.0742159 -5.38214e-08
0.0743058 -5.39259e-08
0.0743957 -5.40214e-08
0.0744856 -5.41179e-08
0.0745755 -5.41708e-08
0.0746654 -5.42524e-08
0.0747553 -5.43287e-08
0.0748452 -5.43984e-08
0.0749351 -5.44652e-08
0.075025 -5.45733e-08
0.0751149 -5.46374e-08
0.0752048 -5.47102e-08
0.0752948 -5.47741e-08
0.0753847 -5.48578e-08
0.0754746 -5.49293e-08
0.0755645 -5.50308e-08
0.0756544 -5.5151e-08
0.0757443 -5.52487e-08
0.0758342 -5.53718e-08
0.0759241 -5.54785e-08
0.076014 -5.56114e-08
0.0761039 -5.56838e-08
0.0761938 -5.57853e-08
0.0762837 -5.58874e-08
0.0763736 -5.59694e-08
0.0764635 -5.60828e-08
0.0765534 -5.6181e-08
0.0766433 -5.62752e-08
0.0767332 -5.63629e-08
0.0768231 -5.64599e-08
0.076913 -5.65514e-08
0.0770029 -5.66547e-08
0.0770928 -5.67367e-08
0.0771827 -5.68631e-08
0.0772726 -5.69664e-08
0.0773625 -5.70556e-08
0.0774525 -5.71633e-08
0.0775424 -5.72564e-08
0.0776323 -5.73055e-08
0.0777222 -5.73995e-08
0.0778121 -5.75031e-08
0.077902 -5.76051e-08
0.0779919 -5.77167e-08
0.0780818 -5.77996e-08
0.0781717 -5.78553e-08
0.0782616 -5.79548e-08
0.0783515 -5.80332e-08
0.0784414 -5.81382e-08
0.0785313 -5.82243e-08
0.0786212 -5.83042e-08
0.0787111 -5.83432e-08
0.078801 -5.84064e-08
0.0788909 -5.84619e-08
0.0789808 -5.85454e-08
0.0790707 -5.86044e-08
0.0791606 -5.86409e-08
0.0792505 -5.87147e-08
0.0793404 -5.87474e-08
0.0794303 -5.87642e-08
0.0795202 -5.87949e-08
0.0796102 -5.8838e-08
0.0797001 -5.89067e-08
0.07979 -5.89635e-08
0.0798799 -5.90012e-08
0.0799698 -5.91047e-08
0.0800597 -5.91957e-08
0.0801496 -5.92489e-08
0.0802395 -5.9342e-08
0.0803294 -5.94182e-08
0.0804193 -5.94959e-08
0.0805092 -5.95753e-08
0.0805991 -5.96266e-08
0.080689 -5.97005e-08
0.0807789 -5.97589e-08
0.0808688 -5.98475e-08
0.0809587 -5.98989e-08
0.0810486 -5.99701e-08
0.0811385 -6.00072e-08
0.0812284 -6.00992e-08
0.0813183 -6.01744e-08
0.0814082 -6.0247e-08
0.0814981 -6.03276e-08
0.081588 -6.04345e-08
0.0816779 -6.0523e-08
0.0817679 -6.06132e-08
0.0818578 -6.07109e-08
0.0819477 -6.07869e-08
0.0820376 -6.09055e-08
0.0821275 -6.0991e-08
0.0822174 -6.10244e-08
0.0823073 -6.10564e-08
0.0823972 -6.10912e-08
0.0824871 -6.11054e-08
0.082577 -6.11712e-08
0.0826669 -6.12541e-08
0.0827568 -6.13253e-08
0.0828467 -6.13621e-08
0.0829366 -6.1403e-08
0.0830265 -6.14517e-08
0.0831164 -6.145e-08
0.0832063 -6.15041e-08
0.0832962 -6.15783e-08
0.0833861 -6.16233e-08
0.083476 -6.16884e-08
0.0835659 -6.17116e-08
0.0836558 -6.17551e-08
0.0837457 -6.18169e-08
0.0838356 -6.18688e-08
0.0839256 -6.19354e-08
0.0840155 -6.19496e-08
0.0841054 -6.2007e-08
0.0841953 -6.20215e-08
0.0842852 -6.20994e-08
0.0843751 -6.21667e-08
0.084465 -6.22336e-08
0.0845549 -6.22753e-08
0.0846448 -6.23402e-08
0.0847347 -6.23856e-08
0.0848246 -6.24365e-08
0.0849145 -6.2493e-08
0.0850044 -6.25771e-08
0.0850943 -6.26441e-08
0.0851842 -6.26994e-08
0.0852741 -6.27495e-08
0.085364 -6.27901e-08
0.0854539 -6.28307e-08
0.0855438 -6.28975e-08
0.0856337 -6.29825e-08
0.0857236 -6.30141e-08
0.0858135 -6.30359e-08
0.0859034 -6.31303e-08
0.0859933 -6.31885e-08
0.0860833 -6.32685e-08
0.0861732 -6.33299e-08
0.0862631 -6.34481e-08
0.086353 -6.34682e-08
0.0864429 -6.35711e-08
0.0865328 -6.36639e-08
0.0866227 -6.37378e-08
0.0867126 -6.38169e-08
0.0868025 -6.3918e-08
0.0868924 -6.40223e-08
0.0869823 -6.40537e-08
0.0870722 -6.40995e-08
0.0871621 -6.41529e-08
0.087252 -6.42087e-08
0.0873419 -6.43047e-08
0.0874318 -6.43784e-08
0.0875217 -6.44193e-08
0.0876116 -6.4466e-08
0.0877015 -6.45557e-08
0.0877914 -6.46166e-08
0.0878813 -6.46873e-08
0.0879712 -6.47683e-08
0.0880611 -6.48166e-08
0.088151 -6.48796e-08
0.088241 -6.48955e-08
0.0883309 -6.48943e-08
0.0884208 -6.49882e-08
0.0885107 -6.50796e-08
0.0886006 -6.51482e-08
0.0886905 -6.52449e-08
0.0887804 -6.52998e-08
0.0888703 -6.53806e-08
0.0889602 -6.54086e-08
0.0890501 -6.54587e-08
0.08914 -6.55764e-08
0.0892299 -6.56654e-08
0.0893198 -6.58043e-08
0.0894097 -6.58643e-08
0.0894996 -6.59306e-08
0.0895895 -6.60243e-08
0.0896794 -6.60938e-08
0.0897693 -6.61738e-08
0.0898592 -6.62084e-08
0.0899491 -6.62802e-08
0.090039 -6.63984e-08
0.0901289 -6.64619e-08
0.0902188 -6.65228e-08
0.0903087 -6.65939e-08
0.0903987 -6.66218e-08
0.0904886 -6.66687e-08
0.0905785 -6.67181e-08
0.0906684 -6.67482e-08
0.0907583 -6.6763e-08
0.0908482 -6.6717e-08
0.0909381 -6.67048e-08
0.091028 -6.67095e-08
0.0911179 -6.6739e-08
0.0912078 -6.67751e-08
0.0912977 -6.67578e-08
0.0913876 -6.67658e-08
0.0914775 -6.67651e-08
0.0915674 -6.68067e-08
0.0916573 -6.68634e-08
0.0917472 -6.69467e-08
0.0918371 -6.69778e-08
0.091927 -6.70797e-08
0.0920169 -6.71346e-08
0.0921068 -6.71404e-08
0.0921967 -6.71757e-08
0.0922866 -6.71942e-08
0.0923765 -6.72374e-08
0.0924664 -6.73572e-08
0.0925564 -6.74894e-08
0.0926463 -6.75047e-08
0.0927362 -6.75194e-08
0.0928261 -6.75733e-08
0.092916 -6.76518e-08
0.0930059 -6.76551e-08
0.0930958 -6.7772e-08
0.0931857 -6.78827e-08
0.0932756 -6.79331e-08
0.0933655 -6.80387e-08
0.0934554 -6.81277e-08
0.0935453 -6.81546e-08
0.0936352 -6.82142e-08
0.0937251 -6.82696e-08
0.093815 -6.83371e-08
0.0939049 -6.84322e-08
0.0939948 -6.8578e-08
0.0940847 -6.86895e-08
0.0941746 -6.8705e-08
0.0942645 -6.87321e-08
0.0943544 -6.87426e-08
0.0944443 -6.87804e-08
0.0945342 -6.8835e-08
0.0946241 -6.88428e-08
0.094714 -6.88658e-08
0.094804 -6.89064e-08
0.0948939 -6.89006e-08
0.0949838 -6.88995e-08
0.0950737 -6.88678e-08
0.0951636 -6.89274e-08
0.0952535 -6.89697e-08
0.0953434 -6.90326e-08
0.0954333 -6.90965e-08
0.0955232 -6.91077e-08
0.0956131 -6.91592e-08
0.095703 -6.92017e-08
0.0957929 -6.92526e-08
0.0958828 -6.92851e-08
0.0959727 -6.93449e-08
0.0960626 -6.94391e-08
0.0961525 -6.95408e-08
0.0962424 -6.95116e-08
0.0963323 -6.95442e-08
0.0964222 -6.96229e-08
0.0965121 -6.9736e-08
0.096602 -6.98106e-08
0.0966919 -6.98573e-08
0.0967818 -6.99944e-08
0.0968717 -7.00323e-08
0.0969617 -7.00558e-08
0.0970516 -7.00838e-08
0.0971415 -7.00904e-08
0.0972314 -7.01275e-08
0.0973213 -7.02518e-08
0.0974112 -7.02906e-08
0.0975011 -7.0279e-08
0.097591 -7.02882e-08
0.0976809 -7.03073e-08
0.0977708 -7.02401e-08
0.0978607 -7.02582e-08
0.0979506 -7.02437e-08
0.0980405 -7.03374e-08
0.0981304 -7.03887e-08
0.0982203 -7.04122e-08
0.0983102 -7.04542e-08
0.0984001 -7.05239e-08
0.09849 -7.0594e-08
0.0985799 -7.06483e-08
0.0986698 -7.07129e-08
0.0987597 -7.07767e-08
0.0988496 -7.09196e-08
0.0989395 -7.10633e-08
0.0990294 -7.12082e-08
0.0991194 -7.12151e-08
0.0992093 -7.1265e-08
0.0992992 -7.12769e-08
0.0993891 -7.13747e-08
0.099479 -7.13091e-08
0.0995689 -7.12891e-08
0.0996588 -7.1228e-08
0.0997487 -7.11862e-08
0.0998386 -7.11971e-08
0.0999285 -7.10935e-08
0.100018 -7.10093e-08
0.100108 -7.09642e-08
0.100198 -7.09135e-08
0.100288 -7.09937e-08
0.100378 -7.09512e-08
0.100468 -7.08966e-08
0.100558 -7.09668e-08
0.100648 -7.10424e-08
0.100738 -7.11236e-08
0.100828 -7.12338e-08
0.100917 -7.12323e-08
0.101007 -7.13399e-08
0.101097 -7.13892e-08
0.101187 -7.15441e-08
0.101277 -7.15624e-08
0.101367 -7.15878e-08
0.101457 -7.16865e-08
0.101547 -7.17979e-08
0.101637 -7.19203e-08
0.101727 -7.19836e-08
0.101816 -7.20352e-08
0.101906 -7.21509e-08
0.101996 -7.22591e-08
0.102086 -7.22461e-08
0.102176 -7.23154e-08
0.102266 -7.23366e-08
0.102356 -7.2354e-08
0.102446 -7.23451e-08
0.102536 -7.23716e-08
0.102626 -7.22866e-08
0.102716 -7.22595e-08
0.102805 -7.22793e-08
0.102895 -7.22587e-08
0.102985 -7.22054e-08
0.103075 -7.22067e-08
0.103165 -7.2184e-08
0.103255 -7.22204e-08
0.103345 -7.22747e-08
0.103435 -7.23002e-08
0.103525 -7.2339e-08
0.103615 -7.25066e-08
0.103704 -7.25687e-08
0.103794 -7.25991e-08
0.103884 -7.26222e-08
0.103974 -7.27789e-08
0.104064 -7.28021e-08
0.104154 -7.28714e-08
0.104244 -7.29467e-08
0.104334 -7.29581e-08
0.104424 -7.30717e-08
0.104514 -7.32346e-08
0.104604 -7.33423e-08
0.104693 -7.32759e-08
0.104783 -7.34063e-08
0.104873 -7.34279e-08
0.104963 -7.35195e-08
0.105053 -7.35502e-08
0.105143 -7.36379e-08
0.105233 -7.36458e-08
0.105323 -7.36813e-08
0.105413 -7.36467e-08
0.105503 -7.36544e-08
0.105592 -7.35953e-08
0.105682 -7.35546e-08
0.105772 -7.35937e-08
0.105862 -7.36502e-08
0.105952 -7.35534e-08
0.106042 -7.35423e-08
0.106132 -7.3452e-08
0.106222 -7.34001e-08
0.106312 -7.34399e-08
0.106402 -7.34278e-08
0.106491 -7.34411e-08
0.106581 -7.34675e-08
0.106671 -7.35509e-08
0.106761 -7.35982e-08
0.106851 -7.36169e-08
0.106941 -7.36137e-08
0.107031 -7.3718e-08
0.107121 -7.36105e-08
0.107211 -7.38183e-08
0.107301 -7.39322e-08
0.107391 -7.39003e-08
0.10748 -7.39264e-08
0.10757 -7.38977e-08
0.10766 -7.38838e-08
0.10775 -7.39018e-08
0.10784 -7.39623e-08
0.10793 -7.38471e-08
0.10802 -7.3878e-08
0.10811 -7.3964e-08
0.1082 -7.40864e-08
0.10829 -7.40449e-08
0.108379 -7.4114e-08
0.108469 -7.41742e-08
0.108559 -7.41612e-08
0.108649 -7.40761e-08
0.108739 -7.40111e-08
0.108829 -7.38828e-08
0.108919 -7.38826e-08
0.109009 -7.39295e-08
0.109099 -7.40328e-08
0.109189 -7.39934e-08
0.109279 -7.39337e-08
0.109368 -7.38857e-08
0.109458 -7.3841e-08
0.109548 -7.3951e-08
0.109638 -7.39989e-08
0.109728 -7.41966e-08
0.109818 -7.43175e-08
0.109908 -7.44798e-08
0.109998 -7.45087e-08
0.110088 -7.4652e-08
0.110178 -7.45238e-08
0.110267 -7.46448e-08
0.110357 -7.467e-08
0.110447 -7.46597e-08
0.110537 -7.45773e-08
0.110627 -7.45236e-08
0.110717 -7.45128e-08
0.110807 -7.4618e-08
0.110897 -7.4553e-08
0.110987 -7.44801e-08
0.111077 -7.44493e-08
0.111167 -7.44945e-08
0.111256 -7.4628e-08
0.111346 -7.47474e-08
0.111436 -7.48554e-08
0.111526 -7.49152e-08
0.111616 -7.51158e-08
0.111706 -7.52301e-08
0.111796 -7.51499e-08
0.111886 -7.51544e-08
0.111976 -7.51842e-08
0.112066 -7.52727e-08
0.112155 -7.52982e-08
0.112245 -7.527e-08
0.112335 -7.53009e-08
0.112425 -7.51302e-08
0.112515 -7.52495e-08
0.112605 -7.53221e-08
0.112695 -7.51269e-08
0.112785 -7.52679e-08
0.112875 -7.53528e-08
0.112965 -7.54473e-08
0.113054 -7.57398e-08
0.113144 -7.58244e-08
0.113234 -7.59255e-08
0.113324 -7.5966e-08
0.113414 -7.58536e-08
0.113504 -7.60276e-08
0.113594 -7.59333e-08
0.113684 -7.60102e-08
0.113774 -7.60816e-08
0.113864 -7.60944e-08
0.113954 -7.62165e-08
0.114043 -7.60486e-08
0.114133 -7.59048e-08
0.114223 -7.59315e-08
0.114313 -7.58109e-08
0.114403 -7.58677e-08
0.114493 -7.60899e-08
0.114583 -7.60764e-08
0.114673 -7.61784e-08
0.114763 -7.61901e-08
0.114853 -7.63454e-08
0.114942 -7.63089e-08
0.115032 -7.63034e-08
0.115122 -7.64197e-08
0.115212 -7.63907e-08
0.115302 -7.63323e-08
0.115392 -7.64364e-08
0.115482 -7.63682e-08
0.115572 -7.64244e-08
0.115662 -7.64984e-08
0.115752 -7.64601e-08
0.115842 -7.6301e-08
0.115931 -7.63305e-08
0.116021 -7.62409e-08
0.116111 -7.62202e-08
0.116201 -7.61359e-08
0.116291 -7.61805e-08
0.116381 -7.62313e-08
0.116471 -7.61769e-08
0.116561 -7.61058e-08
0.116651 -7.58784e-08
0.116741 -7.57258e-08
0.11683 -7.58318e-08
0.11692 -7.58357e-08
0.11701 -7.57482e-08
0.1171 -7.59449e-08
0.11719 -7.59968e-08
0.11728 -7.62154e-08
0.11737 -7.62866e-08
0.11746 -7.6375e-08
0.11755 -7.64403e-08
0.11764 -7.66483e-08
0.11773 -7.67246e-08
0.117819 -7.67801e-08
0.117909 -7.67366e-08
0.117999 -7.68105e-08
0.118089 -7.67493e-08
0.118179 -7.67621e-08
0.118269 -7.65822e-08
0.118359 -7.64503e-08
0.118449 -7.6267e-08
0.118539 -7.62048e-08
0.118629 -7.60053e-08
0.118718 -7.60423e-08
0.118808 -7.60689e-08
0.118898 -7.60356e-08
0.118988 -7.59812e-08
0.119078 -7.59788e-08
0.119168 -7.59396e-08
0.119258 -7.59334e-08
0.119348 -7.60107e-08
0.119438 -7.59636e-08
0.119528 -7.6149e-08
0.119617 -7.61154e-08
0.119707 -7.60265e-08
0.119797 -7.58968e-08
0.119887 -7.58988e-08
0.119977 -7.60148e-08
0.120067 -7.62036e-08
0.120157 -7.58032e-08
0.120247 -7.57221e-08
0.120337 -7.57134e-08
0.120427 -7.56845e-08
0.120517 -7.55906e-08
0.120606 -7.53125e-08
0.120696 -7.53322e-08
0.120786 -7.54795e-08
0.120876 -7.54291e-08
0.120966 -7.54598e-08
0.121056 -7.52629e-08
0.121146 -7.51667e-08
0.121236 -7.51641e-08
0.121326 -7.5188e-08
0.121416 -7.52435e-08
0.121505 -7.51176e-08
0.121595 -7.50884e-08
0.121685 -7.52192e-08
0.121775 -7.52007e-08
0.121865 -7.49339e-08
0.121955 -7.47716e-08
0.122045 -7.45206e-08
0.122135 -7.40249e-08
0.122225 -7.42071e-08
0.122315 -7.43402e-08
0.122405 -7.40044e-08
0.122494 -7.34391e-08
0.122584 -7.33626e-08
0.122674 -7.33026e-08
0.122764 -7.32317e-08
0.122854 -7.31355e-08
0.122944 -7.32239e-08
0.123034 -7.31207e-08
0.123124 -7.35738e-08
0.123214 -7.39989e-08
0.123304 -7.38208e-08
0.123393 -7.38893e-08
0.123483 -7.41907e-08
0.123573 -7.47255e-08
0.123663 -7.46993e-08
0.123753 -7.45405e-08
0.123843 -7.43224e-08
0.123933 -7.44203e-08
0.124023 -7.48082e-08
0.124113 -7.45671e-08
0.124203 -7.40126e-08
0.124293 -7.36528e-08
0.124382 -7.3407e-08
0.124472 -7.30412e-08
0.124562 -7.2904e-08
0.124652 -7.26985e-08
0.124742 -7.27757e-08
0.124832 -7.26081e-08
0.124922 -7.28923e-08
0.125012 -7.208e-08
0.125102 -7.1656e-08
0.125192 -7.16223e-08
0.125281 -7.1715e-08
0.125371 -7.16481e-08
0.125461 -7.18895e-08
0.125551 -7.19251e-08
0.125641 -7.19486e-08
0.125731 -7.12344e-08
0.125821 -7.10442e-08
0.125911 -7.06983e-08
0.126001 -7.06889e-08
0.126091 -7.06789e-08
0.126181 -7.094e-08
0.12627 -7.08676e-08
0.12636 -7.09039e-08
0.12645 -7.06639e-08
0.12654 -7.05732e-08
0.12663 -6.99117e-08
0.12672 -6.98372e-08
0.12681 -7.00218e-08
0.1269 -7.01235e-08
0.12699 -7.01549e-08
0.12708 -7.02038e-08
0.127169 -7.00042e-08
0.127259 -6.96486e-08
0.127349 -6.96696e-08
0.127439 -6.94339e-08
0.127529 -6.94881e-08
0.127619 -6.92603e-08
0.127709 -6.96766e-08
0.127799 -6.98497e-08
0.127889 -6.99351e-08
0.127979 -6.97797e-08
0.128068 -6.97483e-08
0.128158 -6.96424e-08
0.128248 -7.008e-08
0.128338 -6.9553e-08
0.128428 -6.93304e-08
0.128518 -6.90281e-08
0.128608 -6.91449e-08
0.128698 -6.93967e-08
0.128788 -6.90052e-08
0.128878 -6.83818e-08
0.128968 -6.81981e-08
0.129057 -6.79567e-08
0.129147 -6.78471e-08
0.129237 -6.74381e-08
0.129327 -6.7046e-08
0.129417 -6.73458e-08
0.129507 -6.73627e-08
0.129597 -6.75701e-08
0.129687 -6.71919e-08
0.129777 -6.72795e-08
0.129867 -6.75983e-08
0.129956 -6.76293e-08
0.130046 -6.77242e-08
0.130136 -6.78819e-08
0.130226 -6.81044e-08
0.130316 -6.80783e-08
0.130406 -6.82172e-08
0.130496 -6.82223e-08
0.130586 -6.80578e-08
0.130676 -6.80324e-08
0.130766 -6.82497e-08
0.130856 -6.78055e-08
0.130945 -6.78037e-08
0.131035 -6.78051e-08
0.131125 -6.75944e-08
0.131215 -6.70604e-08
0.131305 -6.70248e-08
0.131395 -6.73594e-08
0.131485 -6.70555e-08
0.131575 -6.67124e-08
0.131665 -6.66232e-08
0.131755 -6.67548e-08
0.131844 -6.64944e-08
0.131934 -6.6293e-08
0.132024 -6.60731e-08
0.132114 -6.60042e-08
0.132204 -6.64155e-08
0.132294 -6.67456e-08
0.132384 -6.67483e-08
0.132474 -6.6575e-08
0.132564 -6.70715e-08
0.132654 -6.74142e-08
0.132744 -6.78779e-08
0.132833 -6.77101e-08
0.132923 -6.84009e-08
0.133013 -6.86969e-08
0.133103 -6.90951e-08
0.133193 -6.89371e-08
0.133283 -6.88633e-08
0.133373 -6.85753e-08
0.133463 -6.8418e-08
0.133553 -6.82718e-08
0.133643 -6.82024e-08
0.133732 -6.79979e-08
0.133822 -6.77287e-08
0.133912 -6.78904e-08
0.134002 -6.72535e-08
0.134092 -6.7058e-08
0.134182 -6.68126e-08
0.134272 -6.66921e-08
0.134362 -6.64784e-08
0.134452 -6.65959e-08
0.134542 -6.65205e-08
0.134631 -6.64609e-08
0.134721 -6.61396e-08
0.134811 -6.63305e-08
