-0.134811 4.44604e-08
-0.134721 4.36791e-08
-0.134631 4.2998e-08
-0.134542 4.27008e-08
-0.134452 4.19356e-08
-0.134362 4.14469e-08
-0.134272 4.11738e-08
-0.134182 4.15169e-08
-0.134092 4.15396e-08
-0.134002 4.19523e-08
-0.133912 4.28241e-08
-0.133822 4.32119e-08
-0.133732 4.38406e-08
-0.133642 4.519e-08
-0.133553 4.62501e-08
-0.133463 4.62196e-08
-0.133373 4.69618e-08
-0.133283 4.79956e-08
-0.133193 4.8509e-08
-0.133103 4.77929e-08
-0.133013 4.79065e-08
-0.132923 4.76653e-08
-0.132833 4.81119e-08
-0.132743 4.80768e-08
-0.132654 4.79508e-08
-0.132564 4.72946e-08
-0.132474 4.70008e-08
-0.132384 4.73547e-08
-0.132294 4.73458e-08
-0.132204 4.69668e-08
-0.132114 4.74226e-08
-0.132024 4.74743e-08
-0.131934 4.80129e-08
-0.131844 4.75344e-08
-0.131754 4.68417e-08
-0.131665 4.64457e-08
-0.131575 4.62959e-08
-0.131485 4.65122e-08
-0.131395 4.68596e-08
-0.131305 4.68601e-08
-0.131215 4.76712e-08
-0.131125 4.78123e-08
-0.131035 4.84964e-08
-0.130945 4.91595e-08
-0.130855 4.95491e-08
-0.130766 4.9824e-08
-0.130676 5.06559e-08
-0.130586 5.12162e-08
-0.130496 5.16918e-08
-0.130406 5.18256e-08
-0.130316 5.19111e-08
-0.130226 5.13847e-08
-0.130136 5.09239e-08
-0.130046 4.99526e-08
-0.129956 4.84722e-08
-0.129867 4.69221e-08
-0.129777 4.60891e-08
-0.129687 4.55275e-08
-0.129597 4.52261e-08
-0.129507 4.5129e-08
-0.129417 4.44583e-08
-0.129327 4.40692e-08
-0.129237 4.39647e-08
-0.129147 4.44997e-08
-0.129057 4.50206e-08
-0.128967 4.62733e-08
-0.128878 4.71097e-08
-0.128788 4.81163e-08
-0.128698 4.81592e-08
-0.128608 4.83388e-08
-0.128518 4.73224e-08
-0.128428 4.68621e-08
-0.128338 4.67391e-08
-0.128248 4.66822e-08
-0.128158 4.622e-08
-0.128068 4.58392e-08
-0.127979 4.46132e-08
-0.127889 4.34675e-08
-0.127799 4.27155e-08
-0.127709 4.28226e-08
-0.127619 4.31392e-08
-0.127529 4.36532e-08
-0.127439 4.52492e-08
-0.127349 4.60764e-08
-0.127259 4.65564e-08
-0.127169 4.68701e-08
-0.127079 4.71165e-08
-0.12699 4.7291e-08
-0.1269 4.77802e-08
-0.12681 4.83526e-08
-0.12672 4.85831e-08
-0.12663 4.81744e-08
-0.12654 4.78177e-08
-0.12645 4.78359e-08
-0.12636 4.74895e-08
-0.12627 4.70925e-08
-0.12618 4.66287e-08
-0.126091 4.66645e-08
-0.126001 4.66318e-08
-0.125911 4.67428e-08
-0.125821 4.63493e-08
-0.125731 4.57653e-08
-0.125641 4.51736e-08
-0.125551 4.51057e-08
-0.125461 4.46103e-08
-0.125371 4.36573e-08
-0.125281 4.30926e-08
-0.125191 4.34909e-08
-0.125102 4.38028e-08
-0.125012 4.34629e-08
-0.124922 4.30344e-08
-0.124832 4.27208e-08
-0.124742 4.23175e-08
-0.124652 4.23434e-08
-0.124562 4.23702e-08
-0.124472 4.24962e-08
-0.124382 4.29531e-08
-0.124292 4.34591e-08
-0.124203 4.41253e-08
-0.124113 4.43233e-08
-0.124023 4.47267e-08
-0.123933 4.59642e-08
-0.123843 4.68895e-08
-0.123753 4.77675e-08
-0.123663 4.85056e-08
-0.123573 4.90714e-08
-0.123483 4.98649e-08
-0.123393 5.07002e-08
-0.123304 5.1202e-08
-0.123214 5.13965e-08
-0.123124 5.10842e-08
-0.123034 5.0897e-08
-0.122944 5.03929e-08
-0.122854 4.99972e-08
-0.122764 4.96921e-08
-0.122674 4.96154e-08
-0.122584 4.94311e-08
-0.122494 4.94507e-08
-0.122404 4.91654e-08
-0.122315 4.84045e-08
-0.122225 4.79232e-08
-0.122135 4.75819e-08
-0.122045 4.74814e-08
-0.121955 4.75433e-08
-0.121865 4.74897e-08
-0.121775 4.7383e-08
-0.121685 4.73767e-08
-0.121595 4.7247e-08
-0.121505 4.72604e-08
-0.121416 4.69279e-08
-0.121326 4.70084e-08
-0.121236 4.73597e-08
-0.121146 4.7514e-08
-0.121056 4.76459e-08
-0.120966 4.72751e-08
-0.120876 4.70966e-08
-0.120786 4.69201e-08
-0.120696 4.64213e-08
-0.120606 4.62641e-08
-0.120516 4.58973e-08
-0.120427 4.58256e-08
-0.120337 4.57019e-08
-0.120247 4.57293e-08
-0.120157 4.57444e-08
-0.120067 4.60457e-08
-0.119977 4.6339e-08
-0.119887 4.67264e-08
-0.119797 4.68503e-08
-0.119707 4.73609e-08
-0.119617 4.77586e-08
-0.119528 4.79276e-08
-0.119438 4.81473e-08
-0.119348 4.8101e-08
-0.119258 4.82996e-08
-0.119168 4.79977e-08
-0.119078 4.78535e-08
-0.118988 4.70809e-08
-0.118898 4.67451e-08
-0.118808 4.6334e-08
-0.118718 4.62266e-08
-0.118628 4.56587e-08
-0.118539 4.53782e-08
-0.118449 4.51549e-08
-0.118359 4.51722e-08
-0.118269 4.52417e-08
-0.118179 4.53787e-08
-0.118089 4.58044e-08
-0.117999 4.63594e-08
-0.117909 4.72511e-08
-0.117819 4.78168e-08
-0.117729 4.84733e-08
-0.11764 4.88984e-08
-0.11755 4.96346e-08
-0.11746 5.06558e-08
-0.11737 5.14652e-08
-0.11728 5.20227e-08
-0.11719 5.25311e-08
-0.1171 5.30027e-08
-0.11701 5.31566e-08
-0.11692 5.30628e-08
-0.11683 5.28098e-08
-0.116741 5.29137e-08
-0.116651 5.27404e-08
-0.116561 5.30442e-08
-0.116471 5.30924e-08
-0.116381 5.26655e-08
-0.116291 5.28451e-08
-0.116201 5.28678e-08
-0.116111 5.27636e-08
-0.116021 5.30027e-08
-0.115931 5.34098e-08
-0.115841 5.36743e-08
-0.115752 5.41751e-08
-0.115662 5.42649e-08
-0.115572 5.46928e-08
-0.115482 5.47991e-08
-0.115392 5.51428e-08
-0.115302 5.55461e-08
-0.115212 5.5497e-08
-0.115122 5.55646e-08
-0.115032 5.57895e-08
-0.114942 5.53778e-08
-0.114853 5.51755e-08
-0.114763 5.4767e-08
-0.114673 5.44385e-08
-0.114583 5.43516e-08
-0.114493 5.3849e-08
-0.114403 5.32621e-08
-0.114313 5.27986e-08
-0.114223 5.22387e-08
-0.114133 5.19337e-08
-0.114043 5.16177e-08
-0.113953 5.13013e-08
-0.113864 5.13981e-08
-0.113774 5.17181e-08
-0.113684 5.24818e-08
-0.113594 5.30563e-08
-0.113504 5.4016e-08
-0.113414 5.54518e-08
-0.113324 5.70191e-08
-0.113234 5.81676e-08
-0.113144 5.92557e-08
-0.113054 6.01662e-08
-0.112965 6.10663e-08
-0.112875 6.20082e-08
-0.112785 6.26556e-08
-0.112695 6.28152e-08
-0.112605 6.28003e-08
-0.112515 6.28659e-08
-0.112425 6.26289e-08
-0.112335 6.20383e-08
-0.112245 6.17158e-08
-0.112155 6.14435e-08
-0.112065 6.16193e-08
-0.111976 6.16541e-08
-0.111886 6.18166e-08
-0.111796 6.19693e-08
-0.111706 6.22098e-08
-0.111616 6.23948e-08
-0.111526 6.29954e-08
-0.111436 6.33084e-08
-0.111346 6.38411e-08
-0.111256 6.46214e-08
-0.111166 6.52261e-08
-0.111077 6.5834e-08
-0.110987 6.60625e-08
-0.110897 6.63854e-08
-0.110807 6.65814e-08
-0.110717 6.66185e-08
-0.110627 6.66424e-08
-0.110537 6.669e-08
-0.110447 6.62974e-08
-0.110357 6.61591e-08
-0.110267 6.59375e-08
-0.110178 6.55591e-08
-0.110088 6.53901e-08
-0.109998 6.52216e-08
-0.109908 6.52086e-08
-0.109818 6.53716e-08
-0.109728 6.54719e-08
-0.109638 6.57304e-08
-0.109548 6.59972e-08
-0.109458 6.65821e-08
-0.109368 6.71481e-08
-0.109278 6.76225e-08
-0.109189 6.81397e-08
-0.109099 6.84331e-08
-0.109009 6.87026e-08
-0.108919 6.88989e-08
-0.108829 6.89351e-08
-0.108739 6.88588e-08
-0.108649 6.88347e-08
-0.108559 6.87319e-08
-0.108469 6.85165e-08
-0.108379 6.8128e-08
-0.10829 6.79631e-08
-0.1082 6.77394e-08
-0.10811 6.74706e-08
-0.10802 6.72767e-08
-0.10793 6.70584e-08
-0.10784 6.70056e-08
-0.10775 6.68199e-08
-0.10766 6.66814e-08
-0.10757 6.6733e-08
-0.10748 6.67496e-08
-0.10739 6.68341e-08
-0.107301 6.70268e-08
-0.107211 6.70904e-08
-0.107121 6.71931e-08
-0.107031 6.73259e-08
-0.106941 6.75656e-08
-0.106851 6.76817e-08
-0.106761 6.78469e-08
-0.106671 6.81486e-08
-0.106581 6.84564e-08
-0.106491 6.8718e-08
-0.106402 6.90094e-08
-0.106312 6.90541e-08
-0.106222 6.92715e-08
-0.106132 6.93978e-08
-0.106042 6.96424e-08
-0.105952 6.98634e-08
-0.105862 7.00142e-08
-0.105772 7.02055e-08
-0.105682 7.03949e-08
-0.105592 7.06759e-08
-0.105502 7.06955e-08
-0.105413 7.07989e-08
-0.105323 7.09558e-08
-0.105233 7.11531e-08
-0.105143 7.12437e-08
-0.105053 7.14221e-08
-0.104963 7.13688e-08
-0.104873 7.15071e-08
-0.104783 7.15198e-08
-0.104693 7.16179e-08
-0.104603 7.14986e-08
-0.104514 7.14616e-08
-0.104424 7.15197e-08
-0.104334 7.13823e-08
-0.104244 7.13608e-08
-0.104154 7.12777e-08
-0.104064 7.12274e-08
-0.103974 7.12195e-08
-0.103884 7.1371e-08
-0.103794 7.13794e-08
-0.103704 7.15154e-08
-0.103614 7.16337e-08
-0.103525 7.18788e-08
-0.103435 7.20471e-08
-0.103345 7.22832e-08
-0.103255 7.23757e-08
-0.103165 7.24344e-08
-0.103075 7.24293e-08
-0.102985 7.24605e-08
-0.102895 7.25187e-08
-0.102805 7.24727e-08
-0.102715 7.24818e-08
-0.102626 7.24122e-08
-0.102536 7.2246e-08
-0.102446 7.21164e-08
-0.102356 7.20001e-08
-0.102266 7.1908e-08
-0.102176 7.18965e-08
-0.102086 7.2025e-08
-0.101996 7.20715e-08
-0.101906 7.20331e-08
-0.101816 7.20439e-08
-0.101727 7.20049e-08
-0.101637 7.19175e-08
-0.101547 7.19192e-08
-0.101457 7.20064e-08
-0.101367 7.20458e-08
-0.101277 7.19819e-08
-0.101187 7.20087e-08
-0.101097 7.20229e-08
-0.101007 7.19646e-08
-0.100917 7.20123e-08
-0.100827 7.20868e-08
-0.100738 7.20903e-08
-0.100648 7.21373e-08
-0.100558 7.21669e-08
-0.100468 7.22241e-08
-0.100378 7.21791e-08
-0.100288 7.21769e-08
-0.100198 7.21911e-08
-0.100108 7.2197e-08
-0.100018 7.21823e-08
-0.0999284 7.22255e-08
-0.0998385 7.22451e-08
-0.0997486 7.22113e-08
-0.0996587 7.2239e-08
-0.0995688 7.22291e-08
-0.0994789 7.22417e-08
-0.099389 7.22436e-08
-0.0992991 7.23089e-08
-0.0992092 7.23788e-08
-0.0991193 7.24866e-08
-0.0990294 7.25685e-08
-0.0989395 7.26297e-08
-0.0988496 7.26963e-08
-0.0987597 7.27769e-08
-0.0986698 7.2871e-08
-0.0985799 7.30115e-08
-0.09849 7.31927e-08
-0.0984001 7.33576e-08
-0.0983102 7.34926e-08
-0.0982202 7.36636e-08
-0.0981303 7.37816e-08
-0.0980404 7.38924e-08
-0.0979505 7.40445e-08
-0.0978606 7.4182e-08
-0.0977707 7.42723e-08
-0.0976808 7.43695e-08
-0.0975909 7.45331e-08
-0.097501 7.46917e-08
-0.0974111 7.4786e-08
-0.0973212 7.48678e-08
-0.0972313 7.4982e-08
-0.0971414 7.50366e-08
-0.0970515 7.50826e-08
-0.0969616 7.50861e-08
-0.0968717 7.50367e-08
-0.0967818 7.50399e-08
-0.0966919 7.516e-08
-0.096602 7.51896e-08
-0.0965121 7.5249e-08
-0.0964222 7.52175e-08
-0.0963323 7.51629e-08
-0.0962424 7.51198e-08
-0.0961525 7.50767e-08
-0.0960626 7.51057e-08
-0.0959726 7.51344e-08
-0.0958827 7.51209e-08
-0.0957928 7.51254e-08
-0.0957029 7.50541e-08
-0.095613 7.5052e-08
-0.0955231 7.5026e-08
-0.0954332 7.493e-08
-0.0953433 7.49087e-08
-0.0952534 7.49498e-08
-0.0951635 7.4964e-08
-0.0950736 7.50262e-08
-0.0949837 7.50028e-08
-0.0948938 7.50003e-08
-0.0948039 7.50324e-08
-0.094714 7.50761e-08
-0.0946241 7.51292e-08
-0.0945342 7.51623e-08
-0.0944443 7.51933e-08
-0.0943544 7.51848e-08
-0.0942645 7.51476e-08
-0.0941746 7.51463e-08
-0.0940847 7.50893e-08
-0.0939948 7.5003e-08
-0.0939049 7.49417e-08
-0.0938149 7.48913e-08
-0.093725 7.48215e-08
-0.0936351 7.46986e-08
-0.0935452 7.44905e-08
-0.0934553 7.43165e-08
-0.0933654 7.41994e-08
-0.0932755 7.41284e-08
-0.0931856 7.40696e-08
-0.0930957 7.39758e-08
-0.0930058 7.39665e-08
-0.0929159 7.38601e-08
-0.092826 7.38205e-08
-0.0927361 7.37547e-08
-0.0926462 7.37166e-08
-0.0925563 7.37143e-08
-0.0924664 7.37523e-08
-0.0923765 7.37714e-08
-0.0922866 7.37253e-08
-0.0921967 7.36437e-08
-0.0921068 7.3488e-08
-0.0920169 7.33186e-08
-0.091927 7.31091e-08
-0.0918371 7.29977e-08
-0.0917472 7.28362e-08
-0.0916572 7.26941e-08
-0.0915673 7.2541e-08
-0.0914774 7.24143e-08
-0.0913875 7.21272e-08
-0.0912976 7.18955e-08
-0.0912077 7.1655e-08
-0.0911178 7.14446e-08
-0.0910279 7.12344e-08
-0.090938 7.10766e-08
-0.0908481 7.08574e-08
-0.0907582 7.06622e-08
-0.0906683 7.0454e-08
-0.0905784 7.0263e-08
-0.0904885 7.00688e-08
-0.0903986 6.99576e-08
-0.0903087 6.98333e-08
-0.0902188 6.96971e-08
-0.0901289 6.95722e-08
-0.090039 6.94709e-08
-0.0899491 6.94596e-08
-0.0898592 6.93618e-08
-0.0897693 6.93693e-08
-0.0896794 6.93544e-08
-0.0895895 6.93008e-08
-0.0894995 6.92581e-08
-0.0894096 6.91889e-08
-0.0893197 6.91457e-08
-0.0892298 6.91396e-08
-0.0891399 6.91546e-08
-0.08905 6.9139e-08
-0.0889601 6.91042e-08
-0.0888702 6.90256e-08
-0.0887803 6.9021e-08
-0.0886904 6.89855e-08
-0.0886005 6.89934e-08
-0.0885106 6.90283e-08
-0.0884207 6.90279e-08
-0.0883308 6.89982e-08
-0.0882409 6.89456e-08
-0.088151 6.88713e-08
-0.0880611 6.88335e-08
-0.0879712 6.88143e-08
-0.0878813 6.88119e-08
-0.0877914 6.87455e-08
-0.0877015 6.86573e-08
-0.0876116 6.85944e-08
-0.0875217 6.85123e-08
-0.0874318 6.8409e-08
-0.0873418 6.83397e-08
-0.0872519 6.81592e-08
-0.087162 6.80473e-08
-0.0870721 6.7881e-08
-0.0869822 6.77505e-08
-0.0868923 6.75741e-08
-0.0868024 6.74523e-08
-0.0867125 6.73359e-08
-0.0866226 6.71593e-08
-0.0865327 6.69875e-08
-0.0864428 6.68615e-08
-0.0863529 6.67513e-08
-0.086263 6.66298e-08
-0.0861731 6.65677e-08
-0.0860832 6.65148e-08
-0.0859933 6.64867e-08
-0.0859034 6.64589e-08
-0.0858135 6.64466e-08
-0.0857236 6.64038e-08
-0.0856337 6.63588e-08
-0.0855438 6.629e-08
-0.0854539 6.62574e-08
-0.085364 6.61833e-08
-0.0852741 6.6069e-08
-0.0851841 6.6019e-08
-0.0850942 6.59524e-08
-0.0850043 6.58917e-08
-0.0849144 6.58496e-08
-0.0848245 6.57826e-08
-0.0847346 6.57309e-08
-0.0846447 6.57065e-08
-0.0845548 6.56851e-08
-0.0844649 6.56577e-08
-0.084375 6.55878e-08
-0.0842851 6.55571e-08
-0.0841952 6.55373e-08
-0.0841053 6.55652e-08
-0.0840154 6.5549e-08
-0.0839255 6.55553e-08
-0.0838356 6.55667e-08
-0.0837457 6.55424e-08
-0.0836558 6.54997e-08
-0.0835659 6.54686e-08
-0.083476 6.54092e-08
-0.0833861 6.53891e-08
-0.0832962 6.53644e-08
-0.0832063 6.53077e-08
-0.0831164 6.5275e-08
-0.0830264 6.52059e-08
-0.0829365 6.51513e-08
-0.0828466 6.51074e-08
-0.0827567 6.51195e-08
-0.0826668 6.51495e-08
-0.0825769 6.52065e-08
-0.082487 6.52391e-08
-0.0823971 6.52794e-08
-0.0823072 6.52862e-08
-0.0822173 6.52504e-08
-0.0821274 6.52588e-08
-0.0820375 6.52898e-08
-0.0819476 6.52899e-08
-0.0818577 6.52725e-08
-0.0817678 6.52383e-08
-0.0816779 6.52485e-08
-0.081588 6.52895e-08
-0.0814981 6.53404e-08
-0.0814082 6.53776e-08
-0.0813183 6.54347e-08
-0.0812284 6.54544e-08
-0.0811385 6.55633e-08
-0.0810486 6.56458e-08
-0.0809587 6.57428e-08
-0.0808687 6.58904e-08
-0.0807788 6.60022e-08
-0.0806889 6.6059e-08
-0.080599 6.61655e-08
-0.0805091 6.62169e-08
-0.0804192 6.62491e-08
-0.0803293 6.63399e-08
-0.0802394 6.64414e-08
-0.0801495 6.65338e-08
-0.0800596 6.66021e-08
-0.0799697 6.66624e-08
-0.0798798 6.67087e-08
-0.0797899 6.67132e-08
-0.0797 6.6793e-08
-0.0796101 6.68156e-08
-0.0795202 6.68874e-08
-0.0794303 6.69197e-08
-0.0793404 6.70027e-08
-0.0792505 6.70116e-08
-0.0791606 6.70551e-08
-0.0790707 6.71276e-08
-0.0789808 6.71628e-08
-0.0788909 6.72327e-08
-0.078801 6.73076e-08
-0.078711 6.73533e-08
-0.0786211 6.73855e-08
-0.0785312 6.74218e-08
-0.0784413 6.74225e-08
-0.0783514 6.74472e-08
-0.0782615 6.74544e-08
-0.0781716 6.74805e-08
-0.0780817 6.75103e-08
-0.0779918 6.75505e-08
-0.0779019 6.75969e-08
-0.077812 6.76498e-08
-0.0777221 6.77118e-08
-0.0776322 6.77977e-08
-0.0775423 6.78622e-08
-0.0774524 6.7934e-08
-0.0773625 6.7988e-08
-0.0772726 6.80279e-08
-0.0771827 6.81117e-08
-0.0770928 6.81664e-08
-0.0770029 6.81887e-08
-0.076913 6.81814e-08
-0.0768231 6.81936e-08
-0.0767332 6.8221e-08
-0.0766433 6.82409e-08
-0.0765534 6.82834e-08
-0.0764634 6.83498e-08
-0.0763735 6.84197e-08
-0.0762836 6.84897e-08
-0.0761937 6.85171e-08
-0.0761038 6.857e-08
-0.0760139 6.85719e-08
-0.075924 6.85854e-08
-0.0758341 6.86218e-08
-0.0757442 6.864e-08
-0.0756543 6.85933e-08
-0.0755644 6.8547e-08
-0.0754745 6.84689e-08
-0.0753846 6.8392e-08
-0.0752947 6.83182e-08
-0.0752048 6.82674e-08
-0.0751149 6.82006e-08
-0.075025 6.81341e-08
-0.0749351 6.80611e-08
-0.0748452 6.80109e-08
-0.0747553 6.79812e-08
-0.0746654 6.79363e-08
-0.0745755 6.78932e-08
-0.0744856 6.78471e-08
-0.0743957 6.77946e-08
-0.0743057 6.77263e-08
-0.0742158 6.76627e-08
-0.0741259 6.76e-08
-0.074036 6.75613e-08
-0.0739461 6.75388e-08
-0.0738562 6.75212e-08
-0.0737663 6.7478e-08
-0.0736764 6.74426e-08
-0.0735865 6.73809e-08
-0.0734966 6.73423e-08
-0.0734067 6.73099e-08
-0.0733168 6.72992e-08
-0.0732269 6.72863e-08
-0.073137 6.72969e-08
-0.0730471 6.73189e-08
-0.0729572 6.7313e-08
-0.0728673 6.73001e-08
-0.0727774 6.73115e-08
-0.0726875 6.73327e-08
-0.0725976 6.73728e-08
-0.0725077 6.74126e-08
-0.0724178 6.74759e-08
-0.0723279 6.75241e-08
-0.072238 6.75564e-08
-0.072148 6.76238e-08
-0.0720581 6.76879e-08
-0.0719682 6.7757e-08
-0.0718783 6.78075e-08
-0.0717884 6.78598e-08
-0.0716985 6.78871e-08
-0.0716086 6.79097e-08
-0.0715187 6.79193e-08
-0.0714288 6.79403e-08
-0.0713389 6.79306e-08
-0.071249 6.79376e-08
-0.0711591 6.79189e-08
-0.0710692 6.78759e-08
-0.0709793 6.78636e-08
-0.0708894 6.78496e-08
-0.0707995 6.78298e-08
-0.0707096 6.78059e-08
-0.0706197 6.77788e-08
-0.0705298 6.77371e-08
-0.0704399 6.76793e-08
-0.07035 6.76346e-08
-0.0702601 6.75809e-08
-0.0701702 6.75192e-08
-0.0700803 6.74669e-08
-0.0699903 6.74138e-08
-0.0699004 6.7373e-08
-0.0698105 6.73351e-08
-0.0697206 6.72701e-08
-0.0696307 6.72145e-08
-0.0695408 6.71683e-08
-0.0694509 6.71395e-08
-0.069361 6.71045e-08
-0.0692711 6.7082e-08
-0.0691812 6.70497e-08
-0.0690913 6.69898e-08
-0.0690014 6.69443e-08
-0.0689115 6.69013e-08
-0.0688216 6.68435e-08
-0.0687317 6.67879e-08
-0.0686418 6.67083e-08
-0.0685519 6.66199e-08
-0.068462 6.6552e-08
-0.0683721 6.65012e-08
-0.0682822 6.64351e-08
-0.0681923 6.63421e-08
-0.0681024 6.62697e-08
-0.0680125 6.62009e-08
-0.0679226 6.61395e-08
-0.0678326 6.60829e-08
-0.0677427 6.60054e-08
-0.0676528 6.59324e-08
-0.0675629 6.58647e-08
-0.067473 6.57959e-08
-0.0673831 6.57182e-08
-0.0672932 6.56534e-08
-0.0672033 6.55605e-08
-0.0671134 6.54751e-08
-0.0670235 6.53685e-08
-0.0669336 6.52713e-08
-0.0668437 6.51952e-08
-0.0667538 6.51085e-08
-0.0666639 6.50059e-08
-0.066574 6.49298e-08
-0.0664841 6.48542e-08
-0.0663942 6.4765e-08
-0.0663043 6.46604e-08
-0.0662144 6.45629e-08
-0.0661245 6.44786e-08
-0.0660346 6.43841e-08
-0.0659447 6.42861e-08
-0.0658548 6.42e-08
-0.0657649 6.41e-08
-0.0656749 6.39961e-08
-0.065585 6.38996e-08
-0.0654951 6.38017e-08
-0.0654052 6.37095e-08
-0.0653153 6.36343e-08
-0.0652254 6.35704e-08
-0.0651355 6.35177e-08
-0.0650456 6.34581e-08
-0.0649557 6.33971e-08
-0.0648658 6.3334e-08
-0.0647759 6.32557e-08
-0.064686 6.31885e-08
-0.0645961 6.31305e-08
-0.0645062 6.30576e-08
-0.0644163 6.29938e-08
-0.0643264 6.29397e-08
-0.0642365 6.28823e-08
-0.0641466 6.28518e-08
-0.0640567 6.28174e-08
-0.0639668 6.27905e-08
-0.0638769 6.2764e-08
-0.063787 6.27255e-08
-0.0636971 6.26951e-08
-0.0636072 6.2683e-08
-0.0635172 6.26834e-08
-0.0634273 6.26799e-08
-0.0633374 6.26694e-08
-0.0632475 6.26692e-08
-0.0631576 6.26709e-08
-0.0630677 6.26625e-08
-0.0629778 6.26417e-08
-0.0628879 6.26373e-08
-0.062798 6.26328e-08
-0.0627081 6.26334e-08
-0.0626182 6.2632e-08
-0.0625283 6.26408e-08
-0.0624384 6.26588e-08
-0.0623485 6.26607e-08
-0.0622586 6.26747e-08
-0.0621687 6.26988e-08
-0.0620788 6.27438e-08
-0.0619889 6.27823e-08
-0.061899 6.28229e-08
-0.0618091 6.28727e-08
-0.0617192 6.29111e-08
-0.0616293 6.29471e-08
-0.0615394 6.29807e-08
-0.0614495 6.30297e-08
-0.0613595 6.30787e-08
-0.0612696 6.31112e-08
-0.0611797 6.31428e-08
-0.0610898 6.31752e-08
-0.0609999 6.32164e-08
-0.06091 6.32534e-08
-0.0608201 6.3297e-08
-0.0607302 6.33368e-08
-0.0606403 6.33517e-08
-0.0605504 6.33793e-08
-0.0604605 6.34137e-08
-0.0603706 6.34175e-08
-0.0602807 6.34224e-08
-0.0601908 6.34047e-08
-0.0601009 6.33817e-08
-0.060011 6.33483e-08
-0.0599211 6.33082e-08
-0.0598312 6.3278e-08
-0.0597413 6.32337e-08
-0.0596514 6.317e-08
-0.0595615 6.31148e-08
-0.0594716 6.30699e-08
-0.0593817 6.30245e-08
-0.0592918 6.29847e-08
-0.0592018 6.29385e-08
-0.0591119 6.28845e-08
-0.059022 6.28254e-08
-0.0589321 6.27394e-08
-0.0588422 6.26598e-08
-0.0587523 6.25887e-08
-0.0586624 6.24997e-08
-0.0585725 6.24042e-08
-0.0584826 6.23161e-08
-0.0583927 6.22267e-08
-0.0583028 6.21407e-08
-0.0582129 6.20637e-08
-0.058123 6.19835e-08
-0.0580331 6.19097e-08
-0.0579432 6.18259e-08
-0.0578533 6.17428e-08
-0.0577634 6.1677e-08
-0.0576735 6.16054e-08
-0.0575836 6.15353e-08
-0.0574937 6.14774e-08
-0.0574038 6.14089e-08
-0.0573139 6.13286e-08
-0.057224 6.12681e-08
-0.0571341 6.12133e-08
-0.0570442 6.1153e-08
-0.0569542 6.10901e-08
-0.0568643 6.10168e-08
-0.0567744 6.09576e-08
-0.0566845 6.08666e-08
-0.0565946 6.07857e-08
-0.0565047 6.06938e-08
-0.0564148 6.06007e-08
-0.0563249 6.04964e-08
-0.056235 6.04019e-08
-0.0561451 6.03059e-08
-0.0560552 6.02239e-08
-0.0559653 6.01324e-08
-0.0558754 6.00299e-08
-0.0557855 5.99271e-08
-0.0556956 5.98386e-08
-0.0556057 5.97466e-08
-0.0555158 5.96337e-08
-0.0554259 5.95467e-08
-0.055336 5.94574e-08
-0.0552461 5.93606e-08
-0.0551562 5.92374e-08
-0.0550663 5.90975e-08
-0.0549764 5.89813e-08
-0.0548865 5.88586e-08
-0.0547965 5.87367e-08
-0.0547066 5.86132e-08
-0.0546167 5.84914e-08
-0.0545268 5.83767e-08
-0.0544369 5.82734e-08
-0.054347 5.81779e-08
-0.0542571 5.80833e-08
-0.0541672 5.79789e-08
-0.0540773 5.78716e-08
-0.0539874 5.77599e-08
-0.0538975 5.76356e-08
-0.0538076 5.75158e-08
-0.0537177 5.73876e-08
-0.0536278 5.72659e-08
-0.0535379 5.71425e-08
-0.053448 5.70222e-08
-0.0533581 5.691e-08
-0.0532682 5.67886e-08
-0.0531783 5.6663e-08
-0.0530884 5.65382e-08
-0.0529985 5.64207e-08
-0.0529086 5.63067e-08
-0.0528187 5.61716e-08
-0.0527288 5.60415e-08
-0.0526388 5.59082e-08
-0.0525489 5.57784e-08
-0.052459 5.56668e-08
-0.0523691 5.55439e-08
-0.0522792 5.54296e-08
-0.0521893 5.52954e-08
-0.0520994 5.51597e-08
-0.0520095 5.50185e-08
-0.0519196 5.48763e-08
-0.0518297 5.47459e-08
-0.0517398 5.4621e-08
-0.0516499 5.44838e-08
-0.05156 5.43621e-08
-0.0514701 5.42207e-08
-0.0513802 5.40944e-08
-0.0512903 5.39747e-08
-0.0512004 5.38648e-08
-0.0511105 5.37545e-08
-0.0510206 5.36499e-08
-0.0509307 5.3547e-08
-0.0508408 5.34342e-08
-0.0507509 5.33353e-08
-0.050661 5.32321e-08
-0.0505711 5.31266e-08
-0.0504811 5.30292e-08
-0.0503912 5.2935e-08
-0.0503013 5.28516e-08
-0.0502114 5.27654e-08
-0.0501215 5.26782e-08
-0.0500316 5.25962e-08
-0.0499417 5.25313e-08
-0.0498518 5.24701e-08
-0.0497619 5.24158e-08
-0.049672 5.23515e-08
-0.0495821 5.22925e-08
-0.0494922 5.22396e-08
-0.0494023 5.21912e-08
-0.0493124 5.21408e-08
-0.0492225 5.20855e-08
-0.0491326 5.20373e-08
-0.0490427 5.1981e-08
-0.0489528 5.19272e-08
-0.0488629 5.18858e-08
-0.048773 5.18344e-08
-0.0486831 5.17852e-08
-0.0485932 5.17405e-08
-0.0485033 5.16945e-08
-0.0484134 5.16665e-08
-0.0483234 5.1631e-08
-0.0482335 5.15835e-08
-0.0481436 5.15276e-08
-0.0480537 5.14826e-08
-0.0479638 5.14326e-08
-0.0478739 5.13682e-08
-0.047784 5.13192e-08
-0.0476941 5.1257e-08
-0.0476042 5.12093e-08
-0.0475143 5.11534e-08
-0.0474244 5.10995e-08
-0.0473345 5.10489e-08
-0.0472446 5.09941e-08
-0.0471547 5.09393e-08
-0.0470648 5.08736e-08
-0.0469749 5.08254e-08
-0.046885 5.07637e-08
-0.0467951 5.07048e-08
-0.0467052 5.06461e-08
-0.0466153 5.05895e-08
-0.0465254 5.05353e-08
-0.0464355 5.04731e-08
-0.0463456 5.04174e-08
-0.0462557 5.03634e-08
-0.0461657 5.03154e-08
-0.0460758 5.02571e-08
-0.0459859 5.01951e-08
-0.045896 5.01424e-08
-0.0458061 5.00995e-08
-0.0457162 5.00521e-08
-0.0456263 4.99895e-08
-0.0455364 4.99249e-08
-0.0454465 4.98545e-08
-0.0453566 4.97934e-08
-0.0452667 4.97361e-08
-0.0451768 4.96763e-08
-0.0450869 4.96193e-08
-0.044997 4.95627e-08
-0.0449071 4.95056e-08
-0.0448172 4.94554e-08
-0.0447273 4.94058e-08
-0.0446374 4.93489e-08
-0.0445475 4.92805e-08
-0.0444576 4.91972e-08
-0.0443677 4.91203e-08
-0.0442778 4.90538e-08
-0.0441879 4.89826e-08
-0.044098 4.89069e-08
-0.044008 4.88237e-08
-0.0439181 4.87486e-08
-0.0438282 4.86685e-08
-0.0437383 4.85907e-08
-0.0436484 4.85125e-08
-0.0435585 4.84341e-08
-0.0434686 4.8347e-08
-0.0433787 4.82579e-08
-0.0432888 4.81724e-08
-0.0431989 4.8083e-08
-0.043109 4.79827e-08
-0.0430191 4.78849e-08
-0.0429292 4.77805e-08
-0.0428393 4.76728e-08
-0.0427494 4.75683e-08
-0.0426595 4.74633e-08
-0.0425696 4.73514e-08
-0.0424797 4.72441e-08
-0.0423898 4.71357e-08
-0.0422999 4.70312e-08
-0.04221 4.69172e-08
-0.0421201 4.6799e-08
-0.0420302 4.6691e-08
-0.0419403 4.65782e-08
-0.0418503 4.64606e-08
-0.0417604 4.63443e-08
-0.0416705 4.62305e-08
-0.0415806 4.61299e-08
-0.0414907 4.60164e-08
-0.0414008 4.59127e-08
-0.0413109 4.58091e-08
-0.041221 4.5717e-08
-0.0411311 4.56181e-08
-0.0410412 4.55237e-08
-0.0409513 4.54281e-08
-0.0408614 4.53302e-08
-0.0407715 4.52456e-08
-0.0406816 4.51553e-08
-0.0405917 4.50628e-08
-0.0405018 4.49791e-08
-0.0404119 4.48987e-08
-0.040322 4.48204e-08
-0.0402321 4.47462e-08
-0.0401422 4.46824e-08
-0.0400523 4.46217e-08
-0.0399624 4.45581e-08
-0.0398725 4.4501e-08
-0.0397826 4.44458e-08
-0.0396927 4.43908e-08
-0.0396027 4.43335e-08
-0.0395128 4.42636e-08
-0.0394229 4.42009e-08
-0.039333 4.41424e-08
-0.0392431 4.40806e-08
-0.0391532 4.40276e-08
-0.0390633 4.3979e-08
-0.0389734 4.3923e-08
-0.0388835 4.38888e-08
-0.0387936 4.38489e-08
-0.0387037 4.3804e-08
-0.0386138 4.37556e-08
-0.0385239 4.37074e-08
-0.038434 4.36521e-08
-0.0383441 4.35932e-08
-0.0382542 4.35258e-08
-0.0381643 4.3462e-08
-0.0380744 4.34069e-08
-0.0379845 4.33465e-08
-0.0378946 4.32893e-08
-0.0378047 4.32327e-08
-0.0377148 4.31615e-08
-0.0376249 4.30913e-08
-0.037535 4.30113e-08
-0.037445 4.29305e-08
-0.0373551 4.2845e-08
-0.0372652 4.27595e-08
-0.0371753 4.26716e-08
-0.0370854 4.25874e-08
-0.0369955 4.25061e-08
-0.0369056 4.24222e-08
-0.0368157 4.23337e-08
-0.0367258 4.22421e-08
-0.0366359 4.21416e-08
-0.036546 4.20365e-08
-0.0364561 4.19296e-08
-0.0363662 4.18226e-08
-0.0362763 4.17124e-08
-0.0361864 4.16183e-08
-0.0360965 4.15179e-08
-0.0360066 4.14115e-08
-0.0359167 4.13137e-08
-0.0358268 4.12145e-08
-0.0357369 4.11228e-08
-0.035647 4.10235e-08
-0.0355571 4.09186e-08
-0.0354672 4.08149e-08
-0.0353773 4.07228e-08
-0.0352873 4.06312e-08
-0.0351974 4.05363e-08
-0.0351075 4.04547e-08
-0.0350176 4.03581e-08
-0.0349277 4.02646e-08
-0.0348378 4.01811e-08
-0.0347479 4.01025e-08
-0.034658 4.00226e-08
-0.0345681 3.99273e-08
-0.0344782 3.98417e-08
-0.0343883 3.97588e-08
-0.0342984 3.96825e-08
-0.0342085 3.96048e-08
-0.0341186 3.95348e-08
-0.0340287 3.94726e-08
-0.0339388 3.94005e-08
-0.0338489 3.9337e-08
-0.033759 3.927e-08
-0.0336691 3.92061e-08
-0.0335792 3.91251e-08
-0.0334893 3.90411e-08
-0.0333994 3.89762e-08
-0.0333095 3.89049e-08
-0.0332196 3.88373e-08
-0.0331296 3.87783e-08
-0.0330397 3.8722e-08
-0.0329498 3.86575e-08
-0.0328599 3.86015e-08
-0.03277 3.85384e-08
-0.0326801 3.84738e-08
-0.0325902 3.84086e-08
-0.0325003 3.83287e-08
-0.0324104 3.82569e-08
-0.0323205 3.81913e-08
-0.0322306 3.81162e-08
-0.0321407 3.80529e-08
-0.0320508 3.79987e-08
-0.0319609 3.79253e-08
-0.031871 3.78558e-08
-0.0317811 3.77864e-08
-0.0316912 3.77116e-08
-0.0316013 3.76448e-08
-0.0315114 3.75721e-08
-0.0314215 3.75031e-08
-0.0313316 3.74309e-08
-0.0312417 3.73665e-08
-0.0311518 3.72946e-08
-0.0310619 3.72359e-08
-0.0309719 3.71714e-08
-0.030882 3.70996e-08
-0.0307921 3.70336e-08
-0.0307022 3.69645e-08
-0.0306123 3.68953e-08
-0.0305224 3.68245e-08
-0.0304325 3.67547e-08
-0.0303426 3.66891e-08
-0.0302527 3.66206e-08
-0.0301628 3.65606e-08
-0.0300729 3.64932e-08
-0.029983 3.64356e-08
-0.0298931 3.6364e-08
-0.0298032 3.62991e-08
-0.0297133 3.62361e-08
-0.0296234 3.61724e-08
-0.0295335 3.61042e-08
-0.0294436 3.60269e-08
-0.0293537 3.59467e-08
-0.0292638 3.58629e-08
-0.0291739 3.57799e-08
-0.029084 3.57046e-08
-0.0289941 3.56325e-08
-0.0289042 3.5557e-08
-0.0288142 3.54749e-08
-0.0287243 3.54042e-08
-0.0286344 3.53241e-08
-0.0285445 3.52417e-08
-0.0284546 3.51641e-08
-0.0283647 3.5088e-08
-0.0282748 3.49962e-08
-0.0281849 3.49009e-08
-0.028095 3.48102e-08
-0.0280051 3.4723e-08
-0.0279152 3.46421e-08
-0.0278253 3.45586e-08
-0.0277354 3.44766e-08
-0.0276455 3.43944e-08
-0.0275556 3.43058e-08
-0.0274657 3.42195e-08
-0.0273758 3.41501e-08
-0.0272859 3.40759e-08
-0.027196 3.39932e-08
-0.0271061 3.39143e-08
-0.0270162 3.38331e-08
-0.0269263 3.37493e-08
-0.0268364 3.36775e-08
-0.0267465 3.35993e-08
-0.0266565 3.352e-08
-0.0265666 3.34486e-08
-0.0264767 3.33728e-08
-0.0263868 3.33056e-08
-0.0262969 3.32393e-08
-0.026207 3.31703e-08
-0.0261171 3.30981e-08
-0.0260272 3.30279e-08
-0.0259373 3.29508e-08
-0.0258474 3.28795e-08
-0.0257575 3.28151e-08
-0.0256676 3.27319e-08
-0.0255777 3.26552e-08
-0.0254878 3.25841e-08
-0.0253979 3.2508e-08
-0.025308 3.24367e-08
-0.0252181 3.23647e-08
-0.0251282 3.22955e-08
-0.0250383 3.22184e-08
-0.0249484 3.21431e-08
-0.0248585 3.20615e-08
-0.0247686 3.19866e-08
-0.0246787 3.19075e-08
-0.0245888 3.18183e-08
-0.0244988 3.17363e-08
-0.0244089 3.16471e-08
-0.024319 3.15571e-08
-0.0242291 3.14685e-08
-0.0241392 3.13859e-08
-0.0240493 3.13007e-08
-0.0239594 3.12076e-08
-0.0238695 3.11184e-08
-0.0237796 3.1026e-08
-0.0236897 3.09394e-08
-0.0235998 3.08474e-08
-0.0235099 3.07569e-08
-0.02342 3.06621e-08
-0.0233301 3.05642e-08
-0.0232402 3.04649e-08
-0.0231503 3.03624e-08
-0.0230604 3.02688e-08
-0.0229705 3.01719e-08
-0.0228806 3.00706e-08
-0.0227907 2.99701e-08
-0.0227008 2.98699e-08
-0.0226109 2.97715e-08
-0.022521 2.96721e-08
-0.0224311 2.95684e-08
-0.0223411 2.94591e-08
-0.0222512 2.93493e-08
-0.0221613 2.92346e-08
-0.0220714 2.91181e-08
-0.0219815 2.90121e-08
-0.0218916 2.89096e-08
-0.0218017 2.87927e-08
-0.0217118 2.86829e-08
-0.0216219 2.85671e-08
-0.021532 2.84531e-08
-0.0214421 2.83351e-08
-0.0213522 2.82121e-08
-0.0212623 2.80881e-08
-0.0211724 2.79647e-08
-0.0210825 2.78409e-08
-0.0209926 2.77185e-08
-0.0209027 2.76011e-08
-0.0208128 2.74825e-08
-0.0207229 2.73594e-08
-0.020633 2.7239e-08
-0.0205431 2.71114e-08
-0.0204532 2.69902e-08
-0.0203633 2.68653e-08
-0.0202734 2.67361e-08
-0.0201835 2.66058e-08
-0.0200935 2.64818e-08
-0.0200036 2.63586e-08
-0.0199137 2.62365e-08
-0.0198238 2.61082e-08
-0.0197339 2.59868e-08
-0.019644 2.5865e-08
-0.0195541 2.57332e-08
-0.0194642 2.56057e-08
-0.0193743 2.54786e-08
-0.0192844 2.53523e-08
-0.0191945 2.52256e-08
-0.0191046 2.50977e-08
-0.0190147 2.4974e-08
-0.0189248 2.48518e-08
-0.0188349 2.47239e-08
-0.018745 2.45973e-08
-0.0186551 2.44774e-08
-0.0185652 2.43486e-08
-0.0184753 2.42153e-08
-0.0183854 2.40873e-08
-0.0182955 2.39526e-08
-0.0182056 2.38196e-08
-0.0181157 2.36922e-08
-0.0180258 2.35625e-08
-0.0179358 2.34337e-08
-0.0178459 2.33046e-08
-0.017756 2.31695e-08
-0.0176661 2.30451e-08
-0.0175762 2.29146e-08
-0.0174863 2.27839e-08
-0.0173964 2.26493e-08
-0.0173065 2.25165e-08
-0.0172166 2.23773e-08
-0.0171267 2.22385e-08
-0.0170368 2.21048e-08
-0.0169469 2.19641e-08
-0.016857 2.18257e-08
-0.0167671 2.16864e-08
-0.0166772 2.15492e-08
-0.0165873 2.14137e-08
-0.0164974 2.12733e-08
-0.0164075 2.11389e-08
-0.0163176 2.10008e-08
-0.0162277 2.0863e-08
-0.0161378 2.07174e-08
-0.0160479 2.05766e-08
-0.015958 2.04338e-08
-0.0158681 2.02891e-08
-0.0157781 2.01461e-08
-0.0156882 2.00052e-08
-0.0155983 1.98699e-08
-0.0155084 1.97263e-08
-0.0154185 1.95808e-08
-0.0153286 1.9442e-08
-0.0152387 1.93028e-08
-0.0151488 1.91636e-08
-0.0150589 1.90197e-08
-0.014969 1.88778e-08
-0.0148791 1.87285e-08
-0.0147892 1.85871e-08
-0.0146993 1.84511e-08
-0.0146094 1.83119e-08
-0.0145195 1.81725e-08
-0.0144296 1.80254e-08
-0.0143397 1.78831e-08
-0.0142498 1.77474e-08
-0.0141599 1.76094e-08
-0.01407 1.74768e-08
-0.0139801 1.7339e-08
-0.0138902 1.7197e-08
-0.0138003 1.70533e-08
-0.0137104 1.69205e-08
-0.0136204 1.67929e-08
-0.0135305 1.66555e-08
-0.0134406 1.65159e-08
-0.0133507 1.63787e-08
-0.0132608 1.62464e-08
-0.0131709 1.61152e-08
-0.013081 1.59818e-08
-0.0129911 1.58578e-08
-0.0129012 1.57207e-08
-0.0128113 1.55854e-08
-0.0127214 1.54508e-08
-0.0126315 1.53208e-08
-0.0125416 1.51904e-08
-0.0124517 1.50524e-08
-0.0123618 1.49165e-08
-0.0122719 1.47788e-08
-0.012182 1.46495e-08
-0.0120921 1.45168e-08
-0.0120022 1.43868e-08
-0.0119123 1.42607e-08
-0.0118224 1.41249e-08
-0.0117325 1.39929e-08
-0.0116426 1.38586e-08
-0.0115527 1.37264e-08
-0.0114627 1.35852e-08
-0.0113728 1.34445e-08
-0.0112829 1.33072e-08
-0.011193 1.31674e-08
-0.0111031 1.30377e-08
-0.0110132 1.29082e-08
-0.0109233 1.27791e-08
-0.0108334 1.26477e-08
-0.0107435 1.25147e-08
-0.0106536 1.23834e-08
-0.0105637 1.22583e-08
-0.0104738 1.21282e-08
-0.0103839 1.19905e-08
-0.010294 1.18544e-08
-0.0102041 1.17187e-08
-0.0101142 1.15793e-08
-0.0100243 1.14519e-08
-0.00993438 1.13248e-08
-0.00984447 1.11915e-08
-0.00975457 1.10552e-08
-0.00966466 1.09252e-08
-0.00957476 1.0796e-08
-0.00948486 1.06749e-08
-0.00939495 1.05482e-08
-0.00930505 1.04167e-08
-0.00921514 1.02836e-08
-0.00912524 1.0145e-08
-0.00903534 1.00068e-08
-0.00894543 9.87567e-09
-0.00885553 9.74165e-09
-0.00876562 9.60389e-09
-0.00867572 9.46572e-09
-0.00858582 9.33608e-09
-0.00849591 9.20678e-09
-0.00840601 9.07969e-09
-0.0083161 8.94723e-09
-0.0082262 8.81534e-09
-0.00813629 8.68184e-09
-0.00804639 8.54379e-09
-0.00795649 8.40685e-09
-0.00786658 8.27062e-09
-0.00777668 8.13724e-09
-0.00768677 8.0022e-09
-0.00759687 7.86621e-09
-0.00750697 7.73775e-09
-0.00741706 7.61279e-09
-0.00732716 7.47833e-09
-0.00723725 7.34968e-09
-0.00714735 7.22547e-09
-0.00705744 7.09804e-09
-0.00696754 6.9744e-09
-0.00687764 6.84414e-09
-0.00678773 6.71602e-09
-0.00669783 6.59498e-09
-0.00660792 6.46942e-09
-0.00651802 6.34312e-09
-0.00642812 6.22478e-09
-0.00633821 6.1039e-09
-0.00624831 5.98064e-09
-0.0061584 5.87549e-09
-0.0060685 5.76329e-09
-0.00597859 5.65782e-09
-0.00588869 5.55347e-09
-0.00579879 5.43413e-09
-0.00570888 5.32187e-09
-0.00561898 5.2155e-09
-0.00552907 5.10659e-09
-0.00543917 4.99886e-09
-0.00534927 4.89009e-09
-0.00525936 4.78014e-09
-0.00516946 4.67912e-09
-0.00507955 4.5825e-09
-0.00498965 4.4849e-09
-0.00489975 4.39407e-09
-0.00480984 4.28972e-09
-0.00471994 4.1896e-09
-0.00463003 4.09332e-09
-0.00454013 4.0013e-09
-0.00445022 3.90833e-09
-0.00436032 3.80748e-09
-0.00427042 3.70031e-09
-0.00418051 3.60348e-09
-0.00409061 3.50897e-09
-0.0040007 3.41223e-09
-0.0039108 3.32139e-09
-0.0038209 3.22666e-09
-0.00373099 3.13025e-09
-0.00364109 3.05222e-09
-0.00355118 2.96981e-09
-0.00346128 2.88971e-09
-0.00337137 2.80364e-09
-0.00328147 2.70286e-09
-0.00319157 2.60315e-09
-0.00310166 2.51667e-09
-0.00301176 2.43032e-09
-0.00292185 2.34135e-09
-0.00283195 2.2517e-09
-0.00274205 2.16796e-09
-0.00265214 2.08748e-09
-0.00256224 2.01831e-09
-0.00247233 1.94057e-09
-0.00238243 1.86659e-09
-0.00229252 1.78606e-09
-0.00220262 1.69619e-09
-0.00211272 1.61291e-09
-0.00202281 1.53925e-09
-0.00193291 1.46892e-09
-0.001843 1.38955e-09
-0.0017531 1.31398e-09
-0.0016632 1.24511e-09
-0.00157329 1.17586e-09
-0.00148339 1.11158e-09
-0.00139348 1.04205e-09
-0.00130358 9.73726e-10
-0.00121368 9.03534e-10
-0.00112377 8.30648e-10
-0.00103387 7.59737e-10
-0.000943963 7.03295e-10
-0.000854059 6.38979e-10
-0.000764154 5.70962e-10
-0.00067425 5.05775e-10
-0.000584346 4.40213e-10
-0.000494442 3.75928e-10
-0.000404538 3.17067e-10
-0.000314634 2.54672e-10
-0.00022473 1.90257e-10
-0.000134825 1.32423e-10
-4.49212e-05 6.29228e-11
4.49829e-05 0
0.000134887 -5.40568e-11
0.000224791 -1.15606e-10
0.000314695 -1.75645e-10
0.0004046 -2.38632e-10
0.000494504 -3.0368e-10
0.000584408 -3.68151e-10
0.000674312 -4.27779e-10
0.000764216 -4.94768e-10
0.00085412 -5.5336e-10
0.000944024 -6.15725e-10
0.00103393 -6.83563e-10
0.00112383 -7.44394e-10
0.00121374 -7.98354e-10
0.00130364 -8.52171e-10
0.00139355 -9.13101e-10
0.00148345 -9.67071e-10
0.00157335 -1.02914e-09
0.00166326 -1.08741e-09
0.00175316 -1.14867e-09
0.00184307 -1.20785e-09
0.00193297 -1.25989e-09
0.00202287 -1.32003e-09
0.00211278 -1.37755e-09
0.00220268 -1.43074e-09
0.00229259 -1.47521e-09
0.00238249 -1.52564e-09
0.00247239 -1.57682e-09
0.0025623 -1.61888e-09
0.0026522 -1.66637e-09
0.00274211 -1.70937e-09
0.00283201 -1.74943e-09
0.00292192 -1.78849e-09
0.00301182 -1.82419e-09
0.00310172 -1.86233e-09
0.00319163 -1.90201e-09
0.00328153 -1.93692e-09
0.00337144 -1.97344e-09
0.00346134 -2.01046e-09
0.00355124 -2.04474e-09
0.00364115 -2.07061e-09
0.00373105 -2.09604e-09
0.00382096 -2.11572e-09
0.00391086 -2.13728e-09
0.00400077 -2.16122e-09
0.00409067 -2.17698e-09
0.00418057 -2.19694e-09
0.00427048 -2.21826e-09
0.00436038 -2.24436e-09
0.00445029 -2.27214e-09
0.00454019 -2.29127e-09
0.00463009 -2.30912e-09
0.00472 -2.32284e-09
0.0048099 -2.32707e-09
0.00489981 -2.34049e-09
0.00498971 -2.35488e-09
0.00507962 -2.36084e-09
0.00516952 -2.36762e-09
0.00525942 -2.37687e-09
0.00534933 -2.38666e-09
0.00543923 -2.40378e-09
0.00552914 -2.41453e-09
0.00561904 -2.41407e-09
0.00570894 -2.42027e-09
0.00579885 -2.42519e-09
0.00588875 -2.42404e-09
0.00597866 -2.43252e-09
0.00606856 -2.42688e-09
0.00615846 -2.42135e-09
0.00624837 -2.41535e-09
0.00633827 -2.41174e-09
0.00642818 -2.40984e-09
0.00651808 -2.41219e-09
0.00660799 -2.40563e-09
0.00669789 -2.39625e-09
0.00678779 -2.39163e-09
0.0068777 -2.39463e-09
0.0069676 -2.39001e-09
0.00705751 -2.38072e-09
0.00714741 -2.37396e-09
0.00723731 -2.36682e-09
0.00732722 -2.35056e-09
0.00741712 -2.3445e-09
0.00750703 -2.33783e-09
0.00759693 -2.33209e-09
0.00768684 -2.32037e-09
0.00777674 -2.31124e-09
0.00786664 -2.30386e-09
0.00795655 -2.30539e-09
0.00804645 -2.29201e-09
0.00813636 -2.28457e-09
0.00822626 -2.2827e-09
0.00831616 -2.27825e-09
0.00840607 -2.26547e-09
0.00849597 -2.26082e-09
0.00858588 -2.24901e-09
0.00867578 -2.23193e-09
0.00876569 -2.20721e-09
0.00885559 -2.18968e-09
0.00894549 -2.16962e-09
0.0090354 -2.15134e-09
0.0091253 -2.12607e-09
0.00921521 -2.10634e-09
0.00930511 -2.09066e-09
0.00939501 -2.07469e-09
0.00948492 -2.04913e-09
0.00957482 -2.02807e-09
0.00966473 -1.99581e-09
0.00975463 -1.95763e-09
0.00984453 -1.91572e-09
0.00993444 -1.88083e-09
0.0100243 -1.83176e-09
0.0101142 -1.79113e-09
0.0102042 -1.74666e-09
0.0102941 -1.70335e-09
0.010384 -1.66243e-09
0.0104739 -1.61422e-09
0.0105638 -1.56938e-09
0.0106537 -1.5183e-09
0.0107436 -1.46647e-09
0.0108335 -1.41548e-09
0.0109234 -1.36408e-09
0.0110133 -1.31274e-09
0.0111032 -1.25201e-09
0.0111931 -1.2045e-09
0.011283 -1.1521e-09
0.0113729 -1.10148e-09
0.0114628 -1.04526e-09
0.0115527 -9.9248e-10
0.0116426 -9.4341e-10
0.0117325 -8.86748e-10
0.0118224 -8.34422e-10
0.0119123 -7.80816e-10
0.0120022 -7.27807e-10
0.0120921 -6.77244e-10
0.012182 -6.27619e-10
0.0122719 -5.83211e-10
0.0123619 -5.43399e-10
0.0124518 -4.9821e-10
0.0125417 -4.51568e-10
0.0126316 -4.0918e-10
0.0127215 -3.67966e-10
0.0128114 -3.25255e-10
0.0129013 -2.81338e-10
0.0129912 -2.38686e-10
0.0130811 -1.9283e-10
0.013171 -1.53847e-10
0.0132609 -1.14553e-10
0.0133508 -7.92401e-11
0.0134407 -3.7221e-11
0.0135306 2.4301e-12
0.0136205 4.09191e-11
0.0137104 7.97567e-11
0.0138003 1.11828e-10
0.0138902 1.44084e-10
0.0139801 1.73792e-10
0.01407 2.06738e-10
0.0141599 2.41566e-10
0.0142498 2.73682e-10
0.0143397 3.02315e-10
0.0144296 3.31096e-10
0.0145196 3.69229e-10
0.0146095 3.98674e-10
0.0146994 4.30447e-10
0.0147893 4.62299e-10
0.0148792 4.91684e-10
0.0149691 5.11582e-10
0.015059 5.33209e-10
0.0151489 5.5856e-10
0.0152388 5.8388e-10
0.0153287 6.11398e-10
0.0154186 6.36415e-10
0.0155085 6.57727e-10
0.0155984 6.83714e-10
0.0156883 7.13445e-10
0.0157782 7.44515e-10
0.0158681 7.73502e-10
0.015958 8.07946e-10
0.0160479 8.3258e-10
0.0161378 8.56407e-10
0.0162277 8.76976e-10
0.0163176 9.01643e-10
0.0164075 9.33995e-10
0.0164974 9.72062e-10
0.0165873 1.00222e-09
0.0166773 1.03816e-09
0.0167672 1.08326e-09
0.0168571 1.1251e-09
0.016947 1.16479e-09
0.0170369 1.2065e-09
0.0171268 1.23863e-09
0.0172167 1.26583e-09
0.0173066 1.29277e-09
0.0173965 1.32027e-09
0.0174864 1.35438e-09
0.0175763 1.39808e-09
0.0176662 1.43534e-09
0.0177561 1.48372e-09
0.017846 1.52752e-09
0.0179359 1.57873e-09
0.0180258 1.62263e-09
0.0181157 1.66275e-09
0.0182056 1.69742e-09
0.0182955 1.72977e-09
0.0183854 1.76641e-09
0.0184753 1.79954e-09
0.0185652 1.83635e-09
0.0186551 1.8753e-09
0.018745 1.91691e-09
0.0188349 1.96503e-09
0.0189249 2.00986e-09
0.0190148 2.06702e-09
0.0191047 2.11295e-09
0.0191946 2.16051e-09
0.0192845 2.20588e-09
0.0193744 2.25588e-09
0.0194643 2.30038e-09
0.0195542 2.34851e-09
0.0196441 2.39506e-09
0.019734 2.44311e-09
0.0198239 2.49328e-09
0.0199138 2.54641e-09
0.0200037 2.60472e-09
0.0200936 2.66647e-09
0.0201835 2.71929e-09
0.0202734 2.77514e-09
0.0203633 2.83324e-09
0.0204532 2.89665e-09
0.0205431 2.95456e-09
0.020633 3.01459e-09
0.0207229 3.07141e-09
0.0208128 3.12654e-09
0.0209027 3.18575e-09
0.0209926 3.24399e-09
0.0210826 3.30825e-09
0.0211725 3.37034e-09
0.0212624 3.42434e-09
0.0213523 3.48302e-09
0.0214422 3.53877e-09
0.0215321 3.59956e-09
0.021622 3.65901e-09
0.0217119 3.71378e-09
0.0218018 3.76878e-09
0.0218917 3.82529e-09
0.0219816 3.89288e-09
0.0220715 3.95286e-09
0.0221614 4.01698e-09
0.0222513 4.0763e-09
0.0223412 4.1352e-09
0.0224311 4.19344e-09
0.022521 4.24914e-09
0.0226109 4.31113e-09
0.0227008 4.36323e-09
0.0227907 4.41536e-09
0.0228806 4.47721e-09
0.0229705 4.54429e-09
0.0230604 4.60912e-09
0.0231503 4.67275e-09
0.0232403 4.7329e-09
0.0233302 4.79085e-09
0.0234201 4.85282e-09
0.02351 4.90892e-09
0.0235999 4.97497e-09
0.0236898 5.03761e-09
0.0237797 5.09019e-09
0.0238696 5.14764e-09
0.0239595 5.20744e-09
0.0240494 5.2657e-09
0.0241393 5.31959e-09
0.0242292 5.37564e-09
0.0243191 5.41973e-09
0.024409 5.46444e-09
0.0244989 5.50705e-09
0.0245888 5.55353e-09
0.0246787 5.60623e-09
0.0247686 5.65328e-09
0.0248585 5.69285e-09
0.0249484 5.72957e-09
0.0250383 5.76454e-09
0.0251282 5.80598e-09
0.0252181 5.84616e-09
0.025308 5.87975e-09
0.025398 5.90813e-09
0.0254879 5.93732e-09
0.0255778 5.96748e-09
0.0256677 6.00013e-09
0.0257576 6.03656e-09
0.0258475 6.06521e-09
0.0259374 6.08463e-09
0.0260273 6.10402e-09
0.0261172 6.12394e-09
0.0262071 6.15193e-09
0.026297 6.17726e-09
0.0263869 6.20089e-09
0.0264768 6.22945e-09
0.0265667 6.25608e-09
0.0266566 6.28293e-09
0.0267465 6.31318e-09
0.0268364 6.34331e-09
0.0269263 6.36014e-09
0.0270162 6.3781e-09
0.0271061 6.39895e-09
0.027196 6.42257e-09
0.0272859 6.45383e-09
0.0273758 6.48399e-09
0.0274657 6.52344e-09
0.0275557 6.55676e-09
0.0276456 6.59164e-09
0.0277355 6.63017e-09
0.0278254 6.67869e-09
0.0279153 6.71839e-09
0.0280052 6.74794e-09
0.0280951 6.78563e-09
0.028185 6.82098e-09
0.0282749 6.865e-09
0.0283648 6.91329e-09
0.0284547 6.9672e-09
0.0285446 7.0172e-09
0.0286345 7.07017e-09
0.0287244 7.13232e-09
0.0288143 7.19805e-09
0.0289042 7.26819e-09
0.0289941 7.32574e-09
0.029084 7.38566e-09
0.0291739 7.44753e-09
0.0292638 7.50459e-09
0.0293537 7.57391e-09
0.0294436 7.64384e-09
0.0295335 7.70517e-09
0.0296234 7.77022e-09
0.0297134 7.84517e-09
0.0298033 7.91107e-09
0.0298932 7.98024e-09
0.0299831 8.05603e-09
0.030073 8.12683e-09
0.0301629 8.19549e-09
0.0302528 8.26889e-09
0.0303427 8.3395e-09
0.0304326 8.42193e-09
0.0305225 8.49348e-09
0.0306124 8.55697e-09
0.0307023 8.62564e-09
0.0307922 8.69288e-09
0.0308821 8.75157e-09
0.030972 8.82318e-09
0.0310619 8.89833e-09
0.0311518 8.97418e-09
0.0312417 9.04817e-09
0.0313316 9.12092e-09
0.0314215 9.19015e-09
0.0315114 9.2698e-09
0.0316013 9.34105e-09
0.0316912 9.4113e-09
0.0317811 9.48384e-09
0.0318711 9.55359e-09
0.031961 9.6321e-09
0.0320509 9.70919e-09
0.0321408 9.79243e-09
0.0322307 9.88739e-09
0.0323206 9.97821e-09
0.0324105 1.00603e-08
0.0325004 1.01433e-08
0.0325903 1.02306e-08
0.0326802 1.03097e-08
0.0327701 1.03895e-08
0.03286 1.04738e-08
0.0329499 1.05653e-08
0.0330398 1.0656e-08
0.0331297 1.07398e-08
0.0332196 1.08356e-08
0.0333095 1.09352e-08
0.0333994 1.10322e-08
0.0334893 1.11175e-08
0.0335792 1.12007e-08
0.0336691 1.12822e-08
0.033759 1.13605e-08
0.0338489 1.14367e-08
0.0339388 1.15219e-08
0.0340288 1.16106e-08
0.0341187 1.17006e-08
0.0342086 1.17803e-08
0.0342985 1.18614e-08
0.0343884 1.19446e-08
0.0344783 1.20245e-08
0.0345682 1.20885e-08
0.0346581 1.21552e-08
0.034748 1.22155e-08
0.0348379 1.22729e-08
0.0349278 1.23341e-08
0.0350177 1.23941e-08
0.0351076 1.24616e-08
0.0351975 1.25307e-08
0.0352874 1.26009e-08
0.0353773 1.26761e-08
0.0354672 1.27519e-08
0.0355571 1.28238e-08
0.035647 1.28962e-08
0.0357369 1.29776e-08
0.0358268 1.30482e-08
0.0359167 1.31222e-08
0.0360066 1.31923e-08
0.0360965 1.32659e-08
0.0361865 1.33434e-08
0.0362764 1.34276e-08
0.0363663 1.35148e-08
0.0364562 1.35964e-08
0.0365461 1.36772e-08
0.036636 1.37584e-08
0.0367259 1.38457e-08
0.0368158 1.39317e-08
0.0369057 1.40177e-08
0.0369956 1.41091e-08
0.0370855 1.42014e-08
0.0371754 1.43013e-08
0.0372653 1.43905e-08
0.0373552 1.44825e-08
0.0374451 1.45694e-08
0.037535 1.46563e-08
0.0376249 1.47403e-08
0.0377148 1.48271e-08
0.0378047 1.49081e-08
0.0378946 1.49872e-08
0.0379845 1.50717e-08
0.0380744 1.51523e-08
0.0381643 1.52289e-08
0.0382542 1.53073e-08
0.0383441 1.53739e-08
0.0384341 1.54554e-08
0.038524 1.55318e-08
0.0386139 1.56095e-08
0.0387038 1.56733e-08
0.0387937 1.57352e-08
0.0388836 1.57984e-08
0.0389735 1.58674e-08
0.0390634 1.59297e-08
0.0391533 1.59956e-08
0.0392432 1.60599e-08
0.0393331 1.613e-08
0.039423 1.61976e-08
0.0395129 1.62707e-08
0.0396028 1.63305e-08
0.0396927 1.63945e-08
0.0397826 1.64519e-08
0.0398725 1.65166e-08
0.0399624 1.65899e-08
0.0400523 1.66522e-08
0.0401422 1.6734e-08
0.0402321 1.6812e-08
0.040322 1.68917e-08
0.0404119 1.69745e-08
0.0405018 1.70543e-08
0.0405918 1.71371e-08
0.0406817 1.72157e-08
0.0407716 1.73087e-08
0.0408615 1.7406e-08
0.0409514 1.75066e-08
0.0410413 1.76027e-08
0.0411312 1.77074e-08
0.0412211 1.7811e-08
0.041311 1.79145e-08
0.0414009 1.8024e-08
0.0414908 1.81251e-08
0.0415807 1.82252e-08
0.0416706 1.83398e-08
0.0417605 1.84459e-08
0.0418504 1.85562e-08
0.0419403 1.86728e-08
0.0420302 1.87905e-08
0.0421201 1.8911e-08
0.04221 1.9026e-08
0.0422999 1.9134e-08
0.0423898 1.9251e-08
0.0424797 1.93744e-08
0.0425696 1.94967e-08
0.0426595 1.96158e-08
0.0427495 1.973e-08
0.0428394 1.98507e-08
0.0429293 1.99724e-08
0.0430192 2.00984e-08
0.0431091 2.022e-08
0.043199 2.03346e-08
0.0432889 2.04637e-08
0.0433788 2.05904e-08
0.0434687 2.07306e-08
0.0435586 2.08648e-08
0.0436485 2.10026e-08
0.0437384 2.11304e-08
0.0438283 2.12509e-08
0.0439182 2.13814e-08
0.0440081 2.15162e-08
0.044098 2.16427e-08
0.0441879 2.1768e-08
0.0442778 2.18997e-08
0.0443677 2.20361e-08
0.0444576 2.21757e-08
0.0445475 2.23171e-08
0.0446374 2.24558e-08
0.0447273 2.25885e-08
0.0448172 2.27117e-08
0.0449072 2.28376e-08
0.0449971 2.29719e-08
0.045087 2.30982e-08
0.0451769 2.32158e-08
0.0452668 2.33413e-08
0.0453567 2.34591e-08
0.0454466 2.35846e-08
0.0455365 2.37147e-08
0.0456264 2.3851e-08
0.0457163 2.39894e-08
0.0458062 2.41237e-08
0.0458961 2.42585e-08
0.045986 2.43956e-08
0.0460759 2.45369e-08
0.0461658 2.46783e-08
0.0462557 2.48211e-08
0.0463456 2.49654e-08
0.0464355 2.50999e-08
0.0465254 2.5233e-08
0.0466153 2.53603e-08
0.0467052 2.54948e-08
0.0467951 2.56333e-08
0.046885 2.57731e-08
0.0469749 2.5907e-08
0.0470649 2.60459e-08
0.0471548 2.6194e-08
0.0472447 2.6336e-08
0.0473346 2.64768e-08
0.0474245 2.66234e-08
0.0475144 2.67695e-08
0.0476043 2.69164e-08
0.0476942 2.70472e-08
0.0477841 2.71758e-08
0.047874 2.73077e-08
0.0479639 2.74392e-08
0.0480538 2.75826e-08
0.0481437 2.77226e-08
0.0482336 2.78603e-08
0.0483235 2.79861e-08
0.0484134 2.81135e-08
0.0485033 2.82489e-08
0.0485932 2.83826e-08
0.0486831 2.85191e-08
0.048773 2.86352e-08
0.0488629 2.87517e-08
0.0489528 2.88668e-08
0.0490427 2.8997e-08
0.0491326 2.91163e-08
0.0492226 2.92308e-08
0.0493125 2.93426e-08
0.0494024 2.94515e-08
0.0494923 2.95678e-08
0.0495822 2.96698e-08
0.0496721 2.97848e-08
0.049762 2.98788e-08
0.0498519 2.99819e-08
0.0499418 3.00718e-08
0.0500317 3.0165e-08
0.0501216 3.02589e-08
0.0502115 3.03362e-08
0.0503014 3.04295e-08
0.0503913 3.05333e-08
0.0504812 3.06424e-08
0.0505711 3.0731e-08
0.050661 3.08191e-08
0.0507509 3.09121e-08
0.0508408 3.0997e-08
0.0509307 3.1087e-08
0.0510206 3.11805e-08
0.0511105 3.12782e-08
0.0512004 3.13761e-08
0.0512903 3.14721e-08
0.0513803 3.15695e-08
0.0514702 3.16723e-08
0.0515601 3.17742e-08
0.05165 3.18968e-08
0.0517399 3.20153e-08
0.0518298 3.21423e-08
0.0519197 3.22567e-08
0.0520096 3.23675e-08
0.0520995 3.24895e-08
0.0521894 3.26194e-08
0.0522793 3.27471e-08
0.0523692 3.28719e-08
0.0524591 3.29924e-08
0.052549 3.3108e-08
0.0526389 3.32308e-08
0.0527288 3.3372e-08
0.0528187 3.35138e-08
0.0529086 3.36503e-08
0.0529985 3.37975e-08
0.0530884 3.39415e-08
0.0531783 3.40749e-08
0.0532682 3.42105e-08
0.0533581 3.43498e-08
0.053448 3.44869e-08
0.053538 3.46354e-08
0.0536279 3.47762e-08
0.0537178 3.49294e-08
0.0538077 3.50743e-08
0.0538976 3.52377e-08
0.0539875 3.53983e-08
0.0540774 3.55705e-08
0.0541673 3.57441e-08
0.0542572 3.58901e-08
0.0543471 3.60403e-08
0.054437 3.61915e-08
0.0545269 3.63404e-08
0.0546168 3.64869e-08
0.0547067 3.66244e-08
0.0547966 3.67759e-08
0.0548865 3.69293e-08
0.0549764 3.71016e-08
0.0550663 3.727e-08
0.0551562 3.74349e-08
0.0552461 3.75926e-08
0.055336 3.77712e-08
0.0554259 3.79618e-08
0.0555158 3.81492e-08
0.0556057 3.83178e-08
0.0556956 3.85057e-08
0.0557856 3.86752e-08
0.0558755 3.88365e-08
0.0559654 3.89959e-08
0.0560553 3.91414e-08
0.0561452 3.92944e-08
0.0562351 3.94469e-08
0.056325 3.96189e-08
0.0564149 3.97953e-08
0.0565048 3.99616e-08
0.0565947 4.01315e-08
0.0566846 4.03059e-08
0.0567745 4.04684e-08
0.0568644 4.06386e-08
0.0569543 4.08003e-08
0.0570442 4.09575e-08
0.0571341 4.10977e-08
0.057224 4.12398e-08
0.0573139 4.13828e-08
0.0574038 4.15284e-08
0.0574937 4.16579e-08
0.0575836 4.178e-08
0.0576735 4.19133e-08
0.0577634 4.20404e-08
0.0578533 4.21469e-08
0.0579433 4.22733e-08
0.0580332 4.23956e-08
0.0581231 4.25146e-08
0.058213 4.26274e-08
0.0583029 4.27252e-08
0.0583928 4.28205e-08
0.0584827 4.2927e-08
0.0585726 4.30151e-08
0.0586625 4.31181e-08
0.0587524 4.32234e-08
0.0588423 4.33302e-08
0.0589322 4.34335e-08
0.0590221 4.35441e-08
0.059112 4.36488e-08
0.0592019 4.37419e-08
0.0592918 4.38332e-08
0.0593817 4.39253e-08
0.0594716 4.40245e-08
0.0595615 4.41173e-08
0.0596514 4.42244e-08
0.0597413 4.43367e-08
0.0598312 4.44563e-08
0.0599211 4.45631e-08
0.060011 4.46843e-08
0.060101 4.48155e-08
0.0601909 4.4946e-08
0.0602808 4.50666e-08
0.0603707 4.51907e-08
0.0604606 4.53233e-08
0.0605505 4.54633e-08
0.0606404 4.55967e-08
0.0607303 4.57323e-08
0.0608202 4.58606e-08
0.0609101 4.59779e-08
0.061 4.61095e-08
0.0610899 4.62439e-08
0.0611798 4.63823e-08
0.0612697 4.65253e-08
0.0613596 4.66722e-08
0.0614495 4.68216e-08
0.0615394 4.69822e-08
0.0616293 4.71367e-08
0.0617192 4.72979e-08
0.0618091 4.74559e-08
0.061899 4.76052e-08
0.0619889 4.77498e-08
0.0620788 4.78821e-08
0.0621687 4.8002e-08
0.0622587 4.81156e-08
0.0623486 4.82406e-08
0.0624385 4.83705e-08
0.0625284 4.84916e-08
0.0626183 4.86057e-08
0.0627082 4.87214e-08
0.0627981 4.88656e-08
0.062888 4.89944e-08
0.0629779 4.91077e-08
0.0630678 4.92412e-08
0.0631577 4.93561e-08
0.0632476 4.94431e-08
0.0633375 4.95318e-08
0.0634274 4.96192e-08
0.0635173 4.96987e-08
0.0636072 4.97686e-08
0.0636971 4.98447e-08
0.063787 4.99093e-08
0.0638769 4.99605e-08
0.0639668 5.00046e-08
0.0640567 5.0048e-08
0.0641466 5.0085e-08
0.0642365 5.01162e-08
0.0643264 5.01693e-08
0.0644164 5.02322e-08
0.0645063 5.02867e-08
0.0645962 5.03223e-08
0.0646861 5.03501e-08
0.064776 5.04013e-08
0.0648659 5.04506e-08
0.0649558 5.04902e-08
0.0650457 5.05251e-08
0.0651356 5.05527e-08
0.0652255 5.05731e-08
0.0653154 5.06052e-08
0.0654053 5.06197e-08
0.0654952 5.06362e-08
0.0655851 5.06544e-08
0.065675 5.06893e-08
0.0657649 5.0722e-08
0.0658548 5.07714e-08
0.0659447 5.0813e-08
0.0660346 5.08586e-08
0.0661245 5.09027e-08
0.0662144 5.09403e-08
0.0663043 5.098e-08
0.0663942 5.10307e-08
0.0664841 5.10761e-08
0.0665741 5.1127e-08
0.066664 5.12117e-08
0.0667539 5.13012e-08
0.0668438 5.13673e-08
0.0669337 5.14407e-08
0.0670236 5.15238e-08
0.0671135 5.16016e-08
0.0672034 5.17102e-08
0.0672933 5.18323e-08
0.0673832 5.19398e-08
0.0674731 5.20522e-08
0.067563 5.2163e-08
0.0676529 5.22727e-08
0.0677428 5.23657e-08
0.0678327 5.24618e-08
0.0679226 5.25422e-08
0.0680125 5.26263e-08
0.0681024 5.27348e-08
0.0681923 5.2832e-08
0.0682822 5.29152e-08
0.0683721 5.30159e-08
0.068462 5.31023e-08
0.0685519 5.32005e-08
0.0686418 5.32938e-08
0.0687318 5.33957e-08
0.0688217 5.35148e-08
0.0689116 5.3635e-08
0.0690015 5.37302e-08
0.0690914 5.38317e-08
0.0691813 5.39461e-08
0.0692712 5.40318e-08
0.0693611 5.41225e-08
0.069451 5.42218e-08
0.0695409 5.43219e-08
0.0696308 5.44359e-08
0.0697207 5.45592e-08
0.0698106 5.46787e-08
0.0699005 5.47778e-08
0.0699904 5.48884e-08
0.0700803 5.49866e-08
0.0701702 5.50904e-08
0.0702601 5.51985e-08
0.07035 5.53257e-08
0.0704399 5.54483e-08
0.0705298 5.55634e-08
0.0706197 5.56962e-08
0.0707096 5.58353e-08
0.0707995 5.59583e-08
0.0708895 5.60585e-08
0.0709794 5.61782e-08
0.0710693 5.62927e-08
0.0711592 5.64144e-08
0.0712491 5.65494e-08
0.071339 5.66929e-08
0.0714289 5.68239e-08
0.0715188 5.69679e-08
0.0716087 5.70871e-08
0.0716986 5.72004e-08
0.0717885 5.73004e-08
0.0718784 5.74264e-08
0.0719683 5.75496e-08
0.0720582 5.76646e-08
0.0721481 5.77769e-08
0.072238 5.78863e-08
0.0723279 5.79738e-08
0.0724178 5.8083e-08
0.0725077 5.82027e-08
0.0725976 5.83135e-08
0.0726875 5.84315e-08
0.0727774 5.85491e-08
0.0728673 5.86789e-08
0.0729572 5.8806e-08
0.0730472 5.89218e-08
0.0731371 5.90191e-08
0.073227 5.91253e-08
0.0733169 5.92412e-08
0.0734068 5.933e-08
0.0734967 5.94191e-08
0.0735866 5.94764e-08
0.0736765 5.95412e-08
0.0737664 5.96065e-08
0.0738563 5.96715e-08
0.0739462 5.97328e-08
0.0740361 5.98075e-08
0.074126 5.98469e-08
0.0742159 5.98844e-08
0.0743058 5.99114e-08
0.0743957 5.99399e-08
0.0744856 5.99828e-08
0.0745755 5.99975e-08
0.0746654 6.00351e-08
0.0747553 6.00659e-08
0.0748452 6.00634e-08
0.0749351 6.00628e-08
0.075025 6.00552e-08
0.0751149 6.00551e-08
0.0752048 6.00607e-08
0.0752948 6.00203e-08
0.0753847 6.00334e-08
0.0754746 6.00269e-08
0.0755645 6.00285e-08
0.0756544 6.00325e-08
0.0757443 6.00134e-08
0.0758342 5.99646e-08
0.0759241 5.9946e-08
0.076014 5.99347e-08
0.0761039 5.99102e-08
0.0761938 5.98703e-08
0.0762837 5.98162e-08
0.0763736 5.97877e-08
0.0764635 5.97352e-08
0.0765534 5.97416e-08
0.0766433 5.97229e-08
0.0767332 5.97671e-08
0.0768231 5.98243e-08
0.076913 5.98678e-08
0.0770029 5.98872e-08
0.0770928 5.99551e-08
0.0771827 5.9993e-08
0.0772726 6.00384e-08
0.0773625 6.00884e-08
0.0774525 6.01007e-08
0.0775424 6.01295e-08
0.0776323 6.01505e-08
0.0777222 6.01803e-08
0.0778121 6.01802e-08
0.077902 6.0216e-08
0.0779919 6.02515e-08
0.0780818 6.02684e-08
0.0781717 6.02916e-08
0.0782616 6.03226e-08
0.0783515 6.03618e-08
0.0784414 6.04157e-08
0.0785313 6.046e-08
0.0786212 6.04809e-08
0.0787111 6.04606e-08
0.078801 6.0426e-08
0.0788909 6.04023e-08
0.0789808 6.03282e-08
0.0790707 6.02998e-08
0.0791606 6.02891e-08
0.0792505 6.0251e-08
0.0793404 6.02769e-08
0.0794303 6.0292e-08
0.0795202 6.03284e-08
0.0796102 6.03335e-08
0.0797001 6.03519e-08
0.07979 6.03694e-08
0.0798799 6.04152e-08
0.0799698 6.04091e-08
0.0800597 6.04375e-08
0.0801496 6.04657e-08
0.0802395 6.04646e-08
0.0803294 6.04761e-08
0.0804193 6.04525e-08
0.0805092 6.04622e-08
0.0805991 6.04598e-08
0.080689 6.04303e-08
0.0807789 6.04323e-08
0.0808688 6.04223e-08
0.0809587 6.0459e-08
0.0810486 6.04472e-08
0.0811385 6.04532e-08
0.0812284 6.04208e-08
0.0813183 6.04249e-08
0.0814082 6.044e-08
0.0814981 6.04648e-08
0.081588 6.04698e-08
0.0816779 6.05316e-08
0.0817679 6.05818e-08
0.0818578 6.06847e-08
0.0819477 6.07178e-08
0.0820376 6.07494e-08
0.0821275 6.07831e-08
0.0822174 6.08106e-08
0.0823073 6.0831e-08
0.0823972 6.08725e-08
0.0824871 6.08735e-08
0.082577 6.09009e-08
0.0826669 6.09201e-08
0.0827568 6.09039e-08
0.0828467 6.09254e-08
0.0829366 6.09431e-08
0.0830265 6.09587e-08
0.0831164 6.09651e-08
0.0832063 6.09644e-08
0.0832962 6.09379e-08
0.0833861 6.09419e-08
0.083476 6.0912e-08
0.0835659 6.09083e-08
0.0836558 6.08768e-08
0.0837457 6.08126e-08
0.0838356 6.07458e-08
0.0839256 6.06677e-08
0.0840155 6.05895e-08
0.0841054 6.04953e-08
0.0841953 6.04376e-08
0.0842852 6.03181e-08
0.0843751 6.03276e-08
0.084465 6.02565e-08
0.0845549 6.01781e-08
0.0846448 6.01193e-08
0.0847347 6.00714e-08
0.0848246 5.99971e-08
0.0849145 5.99515e-08
0.0850044 5.98704e-08
0.0850943 5.98796e-08
0.0851842 5.98273e-08
0.0852741 5.97545e-08
0.085364 5.97591e-08
0.0854539 5.97146e-08
0.0855438 5.97366e-08
0.0856337 5.97601e-08
0.0857236 5.97606e-08
0.0858135 5.98321e-08
0.0859034 5.99069e-08
0.0859933 6.00016e-08
0.0860833 6.01094e-08
0.0861732 6.0201e-08
0.0862631 6.0328e-08
0.086353 6.05123e-08
0.0864429 6.06531e-08
0.0865328 6.0808e-08
0.0866227 6.09585e-08
0.0867126 6.11595e-08
0.0868025 6.13128e-08
0.0868924 6.14302e-08
0.0869823 6.15656e-08
0.0870722 6.16701e-08
0.0871621 6.17581e-08
0.087252 6.18562e-08
0.0873419 6.19161e-08
0.0874318 6.19636e-08
0.0875217 6.20073e-08
0.0876116 6.20344e-08
0.0877015 6.20753e-08
0.0877914 6.20995e-08
0.0878813 6.20533e-08
0.0879712 6.20415e-08
0.0880611 6.20045e-08
0.088151 6.20092e-08
0.088241 6.20287e-08
0.0883309 6.20632e-08
0.0884208 6.20734e-08
0.0885107 6.20835e-08
0.0886006 6.21117e-08
0.0886905 6.21282e-08
0.0887804 6.20986e-08
0.0888703 6.20953e-08
0.0889602 6.20979e-08
0.0890501 6.20917e-08
0.08914 6.20689e-08
0.0892299 6.20548e-08
0.0893198 6.20374e-08
0.0894097 6.20879e-08
0.0894996 6.21201e-08
0.0895895 6.21087e-08
0.0896794 6.2101e-08
0.0897693 6.21419e-08
0.0898592 6.22295e-08
0.0899491 6.22983e-08
0.090039 6.23654e-08
0.0901289 6.24662e-08
0.0902188 6.25726e-08
0.0903087 6.26942e-08
0.0903987 6.28054e-08
0.0904886 6.28771e-08
0.0905785 6.29845e-08
0.0906684 6.30164e-08
0.0907583 6.31152e-08
0.0908482 6.3171e-08
0.0909381 6.32681e-08
0.091028 6.34208e-08
0.0911179 6.35008e-08
0.0912078 6.3626e-08
0.0912977 6.37205e-08
0.0913876 6.3777e-08
0.0914775 6.38356e-08
0.0915674 6.38676e-08
0.0916573 6.39553e-08
0.0917472 6.40406e-08
0.0918371 6.41027e-08
0.091927 6.41083e-08
0.0920169 6.40673e-08
0.0921068 6.40217e-08
0.0921967 6.39712e-08
0.0922866 6.39432e-08
0.0923765 6.39144e-08
0.0924664 6.39007e-08
0.0925564 6.38802e-08
0.0926463 6.38199e-08
0.0927362 6.38266e-08
0.0928261 6.38192e-08
0.092916 6.37746e-08
0.0930059 6.37873e-08
0.0930958 6.38593e-08
0.0931857 6.3989e-08
0.0932756 6.41707e-08
0.0933655 6.42714e-08
0.0934554 6.44663e-08
0.0935453 6.46546e-08
0.0936352 6.4841e-08
0.0937251 6.49617e-08
0.093815 6.50671e-08
0.0939049 6.52007e-08
0.0939948 6.53456e-08
0.0940847 6.55123e-08
0.0941746 6.55964e-08
0.0942645 6.5675e-08
0.0943544 6.57449e-08
0.0944443 6.57824e-08
0.0945342 6.57608e-08
0.0946241 6.58401e-08
0.094714 6.58784e-08
0.094804 6.59145e-08
0.0948939 6.59299e-08
0.0949838 6.59222e-08
0.0950737 6.60203e-08
0.0951636 6.6063e-08
0.0952535 6.61121e-08
0.0953434 6.60563e-08
0.0954333 6.60096e-08
0.0955232 6.60081e-08
0.0956131 6.59464e-08
0.095703 6.5865e-08
0.0957929 6.58601e-08
0.0958828 6.58278e-08
0.0959727 6.58345e-08
0.0960626 6.58651e-08
0.0961525 6.57719e-08
0.0962424 6.56895e-08
0.0963323 6.56246e-08
0.0964222 6.56261e-08
0.0965121 6.56632e-08
0.096602 6.57658e-08
0.0966919 6.58136e-08
0.0967818 6.58411e-08
0.0968717 6.58906e-08
0.0969617 6.59641e-08
0.0970516 6.59449e-08
0.0971415 6.58949e-08
0.0972314 6.58913e-08
0.0973213 6.58788e-08
0.0974112 6.58289e-08
0.0975011 6.57329e-08
0.097591 6.55892e-08
0.0976809 6.53531e-08
0.0977708 6.52094e-08
0.0978607 6.50277e-08
0.0979506 6.49543e-08
0.0980405 6.47649e-08
0.0981304 6.46867e-08
0.0982203 6.46015e-08
0.0983102 6.45703e-08
0.0984001 6.44963e-08
0.09849 6.45221e-08
0.0985799 6.45868e-08
0.0986698 6.45995e-08
0.0987597 6.46408e-08
0.0988496 6.4673e-08
0.0989395 6.46941e-08
0.0990294 6.47367e-08
0.0991194 6.48481e-08
0.0992093 6.48187e-08
0.0992992 6.47468e-08
0.0993891 6.46334e-08
0.099479 6.46385e-08
0.0995689 6.45315e-08
0.0996588 6.44217e-08
0.0997487 6.43596e-08
0.0998386 6.43177e-08
0.0999285 6.42264e-08
0.100018 6.40285e-08
0.100108 6.38532e-08
0.100198 6.36842e-08
0.100288 6.35839e-08
0.100378 6.35417e-08
0.100468 6.33933e-08
0.100558 6.31625e-08
0.100648 6.29635e-08
0.100738 6.27724e-08
0.100828 6.26471e-08
0.100917 6.25588e-08
0.101007 6.24887e-08
0.101097 6.25391e-08
0.101187 6.24612e-08
0.101277 6.24277e-08
0.101367 6.23138e-08
0.101457 6.21704e-08
0.101547 6.21278e-08
0.101637 6.20791e-08
0.101727 6.21268e-08
0.101816 6.20927e-08
0.101906 6.19774e-08
0.101996 6.18885e-08
0.102086 6.1763e-08
0.102176 6.1634e-08
0.102266 6.15067e-08
0.102356 6.13686e-08
0.102446 6.13243e-08
0.102536 6.11163e-08
0.102626 6.09834e-08
0.102716 6.08514e-08
0.102805 6.06741e-08
0.102895 6.05292e-08
0.102985 6.03249e-08
0.103075 6.01263e-08
0.103165 5.99215e-08
0.103255 5.96319e-08
0.103345 5.95596e-08
0.103435 5.94363e-08
0.103525 5.9397e-08
0.103615 5.94117e-08
0.103704 5.94024e-08
0.103794 5.93934e-08
0.103884 5.94794e-08
0.103974 5.95209e-08
0.104064 5.9549e-08
0.104154 5.96226e-08
0.104244 5.97307e-08
0.104334 5.98709e-08
0.104424 5.98608e-08
0.104514 5.98614e-08
0.104604 5.98047e-08
0.104693 5.98392e-08
0.104783 5.98073e-08
0.104873 5.9754e-08
0.104963 5.96372e-08
0.105053 5.95136e-08
0.105143 5.95299e-08
0.105233 5.96002e-08
0.105323 5.96284e-08
0.105413 5.96139e-08
0.105503 5.97305e-08
0.105592 5.96434e-08
0.105682 5.97252e-08
0.105772 5.9548e-08
0.105862 5.94311e-08
0.105952 5.93271e-08
0.106042 5.92599e-08
0.106132 5.92465e-08
0.106222 5.90957e-08
0.106312 5.89925e-08
0.106402 5.88837e-08
0.106491 5.86938e-08
0.106581 5.85767e-08
0.106671 5.85208e-08
0.106761 5.82717e-08
0.106851 5.83561e-08
0.106941 5.83308e-08
0.107031 5.83792e-08
0.107121 5.83115e-08
0.107211 5.82844e-08
0.107301 5.81758e-08
0.107391 5.79876e-08
0.10748 5.79693e-08
0.10757 5.79388e-08
0.10766 5.79475e-08
0.10775 5.80024e-08
0.10784 5.82183e-08
0.10793 5.8326e-08
0.10802 5.85476e-08
0.10811 5.86533e-08
0.1082 5.88591e-08
0.10829 5.8868e-08
0.108379 5.89803e-08
0.108469 5.90082e-08
0.108559 5.89824e-08
0.108649 5.87467e-08
0.108739 5.84225e-08
0.108829 5.81197e-08
0.108919 5.75478e-08
0.109009 5.68697e-08
0.109099 5.62543e-08
0.109189 5.57018e-08
0.109279 5.51729e-08
0.109368 5.47278e-08
0.109458 5.41859e-08
0.109548 5.39327e-08
0.109638 5.37889e-08
0.109728 5.38268e-08
0.109818 5.38783e-08
0.109908 5.4093e-08
0.109998 5.4539e-08
0.110088 5.49792e-08
0.110178 5.52632e-08
0.110267 5.56764e-08
0.110357 5.59171e-08
0.110447 5.62957e-08
0.110537 5.67066e-08
0.110627 5.68251e-08
0.110717 5.7141e-08
0.110807 5.73551e-08
0.110897 5.75483e-08
0.110987 5.75415e-08
0.111077 5.76343e-08
0.111167 5.77638e-08
0.111256 5.79446e-08
0.111346 5.80404e-08
0.111436 5.80327e-08
0.111526 5.80689e-08
0.111616 5.81435e-08
0.111706 5.82914e-08
0.111796 5.83625e-08
0.111886 5.84135e-08
0.111976 5.84142e-08
0.112066 5.84344e-08
0.112155 5.83973e-08
0.112245 5.81449e-08
0.112335 5.79606e-08
0.112425 5.79013e-08
0.112515 5.80959e-08
0.112605 5.80204e-08
0.112695 5.78477e-08
0.112785 5.76792e-08
0.112875 5.75229e-08
0.112965 5.73333e-08
0.113054 5.71028e-08
0.113144 5.67438e-08
0.113234 5.62755e-08
0.113324 5.60914e-08
0.113414 5.55862e-08
0.113504 5.51223e-08
0.113594 5.44145e-08
0.113684 5.40329e-08
0.113774 5.37291e-08
0.113864 5.34751e-08
0.113954 5.28272e-08
0.114043 5.26334e-08
0.114133 5.25833e-08
0.114223 5.24452e-08
0.114313 5.25757e-08
0.114403 5.26348e-08
0.114493 5.25762e-08
0.114583 5.25098e-08
0.114673 5.25209e-08
0.114763 5.2638e-08
0.114853 5.24778e-08
0.114942 5.25054e-08
0.115032 5.27046e-08
0.115122 5.25179e-08
0.115212 5.23964e-08
0.115302 5.25269e-08
0.115392 5.21741e-08
0.115482 5.18814e-08
0.115572 5.20308e-08
0.115662 5.18922e-08
0.115752 5.15281e-08
0.115842 5.12903e-08
0.115931 5.09276e-08
0.116021 5.05875e-08
0.116111 5.04962e-08
0.116201 4.99333e-08
0.116291 4.95388e-08
0.116381 4.8844e-08
0.116471 4.85333e-08
0.116561 4.79532e-08
0.116651 4.70261e-08
0.116741 4.6444e-08
0.11683 4.59578e-08
0.11692 4.53192e-08
0.11701 4.51687e-08
0.1171 4.42344e-08
0.11719 4.37276e-08
0.11728 4.34045e-08
0.11737 4.30273e-08
0.11746 4.29455e-08
0.11755 4.30445e-08
0.11764 4.28251e-08
0.11773 4.33482e-08
0.117819 4.3708e-08
0.117909 4.40909e-08
0.117999 4.42525e-08
0.118089 4.4413e-08
0.118179 4.46999e-08
0.118269 4.47061e-08
0.118359 4.51428e-08
0.118449 4.53934e-08
0.118539 4.509e-08
0.118629 4.48519e-08
0.118718 4.49258e-08
0.118808 4.44189e-08
0.118898 4.38599e-08
0.118988 4.34383e-08
0.119078 4.30784e-08
0.119168 4.26731e-08
0.119258 4.22403e-08
0.119348 4.18357e-08
0.119438 4.09892e-08
0.119528 4.06313e-08
0.119617 4.06789e-08
0.119707 4.06067e-08
0.119797 4.03037e-08
0.119887 4.06002e-08
0.119977 4.06252e-08
0.120067 4.0778e-08
0.120157 4.11228e-08
0.120247 4.13123e-08
0.120337 4.15199e-08
0.120427 4.14439e-08
0.120517 4.17003e-08
0.120606 4.14943e-08
0.120696 4.14072e-08
0.120786 4.13662e-08
0.120876 4.12434e-08
0.120966 4.10976e-08
0.121056 4.12204e-08
0.121146 4.09013e-08
0.121236 4.06366e-08
0.121326 4.05564e-08
0.121416 4.06213e-08
0.121505 4.09049e-08
0.121595 4.09632e-08
0.121685 4.14062e-08
0.121775 4.13324e-08
0.121865 4.14241e-08
0.121955 4.12802e-08
0.122045 4.12515e-08
0.122135 4.11813e-08
0.122225 4.11709e-08
0.122315 4.1101e-08
0.122405 4.07726e-08
0.122494 4.05183e-08
0.122584 4.02905e-08
0.122674 3.99231e-08
0.122764 3.97951e-08
0.122854 3.98982e-08
0.122944 4.00415e-08
0.123034 4.03909e-08
0.123124 4.02469e-08
0.123214 4.027e-08
0.123304 4.00652e-08
0.123393 4.02406e-08
0.123483 4.07089e-08
0.123573 4.04447e-08
0.123663 4.05204e-08
0.123753 4.03119e-08
0.123843 3.98159e-08
0.123933 3.95391e-08
0.124023 3.92184e-08
0.124113 3.90487e-08
0.124203 3.94538e-08
0.124293 3.98439e-08
0.124382 4.00252e-08
0.124472 3.98688e-08
0.124562 3.9919e-08
0.124652 4.02623e-08
0.124742 4.05292e-08
0.124832 4.15013e-08
0.124922 4.25073e-08
0.125012 4.31281e-08
0.125102 4.34844e-08
0.125192 4.40473e-08
0.125281 4.40346e-08
0.125371 4.41033e-08
0.125461 4.42011e-08
0.125551 4.41836e-08
0.125641 4.39279e-08
0.125731 4.41414e-08
0.125821 4.40041e-08
0.125911 4.36248e-08
0.126001 4.29007e-08
0.126091 4.26965e-08
0.126181 4.23429e-08
0.12627 4.16152e-08
0.12636 4.15256e-08
0.12645 4.20048e-08
0.12654 4.26757e-08
0.12663 4.30557e-08
0.12672 4.35853e-08
0.12681 4.36661e-08
0.1269 4.42541e-08
0.12699 4.47734e-08
0.12708 4.53943e-08
0.127169 4.53924e-08
0.127259 4.56721e-08
0.127349 4.57795e-08
0.127439 4.58051e-08
0.127529 4.51045e-08
0.127619 4.42882e-08
0.127709 4.37433e-08
0.127799 4.31682e-08
0.127889 4.24157e-08
0.127979 4.1324e-08
0.128068 4.04948e-08
0.128158 3.94491e-08
0.128248 3.87859e-08
0.128338 3.83615e-08
0.128428 3.84564e-08
0.128518 3.79899e-08
0.128608 3.8952e-08
0.128698 3.99677e-08
0.128788 4.10664e-08
0.128878 4.19483e-08
0.128968 4.31158e-08
0.129057 4.40419e-08
0.129147 4.504e-08
0.129237 4.54999e-08
0.129327 4.62984e-08
0.129417 4.6521e-08
0.129507 4.69029e-08
0.129597 4.73906e-08
0.129687 4.75713e-08
0.129777 4.71371e-08
0.129867 4.68795e-08
0.129956 4.65482e-08
0.130046 4.65429e-08
0.130136 4.6174e-08
0.130226 4.65634e-08
0.130316 4.63763e-08
0.130406 4.63116e-08
0.130496 4.68694e-08
0.130586 4.67375e-08
0.130676 4.63698e-08
0.130766 4.63874e-08
0.130856 4.64492e-08
0.130945 4.6894e-08
0.131035 4.67457e-08
0.131125 4.61036e-08
0.131215 4.51331e-08
0.131305 4.39924e-08
0.131395 4.3642e-08
0.131485 4.25941e-08
0.131575 4.18916e-08
0.131665 4.17047e-08
0.131755 4.16396e-08
0.131844 4.17144e-08
0.131934 4.16817e-08
0.132024 4.11418e-08
0.132114 4.17219e-08
0.132204 4.30987e-08
0.132294 4.51438e-08
0.132384 4.63762e-08
0.132474 4.86078e-08
0.132564 4.97579e-08
0.132654 5.06395e-08
0.132744 5.07357e-08
0.132833 5.17652e-08
0.132923 5.19583e-08
0.133013 5.24266e-08
0.133103 5.11637e-08
0.133193 5.08108e-08
0.133283 4.96264e-08
0.133373 4.94397e-08
0.133463 4.89611e-08
0.133553 4.86219e-08
0.133643 4.90052e-08
0.133732 4.95037e-08
0.133822 5.00031e-08
0.133912 5.00837e-08
0.134002 4.98553e-08
0.134092 4.98362e-08
0.134182 5.079e-08
0.134272 5.11343e-08
0.134362 5.1026e-08
0.134452 5.00014e-08
0.134542 4.93603e-08
0.134631 4.84617e-08
0.134721 4.65901e-08
0.134811 4.53436e-08
