-0.134811 2.1404e-07
-0.134721 2.14605e-07
-0.134631 2.1524e-07
-0.134542 2.16111e-07
-0.134452 2.15757e-07
-0.134362 2.13909e-07
-0.134272 2.18119e-07
-0.134182 2.19106e-07
-0.134092 2.21391e-07
-0.134002 2.22027e-07
-0.133912 2.26728e-07
-0.133822 1.26631e-07
-0.133732 3.37348e-08
-0.133642 3.61784e-08
-0.133553 3.61328e-08
-0.133463 3.85447e-08
-0.133373 3.73367e-08
-0.133283 3.54618e-08
-0.133193 3.46859e-08
-0.133103 3.46051e-08
-0.133013 3.49558e-08
-0.132923 3.41722e-08
-0.132833 3.3109e-08
-0.132743 3.30625e-08
-0.132654 3.38492e-08
-0.132564 3.31817e-08
-0.132474 3.34769e-08
-0.132384 3.2039e-08
-0.132294 3.04163e-08
-0.132204 2.80085e-08
-0.132114 2.74949e-08
-0.132024 2.73416e-08
-0.131934 2.63884e-08
-0.131844 2.69969e-08
-0.131754 2.68286e-08
-0.131665 2.76232e-08
-0.131575 2.77517e-08
-0.131485 2.79963e-08
-0.131395 2.8111e-08
-0.131305 2.89851e-08
-0.131215 3.01571e-08
-0.131125 3.01613e-08
-0.131035 3.02831e-08
-0.130945 3.04938e-08
-0.130855 3.09243e-08
-0.130766 3.1236e-08
-0.130676 3.16637e-08
-0.130586 3.24317e-08
-0.130496 3.25743e-08
-0.130406 3.24345e-08
-0.130316 3.20732e-08
-0.130226 3.23174e-08
-0.130136 3.15652e-08
-0.130046 3.08943e-08
-0.129956 3.0827e-08
-0.129867 3.10174e-08
-0.129777 3.05289e-08
-0.129687 2.9951e-08
-0.129597 3.00797e-08
-0.129507 3.01966e-08
-0.129417 3.01736e-08
-0.129327 3.0656e-08
-0.129237 3.03062e-08
-0.129147 3.04145e-08
-0.129057 3.02561e-08
-0.128967 3.03516e-08
-0.128878 3.0601e-08
-0.128788 3.03228e-08
-0.128698 3.07803e-08
-0.128608 3.10509e-08
-0.128518 3.16536e-08
-0.128428 3.18611e-08
-0.128338 3.1842e-08
-0.128248 3.21712e-08
-0.128158 3.23252e-08
-0.128068 3.23353e-08
-0.127979 3.24383e-08
-0.127889 3.23381e-08
-0.127799 3.24799e-08
-0.127709 3.26159e-08
-0.127619 3.28297e-08
-0.127529 3.29352e-08
-0.127439 3.3348e-08
-0.127349 3.33764e-08
-0.127259 3.32337e-08
-0.127169 3.29579e-08
-0.127079 3.33351e-08
-0.12699 3.30885e-08
-0.1269 3.26451e-08
-0.12681 3.26084e-08
-0.12672 3.26402e-08
-0.12663 3.26884e-08
-0.12654 3.2469e-08
-0.12645 3.26271e-08
-0.12636 3.28032e-08
-0.12627 3.3005e-08
-0.12618 3.34374e-08
-0.126091 3.33776e-08
-0.126001 3.35855e-08
-0.125911 3.36527e-08
-0.125821 3.38849e-08
-0.125731 3.41238e-08
-0.125641 3.39745e-08
-0.125551 3.41696e-08
-0.125461 3.39959e-08
-0.125371 3.46619e-08
-0.125281 3.48781e-08
-0.125191 3.45594e-08
-0.125102 3.46634e-08
-0.125012 3.46814e-08
-0.124922 3.46954e-08
-0.124832 3.48255e-08
-0.124742 3.49187e-08
-0.124652 3.50904e-08
-0.124562 3.5245e-08
-0.124472 3.53826e-08
-0.124382 3.56837e-08
-0.124292 3.59774e-08
-0.124203 3.60668e-08
-0.124113 3.58914e-08
-0.124023 3.57599e-08
-0.123933 3.56047e-08
-0.123843 3.55572e-08
-0.123753 3.54386e-08
-0.123663 3.53031e-08
-0.123573 3.52511e-08
-0.123483 3.52452e-08
-0.123393 3.51461e-08
-0.123304 3.51909e-08
-0.123214 3.55156e-08
-0.123124 3.55733e-08
-0.123034 3.59018e-08
-0.122944 3.60051e-08
-0.122854 3.63014e-08
-0.122764 3.6271e-08
-0.122674 3.64041e-08
-0.122584 3.65143e-08
-0.122494 3.64021e-08
-0.122404 3.64417e-08
-0.122315 3.63356e-08
-0.122225 3.67646e-08
-0.122135 3.69965e-08
-0.122045 3.69199e-08
-0.121955 3.70897e-08
-0.121865 3.71464e-08
-0.121775 3.72906e-08
-0.121685 3.74528e-08
-0.121595 3.74796e-08
-0.121505 3.73533e-08
-0.121416 3.74593e-08
-0.121326 3.73421e-08
-0.121236 3.7434e-08
-0.121146 3.75122e-08
-0.121056 3.76226e-08
-0.120966 3.74628e-08
-0.120876 3.73967e-08
-0.120786 3.71339e-08
-0.120696 3.71702e-08
-0.120606 3.7519e-08
-0.120516 3.76857e-08
-0.120427 3.77364e-08
-0.120337 3.78838e-08
-0.120247 3.79594e-08
-0.120157 3.81165e-08
-0.120067 3.82422e-08
-0.119977 3.80617e-08
-0.119887 3.82486e-08
-0.119797 3.82435e-08
-0.119707 3.83224e-08
-0.119617 3.84855e-08
-0.119528 3.85163e-08
-0.119438 3.84646e-08
-0.119348 3.83083e-08
-0.119258 3.8068e-08
-0.119168 3.78851e-08
-0.119078 3.76882e-08
-0.118988 3.76209e-08
-0.118898 3.73379e-08
-0.118808 3.69274e-08
-0.118718 3.67371e-08
-0.118628 3.63361e-08
-0.118539 3.63898e-08
-0.118449 3.62692e-08
-0.118359 3.56446e-08
-0.118269 3.52814e-08
-0.118179 3.51064e-08
-0.118089 3.47666e-08
-0.117999 3.45841e-08
-0.117909 3.44425e-08
-0.117819 3.44165e-08
-0.117729 3.42915e-08
-0.11764 3.41904e-08
-0.11755 3.41872e-08
-0.11746 3.42908e-08
-0.11737 3.42371e-08
-0.11728 3.45623e-08
-0.11719 3.46699e-08
-0.1171 3.46085e-08
-0.11701 3.46571e-08
-0.11692 3.43186e-08
-0.11683 3.42394e-08
-0.116741 3.41605e-08
-0.116651 3.4297e-08
-0.116561 3.41451e-08
-0.116471 3.42376e-08
-0.116381 3.46991e-08
-0.116291 3.4626e-08
-0.116201 3.47516e-08
-0.116111 3.48064e-08
-0.116021 3.49602e-08
-0.115931 3.47093e-08
-0.115841 3.45593e-08
-0.115752 3.45713e-08
-0.115662 3.47037e-08
-0.115572 3.49123e-08
-0.115482 3.4838e-08
-0.115392 3.5078e-08
-0.115302 3.52085e-08
-0.115212 3.5229e-08
-0.115122 3.52923e-08
-0.115032 3.5437e-08
-0.114942 3.55991e-08
-0.114853 3.52807e-08
-0.114763 3.53185e-08
-0.114673 3.54189e-08
-0.114583 3.51448e-08
-0.114493 3.51796e-08
-0.114403 3.54161e-08
-0.114313 3.51595e-08
-0.114223 3.50942e-08
-0.114133 3.49598e-08
-0.114043 3.46291e-08
-0.113953 3.42869e-08
-0.113864 3.42795e-08
-0.113774 3.37919e-08
-0.113684 3.3711e-08
-0.113594 3.3621e-08
-0.113504 3.34948e-08
-0.113414 3.3338e-08
-0.113324 3.30712e-08
-0.113234 3.27695e-08
-0.113144 3.27823e-08
-0.113054 3.29491e-08
-0.112965 3.30902e-08
-0.112875 3.32095e-08
-0.112785 3.31796e-08
-0.112695 3.30946e-08
-0.112605 3.31247e-08
-0.112515 3.30385e-08
-0.112425 3.30579e-08
-0.112335 3.32317e-08
-0.112245 3.3137e-08
-0.112155 3.32978e-08
-0.112065 3.32351e-08
-0.111976 3.31796e-08
-0.111886 3.33454e-08
-0.111796 3.33531e-08
-0.111706 3.33545e-08
-0.111616 3.34634e-08
-0.111526 3.35623e-08
-0.111436 3.3744e-08
-0.111346 3.37007e-08
-0.111256 3.35758e-08
-0.111166 3.32745e-08
-0.111077 3.30515e-08
-0.110987 3.31147e-08
-0.110897 3.30397e-08
-0.110807 3.27837e-08
-0.110717 3.2841e-08
-0.110627 3.28596e-08
-0.110537 3.28921e-08
-0.110447 3.287e-08
-0.110357 3.29152e-08
-0.110267 3.31117e-08
-0.110178 3.31105e-08
-0.110088 3.29222e-08
-0.109998 3.29831e-08
-0.109908 3.29048e-08
-0.109818 3.29156e-08
-0.109728 3.2962e-08
-0.109638 3.29688e-08
-0.109548 3.30441e-08
-0.109458 3.27624e-08
-0.109368 3.2743e-08
-0.109278 3.2441e-08
-0.109189 3.22418e-08
-0.109099 3.21566e-08
-0.109009 3.19995e-08
-0.108919 3.19331e-08
-0.108829 3.18242e-08
-0.108739 3.17447e-08
-0.108649 3.16403e-08
-0.108559 3.17074e-08
-0.108469 3.17024e-08
-0.108379 3.1636e-08
-0.10829 3.15626e-08
-0.1082 3.15608e-08
-0.10811 3.15184e-08
-0.10802 3.16314e-08
-0.10793 3.16361e-08
-0.10784 3.16041e-08
-0.10775 3.16043e-08
-0.10766 3.1603e-08
-0.10757 3.15764e-08
-0.10748 3.16484e-08
-0.10739 3.16491e-08
-0.107301 3.15234e-08
-0.107211 3.14701e-08
-0.107121 3.13807e-08
-0.107031 3.13743e-08
-0.106941 3.13739e-08
-0.106851 3.13059e-08
-0.106761 3.10589e-08
-0.106671 3.1022e-08
-0.106581 3.0863e-08
-0.106491 3.07481e-08
-0.106402 3.06223e-08
-0.106312 3.05527e-08
-0.106222 3.04107e-08
-0.106132 3.03905e-08
-0.106042 3.02812e-08
-0.105952 3.02278e-08
-0.105862 3.02231e-08
-0.105772 3.01613e-08
-0.105682 3.01471e-08
-0.105592 2.99979e-08
-0.105502 2.99852e-08
-0.105413 2.9816e-08
-0.105323 2.96855e-08
-0.105233 2.96488e-08
-0.105143 2.95137e-08
-0.105053 2.93416e-08
-0.104963 2.92471e-08
-0.104873 2.92005e-08
-0.104783 2.90692e-08
-0.104693 2.89485e-08
-0.104603 2.88087e-08
-0.104514 2.86302e-08
-0.104424 2.84405e-08
-0.104334 2.81296e-08
-0.104244 2.78573e-08
-0.104154 2.77048e-08
-0.104064 2.75252e-08
-0.103974 2.74749e-08
-0.103884 2.73182e-08
-0.103794 2.72013e-08
-0.103704 2.71081e-08
-0.103614 2.7057e-08
-0.103525 2.7004e-08
-0.103435 2.70505e-08
-0.103345 2.7031e-08
-0.103255 2.69794e-08
-0.103165 2.70011e-08
-0.103075 2.7039e-08
-0.102985 2.69838e-08
-0.102895 2.69461e-08
-0.102805 2.6885e-08
-0.102715 2.67525e-08
-0.102626 2.67212e-08
-0.102536 2.67519e-08
-0.102446 2.67978e-08
-0.102356 2.67323e-08
-0.102266 2.67526e-08
-0.102176 2.68361e-08
-0.102086 2.69438e-08
-0.101996 2.70462e-08
-0.101906 2.7208e-08
-0.101816 2.72942e-08
-0.101727 2.72906e-08
-0.101637 2.7252e-08
-0.101547 2.72954e-08
-0.101457 2.72235e-08
-0.101367 2.72574e-08
-0.101277 2.72641e-08
-0.101187 2.73062e-08
-0.101097 2.72975e-08
-0.101007 2.72334e-08
-0.100917 2.72865e-08
-0.100827 2.72246e-08
-0.100738 2.73204e-08
-0.100648 2.72957e-08
-0.100558 2.734e-08
-0.100468 2.73913e-08
-0.100378 2.74186e-08
-0.100288 2.73717e-08
-0.100198 2.7368e-08
-0.100108 2.73851e-08
-0.100018 2.72973e-08
-0.0999284 2.71464e-08
-0.0998385 2.70196e-08
-0.0997486 2.68383e-08
-0.0996587 2.66897e-08
-0.0995688 2.65825e-08
-0.0994789 2.64639e-08
-0.099389 2.62342e-08
-0.0992991 2.61008e-08
-0.0992092 2.59636e-08
-0.0991193 2.5916e-08
-0.0990294 2.58101e-08
-0.0989395 2.56987e-08
-0.0988496 2.55854e-08
-0.0987597 2.55346e-08
-0.0986698 2.54942e-08
-0.0985799 2.54203e-08
-0.09849 2.53485e-08
-0.0984001 2.521e-08
-0.0983102 2.51611e-08
-0.0982202 2.51264e-08
-0.0981303 2.50129e-08
-0.0980404 2.49433e-08
-0.0979505 2.49328e-08
-0.0978606 2.48963e-08
-0.0977707 2.48989e-08
-0.0976808 2.48159e-08
-0.0975909 2.47808e-08
-0.097501 2.48287e-08
-0.0974111 2.47592e-08
-0.0973212 2.47464e-08
-0.0972313 2.46878e-08
-0.0971414 2.46116e-08
-0.0970515 2.45868e-08
-0.0969616 2.44472e-08
-0.0968717 2.43375e-08
-0.0967818 2.41584e-08
-0.0966919 2.40207e-08
-0.096602 2.39223e-08
-0.0965121 2.37969e-08
-0.0964222 2.37058e-08
-0.0963323 2.35966e-08
-0.0962424 2.34662e-08
-0.0961525 2.33394e-08
-0.0960626 2.31872e-08
-0.0959726 2.3024e-08
-0.0958827 2.28044e-08
-0.0957928 2.2689e-08
-0.0957029 2.25999e-08
-0.095613 2.25172e-08
-0.0955231 2.23978e-08
-0.0954332 2.21956e-08
-0.0953433 2.20162e-08
-0.0952534 2.1928e-08
-0.0951635 2.17991e-08
-0.0950736 2.16535e-08
-0.0949837 2.15602e-08
-0.0948938 2.14232e-08
-0.0948039 2.13366e-08
-0.094714 2.12682e-08
-0.0946241 2.11383e-08
-0.0945342 2.09516e-08
-0.0944443 2.08603e-08
-0.0943544 2.06667e-08
-0.0942645 2.05592e-08
-0.0941746 2.04596e-08
-0.0940847 2.03839e-08
-0.0939948 2.02678e-08
-0.0939049 2.01186e-08
-0.0938149 2.00675e-08
-0.093725 1.99719e-08
-0.0936351 1.99168e-08
-0.0935452 1.98631e-08
-0.0934553 1.97928e-08
-0.0933654 1.97578e-08
-0.0932755 1.96962e-08
-0.0931856 1.95755e-08
-0.0930957 1.95149e-08
-0.0930058 1.94108e-08
-0.0929159 1.9399e-08
-0.092826 1.94041e-08
-0.0927361 1.94451e-08
-0.0926462 1.93749e-08
-0.0925563 1.93236e-08
-0.0924664 1.92169e-08
-0.0923765 1.9118e-08
-0.0922866 1.90845e-08
-0.0921967 1.90438e-08
-0.0921068 1.89466e-08
-0.0920169 1.88965e-08
-0.091927 1.88232e-08
-0.0918371 1.8684e-08
-0.0917472 1.85701e-08
-0.0916572 1.84335e-08
-0.0915673 1.82694e-08
-0.0914774 1.81191e-08
-0.0913875 1.80363e-08
-0.0912976 1.78444e-08
-0.0912077 1.77124e-08
-0.0911178 1.75456e-08
-0.0910279 1.73765e-08
-0.090938 1.71473e-08
-0.0908481 1.70048e-08
-0.0907582 1.68683e-08
-0.0906683 1.66286e-08
-0.0905784 1.6437e-08
-0.0904885 1.627e-08
-0.0903986 1.61057e-08
-0.0903087 1.59467e-08
-0.0902188 1.57966e-08
-0.0901289 1.56676e-08
-0.090039 1.55408e-08
-0.0899491 1.5427e-08
-0.0898592 1.53124e-08
-0.0897693 1.51706e-08
-0.0896794 1.50269e-08
-0.0895895 1.48825e-08
-0.0894995 1.48144e-08
-0.0894096 1.47045e-08
-0.0893197 1.46098e-08
-0.0892298 1.45028e-08
-0.0891399 1.4395e-08
-0.08905 1.42593e-08
-0.0889601 1.4192e-08
-0.0888702 1.40759e-08
-0.0887803 1.39365e-08
-0.0886904 1.38028e-08
-0.0886005 1.3747e-08
-0.0885106 1.36234e-08
-0.0884207 1.35375e-08
-0.0883308 1.33841e-08
-0.0882409 1.32973e-08
-0.088151 1.32288e-08
-0.0880611 1.31186e-08
-0.0879712 1.29971e-08
-0.0878813 1.28832e-08
-0.0877914 1.27813e-08
-0.0877015 1.27002e-08
-0.0876116 1.2567e-08
-0.0875217 1.24935e-08
-0.0874318 1.2407e-08
-0.0873418 1.23034e-08
-0.0872519 1.21996e-08
-0.087162 1.20418e-08
-0.0870721 1.19283e-08
-0.0869822 1.18165e-08
-0.0868923 1.17413e-08
-0.0868024 1.1648e-08
-0.0867125 1.15592e-08
-0.0866226 1.14219e-08
-0.0865327 1.13108e-08
-0.0864428 1.12232e-08
-0.0863529 1.10544e-08
-0.086263 1.09416e-08
-0.0861731 1.08176e-08
-0.0860832 1.06731e-08
-0.0859933 1.05272e-08
-0.0859034 1.04165e-08
-0.0858135 1.02737e-08
-0.0857236 1.01865e-08
-0.0856337 1.00413e-08
-0.0855438 9.92585e-09
-0.0854539 9.76437e-09
-0.085364 9.60488e-09
-0.0852741 9.42985e-09
-0.0851841 9.2816e-09
-0.0850942 9.14574e-09
-0.0850043 8.9674e-09
-0.0849144 8.82199e-09
-0.0848245 8.6794e-09
-0.0847346 8.49785e-09
-0.0846447 8.32078e-09
-0.0845548 8.1507e-09
-0.0844649 7.98909e-09
-0.084375 7.79631e-09
-0.0842851 7.60577e-09
-0.0841952 7.45077e-09
-0.0841053 7.29174e-09
-0.0840154 7.12783e-09
-0.0839255 6.94058e-09
-0.0838356 6.73708e-09
-0.0837457 6.55706e-09
-0.0836558 6.38824e-09
-0.0835659 6.20965e-09
-0.083476 6.07263e-09
-0.0833861 5.93875e-09
-0.0832962 5.76375e-09
-0.0832063 5.59469e-09
-0.0831164 5.47173e-09
-0.0830264 5.30163e-09
-0.0829365 5.13669e-09
-0.0828466 4.97876e-09
-0.0827567 4.78535e-09
-0.0826668 4.62826e-09
-0.0825769 4.46588e-09
-0.082487 4.31148e-09
-0.0823971 4.15571e-09
-0.0823072 4.02252e-09
-0.0822173 3.91847e-09
-0.0821274 3.80505e-09
-0.0820375 3.66716e-09
-0.0819476 3.51187e-09
-0.0818577 3.36037e-09
-0.0817678 3.1936e-09
-0.0816779 3.07087e-09
-0.081588 2.95504e-09
-0.0814981 2.8125e-09
-0.0814082 2.66705e-09
-0.0813183 2.53964e-09
-0.0812284 2.42791e-09
-0.0811385 2.32178e-09
-0.0810486 2.20028e-09
-0.0809587 2.08609e-09
-0.0808687 1.97643e-09
-0.0807788 1.86543e-09
-0.0806889 1.74244e-09
-0.080599 1.63932e-09
-0.0805091 1.51854e-09
-0.0804192 1.40866e-09
-0.0803293 1.26205e-09
-0.0802394 1.0948e-09
-0.0801495 9.23616e-10
-0.0800596 7.81272e-10
-0.0799697 6.38029e-10
-0.0798798 5.19203e-10
-0.0797899 3.953e-10
-0.0797 2.74153e-10
-0.0796101 1.54491e-10
-0.0795202 2.5889e-11
-0.0794303 -1.1059e-10
-0.0793404 -2.26446e-10
-0.0792505 -3.35014e-10
-0.0791606 -4.6995e-10
-0.0790707 -6.03525e-10
-0.0789808 -7.23852e-10
-0.0788909 -8.49459e-10
-0.078801 -9.723e-10
-0.078711 -1.09179e-09
-0.0786211 -1.20932e-09
-0.0785312 -1.37579e-09
-0.0784413 -1.48359e-09
-0.0783514 -1.61786e-09
-0.0782615 -1.72907e-09
-0.0781716 -1.86478e-09
-0.0780817 -1.96579e-09
-0.0779918 -2.1018e-09
-0.0779019 -2.22807e-09
-0.077812 -2.33868e-09
-0.0777221 -2.47074e-09
-0.0776322 -2.57563e-09
-0.0775423 -2.6728e-09
-0.0774524 -2.80092e-09
-0.0773625 -2.9107e-09
-0.0772726 -3.06508e-09
-0.0771827 -3.18407e-09
-0.0770928 -3.31896e-09
-0.0770029 -3.39153e-09
-0.076913 -3.51285e-09
-0.0768231 -3.61216e-09
-0.0767332 -3.7406e-09
-0.0766433 -3.85966e-09
-0.0765534 -4.00606e-09
-0.0764634 -4.09658e-09
-0.0763735 -4.23252e-09
-0.0762836 -4.32826e-09
-0.0761937 -4.45744e-09
-0.0761038 -4.57227e-09
-0.0760139 -4.71345e-09
-0.075924 -4.85011e-09
-0.0758341 -4.97424e-09
-0.0757442 -5.1201e-09
-0.0756543 -5.2852e-09
-0.0755644 -5.42676e-09
-0.0754745 -5.57042e-09
-0.0753846 -5.68801e-09
-0.0752947 -5.82202e-09
-0.0752048 -5.95974e-09
-0.0751149 -6.11627e-09
-0.075025 -6.25311e-09
-0.0749351 -6.44811e-09
-0.0748452 -6.65502e-09
-0.0747553 -6.80961e-09
-0.0746654 -6.9832e-09
-0.0745755 -7.1583e-09
-0.0744856 -7.31947e-09
-0.0743957 -7.47755e-09
-0.0743057 -7.6437e-09
-0.0742158 -7.80106e-09
-0.0741259 -7.93351e-09
-0.074036 -8.0801e-09
-0.0739461 -8.21734e-09
-0.0738562 -8.36298e-09
-0.0737663 -8.47847e-09
-0.0736764 -8.59628e-09
-0.0735865 -8.7265e-09
-0.0734966 -8.84165e-09
-0.0734067 -8.92671e-09
-0.0733168 -9.06845e-09
-0.0732269 -9.16415e-09
-0.073137 -9.25393e-09
-0.0730471 -9.3306e-09
-0.0729572 -9.41889e-09
-0.0728673 -9.50572e-09
-0.0727774 -9.55333e-09
-0.0726875 -9.6241e-09
-0.0725976 -9.68973e-09
-0.0725077 -9.77609e-09
-0.0724178 -9.858e-09
-0.0723279 -9.94293e-09
-0.072238 -1.00353e-08
-0.072148 -1.01478e-08
-0.0720581 -1.02439e-08
-0.0719682 -1.03374e-08
-0.0718783 -1.04423e-08
-0.0717884 -1.05141e-08
-0.0716985 -1.0606e-08
-0.0716086 -1.06905e-08
-0.0715187 -1.07922e-08
-0.0714288 -1.08661e-08
-0.0713389 -1.09809e-08
-0.071249 -1.10649e-08
-0.0711591 -1.11257e-08
-0.0710692 -1.12247e-08
-0.0709793 -1.12866e-08
-0.0708894 -1.13576e-08
-0.0707995 -1.14375e-08
-0.0707096 -1.15306e-08
-0.0706197 -1.16067e-08
-0.0705298 -1.1668e-08
-0.0704399 -1.17289e-08
-0.07035 -1.17855e-08
-0.0702601 -1.1844e-08
-0.0701702 -1.19419e-08
-0.0700803 -1.20317e-08
-0.0699903 -1.21181e-08
-0.0699004 -1.21927e-08
-0.0698105 -1.22707e-08
-0.0697206 -1.23471e-08
-0.0696307 -1.24589e-08
-0.0695408 -1.2553e-08
-0.0694509 -1.26391e-08
-0.069361 -1.27176e-08
-0.0692711 -1.28234e-08
-0.0691812 -1.29314e-08
-0.0690913 -1.30569e-08
-0.0690014 -1.31475e-08
-0.0689115 -1.32289e-08
-0.0688216 -1.33198e-08
-0.0687317 -1.34089e-08
-0.0686418 -1.35068e-08
-0.0685519 -1.35876e-08
-0.068462 -1.36798e-08
-0.0683721 -1.3757e-08
-0.0682822 -1.3829e-08
-0.0681923 -1.39232e-08
-0.0681024 -1.4e-08
-0.0680125 -1.40843e-08
-0.0679226 -1.41691e-08
-0.0678326 -1.42636e-08
-0.0677427 -1.43813e-08
-0.0676528 -1.45083e-08
-0.0675629 -1.46049e-08
-0.067473 -1.47008e-08
-0.0673831 -1.48127e-08
-0.0672932 -1.4905e-08
-0.0672033 -1.49833e-08
-0.0671134 -1.50593e-08
-0.0670235 -1.51346e-08
-0.0669336 -1.52114e-08
-0.0668437 -1.52922e-08
-0.0667538 -1.5377e-08
-0.0666639 -1.54441e-08
-0.066574 -1.5513e-08
-0.0664841 -1.5628e-08
-0.0663942 -1.57095e-08
-0.0663043 -1.57715e-08
-0.0662144 -1.584e-08
-0.0661245 -1.59253e-08
-0.0660346 -1.60041e-08
-0.0659447 -1.60923e-08
-0.0658548 -1.61559e-08
-0.0657649 -1.62049e-08
-0.0656749 -1.62614e-08
-0.065585 -1.63153e-08
-0.0654951 -1.63869e-08
-0.0654052 -1.64556e-08
-0.0653153 -1.65413e-08
-0.0652254 -1.6601e-08
-0.0651355 -1.66716e-08
-0.0650456 -1.67492e-08
-0.0649557 -1.68129e-08
-0.0648658 -1.69112e-08
-0.0647759 -1.69732e-08
-0.064686 -1.70263e-08
-0.0645961 -1.70934e-08
-0.0645062 -1.71725e-08
-0.0644163 -1.72226e-08
-0.0643264 -1.72563e-08
-0.0642365 -1.73264e-08
-0.0641466 -1.73979e-08
-0.0640567 -1.74697e-08
-0.0639668 -1.75342e-08
-0.0638769 -1.75781e-08
-0.063787 -1.76297e-08
-0.0636971 -1.76805e-08
-0.0636072 -1.77189e-08
-0.0635172 -1.77661e-08
-0.0634273 -1.78176e-08
-0.0633374 -1.78639e-08
-0.0632475 -1.79064e-08
-0.0631576 -1.79534e-08
-0.0630677 -1.79934e-08
-0.0629778 -1.80207e-08
-0.0628879 -1.80634e-08
-0.062798 -1.80784e-08
-0.0627081 -1.81144e-08
-0.0626182 -1.81771e-08
-0.0625283 -1.82176e-08
-0.0624384 -1.82462e-08
-0.0623485 -1.829e-08
-0.0622586 -1.83508e-08
-0.0621687 -1.83865e-08
-0.0620788 -1.84096e-08
-0.0619889 -1.84466e-08
-0.061899 -1.8485e-08
-0.0618091 -1.8526e-08
-0.0617192 -1.85969e-08
-0.0616293 -1.86719e-08
-0.0615394 -1.87375e-08
-0.0614495 -1.88001e-08
-0.0613595 -1.88709e-08
-0.0612696 -1.89389e-08
-0.0611797 -1.89915e-08
-0.0610898 -1.90357e-08
-0.0609999 -1.90813e-08
-0.06091 -1.91345e-08
-0.0608201 -1.91912e-08
-0.0607302 -1.92526e-08
-0.0606403 -1.93289e-08
-0.0605504 -1.93989e-08
-0.0604605 -1.94773e-08
-0.0603706 -1.95359e-08
-0.0602807 -1.96081e-08
-0.0601908 -1.96712e-08
-0.0601009 -1.97265e-08
-0.060011 -1.97844e-08
-0.0599211 -1.98435e-08
-0.0598312 -1.99079e-08
-0.0597413 -1.99533e-08
-0.0596514 -1.99916e-08
-0.0595615 -2.00458e-08
-0.0594716 -2.01156e-08
-0.0593817 -2.01758e-08
-0.0592918 -2.02339e-08
-0.0592018 -2.02959e-08
-0.0591119 -2.03865e-08
-0.059022 -2.04688e-08
-0.0589321 -2.05372e-08
-0.0588422 -2.0602e-08
-0.0587523 -2.06632e-08
-0.0586624 -2.07291e-08
-0.0585725 -2.0786e-08
-0.0584826 -2.0854e-08
-0.0583927 -2.09139e-08
-0.0583028 -2.09938e-08
-0.0582129 -2.10567e-08
-0.058123 -2.11192e-08
-0.0580331 -2.11904e-08
-0.0579432 -2.12544e-08
-0.0578533 -2.13118e-08
-0.0577634 -2.13916e-08
-0.0576735 -2.14523e-08
-0.0575836 -2.15198e-08
-0.0574937 -2.16063e-08
-0.0574038 -2.16507e-08
-0.0573139 -2.17096e-08
-0.057224 -2.17549e-08
-0.0571341 -2.18048e-08
-0.0570442 -2.18381e-08
-0.0569542 -2.18849e-08
-0.0568643 -2.19473e-08
-0.0567744 -2.2001e-08
-0.0566845 -2.20379e-08
-0.0565946 -2.20938e-08
-0.0565047 -2.21386e-08
-0.0564148 -2.21761e-08
-0.0563249 -2.22172e-08
-0.056235 -2.22657e-08
-0.0561451 -2.23244e-08
-0.0560552 -2.23695e-08
-0.0559653 -2.2416e-08
-0.0558754 -2.2468e-08
-0.0557855 -2.25187e-08
-0.0556956 -2.25685e-08
-0.0556057 -2.25985e-08
-0.0555158 -2.26539e-08
-0.0554259 -2.26844e-08
-0.055336 -2.27169e-08
-0.0552461 -2.27571e-08
-0.0551562 -2.2794e-08
-0.0550663 -2.28203e-08
-0.0549764 -2.28626e-08
-0.0548865 -2.29082e-08
-0.0547965 -2.29535e-08
-0.0547066 -2.2989e-08
-0.0546167 -2.30351e-08
-0.0545268 -2.30718e-08
-0.0544369 -2.31195e-08
-0.054347 -2.31741e-08
-0.0542571 -2.32005e-08
-0.0541672 -2.32411e-08
-0.0540773 -2.32585e-08
-0.0539874 -2.32838e-08
-0.0538975 -2.33175e-08
-0.0538076 -2.33479e-08
-0.0537177 -2.33856e-08
-0.0536278 -2.34203e-08
-0.0535379 -2.34471e-08
-0.053448 -2.34878e-08
-0.0533581 -2.35229e-08
-0.0532682 -2.35561e-08
-0.0531783 -2.35804e-08
-0.0530884 -2.36126e-08
-0.0529985 -2.36519e-08
-0.0529086 -2.36921e-08
-0.0528187 -2.3712e-08
-0.0527288 -2.37459e-08
-0.0526388 -2.37765e-08
-0.0525489 -2.38171e-08
-0.052459 -2.38672e-08
-0.0523691 -2.39144e-08
-0.0522792 -2.39306e-08
-0.0521893 -2.39594e-08
-0.0520994 -2.39929e-08
-0.0520095 -2.40242e-08
-0.0519196 -2.40781e-08
-0.0518297 -2.41237e-08
-0.0517398 -2.41816e-08
-0.0516499 -2.42279e-08
-0.05156 -2.4267e-08
-0.0514701 -2.43053e-08
-0.0513802 -2.43378e-08
-0.0512903 -2.43738e-08
-0.0512004 -2.44187e-08
-0.0511105 -2.44541e-08
-0.0510206 -2.44795e-08
-0.0509307 -2.4513e-08
-0.0508408 -2.45421e-08
-0.0507509 -2.45745e-08
-0.050661 -2.46128e-08
-0.0505711 -2.46506e-08
-0.0504811 -2.4695e-08
-0.0503912 -2.47252e-08
-0.0503013 -2.47683e-08
-0.0502114 -2.4803e-08
-0.0501215 -2.48524e-08
-0.0500316 -2.48894e-08
-0.0499417 -2.49234e-08
-0.0498518 -2.49634e-08
-0.0497619 -2.50104e-08
-0.049672 -2.50392e-08
-0.0495821 -2.50742e-08
-0.0494922 -2.51158e-08
-0.0494023 -2.5155e-08
-0.0493124 -2.51962e-08
-0.0492225 -2.52531e-08
-0.0491326 -2.5284e-08
-0.0490427 -2.53242e-08
-0.0489528 -2.53799e-08
-0.0488629 -2.54223e-08
-0.048773 -2.54725e-08
-0.0486831 -2.55209e-08
-0.0485932 -2.55782e-08
-0.0485033 -2.56289e-08
-0.0484134 -2.56684e-08
-0.0483234 -2.57113e-08
-0.0482335 -2.57438e-08
-0.0481436 -2.57823e-08
-0.0480537 -2.58129e-08
-0.0479638 -2.58483e-08
-0.0478739 -2.58842e-08
-0.047784 -2.59097e-08
-0.0476941 -2.59394e-08
-0.0476042 -2.59672e-08
-0.0475143 -2.60021e-08
-0.0474244 -2.60332e-08
-0.0473345 -2.60616e-08
-0.0472446 -2.60903e-08
-0.0471547 -2.61184e-08
-0.0470648 -2.61603e-08
-0.0469749 -2.62066e-08
-0.046885 -2.62363e-08
-0.0467951 -2.62634e-08
-0.0467052 -2.62909e-08
-0.0466153 -2.63215e-08
-0.0465254 -2.63398e-08
-0.0464355 -2.63699e-08
-0.0463456 -2.64092e-08
-0.0462557 -2.64471e-08
-0.0461657 -2.64922e-08
-0.0460758 -2.65384e-08
-0.0459859 -2.65731e-08
-0.045896 -2.6606e-08
-0.0458061 -2.66518e-08
-0.0457162 -2.66893e-08
-0.0456263 -2.67428e-08
-0.0455364 -2.67855e-08
-0.0454465 -2.68495e-08
-0.0453566 -2.68945e-08
-0.0452667 -2.69347e-08
-0.0451768 -2.69787e-08
-0.0450869 -2.70304e-08
-0.044997 -2.70743e-08
-0.0449071 -2.71183e-08
-0.0448172 -2.71518e-08
-0.0447273 -2.71864e-08
-0.0446374 -2.72189e-08
-0.0445475 -2.72612e-08
-0.0444576 -2.7288e-08
-0.0443677 -2.73247e-08
-0.0442778 -2.73469e-08
-0.0441879 -2.73787e-08
-0.044098 -2.74124e-08
-0.044008 -2.74383e-08
-0.0439181 -2.74801e-08
-0.0438282 -2.75111e-08
-0.0437383 -2.75266e-08
-0.0436484 -2.75563e-08
-0.0435585 -2.75708e-08
-0.0434686 -2.75938e-08
-0.0433787 -2.75962e-08
-0.0432888 -2.76079e-08
-0.0431989 -2.76236e-08
-0.043109 -2.76341e-08
-0.0430191 -2.76428e-08
-0.0429292 -2.76673e-08
-0.0428393 -2.76906e-08
-0.0427494 -2.77099e-08
-0.0426595 -2.77308e-08
-0.0425696 -2.77552e-08
-0.0424797 -2.77793e-08
-0.0423898 -2.77917e-08
-0.0422999 -2.78185e-08
-0.04221 -2.7827e-08
-0.0421201 -2.78231e-08
-0.0420302 -2.78271e-08
-0.0419403 -2.78392e-08
-0.0418503 -2.78496e-08
-0.0417604 -2.78692e-08
-0.0416705 -2.78793e-08
-0.0415806 -2.78831e-08
-0.0414907 -2.78866e-08
-0.0414008 -2.789e-08
-0.0413109 -2.78919e-08
-0.041221 -2.78917e-08
-0.0411311 -2.78776e-08
-0.0410412 -2.78693e-08
-0.0409513 -2.78641e-08
-0.0408614 -2.78577e-08
-0.0407715 -2.78576e-08
-0.0406816 -2.78566e-08
-0.0405917 -2.78417e-08
-0.0405018 -2.78336e-08
-0.0404119 -2.78191e-08
-0.040322 -2.78123e-08
-0.0402321 -2.77986e-08
-0.0401422 -2.77728e-08
-0.0400523 -2.77729e-08
-0.0399624 -2.77565e-08
-0.0398725 -2.77423e-08
-0.0397826 -2.77371e-08
-0.0396927 -2.77239e-08
-0.0396027 -2.77011e-08
-0.0395128 -2.76832e-08
-0.0394229 -2.7669e-08
-0.039333 -2.76637e-08
-0.0392431 -2.76551e-08
-0.0391532 -2.76528e-08
-0.0390633 -2.76436e-08
-0.0389734 -2.76309e-08
-0.0388835 -2.76145e-08
-0.0387936 -2.76077e-08
-0.0387037 -2.75933e-08
-0.0386138 -2.75956e-08
-0.0385239 -2.75933e-08
-0.038434 -2.75863e-08
-0.0383441 -2.75827e-08
-0.0382542 -2.75687e-08
-0.0381643 -2.75569e-08
-0.0380744 -2.7533e-08
-0.0379845 -2.75153e-08
-0.0378946 -2.75003e-08
-0.0378047 -2.74896e-08
-0.0377148 -2.748e-08
-0.0376249 -2.74651e-08
-0.037535 -2.74599e-08
-0.037445 -2.7446e-08
-0.0373551 -2.74382e-08
-0.0372652 -2.74274e-08
-0.0371753 -2.7416e-08
-0.0370854 -2.74056e-08
-0.0369955 -2.73781e-08
-0.0369056 -2.73651e-08
-0.0368157 -2.73448e-08
-0.0367258 -2.73341e-08
-0.0366359 -2.73245e-08
-0.036546 -2.73086e-08
-0.0364561 -2.72882e-08
-0.0363662 -2.72779e-08
-0.0362763 -2.72716e-08
-0.0361864 -2.72727e-08
-0.0360965 -2.72653e-08
-0.0360066 -2.72713e-08
-0.0359167 -2.72623e-08
-0.0358268 -2.72494e-08
-0.0357369 -2.7236e-08
-0.035647 -2.72353e-08
-0.0355571 -2.72257e-08
-0.0354672 -2.72239e-08
-0.0353773 -2.72218e-08
-0.0352873 -2.72179e-08
-0.0351974 -2.72239e-08
-0.0351075 -2.72225e-08
-0.0350176 -2.72225e-08
-0.0349277 -2.72036e-08
-0.0348378 -2.71916e-08
-0.0347479 -2.7184e-08
-0.034658 -2.71693e-08
-0.0345681 -2.71677e-08
-0.0344782 -2.71488e-08
-0.0343883 -2.71294e-08
-0.0342984 -2.71137e-08
-0.0342085 -2.7094e-08
-0.0341186 -2.7081e-08
-0.0340287 -2.70775e-08
-0.0339388 -2.70688e-08
-0.0338489 -2.70555e-08
-0.033759 -2.70408e-08
-0.0336691 -2.70239e-08
-0.0335792 -2.70032e-08
-0.0334893 -2.69857e-08
-0.0333994 -2.69632e-08
-0.0333095 -2.69431e-08
-0.0332196 -2.69166e-08
-0.0331296 -2.68864e-08
-0.0330397 -2.68616e-08
-0.0329498 -2.68396e-08
-0.0328599 -2.68247e-08
-0.03277 -2.68043e-08
-0.0326801 -2.67716e-08
-0.0325902 -2.67372e-08
-0.0325003 -2.67006e-08
-0.0324104 -2.66666e-08
-0.0323205 -2.66396e-08
-0.0322306 -2.66163e-08
-0.0321407 -2.6586e-08
-0.0320508 -2.65551e-08
-0.0319609 -2.65133e-08
-0.031871 -2.64902e-08
-0.0317811 -2.6442e-08
-0.0316912 -2.6396e-08
-0.0316013 -2.63559e-08
-0.0315114 -2.63168e-08
-0.0314215 -2.62765e-08
-0.0313316 -2.62323e-08
-0.0312417 -2.61766e-08
-0.0311518 -2.61342e-08
-0.0310619 -2.6093e-08
-0.0309719 -2.60474e-08
-0.030882 -2.60045e-08
-0.0307921 -2.59607e-08
-0.0307022 -2.59224e-08
-0.0306123 -2.58731e-08
-0.0305224 -2.58243e-08
-0.0304325 -2.57804e-08
-0.0303426 -2.57427e-08
-0.0302527 -2.56966e-08
-0.0301628 -2.56563e-08
-0.0300729 -2.56026e-08
-0.029983 -2.55541e-08
-0.0298931 -2.55031e-08
-0.0298032 -2.54574e-08
-0.0297133 -2.54065e-08
-0.0296234 -2.53621e-08
-0.0295335 -2.53106e-08
-0.0294436 -2.52499e-08
-0.0293537 -2.52046e-08
-0.0292638 -2.51539e-08
-0.0291739 -2.50961e-08
-0.029084 -2.50425e-08
-0.0289941 -2.49868e-08
-0.0289042 -2.49332e-08
-0.0288142 -2.48804e-08
-0.0287243 -2.48334e-08
-0.0286344 -2.47747e-08
-0.0285445 -2.47237e-08
-0.0284546 -2.46621e-08
-0.0283647 -2.46076e-08
-0.0282748 -2.45546e-08
-0.0281849 -2.44991e-08
-0.028095 -2.44297e-08
-0.0280051 -2.4375e-08
-0.0279152 -2.43162e-08
-0.0278253 -2.42562e-08
-0.0277354 -2.42042e-08
-0.0276455 -2.41442e-08
-0.0275556 -2.40983e-08
-0.0274657 -2.40366e-08
-0.0273758 -2.39766e-08
-0.0272859 -2.39188e-08
-0.027196 -2.38583e-08
-0.0271061 -2.37986e-08
-0.0270162 -2.37469e-08
-0.0269263 -2.36843e-08
-0.0268364 -2.36183e-08
-0.0267465 -2.35575e-08
-0.0266565 -2.34958e-08
-0.0265666 -2.3428e-08
-0.0264767 -2.33586e-08
-0.0263868 -2.32948e-08
-0.0262969 -2.32294e-08
-0.026207 -2.31655e-08
-0.0261171 -2.31076e-08
-0.0260272 -2.30361e-08
-0.0259373 -2.29568e-08
-0.0258474 -2.28826e-08
-0.0257575 -2.28079e-08
-0.0256676 -2.27415e-08
-0.0255777 -2.26657e-08
-0.0254878 -2.26015e-08
-0.0253979 -2.25324e-08
-0.025308 -2.24613e-08
-0.0252181 -2.23939e-08
-0.0251282 -2.23358e-08
-0.0250383 -2.22747e-08
-0.0249484 -2.22077e-08
-0.0248585 -2.21393e-08
-0.0247686 -2.2067e-08
-0.0246787 -2.19999e-08
-0.0245888 -2.19356e-08
-0.0244988 -2.18666e-08
-0.0244089 -2.17993e-08
-0.024319 -2.17346e-08
-0.0242291 -2.16665e-08
-0.0241392 -2.1604e-08
-0.0240493 -2.15408e-08
-0.0239594 -2.14701e-08
-0.0238695 -2.14066e-08
-0.0237796 -2.13392e-08
-0.0236897 -2.12731e-08
-0.0235998 -2.12116e-08
-0.0235099 -2.11578e-08
-0.02342 -2.10886e-08
-0.0233301 -2.10251e-08
-0.0232402 -2.09655e-08
-0.0231503 -2.09004e-08
-0.0230604 -2.08353e-08
-0.0229705 -2.07711e-08
-0.0228806 -2.06945e-08
-0.0227907 -2.06195e-08
-0.0227008 -2.0549e-08
-0.0226109 -2.04718e-08
-0.022521 -2.04147e-08
-0.0224311 -2.03436e-08
-0.0223411 -2.02813e-08
-0.0222512 -2.02254e-08
-0.0221613 -2.01583e-08
-0.0220714 -2.00933e-08
-0.0219815 -2.00241e-08
-0.0218916 -1.996e-08
-0.0218017 -1.98923e-08
-0.0217118 -1.98296e-08
-0.0216219 -1.97531e-08
-0.021532 -1.96896e-08
-0.0214421 -1.96324e-08
-0.0213522 -1.95673e-08
-0.0212623 -1.94923e-08
-0.0211724 -1.94257e-08
-0.0210825 -1.93619e-08
-0.0209926 -1.92995e-08
-0.0209027 -1.92323e-08
-0.0208128 -1.91663e-08
-0.0207229 -1.90914e-08
-0.020633 -1.90248e-08
-0.0205431 -1.89589e-08
-0.0204532 -1.88967e-08
-0.0203633 -1.8836e-08
-0.0202734 -1.87745e-08
-0.0201835 -1.87167e-08
-0.0200935 -1.86537e-08
-0.0200036 -1.85926e-08
-0.0199137 -1.85309e-08
-0.0198238 -1.84638e-08
-0.0197339 -1.84014e-08
-0.019644 -1.83433e-08
-0.0195541 -1.82727e-08
-0.0194642 -1.82091e-08
-0.0193743 -1.8141e-08
-0.0192844 -1.80765e-08
-0.0191945 -1.80085e-08
-0.0191046 -1.79437e-08
-0.0190147 -1.78786e-08
-0.0189248 -1.78197e-08
-0.0188349 -1.77489e-08
-0.018745 -1.76823e-08
-0.0186551 -1.76144e-08
-0.0185652 -1.75453e-08
-0.0184753 -1.74736e-08
-0.0183854 -1.74024e-08
-0.0182955 -1.73328e-08
-0.0182056 -1.72631e-08
-0.0181157 -1.71951e-08
-0.0180258 -1.71273e-08
-0.0179358 -1.70541e-08
-0.0178459 -1.69839e-08
-0.017756 -1.69049e-08
-0.0176661 -1.68332e-08
-0.0175762 -1.67535e-08
-0.0174863 -1.66807e-08
-0.0173964 -1.66022e-08
-0.0173065 -1.65266e-08
-0.0172166 -1.64483e-08
-0.0171267 -1.63677e-08
-0.0170368 -1.62988e-08
-0.0169469 -1.62201e-08
-0.016857 -1.61407e-08
-0.0167671 -1.60607e-08
-0.0166772 -1.59878e-08
-0.0165873 -1.59112e-08
-0.0164974 -1.58362e-08
-0.0164075 -1.57597e-08
-0.0163176 -1.56835e-08
-0.0162277 -1.56076e-08
-0.0161378 -1.55251e-08
-0.0160479 -1.54409e-08
-0.015958 -1.5351e-08
-0.0158681 -1.52685e-08
-0.0157781 -1.51904e-08
-0.0156882 -1.51124e-08
-0.0155983 -1.50366e-08
-0.0155084 -1.49507e-08
-0.0154185 -1.48655e-08
-0.0153286 -1.47923e-08
-0.0152387 -1.47118e-08
-0.0151488 -1.46382e-08
-0.0150589 -1.45508e-08
-0.014969 -1.44724e-08
-0.0148791 -1.43854e-08
-0.0147892 -1.43014e-08
-0.0146993 -1.42253e-08
-0.0146094 -1.41468e-08
-0.0145195 -1.40611e-08
-0.0144296 -1.39906e-08
-0.0143397 -1.39131e-08
-0.0142498 -1.3835e-08
-0.0141599 -1.37505e-08
-0.01407 -1.36727e-08
-0.0139801 -1.35871e-08
-0.0138902 -1.34872e-08
-0.0138003 -1.34029e-08
-0.0137104 -1.33179e-08
-0.0136204 -1.32396e-08
-0.0135305 -1.31554e-08
-0.0134406 -1.30746e-08
-0.0133507 -1.29842e-08
-0.0132608 -1.29077e-08
-0.0131709 -1.28279e-08
-0.013081 -1.27439e-08
-0.0129911 -1.26675e-08
-0.0129012 -1.25881e-08
-0.0128113 -1.25103e-08
-0.0127214 -1.24302e-08
-0.0126315 -1.23438e-08
-0.0125416 -1.2257e-08
-0.0124517 -1.21691e-08
-0.0123618 -1.20951e-08
-0.0122719 -1.20214e-08
-0.012182 -1.19376e-08
-0.0120921 -1.18634e-08
-0.0120022 -1.17842e-08
-0.0119123 -1.17069e-08
-0.0118224 -1.1622e-08
-0.0117325 -1.15369e-08
-0.0116426 -1.14587e-08
-0.0115527 -1.13726e-08
-0.0114627 -1.12899e-08
-0.0113728 -1.12036e-08
-0.0112829 -1.11229e-08
-0.011193 -1.10396e-08
-0.0111031 -1.0954e-08
-0.0110132 -1.08807e-08
-0.0109233 -1.07954e-08
-0.0108334 -1.07095e-08
-0.0107435 -1.06329e-08
-0.0106536 -1.05545e-08
-0.0105637 -1.04685e-08
-0.0104738 -1.03907e-08
-0.0103839 -1.03112e-08
-0.010294 -1.02286e-08
-0.0102041 -1.01486e-08
-0.0101142 -1.0063e-08
-0.0100243 -9.97674e-09
-0.00993438 -9.89101e-09
-0.00984447 -9.80072e-09
-0.00975457 -9.71473e-09
-0.00966466 -9.63521e-09
-0.00957476 -9.55343e-09
-0.00948486 -9.46858e-09
-0.00939495 -9.39167e-09
-0.00930505 -9.31367e-09
-0.00921514 -9.2296e-09
-0.00912524 -9.14544e-09
-0.00903534 -9.05917e-09
-0.00894543 -8.9724e-09
-0.00885553 -8.88105e-09
-0.00876562 -8.79758e-09
-0.00867572 -8.71057e-09
-0.00858582 -8.62477e-09
-0.00849591 -8.54991e-09
-0.00840601 -8.46505e-09
-0.0083161 -8.38663e-09
-0.0082262 -8.31158e-09
-0.00813629 -8.22595e-09
-0.00804639 -8.1478e-09
-0.00795649 -8.0635e-09
-0.00786658 -7.97728e-09
-0.00777668 -7.8932e-09
-0.00768677 -7.81039e-09
-0.00759687 -7.73013e-09
-0.00750697 -7.64605e-09
-0.00741706 -7.5701e-09
-0.00732716 -7.48035e-09
-0.00723725 -7.39934e-09
-0.00714735 -7.31861e-09
-0.00705744 -7.24657e-09
-0.00696754 -7.169e-09
-0.00687764 -7.08059e-09
-0.00678773 -7.00013e-09
-0.00669783 -6.91403e-09
-0.00660792 -6.83711e-09
-0.00651802 -6.74769e-09
-0.00642812 -6.66089e-09
-0.00633821 -6.57327e-09
-0.00624831 -6.48644e-09
-0.0061584 -6.40135e-09
-0.0060685 -6.31635e-09
-0.00597859 -6.23303e-09
-0.00588869 -6.15406e-09
-0.00579879 -6.06564e-09
-0.00570888 -5.98691e-09
-0.00561898 -5.90045e-09
-0.00552907 -5.82607e-09
-0.00543917 -5.74738e-09
-0.00534927 -5.65602e-09
-0.00525936 -5.57395e-09
-0.00516946 -5.49399e-09
-0.00507955 -5.40563e-09
-0.00498965 -5.32699e-09
-0.00489975 -5.25372e-09
-0.00480984 -5.17162e-09
-0.00471994 -5.08685e-09
-0.00463003 -5.00591e-09
-0.00454013 -4.92087e-09
-0.00445022 -4.83094e-09
-0.00436032 -4.74607e-09
-0.00427042 -4.65966e-09
-0.00418051 -4.58158e-09
-0.00409061 -4.49536e-09
-0.0040007 -4.40762e-09
-0.0039108 -4.31583e-09
-0.0038209 -4.22837e-09
-0.00373099 -4.14421e-09
-0.00364109 -4.05561e-09
-0.00355118 -3.96711e-09
-0.00346128 -3.87743e-09
-0.00337137 -3.79901e-09
-0.00328147 -3.70937e-09
-0.00319157 -3.61776e-09
-0.00310166 -3.52983e-09
-0.00301176 -3.43346e-09
-0.00292185 -3.34243e-09
-0.00283195 -3.25628e-09
-0.00274205 -3.15558e-09
-0.00265214 -3.06692e-09
-0.00256224 -2.96738e-09
-0.00247233 -2.87253e-09
-0.00238243 -2.77628e-09
-0.00229252 -2.67304e-09
-0.00220262 -2.57321e-09
-0.00211272 -2.47461e-09
-0.00202281 -2.3761e-09
-0.00193291 -2.2794e-09
-0.001843 -2.17746e-09
-0.0017531 -2.06208e-09
-0.0016632 -1.9632e-09
-0.00157329 -1.85884e-09
-0.00148339 -1.75397e-09
-0.00139348 -1.64646e-09
-0.00130358 -1.55262e-09
-0.00121368 -1.44846e-09
-0.00112377 -1.3426e-09
-0.00103387 -1.2386e-09
-0.000943963 -1.13746e-09
-0.000854059 -1.03846e-09
-0.000764154 -9.39583e-10
-0.00067425 -8.32354e-10
-0.000584346 -7.29911e-10
-0.000494442 -6.25657e-10
-0.000404538 -5.17617e-10
-0.000314634 -4.15743e-10
-0.00022473 -3.02246e-10
-0.000134825 -1.98538e-10
-4.49212e-05 -1.01932e-10
4.49829e-05 0
0.000134887 9.53445e-11
0.000224791 1.94552e-10
0.000314695 3.02164e-10
0.0004046 3.99544e-10
0.000494504 4.91777e-10
0.000584408 5.87536e-10
0.000674312 6.82865e-10
0.000764216 7.73448e-10
0.00085412 8.60398e-10
0.000944024 9.45048e-10
0.00103393 1.02845e-09
0.00112383 1.11734e-09
0.00121374 1.20755e-09
0.00130364 1.29172e-09
0.00139355 1.3648e-09
0.00148345 1.4504e-09
0.00157335 1.52818e-09
0.00166326 1.61264e-09
0.00175316 1.69544e-09
0.00184307 1.78793e-09
0.00193297 1.87013e-09
0.00202287 1.94533e-09
0.00211278 2.02247e-09
0.00220268 2.10187e-09
0.00229259 2.18252e-09
0.00238249 2.26296e-09
0.00247239 2.33998e-09
0.0025623 2.4144e-09
0.0026522 2.49094e-09
0.00274211 2.56903e-09
0.00283201 2.65355e-09
0.00292192 2.71954e-09
0.00301182 2.79213e-09
0.00310172 2.86662e-09
0.00319163 2.93518e-09
0.00328153 3.009e-09
0.00337144 3.0814e-09
0.00346134 3.14036e-09
0.00355124 3.21428e-09
0.00364115 3.28119e-09
0.00373105 3.35766e-09
0.00382096 3.43261e-09
0.00391086 3.50325e-09
0.00400077 3.58442e-09
0.00409067 3.65807e-09
0.00418057 3.72438e-09
0.00427048 3.791e-09
0.00436038 3.86366e-09
0.00445029 3.9361e-09
0.00454019 4.01562e-09
0.00463009 4.08417e-09
0.00472 4.14751e-09
0.0048099 4.22101e-09
0.00489981 4.2896e-09
0.00498971 4.35031e-09
0.00507962 4.41912e-09
0.00516952 4.4936e-09
0.00525942 4.56245e-09
0.00534933 4.63464e-09
0.00543923 4.70837e-09
0.00552914 4.77692e-09
0.00561904 4.84285e-09
0.00570894 4.91719e-09
0.00579885 4.97895e-09
0.00588875 5.05267e-09
0.00597866 5.11764e-09
0.00606856 5.19139e-09
0.00615846 5.26489e-09
0.00624837 5.33995e-09
0.00633827 5.4169e-09
0.00642818 5.49456e-09
0.00651808 5.56926e-09
0.00660799 5.65908e-09
0.00669789 5.73661e-09
0.00678779 5.8178e-09
0.0068777 5.88826e-09
0.0069676 5.96798e-09
0.00705751 6.04241e-09
0.00714741 6.10689e-09
0.00723731 6.18093e-09
0.00732722 6.25808e-09
0.00741712 6.3427e-09
0.00750703 6.42044e-09
0.00759693 6.50102e-09
0.00768684 6.58357e-09
0.00777674 6.66752e-09
0.00786664 6.74944e-09
0.00795655 6.82912e-09
0.00804645 6.90898e-09
0.00813636 6.99117e-09
0.00822626 7.07566e-09
0.00831616 7.14851e-09
0.00840607 7.22897e-09
0.00849597 7.31373e-09
0.00858588 7.38696e-09
0.00867578 7.47262e-09
0.00876569 7.56205e-09
0.00885559 7.63482e-09
0.00894549 7.71692e-09
0.0090354 7.79077e-09
0.0091253 7.86426e-09
0.00921521 7.93674e-09
0.00930511 8.01012e-09
0.00939501 8.08508e-09
0.00948492 8.15877e-09
0.00957482 8.23435e-09
0.00966473 8.30613e-09
0.00975463 8.3686e-09
0.00984453 8.44032e-09
0.00993444 8.5102e-09
0.0100243 8.58152e-09
0.0101142 8.64607e-09
0.0102042 8.71232e-09
0.0102941 8.79012e-09
0.010384 8.85681e-09
0.0104739 8.92533e-09
0.0105638 8.98469e-09
0.0106537 9.05204e-09
0.0107436 9.11082e-09
0.0108335 9.17743e-09
0.0109234 9.24346e-09
0.0110133 9.30639e-09
0.0111032 9.36325e-09
0.0111931 9.4241e-09
0.011283 9.486e-09
0.0113729 9.53961e-09
0.0114628 9.60458e-09
0.0115527 9.66453e-09
0.0116426 9.71757e-09
0.0117325 9.77642e-09
0.0118224 9.82893e-09
0.0119123 9.88234e-09
0.0120022 9.9411e-09
0.0120921 9.99056e-09
0.012182 1.00434e-08
0.0122719 1.00966e-08
0.0123619 1.01593e-08
0.0124518 1.02157e-08
0.0125417 1.02755e-08
0.0126316 1.0339e-08
0.0127215 1.03958e-08
0.0128114 1.04569e-08
0.0129013 1.05192e-08
0.0129912 1.05783e-08
0.0130811 1.06292e-08
0.013171 1.06839e-08
0.0132609 1.07358e-08
0.0133508 1.07905e-08
0.0134407 1.0852e-08
0.0135306 1.09055e-08
0.0136205 1.09632e-08
0.0137104 1.10276e-08
0.0138003 1.10922e-08
0.0138902 1.11584e-08
0.0139801 1.12236e-08
0.01407 1.12844e-08
0.0141599 1.13399e-08
0.0142498 1.14041e-08
0.0143397 1.14609e-08
0.0144296 1.15214e-08
0.0145196 1.15807e-08
0.0146095 1.16351e-08
0.0146994 1.16912e-08
0.0147893 1.17474e-08
0.0148792 1.18095e-08
0.0149691 1.18689e-08
0.015059 1.19252e-08
0.0151489 1.198e-08
0.0152388 1.20334e-08
0.0153287 1.20942e-08
0.0154186 1.21519e-08
0.0155085 1.22139e-08
0.0155984 1.22741e-08
0.0156883 1.23272e-08
0.0157782 1.23803e-08
0.0158681 1.24301e-08
0.015958 1.24851e-08
0.0160479 1.25423e-08
0.0161378 1.25938e-08
0.0162277 1.26465e-08
0.0163176 1.26963e-08
0.0164075 1.27458e-08
0.0164974 1.27999e-08
0.0165873 1.28477e-08
0.0166773 1.28996e-08
0.0167672 1.29461e-08
0.0168571 1.29963e-08
0.016947 1.30432e-08
0.0170369 1.30942e-08
0.0171268 1.31345e-08
0.0172167 1.31801e-08
0.0173066 1.32365e-08
0.0173965 1.32868e-08
0.0174864 1.3337e-08
0.0175763 1.33902e-08
0.0176662 1.34496e-08
0.0177561 1.35034e-08
0.017846 1.35542e-08
0.0179359 1.36075e-08
0.0180258 1.36566e-08
0.0181157 1.37074e-08
0.0182056 1.37653e-08
0.0182955 1.38158e-08
0.0183854 1.38695e-08
0.0184753 1.39216e-08
0.0185652 1.39813e-08
0.0186551 1.40288e-08
0.018745 1.40761e-08
0.0188349 1.41331e-08
0.0189249 1.41891e-08
0.0190148 1.42396e-08
0.0191047 1.42905e-08
0.0191946 1.43319e-08
0.0192845 1.43777e-08
0.0193744 1.44304e-08
0.0194643 1.44782e-08
0.0195542 1.45382e-08
0.0196441 1.4595e-08
0.019734 1.46528e-08
0.0198239 1.4709e-08
0.0199138 1.47611e-08
0.0200037 1.48169e-08
0.0200936 1.48695e-08
0.0201835 1.49219e-08
0.0202734 1.49819e-08
0.0203633 1.5038e-08
0.0204532 1.50861e-08
0.0205431 1.51443e-08
0.020633 1.52018e-08
0.0207229 1.52641e-08
0.0208128 1.53108e-08
0.0209027 1.53763e-08
0.0209926 1.54354e-08
0.0210826 1.54978e-08
0.0211725 1.55624e-08
0.0212624 1.56229e-08
0.0213523 1.56789e-08
0.0214422 1.57376e-08
0.0215321 1.57956e-08
0.021622 1.58585e-08
0.0217119 1.59136e-08
0.0218018 1.59759e-08
0.0218917 1.60424e-08
0.0219816 1.61077e-08
0.0220715 1.61675e-08
0.0221614 1.62366e-08
0.0222513 1.63011e-08
0.0223412 1.63675e-08
0.0224311 1.64315e-08
0.022521 1.64968e-08
0.0226109 1.65659e-08
0.0227008 1.66307e-08
0.0227907 1.6695e-08
0.0228806 1.6763e-08
0.0229705 1.68312e-08
0.0230604 1.68889e-08
0.0231503 1.69533e-08
0.0232403 1.70191e-08
0.0233302 1.70829e-08
0.0234201 1.71503e-08
0.02351 1.72155e-08
0.0235999 1.72871e-08
0.0236898 1.73569e-08
0.0237797 1.74226e-08
0.0238696 1.74908e-08
0.0239595 1.75513e-08
0.0240494 1.7614e-08
0.0241393 1.76757e-08
0.0242292 1.77368e-08
0.0243191 1.77993e-08
0.024409 1.78536e-08
0.0244989 1.79026e-08
0.0245888 1.7962e-08
0.0246787 1.80328e-08
0.0247686 1.80968e-08
0.0248585 1.81535e-08
0.0249484 1.8221e-08
0.0250383 1.8289e-08
0.0251282 1.8353e-08
0.0252181 1.84125e-08
0.025308 1.84703e-08
0.025398 1.85279e-08
0.0254879 1.85915e-08
0.0255778 1.86575e-08
0.0256677 1.87119e-08
0.0257576 1.87791e-08
0.0258475 1.88311e-08
0.0259374 1.88901e-08
0.0260273 1.89431e-08
0.0261172 1.89975e-08
0.0262071 1.90664e-08
0.026297 1.91273e-08
0.0263869 1.91901e-08
0.0264768 1.92593e-08
0.0265667 1.93239e-08
0.0266566 1.93801e-08
0.0267465 1.94503e-08
0.0268364 1.95208e-08
0.0269263 1.95866e-08
0.0270162 1.96517e-08
0.0271061 1.97336e-08
0.027196 1.98034e-08
0.0272859 1.98761e-08
0.0273758 1.99526e-08
0.0274657 2.00277e-08
0.0275557 2.0103e-08
0.0276456 2.01898e-08
0.0277355 2.02645e-08
0.0278254 2.03535e-08
0.0279153 2.04376e-08
0.0280052 2.05199e-08
0.0280951 2.0601e-08
0.028185 2.06764e-08
0.0282749 2.07521e-08
0.0283648 2.08351e-08
0.0284547 2.09152e-08
0.0285446 2.0994e-08
0.0286345 2.10792e-08
0.0287244 2.11604e-08
0.0288143 2.12378e-08
0.0289042 2.13192e-08
0.0289941 2.14014e-08
0.029084 2.14795e-08
0.0291739 2.15515e-08
0.0292638 2.16235e-08
0.0293537 2.17046e-08
0.0294436 2.17853e-08
0.0295335 2.18606e-08
0.0296234 2.19345e-08
0.0297134 2.20035e-08
0.0298033 2.20669e-08
0.0298932 2.21357e-08
0.0299831 2.22092e-08
0.030073 2.22788e-08
0.0301629 2.23491e-08
0.0302528 2.24308e-08
0.0303427 2.25092e-08
0.0304326 2.25855e-08
0.0305225 2.26667e-08
0.0306124 2.27473e-08
0.0307023 2.28196e-08
0.0307922 2.29061e-08
0.0308821 2.29841e-08
0.030972 2.30671e-08
0.0310619 2.31433e-08
0.0311518 2.32141e-08
0.0312417 2.32959e-08
0.0313316 2.33601e-08
0.0314215 2.34336e-08
0.0315114 2.35095e-08
0.0316013 2.35888e-08
0.0316912 2.36647e-08
0.0317811 2.37468e-08
0.0318711 2.38255e-08
0.031961 2.39174e-08
0.0320509 2.39985e-08
0.0321408 2.40768e-08
0.0322307 2.41545e-08
0.0323206 2.42449e-08
0.0324105 2.43278e-08
0.0325004 2.44079e-08
0.0325903 2.44938e-08
0.0326802 2.45716e-08
0.0327701 2.46518e-08
0.03286 2.47491e-08
0.0329499 2.48403e-08
0.0330398 2.49292e-08
0.0331297 2.50109e-08
0.0332196 2.5086e-08
0.0333095 2.51676e-08
0.0333994 2.52551e-08
0.0334893 2.53362e-08
0.0335792 2.54278e-08
0.0336691 2.55153e-08
0.033759 2.55924e-08
0.0338489 2.56787e-08
0.0339388 2.57646e-08
0.0340288 2.58464e-08
0.0341187 2.59226e-08
0.0342086 2.59952e-08
0.0342985 2.60714e-08
0.0343884 2.61461e-08
0.0344783 2.62174e-08
0.0345682 2.62925e-08
0.0346581 2.63791e-08
0.034748 2.64525e-08
0.0348379 2.65272e-08
0.0349278 2.65997e-08
0.0350177 2.66635e-08
0.0351076 2.67397e-08
0.0351975 2.6803e-08
0.0352874 2.6886e-08
0.0353773 2.69613e-08
0.0354672 2.70351e-08
0.0355571 2.71146e-08
0.035647 2.7184e-08
0.0357369 2.72546e-08
0.0358268 2.73246e-08
0.0359167 2.73925e-08
0.0360066 2.7471e-08
0.0360965 2.75637e-08
0.0361865 2.76412e-08
0.0362764 2.77221e-08
0.0363663 2.78022e-08
0.0364562 2.78832e-08
0.0365461 2.7955e-08
0.036636 2.80312e-08
0.0367259 2.81047e-08
0.0368158 2.81754e-08
0.0369057 2.82497e-08
0.0369956 2.83282e-08
0.0370855 2.83987e-08
0.0371754 2.84719e-08
0.0372653 2.85501e-08
0.0373552 2.86233e-08
0.0374451 2.86953e-08
0.037535 2.87716e-08
0.0376249 2.88475e-08
0.0377148 2.89181e-08
0.0378047 2.89894e-08
0.0378946 2.90572e-08
0.0379845 2.91267e-08
0.0380744 2.9193e-08
0.0381643 2.92528e-08
0.0382542 2.93128e-08
0.0383441 2.93787e-08
0.0384341 2.94366e-08
0.038524 2.9495e-08
0.0386139 2.95546e-08
0.0387038 2.96167e-08
0.0387937 2.96748e-08
0.0388836 2.97406e-08
0.0389735 2.97954e-08
0.0390634 2.98486e-08
0.0391533 2.99018e-08
0.0392432 2.99603e-08
0.0393331 3.00106e-08
0.039423 3.00703e-08
0.0395129 3.01181e-08
0.0396028 3.0165e-08
0.0396927 3.02022e-08
0.0397826 3.02426e-08
0.0398725 3.02925e-08
0.0399624 3.03349e-08
0.0400523 3.03719e-08
0.0401422 3.04215e-08
0.0402321 3.04542e-08
0.040322 3.04984e-08
0.0404119 3.05441e-08
0.0405018 3.05899e-08
0.0405918 3.06427e-08
0.0406817 3.06893e-08
0.0407716 3.07355e-08
0.0408615 3.07785e-08
0.0409514 3.08216e-08
0.0410413 3.08679e-08
0.0411312 3.09123e-08
0.0412211 3.09559e-08
0.041311 3.10034e-08
0.0414009 3.10503e-08
0.0414908 3.10968e-08
0.0415807 3.11487e-08
0.0416706 3.11949e-08
0.0417605 3.12474e-08
0.0418504 3.13005e-08
0.0419403 3.13463e-08
0.0420302 3.14002e-08
0.0421201 3.14478e-08
0.04221 3.14951e-08
0.0422999 3.15458e-08
0.0423898 3.16037e-08
0.0424797 3.16503e-08
0.0425696 3.17003e-08
0.0426595 3.17444e-08
0.0427495 3.17785e-08
0.0428394 3.18143e-08
0.0429293 3.18533e-08
0.0430192 3.1901e-08
0.0431091 3.19431e-08
0.043199 3.19837e-08
0.0432889 3.20333e-08
0.0433788 3.20651e-08
0.0434687 3.20966e-08
0.0435586 3.21351e-08
0.0436485 3.21689e-08
0.0437384 3.22072e-08
0.0438283 3.2233e-08
0.0439182 3.22783e-08
0.0440081 3.23273e-08
0.044098 3.23673e-08
0.0441879 3.24086e-08
0.0442778 3.24513e-08
0.0443677 3.24841e-08
0.0444576 3.25309e-08
0.0445475 3.25747e-08
0.0446374 3.26164e-08
0.0447273 3.26583e-08
0.0448172 3.2699e-08
0.0449072 3.27485e-08
0.0449971 3.27992e-08
0.045087 3.28519e-08
0.0451769 3.29051e-08
0.0452668 3.29544e-08
0.0453567 3.29984e-08
0.0454466 3.30506e-08
0.0455365 3.31134e-08
0.0456264 3.31572e-08
0.0457163 3.32053e-08
0.0458062 3.3248e-08
0.0458961 3.32969e-08
0.045986 3.33444e-08
0.0460759 3.33942e-08
0.0461658 3.34447e-08
0.0462557 3.34862e-08
0.0463456 3.35269e-08
0.0464355 3.35685e-08
0.0465254 3.36184e-08
0.0466153 3.3649e-08
0.0467052 3.37033e-08
0.0467951 3.37482e-08
0.046885 3.3798e-08
0.0469749 3.38429e-08
0.0470649 3.38999e-08
0.0471548 3.39593e-08
0.0472447 3.40016e-08
0.0473346 3.40374e-08
0.0474245 3.40741e-08
0.0475144 3.41072e-08
0.0476043 3.41559e-08
0.0476942 3.41911e-08
0.0477841 3.42422e-08
0.047874 3.42826e-08
0.0479639 3.43293e-08
0.0480538 3.4372e-08
0.0481437 3.4406e-08
0.0482336 3.44472e-08
0.0483235 3.44871e-08
0.0484134 3.45306e-08
0.0485033 3.45658e-08
0.0485932 3.46068e-08
0.0486831 3.46546e-08
0.048773 3.4686e-08
0.0488629 3.47235e-08
0.0489528 3.47514e-08
0.0490427 3.47934e-08
0.0491326 3.48234e-08
0.0492226 3.48482e-08
0.0493125 3.48868e-08
0.0494024 3.49248e-08
0.0494923 3.49551e-08
0.0495822 3.49873e-08
0.0496721 3.50135e-08
0.049762 3.50287e-08
0.0498519 3.50608e-08
0.0499418 3.50885e-08
0.0500317 3.51109e-08
0.0501216 3.51361e-08
0.0502115 3.51855e-08
0.0503014 3.52205e-08
0.0503913 3.52445e-08
0.0504812 3.52639e-08
0.0505711 3.52841e-08
0.050661 3.53049e-08
0.0507509 3.53348e-08
0.0508408 3.53509e-08
0.0509307 3.53571e-08
0.0510206 3.53677e-08
0.0511105 3.53788e-08
0.0512004 3.53926e-08
0.0512903 3.54088e-08
0.0513803 3.54203e-08
0.0514702 3.54222e-08
0.0515601 3.5433e-08
0.05165 3.54436e-08
0.0517399 3.54675e-08
0.0518298 3.54956e-08
0.0519197 3.55137e-08
0.0520096 3.55304e-08
0.0520995 3.55365e-08
0.0521894 3.55481e-08
0.0522793 3.55462e-08
0.0523692 3.55316e-08
0.0524591 3.55388e-08
0.052549 3.55442e-08
0.0526389 3.55414e-08
0.0527288 3.55415e-08
0.0528187 3.55357e-08
0.0529086 3.55246e-08
0.0529985 3.5531e-08
0.0530884 3.5541e-08
0.0531783 3.55454e-08
0.0532682 3.55355e-08
0.0533581 3.55413e-08
0.053448 3.55406e-08
0.053538 3.55435e-08
0.0536279 3.55321e-08
0.0537178 3.55439e-08
0.0538077 3.5552e-08
0.0538976 3.55517e-08
0.0539875 3.55527e-08
0.0540774 3.55498e-08
0.0541673 3.55473e-08
0.0542572 3.55493e-08
0.0543471 3.55544e-08
0.054437 3.55718e-08
0.0545269 3.55786e-08
0.0546168 3.55797e-08
0.0547067 3.55874e-08
0.0547966 3.55885e-08
0.0548865 3.56033e-08
0.0549764 3.56205e-08
0.0550663 3.56302e-08
0.0551562 3.56468e-08
0.0552461 3.5663e-08
0.055336 3.56763e-08
0.0554259 3.56807e-08
0.0555158 3.56755e-08
0.0556057 3.57037e-08
0.0556956 3.57237e-08
0.0557856 3.57449e-08
0.0558755 3.57571e-08
0.0559654 3.57824e-08
0.0560553 3.58009e-08
0.0561452 3.58362e-08
0.0562351 3.58748e-08
0.056325 3.59204e-08
0.0564149 3.59592e-08
0.0565048 3.59916e-08
0.0565947 3.60209e-08
0.0566846 3.60646e-08
0.0567745 3.60935e-08
0.0568644 3.61364e-08
0.0569543 3.61938e-08
0.0570442 3.62315e-08
0.0571341 3.62707e-08
0.057224 3.63175e-08
0.0573139 3.63444e-08
0.0574038 3.64065e-08
0.0574937 3.64432e-08
0.0575836 3.65096e-08
0.0576735 3.65599e-08
0.0577634 3.65884e-08
0.0578533 3.66413e-08
0.0579433 3.66882e-08
0.0580332 3.6732e-08
0.0581231 3.67704e-08
0.058213 3.68066e-08
0.0583029 3.68419e-08
0.0583928 3.68899e-08
0.0584827 3.69206e-08
0.0585726 3.69575e-08
0.0586625 3.69934e-08
0.0587524 3.70493e-08
0.0588423 3.7081e-08
0.0589322 3.71249e-08
0.0590221 3.71828e-08
0.059112 3.72377e-08
0.0592019 3.73123e-08
0.0592918 3.73639e-08
0.0593817 3.74331e-08
0.0594716 3.74836e-08
0.0595615 3.75488e-08
0.0596514 3.7611e-08
0.0597413 3.7655e-08
0.0598312 3.77068e-08
0.0599211 3.77756e-08
0.060011 3.78286e-08
0.060101 3.78871e-08
0.0601909 3.79376e-08
0.0602808 3.79875e-08
0.0603707 3.80395e-08
0.0604606 3.80957e-08
0.0605505 3.81642e-08
0.0606404 3.82245e-08
0.0607303 3.83004e-08
0.0608202 3.83557e-08
0.0609101 3.8416e-08
0.061 3.84813e-08
0.0610899 3.85189e-08
0.0611798 3.85679e-08
0.0612697 3.86098e-08
0.0613596 3.86614e-08
0.0614495 3.87065e-08
0.0615394 3.8749e-08
0.0616293 3.88055e-08
0.0617192 3.88643e-08
0.0618091 3.89285e-08
0.061899 3.89692e-08
0.0619889 3.90176e-08
0.0620788 3.90737e-08
0.0621687 3.91179e-08
0.0622587 3.91639e-08
0.0623486 3.92464e-08
0.0624385 3.92963e-08
0.0625284 3.93331e-08
0.0626183 3.93837e-08
0.0627082 3.94528e-08
0.0627981 3.94983e-08
0.062888 3.952e-08
0.0629779 3.95655e-08
0.0630678 3.96049e-08
0.0631577 3.96527e-08
0.0632476 3.97038e-08
0.0633375 3.97526e-08
0.0634274 3.98088e-08
0.0635173 3.98696e-08
0.0636072 3.99208e-08
0.0636971 3.99675e-08
0.063787 4.00326e-08
0.0638769 4.00899e-08
0.0639668 4.01315e-08
0.0640567 4.01899e-08
0.0641466 4.02405e-08
0.0642365 4.02866e-08
0.0643264 4.0344e-08
0.0644164 4.03783e-08
0.0645063 4.04083e-08
0.0645962 4.0466e-08
0.0646861 4.05067e-08
0.064776 4.05549e-08
0.0648659 4.05898e-08
0.0649558 4.06561e-08
0.0650457 4.07028e-08
0.0651356 4.07413e-08
0.0652255 4.07709e-08
0.0653154 4.08097e-08
0.0654053 4.08552e-08
0.0654952 4.08982e-08
0.0655851 4.0934e-08
0.065675 4.09795e-08
0.0657649 4.1024e-08
0.0658548 4.10599e-08
0.0659447 4.10995e-08
0.0660346 4.11533e-08
0.0661245 4.11801e-08
0.0662144 4.12153e-08
0.0663043 4.1244e-08
0.0663942 4.12672e-08
0.0664841 4.12827e-08
0.0665741 4.13203e-08
0.066664 4.13187e-08
0.0667539 4.13363e-08
0.0668438 4.13284e-08
0.0669337 4.13222e-08
0.0670236 4.13422e-08
0.0671135 4.13615e-08
0.0672034 4.13844e-08
0.0672933 4.14266e-08
0.0673832 4.14438e-08
0.0674731 4.14863e-08
0.067563 4.1514e-08
0.0676529 4.15462e-08
0.0677428 4.15988e-08
0.0678327 4.16521e-08
0.0679226 4.16924e-08
0.0680125 4.17247e-08
0.0681024 4.17603e-08
0.0681923 4.1781e-08
0.0682822 4.18087e-08
0.0683721 4.1829e-08
0.068462 4.18323e-08
0.0685519 4.18611e-08
0.0686418 4.1877e-08
0.0687318 4.1913e-08
0.0688217 4.1916e-08
0.0689116 4.19216e-08
0.0690015 4.19397e-08
0.0690914 4.1939e-08
0.0691813 4.19808e-08
0.0692712 4.19957e-08
0.0693611 4.20097e-08
0.069451 4.20366e-08
0.0695409 4.20744e-08
0.0696308 4.20991e-08
0.0697207 4.21408e-08
0.0698106 4.21745e-08
0.0699005 4.22254e-08
0.0699904 4.22396e-08
0.0700803 4.22612e-08
0.0701702 4.22837e-08
0.0702601 4.23153e-08
0.07035 4.23279e-08
0.0704399 4.23413e-08
0.0705298 4.23529e-08
0.0706197 4.23661e-08
0.0707096 4.23926e-08
0.0707995 4.2445e-08
0.0708895 4.24655e-08
0.0709794 4.24839e-08
0.0710693 4.24739e-08
0.0711592 4.25137e-08
0.0712491 4.25098e-08
0.071339 4.25335e-08
0.0714289 4.25961e-08
0.0715188 4.26262e-08
0.0716087 4.26543e-08
0.0716986 4.26842e-08
0.0717885 4.27029e-08
0.0718784 4.27026e-08
0.0719683 4.26969e-08
0.0720582 4.27023e-08
0.0721481 4.27091e-08
0.072238 4.27255e-08
0.0723279 4.2722e-08
0.0724178 4.27265e-08
0.0725077 4.27138e-08
0.0725976 4.27348e-08
0.0726875 4.27307e-08
0.0727774 4.27282e-08
0.0728673 4.26881e-08
0.0729572 4.27008e-08
0.0730472 4.27016e-08
0.0731371 4.26985e-08
0.073227 4.26969e-08
0.0733169 4.27039e-08
0.0734068 4.27316e-08
0.0734967 4.27387e-08
0.0735866 4.27611e-08
0.0736765 4.27952e-08
0.0737664 4.2812e-08
0.0738563 4.28253e-08
0.0739462 4.28461e-08
0.0740361 4.28481e-08
0.074126 4.28736e-08
0.0742159 4.28768e-08
0.0743058 4.28905e-08
0.0743957 4.29362e-08
0.0744856 4.29611e-08
0.0745755 4.29643e-08
0.0746654 4.29753e-08
0.0747553 4.29726e-08
0.0748452 4.29557e-08
0.0749351 4.29942e-08
0.075025 4.30084e-08
0.0751149 4.29752e-08
0.0752048 4.29554e-08
0.0752948 4.29301e-08
0.0753847 4.28868e-08
0.0754746 4.28407e-08
0.0755645 4.28034e-08
0.0756544 4.2769e-08
0.0757443 4.27614e-08
0.0758342 4.27229e-08
0.0759241 4.26966e-08
0.076014 4.26803e-08
0.0761039 4.26842e-08
0.0761938 4.26656e-08
0.0762837 4.26622e-08
0.0763736 4.26344e-08
0.0764635 4.26227e-08
0.0765534 4.25363e-08
0.0766433 4.2516e-08
0.0767332 4.2474e-08
0.0768231 4.24071e-08
0.076913 4.23505e-08
0.0770029 4.22838e-08
0.0770928 4.21635e-08
0.0771827 4.20869e-08
0.0772726 4.19882e-08
0.0773625 4.19243e-08
0.0774525 4.18311e-08
0.0775424 4.17391e-08
0.0776323 4.16684e-08
0.0777222 4.15842e-08
0.0778121 4.15263e-08
0.077902 4.14656e-08
0.0779919 4.14122e-08
0.0780818 4.13375e-08
0.0781717 4.12486e-08
0.0782616 4.12258e-08
0.0783515 4.11702e-08
0.0784414 4.11121e-08
0.0785313 4.10411e-08
0.0786212 4.10032e-08
0.0787111 4.09339e-08
0.078801 4.08538e-08
0.0788909 4.07471e-08
0.0789808 4.06431e-08
0.0790707 4.05628e-08
0.0791606 4.04652e-08
0.0792505 4.0359e-08
0.0793404 4.02677e-08
0.0794303 4.01733e-08
0.0795202 4.01175e-08
0.0796102 4.00083e-08
0.0797001 3.9965e-08
0.07979 3.98706e-08
0.0798799 3.98098e-08
0.0799698 3.97424e-08
0.0800597 3.96658e-08
0.0801496 3.95744e-08
0.0802395 3.95587e-08
0.0803294 3.9443e-08
0.0804193 3.93566e-08
0.0805092 3.9239e-08
0.0805991 3.91408e-08
0.080689 3.90254e-08
0.0807789 3.89512e-08
0.0808688 3.88625e-08
0.0809587 3.87296e-08
0.0810486 3.86329e-08
0.0811385 3.85246e-08
0.0812284 3.84268e-08
0.0813183 3.83641e-08
0.0814082 3.82566e-08
0.0814981 3.81899e-08
0.081588 3.81095e-08
0.0816779 3.80322e-08
0.0817679 3.79116e-08
0.0818578 3.78097e-08
0.0819477 3.77655e-08
0.0820376 3.76883e-08
0.0821275 3.75618e-08
0.0822174 3.74625e-08
0.0823073 3.7368e-08
0.0823972 3.72308e-08
0.0824871 3.71425e-08
0.082577 3.70595e-08
0.0826669 3.69738e-08
0.0827568 3.68555e-08
0.0828467 3.67335e-08
0.0829366 3.66022e-08
0.0830265 3.6463e-08
0.0831164 3.63263e-08
0.0832063 3.61929e-08
0.0832962 3.60709e-08
0.0833861 3.58721e-08
0.083476 3.57675e-08
0.0835659 3.56345e-08
0.0836558 3.55113e-08
0.0837457 3.53899e-08
0.0838356 3.52984e-08
0.0839256 3.51903e-08
0.0840155 3.50805e-08
0.0841054 3.49969e-08
0.0841953 3.48527e-08
0.0842852 3.47819e-08
0.0843751 3.4673e-08
0.084465 3.45681e-08
0.0845549 3.44593e-08
0.0846448 3.43257e-08
0.0847347 3.4152e-08
0.0848246 3.39914e-08
0.0849145 3.38839e-08
0.0850044 3.37822e-08
0.0850943 3.35966e-08
0.0851842 3.34635e-08
0.0852741 3.33487e-08
0.085364 3.32056e-08
0.0854539 3.31242e-08
0.0855438 3.30053e-08
0.0856337 3.2884e-08
0.0857236 3.27599e-08
0.0858135 3.25841e-08
0.0859034 3.24147e-08
0.0859933 3.22448e-08
0.0860833 3.20928e-08
0.0861732 3.19437e-08
0.0862631 3.17826e-08
0.086353 3.15991e-08
0.0864429 3.13787e-08
0.0865328 3.12439e-08
0.0866227 3.10553e-08
0.0867126 3.08543e-08
0.0868025 3.0644e-08
0.0868924 3.04398e-08
0.0869823 3.02821e-08
0.0870722 3.00201e-08
0.0871621 2.98298e-08
0.087252 2.95874e-08
0.0873419 2.94406e-08
0.0874318 2.92064e-08
0.0875217 2.90475e-08
0.0876116 2.88481e-08
0.0877015 2.86603e-08
0.0877914 2.85082e-08
0.0878813 2.8438e-08
0.0879712 2.82929e-08
0.0880611 2.81033e-08
0.088151 2.78731e-08
0.088241 2.77488e-08
0.0883309 2.75817e-08
0.0884208 2.73906e-08
0.0885107 2.72395e-08
0.0886006 2.69328e-08
0.0886905 2.67636e-08
0.0887804 2.65795e-08
0.0888703 2.63657e-08
0.0889602 2.61494e-08
0.0890501 2.59771e-08
0.08914 2.58171e-08
0.0892299 2.56427e-08
0.0893198 2.54585e-08
0.0894097 2.52727e-08
0.0894996 2.50936e-08
0.0895895 2.49556e-08
0.0896794 2.47378e-08
0.0897693 2.45152e-08
0.0898592 2.43336e-08
0.0899491 2.41824e-08
0.090039 2.39723e-08
0.0901289 2.37953e-08
0.0902188 2.36435e-08
0.0903087 2.34789e-08
0.0903987 2.33761e-08
0.0904886 2.31667e-08
0.0905785 2.29649e-08
0.0906684 2.2795e-08
0.0907583 2.25493e-08
0.0908482 2.23988e-08
0.0909381 2.21599e-08
0.091028 2.19241e-08
0.0911179 2.17694e-08
0.0912078 2.16207e-08
0.0912977 2.15134e-08
0.0913876 2.12681e-08
0.0914775 2.11327e-08
0.0915674 2.10331e-08
0.0916573 2.0828e-08
0.0917472 2.07047e-08
0.0918371 2.05592e-08
0.091927 2.04026e-08
0.0920169 2.03442e-08
0.0921068 2.0216e-08
0.0921967 2.00321e-08
0.0922866 1.98887e-08
0.0923765 1.97222e-08
0.0924664 1.94988e-08
0.0925564 1.92424e-08
0.0926463 1.90485e-08
0.0927362 1.88178e-08
0.0928261 1.86865e-08
0.092916 1.85424e-08
0.0930059 1.83855e-08
0.0930958 1.81037e-08
0.0931857 1.7869e-08
0.0932756 1.75975e-08
0.0933655 1.74097e-08
0.0934554 1.72044e-08
0.0935453 1.70279e-08
0.0936352 1.67851e-08
0.0937251 1.65384e-08
0.093815 1.63183e-08
0.0939049 1.61804e-08
0.0939948 1.59132e-08
0.0940847 1.56475e-08
0.0941746 1.55329e-08
0.0942645 1.53827e-08
0.0943544 1.52515e-08
0.0944443 1.49865e-08
0.0945342 1.48421e-08
0.0946241 1.45304e-08
0.094714 1.43793e-08
0.094804 1.43037e-08
0.0948939 1.41752e-08
0.0949838 1.39475e-08
0.0950737 1.377e-08
0.0951636 1.35017e-08
0.0952535 1.31352e-08
0.0953434 1.2893e-08
0.0954333 1.2432e-08
0.0955232 1.20336e-08
0.0956131 1.18392e-08
0.095703 1.16671e-08
0.0957929 1.14241e-08
0.0958828 1.11746e-08
0.0959727 1.09438e-08
0.0960626 1.06951e-08
0.0961525 1.03559e-08
0.0962424 1.0169e-08
0.0963323 9.9646e-09
0.0964222 9.78908e-09
0.0965121 9.52448e-09
0.096602 9.20047e-09
0.0966919 8.9739e-09
0.0967818 8.70045e-09
0.0968717 8.36777e-09
0.0969617 8.0923e-09
0.0970516 7.54605e-09
0.0971415 7.31714e-09
0.0972314 7.0614e-09
0.0973213 6.76607e-09
0.0974112 6.50467e-09
0.0975011 6.11711e-09
0.097591 5.91078e-09
0.0976809 5.64493e-09
0.0977708 5.38004e-09
0.0978607 5.06928e-09
0.0979506 4.82172e-09
0.0980405 4.43578e-09
0.0981304 4.12583e-09
0.0982203 3.87621e-09
0.0983102 3.58661e-09
0.0984001 3.309e-09
0.09849 2.9937e-09
0.0985799 2.85026e-09
0.0986698 2.60479e-09
0.0987597 2.29235e-09
0.0988496 2.01834e-09
0.0989395 1.81117e-09
0.0990294 1.58245e-09
0.0991194 1.20122e-09
0.0992093 8.57534e-10
0.0992992 7.20947e-10
0.0993891 4.2056e-10
0.099479 1.48236e-10
0.0995689 -1.96863e-10
0.0996588 -2.90846e-10
0.0997487 -5.75483e-10
0.0998386 -8.53387e-10
0.0999285 -1.1493e-09
0.100018 -1.54895e-09
0.100108 -1.94928e-09
0.100198 -2.18894e-09
0.100288 -2.47078e-09
0.100378 -2.86398e-09
0.100468 -3.13909e-09
0.100558 -3.38058e-09
0.100648 -3.47457e-09
0.100738 -3.4079e-09
0.100828 -3.57054e-09
0.100917 -3.80514e-09
0.101007 -3.75417e-09
0.101097 -3.83293e-09
0.101187 -3.69969e-09
0.101277 -3.66145e-09
0.101367 -3.81111e-09
0.101457 -3.80022e-09
0.101547 -3.68819e-09
0.101637 -3.75579e-09
0.101727 -3.91055e-09
0.101816 -4.01559e-09
0.101906 -4.13605e-09
0.101996 -4.2523e-09
0.102086 -4.36538e-09
0.102176 -4.50296e-09
0.102266 -4.63346e-09
0.102356 -4.5541e-09
0.102446 -4.81829e-09
0.102536 -4.92307e-09
0.102626 -5.40763e-09
0.102716 -5.61044e-09
0.102805 -5.88734e-09
0.102895 -6.07589e-09
0.102985 -6.14602e-09
0.103075 -6.34525e-09
0.103165 -6.5614e-09
0.103255 -6.65973e-09
0.103345 -6.66909e-09
0.103435 -6.78238e-09
0.103525 -6.9777e-09
0.103615 -7.10896e-09
0.103704 -7.05414e-09
0.103794 -7.09844e-09
0.103884 -7.37239e-09
0.103974 -7.4276e-09
0.104064 -7.61626e-09
0.104154 -7.73383e-09
0.104244 -7.89323e-09
0.104334 -7.95586e-09
0.104424 -8.12742e-09
0.104514 -8.26479e-09
0.104604 -8.3974e-09
0.104693 -8.70138e-09
0.104783 -8.82316e-09
0.104873 -9.0788e-09
0.104963 -9.32604e-09
0.105053 -9.40931e-09
0.105143 -9.46821e-09
0.105233 -9.60616e-09
0.105323 -9.76052e-09
0.105413 -9.88343e-09
0.105503 -1.00381e-08
0.105592 -1.03353e-08
0.105682 -1.03542e-08
0.105772 -1.04989e-08
0.105862 -1.07638e-08
0.105952 -1.11892e-08
0.106042 -1.16209e-08
0.106132 -1.19333e-08
0.106222 -1.24375e-08
0.106312 -1.27694e-08
0.106402 -1.30971e-08
0.106491 -1.34958e-08
0.106581 -1.38697e-08
0.106671 -1.40389e-08
0.106761 -1.44297e-08
0.106851 -1.45542e-08
0.106941 -1.4797e-08
0.107031 -1.50302e-08
0.107121 -1.52784e-08
0.107211 -1.52865e-08
0.107301 -1.52543e-08
0.107391 -1.52875e-08
0.10748 -1.54758e-08
0.10757 -1.56453e-08
0.10766 -1.55514e-08
0.10775 -1.54897e-08
0.10784 -1.55237e-08
0.10793 -1.54686e-08
0.10802 -1.56266e-08
0.10811 -1.57697e-08
0.1082 -1.58943e-08
0.10829 -1.62846e-08
0.108379 -1.64381e-08
0.108469 -1.65857e-08
0.108559 -1.69691e-08
0.108649 -1.74985e-08
0.108739 -1.76922e-08
0.108829 -1.81252e-08
0.108919 -1.83886e-08
0.109009 -1.87189e-08
0.109099 -1.87269e-08
0.109189 -1.88874e-08
0.109279 -1.90385e-08
0.109368 -1.88512e-08
0.109458 -1.90085e-08
0.109548 -1.8807e-08
0.109638 -1.90077e-08
0.109728 -1.90573e-08
0.109818 -1.91607e-08
0.109908 -1.90485e-08
0.109998 -1.91413e-08
0.110088 -1.92994e-08
0.110178 -1.92034e-08
0.110267 -1.92622e-08
0.110357 -1.94172e-08
0.110447 -1.95274e-08
0.110537 -1.98377e-08
0.110627 -2.01356e-08
0.110717 -2.05752e-08
0.110807 -2.09012e-08
0.110897 -2.10504e-08
0.110987 -2.12032e-08
0.111077 -2.1408e-08
0.111167 -2.13044e-08
0.111256 -2.10252e-08
0.111346 -2.10008e-08
0.111436 -2.11246e-08
0.111526 -2.1256e-08
0.111616 -2.10039e-08
0.111706 -2.10905e-08
0.111796 -2.10129e-08
0.111886 -2.10338e-08
0.111976 -2.11023e-08
0.112066 -2.12093e-08
0.112155 -2.11893e-08
0.112245 -2.13111e-08
0.112335 -2.12602e-08
0.112425 -2.1624e-08
0.112515 -2.17649e-08
0.112605 -2.20563e-08
0.112695 -2.2394e-08
0.112785 -2.23372e-08
0.112875 -2.23105e-08
0.112965 -2.25436e-08
0.113054 -2.28638e-08
0.113144 -2.29567e-08
0.113234 -2.30505e-08
0.113324 -2.28923e-08
0.113414 -2.29119e-08
0.113504 -2.28012e-08
0.113594 -2.27246e-08
0.113684 -2.26186e-08
0.113774 -2.26664e-08
0.113864 -2.24714e-08
0.113954 -2.2647e-08
0.114043 -2.26692e-08
0.114133 -2.2616e-08
0.114223 -2.28079e-08
0.114313 -2.30447e-08
0.114403 -2.28358e-08
0.114493 -2.30034e-08
0.114583 -2.32875e-08
0.114673 -2.31808e-08
0.114763 -2.337e-08
0.114853 -2.32214e-08
0.114942 -2.26471e-08
0.115032 -2.27829e-08
0.115122 -2.24177e-08
0.115212 -2.22376e-08
0.115302 -2.21339e-08
0.115392 -2.1993e-08
0.115482 -2.22808e-08
0.115572 -2.22033e-08
0.115662 -2.22192e-08
0.115752 -2.25303e-08
0.115842 -2.28015e-08
0.115931 -2.27952e-08
0.116021 -2.26261e-08
0.116111 -2.30147e-08
0.116201 -2.34719e-08
0.116291 -2.36977e-08
0.116381 -2.38573e-08
0.116471 -2.43793e-08
0.116561 -2.44559e-08
0.116651 -2.45469e-08
0.116741 -2.48235e-08
0.11683 -2.48556e-08
0.11692 -2.49074e-08
0.11701 -2.45388e-08
0.1171 -2.45308e-08
0.11719 -2.43347e-08
0.11728 -2.42267e-08
0.11737 -2.43401e-08
0.11746 -2.40868e-08
0.11755 -2.41754e-08
0.11764 -2.39881e-08
0.11773 -2.37384e-08
0.117819 -2.34329e-08
0.117909 -2.33244e-08
0.117999 -2.30849e-08
0.118089 -2.28807e-08
0.118179 -2.27078e-08
0.118269 -2.25965e-08
0.118359 -2.23247e-08
0.118449 -2.17956e-08
0.118539 -2.18925e-08
0.118629 -2.22199e-08
0.118718 -2.19622e-08
0.118808 -2.19425e-08
0.118898 -2.16679e-08
0.118988 -2.15983e-08
0.119078 -2.16607e-08
0.119168 -2.13872e-08
0.119258 -2.13202e-08
0.119348 -2.11246e-08
0.119438 -2.10872e-08
0.119528 -2.11074e-08
0.119617 -2.15672e-08
0.119707 -2.21641e-08
0.119797 -2.24956e-08
0.119887 -2.28728e-08
0.119977 -2.30993e-08
0.120067 -2.28805e-08
0.120157 -2.32484e-08
0.120247 -2.35151e-08
0.120337 -2.35973e-08
0.120427 -2.38991e-08
0.120517 -2.41626e-08
0.120606 -2.41397e-08
0.120696 -2.43827e-08
0.120786 -2.42545e-08
0.120876 -2.38284e-08
0.120966 -2.3682e-08
0.121056 -2.35447e-08
0.121146 -2.36844e-08
0.121236 -2.41335e-08
0.121326 -2.4185e-08
0.121416 -2.40483e-08
0.121505 -2.40629e-08
0.121595 -2.37351e-08
0.121685 -2.37397e-08
0.121775 -2.40223e-08
0.121865 -2.38956e-08
0.121955 -2.37444e-08
0.122045 -2.3627e-08
0.122135 -2.33527e-08
0.122225 -2.32087e-08
0.122315 -2.32324e-08
0.122405 -2.29819e-08
0.122494 -2.30601e-08
0.122584 -2.28575e-08
0.122674 -2.29629e-08
0.122764 -2.31971e-08
0.122854 -2.32202e-08
0.122944 -2.36724e-08
0.123034 -2.37756e-08
0.123124 -2.4158e-08
0.123214 -2.41322e-08
0.123304 -2.47273e-08
0.123393 -2.49837e-08
0.123483 -2.48354e-08
0.123573 -2.50161e-08
0.123663 -2.51542e-08
0.123753 -2.5171e-08
0.123843 -2.52566e-08
0.123933 -2.52743e-08
0.124023 -2.51027e-08
0.124113 -2.51604e-08
0.124203 -2.52017e-08
0.124293 -2.54816e-08
0.124382 -2.59282e-08
0.124472 -2.61307e-08
0.124562 -2.61084e-08
0.124652 -2.58673e-08
0.124742 -2.54887e-08
0.124832 -2.52634e-08
0.124922 -2.50731e-08
0.125012 -2.4654e-08
0.125102 -2.40459e-08
0.125192 -2.33833e-08
0.125281 -2.19715e-08
0.125371 -2.14526e-08
0.125461 -2.13112e-08
0.125551 -2.05536e-08
0.125641 -1.98893e-08
0.125731 -1.94549e-08
0.125821 -1.94381e-08
0.125911 -1.91913e-08
0.126001 -1.87522e-08
0.126091 -1.8651e-08
0.126181 -1.82012e-08
0.12627 -1.90523e-08
0.12636 -1.95698e-08
0.12645 -2.03553e-08
0.12654 -2.15205e-08
0.12663 -2.20758e-08
0.12672 -2.29666e-08
0.12681 -2.33406e-08
0.1269 -2.38565e-08
0.12699 -2.34381e-08
0.12708 -2.37677e-08
0.127169 -2.48289e-08
0.127259 -2.47973e-08
0.127349 -2.43706e-08
0.127439 -2.42662e-08
0.127529 -2.42956e-08
0.127619 -2.39497e-08
0.127709 -2.33776e-08
0.127799 -2.30778e-08
0.127889 -2.28123e-08
0.127979 -2.23918e-08
0.128068 -2.21526e-08
0.128158 -2.15156e-08
0.128248 -2.07992e-08
0.128338 -2.06117e-08
0.128428 -2.02496e-08
0.128518 -2.03312e-08
0.128608 -2.08848e-08
0.128698 -2.08189e-08
0.128788 -2.13635e-08
0.128878 -2.07248e-08
0.128968 -2.09037e-08
0.129057 -2.07794e-08
0.129147 -2.04465e-08
0.129237 -2.04212e-08
0.129327 -2.07636e-08
0.129417 -2.13579e-08
0.129507 -2.17736e-08
0.129597 -2.19972e-08
0.129687 -2.28313e-08
0.129777 -2.28459e-08
0.129867 -2.2905e-08
0.129956 -2.34677e-08
0.130046 -2.38722e-08
0.130136 -2.32753e-08
0.130226 -2.27891e-08
0.130316 -2.32555e-08
0.130406 -2.29094e-08
0.130496 -2.27876e-08
0.130586 -2.26508e-08
0.130676 -2.2937e-08
0.130766 -2.24801e-08
0.130856 -2.24935e-08
0.130945 -2.26775e-08
0.131035 -2.26795e-08
0.131125 -2.2233e-08
0.131215 -2.18729e-08
0.131305 -2.17858e-08
0.131395 -2.16905e-08
0.131485 -2.11126e-08
0.131575 -2.11064e-08
0.131665 -2.07805e-08
0.131755 -2.139e-08
0.131844 -2.19316e-08
0.131934 -2.23338e-08
0.132024 -2.16387e-08
0.132114 -2.18122e-08
0.132204 -2.17765e-08
0.132294 -2.06364e-08
0.132384 -2.08015e-08
0.132474 -2.04172e-08
0.132564 -2.05016e-08
0.132654 -2.02716e-08
0.132744 -2.01335e-08
0.132833 -1.99262e-08
0.132923 -1.88601e-08
0.133013 -1.83084e-08
0.133103 -1.85079e-08
0.133193 -1.85264e-08
0.133283 -1.78945e-08
0.133373 -1.73925e-08
0.133463 -1.71651e-08
0.133553 -1.80161e-08
0.133643 -1.82362e-08
0.133732 -1.88825e-08
0.133822 -1.99777e-08
0.133912 -2.03193e-08
0.134002 -2.09535e-08
0.134092 -2.0944e-08
0.134182 -2.02255e-08
0.134272 -1.95824e-08
0.134362 -1.78206e-08
0.134452 -1.79096e-08
0.134542 -1.81979e-08
0.134631 -1.66509e-08
0.134721 -1.58396e-08
0.134811 -1.38939e-08
