-0.134811 3.20333e-08
-0.134721 3.2958e-08
-0.134631 3.49819e-08
-0.134542 3.69402e-08
-0.134452 3.9174e-08
-0.134362 4.10407e-08
-0.134272 4.20535e-08
-0.134182 4.27525e-08
-0.134092 4.28562e-08
-0.134002 4.34784e-08
-0.133912 4.49916e-08
-0.133822 4.70792e-08
-0.133732 4.8696e-08
-0.133642 5.05446e-08
-0.133553 5.24132e-08
-0.133463 5.38884e-08
-0.133373 5.57664e-08
-0.133283 5.72136e-08
-0.133193 5.77315e-08
-0.133103 5.91347e-08
-0.133013 6.06787e-08
-0.132923 6.11725e-08
-0.132833 6.13754e-08
-0.132743 6.14042e-08
-0.132654 6.18962e-08
-0.132564 6.17195e-08
-0.132474 6.19904e-08
-0.132384 6.20795e-08
-0.132294 6.14725e-08
-0.132204 6.16948e-08
-0.132114 6.28438e-08
-0.132024 6.3204e-08
-0.131934 6.33502e-08
-0.131844 6.47917e-08
-0.131754 6.62572e-08
-0.131665 6.77881e-08
-0.131575 6.83271e-08
-0.131485 6.91317e-08
-0.131395 6.88008e-08
-0.131305 6.86611e-08
-0.131215 6.80117e-08
-0.131125 6.75766e-08
-0.131035 6.65799e-08
-0.130945 6.60189e-08
-0.130855 6.5044e-08
-0.130766 6.38432e-08
-0.130676 6.15407e-08
-0.130586 5.92326e-08
-0.130496 5.74802e-08
-0.130406 5.52558e-08
-0.130316 5.34793e-08
-0.130226 5.16668e-08
-0.130136 4.99641e-08
-0.130046 4.85985e-08
-0.129956 4.81909e-08
-0.129867 4.79993e-08
-0.129777 4.77572e-08
-0.129687 4.76147e-08
-0.129597 4.80333e-08
-0.129507 4.82291e-08
-0.129417 4.98024e-08
-0.129327 5.13505e-08
-0.129237 5.23924e-08
-0.129147 5.45865e-08
-0.129057 5.44995e-08
-0.128967 5.43855e-08
-0.128878 5.41741e-08
-0.128788 5.42987e-08
-0.128698 5.43078e-08
-0.128608 5.44016e-08
-0.128518 5.40318e-08
-0.128428 5.32857e-08
-0.128338 5.23185e-08
-0.128248 5.21964e-08
-0.128158 5.09826e-08
-0.128068 4.97663e-08
-0.127979 4.97316e-08
-0.127889 4.95013e-08
-0.127799 4.93068e-08
-0.127709 4.88371e-08
-0.127619 4.85793e-08
-0.127529 4.81471e-08
-0.127439 4.82188e-08
-0.127349 4.83332e-08
-0.127259 4.78392e-08
-0.127169 4.72938e-08
-0.127079 4.73991e-08
-0.12699 4.70681e-08
-0.1269 4.64321e-08
-0.12681 4.56478e-08
-0.12672 4.52611e-08
-0.12663 4.47255e-08
-0.12654 4.44316e-08
-0.12645 4.40055e-08
-0.12636 4.313e-08
-0.12627 4.32965e-08
-0.12618 4.37979e-08
-0.126091 4.40926e-08
-0.126001 4.43996e-08
-0.125911 4.44786e-08
-0.125821 4.45117e-08
-0.125731 4.43731e-08
-0.125641 4.39926e-08
-0.125551 4.40964e-08
-0.125461 4.38885e-08
-0.125371 4.41254e-08
-0.125281 4.43386e-08
-0.125191 4.38848e-08
-0.125102 4.34404e-08
-0.125012 4.31337e-08
-0.124922 4.28203e-08
-0.124832 4.2858e-08
-0.124742 4.3008e-08
-0.124652 4.32591e-08
-0.124562 4.33672e-08
-0.124472 4.31114e-08
-0.124382 4.30478e-08
-0.124292 4.25691e-08
-0.124203 4.22441e-08
-0.124113 4.20087e-08
-0.124023 4.17101e-08
-0.123933 4.13817e-08
-0.123843 4.09112e-08
-0.123753 4.02581e-08
-0.123663 3.9545e-08
-0.123573 3.90334e-08
-0.123483 3.88592e-08
-0.123393 3.87071e-08
-0.123304 3.85378e-08
-0.123214 3.86179e-08
-0.123124 3.87441e-08
-0.123034 3.95938e-08
-0.122944 4.04273e-08
-0.122854 4.14882e-08
-0.122764 4.25232e-08
-0.122674 4.37965e-08
-0.122584 4.53351e-08
-0.122494 4.6334e-08
-0.122404 4.69319e-08
-0.122315 4.71071e-08
-0.122225 4.68104e-08
-0.122135 4.63064e-08
-0.122045 4.53355e-08
-0.121955 4.36834e-08
-0.121865 4.25247e-08
-0.121775 4.12978e-08
-0.121685 4.05346e-08
-0.121595 3.94028e-08
-0.121505 3.86126e-08
-0.121416 3.80081e-08
-0.121326 3.77739e-08
-0.121236 3.7703e-08
-0.121146 3.75434e-08
-0.121056 3.78313e-08
-0.120966 3.82895e-08
-0.120876 3.86937e-08
-0.120786 3.91503e-08
-0.120696 3.94136e-08
-0.120606 3.95057e-08
-0.120516 3.9852e-08
-0.120427 3.98095e-08
-0.120337 3.97213e-08
-0.120247 3.96587e-08
-0.120157 3.98326e-08
-0.120067 3.97532e-08
-0.119977 3.93705e-08
-0.119887 3.91947e-08
-0.119797 3.87905e-08
-0.119707 3.86007e-08
-0.119617 3.86438e-08
-0.119528 3.867e-08
-0.119438 3.86302e-08
-0.119348 3.89023e-08
-0.119258 3.88332e-08
-0.119168 3.83108e-08
-0.119078 3.76677e-08
-0.118988 3.71618e-08
-0.118898 3.65598e-08
-0.118808 3.59141e-08
-0.118718 3.54246e-08
-0.118628 3.43388e-08
-0.118539 3.37106e-08
-0.118449 3.35249e-08
-0.118359 3.34396e-08
-0.118269 3.33623e-08
-0.118179 3.41895e-08
-0.118089 3.46914e-08
-0.117999 3.52055e-08
-0.117909 3.56367e-08
-0.117819 3.63364e-08
-0.117729 3.71821e-08
-0.11764 3.82828e-08
-0.11755 3.95673e-08
-0.11746 4.01493e-08
-0.11737 4.07662e-08
-0.11728 4.11971e-08
-0.11719 4.09696e-08
-0.1171 4.03432e-08
-0.11701 4.02743e-08
-0.11692 3.96584e-08
-0.11683 3.92386e-08
-0.116741 3.84948e-08
-0.116651 3.7845e-08
-0.116561 3.70328e-08
-0.116471 3.67239e-08
-0.116381 3.66134e-08
-0.116291 3.65291e-08
-0.116201 3.65146e-08
-0.116111 3.70176e-08
-0.116021 3.72011e-08
-0.115931 3.76004e-08
-0.115841 3.8456e-08
-0.115752 3.92048e-08
-0.115662 4.00809e-08
-0.115572 4.12854e-08
-0.115482 4.21979e-08
-0.115392 4.27421e-08
-0.115302 4.33644e-08
-0.115212 4.38554e-08
-0.115122 4.44795e-08
-0.115032 4.49748e-08
-0.114942 4.54278e-08
-0.114853 4.54163e-08
-0.114763 4.52299e-08
-0.114673 4.51261e-08
-0.114583 4.48585e-08
-0.114493 4.43926e-08
-0.114403 4.39718e-08
-0.114313 4.34393e-08
-0.114223 4.27527e-08
-0.114133 4.19761e-08
-0.114043 4.10711e-08
-0.113953 4.01141e-08
-0.113864 3.97409e-08
-0.113774 3.95183e-08
-0.113684 3.94108e-08
-0.113594 3.9212e-08
-0.113504 3.92445e-08
-0.113414 3.92139e-08
-0.113324 3.93718e-08
-0.113234 3.95367e-08
-0.113144 4.02085e-08
-0.113054 4.0739e-08
-0.112965 4.12405e-08
-0.112875 4.16665e-08
-0.112785 4.17844e-08
-0.112695 4.14511e-08
-0.112605 4.11181e-08
-0.112515 4.07246e-08
-0.112425 4.03274e-08
-0.112335 4.02437e-08
-0.112245 4.01096e-08
-0.112155 3.98907e-08
-0.112065 3.94595e-08
-0.111976 3.91185e-08
-0.111886 3.89149e-08
-0.111796 3.8555e-08
-0.111706 3.8226e-08
-0.111616 3.8144e-08
-0.111526 3.81593e-08
-0.111436 3.80671e-08
-0.111346 3.77208e-08
-0.111256 3.71012e-08
-0.111166 3.65562e-08
-0.111077 3.60342e-08
-0.110987 3.54945e-08
-0.110897 3.49492e-08
-0.110807 3.43644e-08
-0.110717 3.41016e-08
-0.110627 3.37924e-08
-0.110537 3.3501e-08
-0.110447 3.3013e-08
-0.110357 3.26224e-08
-0.110267 3.25872e-08
-0.110178 3.23825e-08
-0.110088 3.21205e-08
-0.109998 3.1804e-08
-0.109908 3.14418e-08
-0.109818 3.12109e-08
-0.109728 3.08333e-08
-0.109638 3.03465e-08
-0.109548 2.99045e-08
-0.109458 2.94513e-08
-0.109368 2.91886e-08
-0.109278 2.89489e-08
-0.109189 2.8576e-08
-0.109099 2.85072e-08
-0.109009 2.85631e-08
-0.108919 2.89049e-08
-0.108829 2.92192e-08
-0.108739 2.96256e-08
-0.108649 3.00353e-08
-0.108559 3.03983e-08
-0.108469 3.07966e-08
-0.108379 3.1423e-08
-0.10829 3.17729e-08
-0.1082 3.20861e-08
-0.10811 3.22887e-08
-0.10802 3.22597e-08
-0.10793 3.20154e-08
-0.10784 3.16848e-08
-0.10775 3.13532e-08
-0.10766 3.08893e-08
-0.10757 3.04966e-08
-0.10748 3.00741e-08
-0.10739 2.95506e-08
-0.107301 2.898e-08
-0.107211 2.86616e-08
-0.107121 2.82165e-08
-0.107031 2.78916e-08
-0.106941 2.76924e-08
-0.106851 2.75879e-08
-0.106761 2.73339e-08
-0.106671 2.71527e-08
-0.106581 2.69458e-08
-0.106491 2.68135e-08
-0.106402 2.66097e-08
-0.106312 2.63596e-08
-0.106222 2.59703e-08
-0.106132 2.55518e-08
-0.106042 2.51993e-08
-0.105952 2.48167e-08
-0.105862 2.42874e-08
-0.105772 2.38538e-08
-0.105682 2.35339e-08
-0.105592 2.32676e-08
-0.105502 2.31361e-08
-0.105413 2.29655e-08
-0.105323 2.30401e-08
-0.105233 2.31064e-08
-0.105143 2.34187e-08
-0.105053 2.35923e-08
-0.104963 2.39802e-08
-0.104873 2.43923e-08
-0.104783 2.48159e-08
-0.104693 2.52518e-08
-0.104603 2.56297e-08
-0.104514 2.59388e-08
-0.104424 2.60895e-08
-0.104334 2.61501e-08
-0.104244 2.60938e-08
-0.104154 2.59194e-08
-0.104064 2.56986e-08
-0.103974 2.54978e-08
-0.103884 2.50658e-08
-0.103794 2.46834e-08
-0.103704 2.42457e-08
-0.103614 2.38086e-08
-0.103525 2.331e-08
-0.103435 2.28461e-08
-0.103345 2.24538e-08
-0.103255 2.207e-08
-0.103165 2.17217e-08
-0.103075 2.13658e-08
-0.102985 2.09713e-08
-0.102895 2.06843e-08
-0.102805 2.04734e-08
-0.102715 2.01706e-08
-0.102626 1.99779e-08
-0.102536 1.97609e-08
-0.102446 1.97033e-08
-0.102356 1.96818e-08
-0.102266 1.96183e-08
-0.102176 1.93525e-08
-0.102086 1.92556e-08
-0.101996 1.90734e-08
-0.101906 1.91613e-08
-0.101816 1.92305e-08
-0.101727 1.9329e-08
-0.101637 1.94547e-08
-0.101547 1.96342e-08
-0.101457 1.98983e-08
-0.101367 2.02213e-08
-0.101277 2.03743e-08
-0.101187 2.07208e-08
-0.101097 2.12508e-08
-0.101007 2.18271e-08
-0.100917 2.25702e-08
-0.100827 2.30464e-08
-0.100738 2.36621e-08
-0.100648 2.41979e-08
-0.100558 2.47991e-08
-0.100468 2.52751e-08
-0.100378 2.55737e-08
-0.100288 2.57146e-08
-0.100198 2.59273e-08
-0.100108 2.60012e-08
-0.100018 2.59012e-08
-0.0999284 2.5517e-08
-0.0998385 2.51915e-08
-0.0997486 2.49933e-08
-0.0996587 2.47129e-08
-0.0995688 2.44645e-08
-0.0994789 2.41819e-08
-0.099389 2.40192e-08
-0.0992991 2.39459e-08
-0.0992092 2.38664e-08
-0.0991193 2.38326e-08
-0.0990294 2.3886e-08
-0.0989395 2.39745e-08
-0.0988496 2.40612e-08
-0.0987597 2.4055e-08
-0.0986698 2.39654e-08
-0.0985799 2.38534e-08
-0.09849 2.38907e-08
-0.0984001 2.38836e-08
-0.0983102 2.37808e-08
-0.0982202 2.37616e-08
-0.0981303 2.38014e-08
-0.0980404 2.38319e-08
-0.0979505 2.39129e-08
-0.0978606 2.40471e-08
-0.0977707 2.42297e-08
-0.0976808 2.42612e-08
-0.0975909 2.45579e-08
-0.097501 2.48198e-08
-0.0974111 2.48833e-08
-0.0973212 2.50359e-08
-0.0972313 2.5266e-08
-0.0971414 2.5347e-08
-0.0970515 2.54085e-08
-0.0969616 2.53633e-08
-0.0968717 2.52245e-08
-0.0967818 2.49801e-08
-0.0966919 2.48744e-08
-0.096602 2.47204e-08
-0.0965121 2.45785e-08
-0.0964222 2.44921e-08
-0.0963323 2.44141e-08
-0.0962424 2.42448e-08
-0.0961525 2.4121e-08
-0.0960626 2.40081e-08
-0.0959726 2.39785e-08
-0.0958827 2.39393e-08
-0.0957928 2.39415e-08
-0.0957029 2.39988e-08
-0.095613 2.41525e-08
-0.0955231 2.42085e-08
-0.0954332 2.42496e-08
-0.0953433 2.41802e-08
-0.0952534 2.43292e-08
-0.0951635 2.44168e-08
-0.0950736 2.45634e-08
-0.0949837 2.47618e-08
-0.0948938 2.49119e-08
-0.0948039 2.51695e-08
-0.094714 2.54108e-08
-0.0946241 2.57111e-08
-0.0945342 2.60044e-08
-0.0944443 2.63709e-08
-0.0943544 2.66981e-08
-0.0942645 2.71464e-08
-0.0941746 2.74865e-08
-0.0940847 2.78189e-08
-0.0939948 2.79945e-08
-0.0939049 2.81408e-08
-0.0938149 2.82906e-08
-0.093725 2.83765e-08
-0.0936351 2.84893e-08
-0.0935452 2.84667e-08
-0.0934553 2.84534e-08
-0.0933654 2.83852e-08
-0.0932755 2.83456e-08
-0.0931856 2.80834e-08
-0.0930957 2.77912e-08
-0.0930058 2.74573e-08
-0.0929159 2.71688e-08
-0.092826 2.69414e-08
-0.0927361 2.6711e-08
-0.0926462 2.64451e-08
-0.0925563 2.62181e-08
-0.0924664 2.60182e-08
-0.0923765 2.59085e-08
-0.0922866 2.57495e-08
-0.0921967 2.55552e-08
-0.0921068 2.53709e-08
-0.0920169 2.51915e-08
-0.091927 2.50103e-08
-0.0918371 2.47477e-08
-0.0917472 2.44943e-08
-0.0916572 2.41927e-08
-0.0915673 2.39303e-08
-0.0914774 2.36961e-08
-0.0913875 2.35042e-08
-0.0912976 2.32633e-08
-0.0912077 2.31132e-08
-0.0911178 2.29934e-08
-0.0910279 2.29725e-08
-0.090938 2.28687e-08
-0.0908481 2.2804e-08
-0.0907582 2.2724e-08
-0.0906683 2.2629e-08
-0.0905784 2.253e-08
-0.0904885 2.24691e-08
-0.0903986 2.23861e-08
-0.0903087 2.2177e-08
-0.0902188 2.19555e-08
-0.0901289 2.17292e-08
-0.090039 2.14483e-08
-0.0899491 2.12321e-08
-0.0898592 2.10759e-08
-0.0897693 2.09292e-08
-0.0896794 2.0778e-08
-0.0895895 2.06564e-08
-0.0894995 2.05869e-08
-0.0894096 2.05127e-08
-0.0893197 2.05083e-08
-0.0892298 2.04829e-08
-0.0891399 2.04589e-08
-0.08905 2.0425e-08
-0.0889601 2.04391e-08
-0.0888702 2.03554e-08
-0.0887803 2.02802e-08
-0.0886904 2.02334e-08
-0.0886005 2.02522e-08
-0.0885106 2.01105e-08
-0.0884207 1.99833e-08
-0.0883308 1.96986e-08
-0.0882409 1.95349e-08
-0.088151 1.93887e-08
-0.0880611 1.92063e-08
-0.0879712 1.89739e-08
-0.0878813 1.8756e-08
-0.0877914 1.85618e-08
-0.0877015 1.83897e-08
-0.0876116 1.8242e-08
-0.0875217 1.81479e-08
-0.0874318 1.80864e-08
-0.0873418 1.79551e-08
-0.0872519 1.78074e-08
-0.087162 1.75963e-08
-0.0870721 1.74497e-08
-0.0869822 1.7316e-08
-0.0868923 1.72404e-08
-0.0868024 1.7147e-08
-0.0867125 1.70881e-08
-0.0866226 1.69746e-08
-0.0865327 1.68684e-08
-0.0864428 1.67775e-08
-0.0863529 1.6689e-08
-0.086263 1.66688e-08
-0.0861731 1.66288e-08
-0.0860832 1.65457e-08
-0.0859933 1.64975e-08
-0.0859034 1.64443e-08
-0.0858135 1.64107e-08
-0.0857236 1.64773e-08
-0.0856337 1.65238e-08
-0.0855438 1.65772e-08
-0.0854539 1.65786e-08
-0.085364 1.65694e-08
-0.0852741 1.65592e-08
-0.0851841 1.66255e-08
-0.0850942 1.68001e-08
-0.0850043 1.69395e-08
-0.0849144 1.71228e-08
-0.0848245 1.72691e-08
-0.0847346 1.73581e-08
-0.0846447 1.74221e-08
-0.0845548 1.74886e-08
-0.0844649 1.74942e-08
-0.084375 1.75691e-08
-0.0842851 1.7639e-08
-0.0841952 1.77124e-08
-0.0841053 1.77219e-08
-0.0840154 1.77232e-08
-0.0839255 1.77099e-08
-0.0838356 1.77202e-08
-0.0837457 1.7752e-08
-0.0836558 1.78113e-08
-0.0835659 1.78621e-08
-0.083476 1.80073e-08
-0.0833861 1.82145e-08
-0.0832962 1.83827e-08
-0.0832063 1.85056e-08
-0.0831164 1.86451e-08
-0.0830264 1.86648e-08
-0.0829365 1.86946e-08
-0.0828466 1.87433e-08
-0.0827567 1.87804e-08
-0.0826668 1.87731e-08
-0.0825769 1.88913e-08
-0.082487 1.89624e-08
-0.0823971 1.91151e-08
-0.0823072 1.93111e-08
-0.0822173 1.95894e-08
-0.0821274 1.99776e-08
-0.0820375 2.03584e-08
-0.0819476 2.07731e-08
-0.0818577 2.12065e-08
-0.0817678 2.17171e-08
-0.0816779 2.2428e-08
-0.081588 2.32201e-08
-0.0814981 2.39381e-08
-0.0814082 2.45566e-08
-0.0813183 2.50625e-08
-0.0812284 2.55339e-08
-0.0811385 2.59223e-08
-0.0810486 2.63134e-08
-0.0809587 2.66972e-08
-0.0808687 2.70358e-08
-0.0807788 2.73538e-08
-0.0806889 2.75585e-08
-0.080599 2.77053e-08
-0.0805091 2.77792e-08
-0.0804192 2.79036e-08
-0.0803293 2.80098e-08
-0.0802394 2.80238e-08
-0.0801495 2.80744e-08
-0.0800596 2.81361e-08
-0.0799697 2.81446e-08
-0.0798798 2.82196e-08
-0.0797899 2.82224e-08
-0.0797 2.81744e-08
-0.0796101 2.81226e-08
-0.0795202 2.80476e-08
-0.0794303 2.7935e-08
-0.0793404 2.78686e-08
-0.0792505 2.78783e-08
-0.0791606 2.79478e-08
-0.0790707 2.79789e-08
-0.0789808 2.79725e-08
-0.0788909 2.79536e-08
-0.078801 2.78958e-08
-0.078711 2.78805e-08
-0.0786211 2.78538e-08
-0.0785312 2.78273e-08
-0.0784413 2.7844e-08
-0.0783514 2.78912e-08
-0.0782615 2.79262e-08
-0.0781716 2.79724e-08
-0.0780817 2.80498e-08
-0.0779918 2.81134e-08
-0.0779019 2.82084e-08
-0.077812 2.83282e-08
-0.0777221 2.83665e-08
-0.0776322 2.84164e-08
-0.0775423 2.85176e-08
-0.0774524 2.8595e-08
-0.0773625 2.87242e-08
-0.0772726 2.87762e-08
-0.0771827 2.87992e-08
-0.0770928 2.88318e-08
-0.0770029 2.88586e-08
-0.076913 2.89694e-08
-0.0768231 2.90814e-08
-0.0767332 2.91746e-08
-0.0766433 2.92821e-08
-0.0765534 2.94148e-08
-0.0764634 2.95262e-08
-0.0763735 2.96638e-08
-0.0762836 2.97529e-08
-0.0761937 2.98547e-08
-0.0761038 2.99599e-08
-0.0760139 3.00036e-08
-0.075924 2.99735e-08
-0.0758341 2.99583e-08
-0.0757442 2.99532e-08
-0.0756543 2.99584e-08
-0.0755644 3.00273e-08
-0.0754745 3.01411e-08
-0.0753846 3.02107e-08
-0.0752947 3.02312e-08
-0.0752048 3.02334e-08
-0.0751149 3.02667e-08
-0.075025 3.02541e-08
-0.0749351 3.02833e-08
-0.0748452 3.03567e-08
-0.0747553 3.04286e-08
-0.0746654 3.05026e-08
-0.0745755 3.06186e-08
-0.0744856 3.07232e-08
-0.0743957 3.08213e-08
-0.0743057 3.09625e-08
-0.0742158 3.11203e-08
-0.0741259 3.12727e-08
-0.074036 3.1414e-08
-0.0739461 3.15308e-08
-0.0738562 3.16745e-08
-0.0737663 3.1814e-08
-0.0736764 3.19275e-08
-0.0735865 3.20205e-08
-0.0734966 3.20837e-08
-0.0734067 3.20695e-08
-0.0733168 3.20458e-08
-0.0732269 3.20166e-08
-0.073137 3.20166e-08
-0.0730471 3.20416e-08
-0.0729572 3.20857e-08
-0.0728673 3.21999e-08
-0.0727774 3.2281e-08
-0.0726875 3.23637e-08
-0.0725976 3.24604e-08
-0.0725077 3.2552e-08
-0.0724178 3.26225e-08
-0.0723279 3.27003e-08
-0.072238 3.27943e-08
-0.072148 3.28835e-08
-0.0720581 3.29738e-08
-0.0719682 3.30604e-08
-0.0718783 3.31414e-08
-0.0717884 3.32128e-08
-0.0716985 3.33238e-08
-0.0716086 3.34435e-08
-0.0715187 3.35704e-08
-0.0714288 3.36943e-08
-0.0713389 3.38476e-08
-0.071249 3.40115e-08
-0.0711591 3.41855e-08
-0.0710692 3.43596e-08
-0.0709793 3.44807e-08
-0.0708894 3.45649e-08
-0.0707995 3.4615e-08
-0.0707096 3.46453e-08
-0.0706197 3.46911e-08
-0.0705298 3.47315e-08
-0.0704399 3.47862e-08
-0.07035 3.48404e-08
-0.0702601 3.49046e-08
-0.0701702 3.49295e-08
-0.0700803 3.49203e-08
-0.0699903 3.49159e-08
-0.0699004 3.48871e-08
-0.0698105 3.48685e-08
-0.0697206 3.48412e-08
-0.0696307 3.48066e-08
-0.0695408 3.47781e-08
-0.0694509 3.47412e-08
-0.069361 3.47119e-08
-0.0692711 3.46813e-08
-0.0691812 3.46589e-08
-0.0690913 3.4622e-08
-0.0690014 3.45996e-08
-0.0689115 3.45519e-08
-0.0688216 3.44902e-08
-0.0687317 3.44325e-08
-0.0686418 3.43698e-08
-0.0685519 3.43086e-08
-0.068462 3.42169e-08
-0.0683721 3.41146e-08
-0.0682822 3.39972e-08
-0.0681923 3.39025e-08
-0.0681024 3.37966e-08
-0.0680125 3.37056e-08
-0.0679226 3.36448e-08
-0.0678326 3.35989e-08
-0.0677427 3.35525e-08
-0.0676528 3.34923e-08
-0.0675629 3.34255e-08
-0.067473 3.33603e-08
-0.0673831 3.3301e-08
-0.0672932 3.32621e-08
-0.0672033 3.31885e-08
-0.0671134 3.3103e-08
-0.0670235 3.30095e-08
-0.0669336 3.29102e-08
-0.0668437 3.28287e-08
-0.0667538 3.27692e-08
-0.0666639 3.26978e-08
-0.066574 3.26221e-08
-0.0664841 3.25549e-08
-0.0663942 3.25039e-08
-0.0663043 3.24645e-08
-0.0662144 3.24449e-08
-0.0661245 3.23955e-08
-0.0660346 3.23423e-08
-0.0659447 3.22933e-08
-0.0658548 3.22306e-08
-0.0657649 3.21645e-08
-0.0656749 3.20877e-08
-0.065585 3.20027e-08
-0.0654951 3.19461e-08
-0.0654052 3.18819e-08
-0.0653153 3.18299e-08
-0.0652254 3.17552e-08
-0.0651355 3.1672e-08
-0.0650456 3.16093e-08
-0.0649557 3.15568e-08
-0.0648658 3.15056e-08
-0.0647759 3.14432e-08
-0.064686 3.13774e-08
-0.0645961 3.13285e-08
-0.0645062 3.12778e-08
-0.0644163 3.12169e-08
-0.0643264 3.11548e-08
-0.0642365 3.11159e-08
-0.0641466 3.10706e-08
-0.0640567 3.10356e-08
-0.0639668 3.09977e-08
-0.0638769 3.09657e-08
-0.063787 3.09301e-08
-0.0636971 3.08805e-08
-0.0636072 3.08072e-08
-0.0635172 3.07595e-08
-0.0634273 3.06934e-08
-0.0633374 3.06223e-08
-0.0632475 3.05594e-08
-0.0631576 3.04911e-08
-0.0630677 3.0422e-08
-0.0629778 3.03468e-08
-0.0628879 3.02916e-08
-0.062798 3.02391e-08
-0.0627081 3.01831e-08
-0.0626182 3.01355e-08
-0.0625283 3.00924e-08
-0.0624384 3.00556e-08
-0.0623485 3.0019e-08
-0.0622586 2.998e-08
-0.0621687 2.99189e-08
-0.0620788 2.98259e-08
-0.0619889 2.97204e-08
-0.061899 2.96008e-08
-0.0618091 2.94744e-08
-0.0617192 2.93379e-08
-0.0616293 2.92153e-08
-0.0615394 2.91115e-08
-0.0614495 2.90073e-08
-0.0613595 2.8928e-08
-0.0612696 2.88324e-08
-0.0611797 2.87242e-08
-0.0610898 2.85954e-08
-0.0609999 2.84578e-08
-0.06091 2.83202e-08
-0.0608201 2.8198e-08
-0.0607302 2.80691e-08
-0.0606403 2.79385e-08
-0.0605504 2.7819e-08
-0.0604605 2.76771e-08
-0.0603706 2.7537e-08
-0.0602807 2.73903e-08
-0.0601908 2.7248e-08
-0.0601009 2.70903e-08
-0.060011 2.69203e-08
-0.0599211 2.67503e-08
-0.0598312 2.66047e-08
-0.0597413 2.64369e-08
-0.0596514 2.62832e-08
-0.0595615 2.6132e-08
-0.0594716 2.59784e-08
-0.0593817 2.58176e-08
-0.0592918 2.56277e-08
-0.0592018 2.54382e-08
-0.0591119 2.52714e-08
-0.059022 2.51121e-08
-0.0589321 2.49469e-08
-0.0588422 2.47612e-08
-0.0587523 2.45813e-08
-0.0586624 2.43914e-08
-0.0585725 2.41963e-08
-0.0584826 2.40047e-08
-0.0583927 2.38251e-08
-0.0583028 2.36551e-08
-0.0582129 2.34739e-08
-0.058123 2.32995e-08
-0.0580331 2.31208e-08
-0.0579432 2.29327e-08
-0.0578533 2.27521e-08
-0.0577634 2.25803e-08
-0.0576735 2.24017e-08
-0.0575836 2.22216e-08
-0.0574937 2.20336e-08
-0.0574038 2.18266e-08
-0.0573139 2.16211e-08
-0.057224 2.1419e-08
-0.0571341 2.12019e-08
-0.0570442 2.09893e-08
-0.0569542 2.07739e-08
-0.0568643 2.05625e-08
-0.0567744 2.0341e-08
-0.0566845 2.01445e-08
-0.0565946 1.99306e-08
-0.0565047 1.97443e-08
-0.0564148 1.95508e-08
-0.0563249 1.93238e-08
-0.056235 1.90898e-08
-0.0561451 1.88757e-08
-0.0560552 1.86582e-08
-0.0559653 1.84534e-08
-0.0558754 1.82437e-08
-0.0557855 1.80381e-08
-0.0556956 1.78309e-08
-0.0556057 1.76215e-08
-0.0555158 1.74257e-08
-0.0554259 1.72413e-08
-0.055336 1.70426e-08
-0.0552461 1.68193e-08
-0.0551562 1.66147e-08
-0.0550663 1.64197e-08
-0.0549764 1.62068e-08
-0.0548865 1.59766e-08
-0.0547965 1.57458e-08
-0.0547066 1.55288e-08
-0.0546167 1.53317e-08
-0.0545268 1.51265e-08
-0.0544369 1.49381e-08
-0.054347 1.47503e-08
-0.0542571 1.45529e-08
-0.0541672 1.43514e-08
-0.0540773 1.41333e-08
-0.0539874 1.39209e-08
-0.0538975 1.37191e-08
-0.0538076 1.35133e-08
-0.0537177 1.33176e-08
-0.0536278 1.31269e-08
-0.0535379 1.29291e-08
-0.053448 1.27147e-08
-0.0533581 1.2502e-08
-0.0532682 1.22833e-08
-0.0531783 1.20621e-08
-0.0530884 1.18289e-08
-0.0529985 1.15629e-08
-0.0529086 1.13134e-08
-0.0528187 1.10716e-08
-0.0527288 1.08371e-08
-0.0526388 1.06048e-08
-0.0525489 1.03625e-08
-0.052459 1.01142e-08
-0.0523691 9.85545e-09
-0.0522792 9.58809e-09
-0.0521893 9.33252e-09
-0.0520994 9.08958e-09
-0.0520095 8.85252e-09
-0.0519196 8.61288e-09
-0.0518297 8.37396e-09
-0.0517398 8.11517e-09
-0.0516499 7.85587e-09
-0.05156 7.59196e-09
-0.0514701 7.33579e-09
-0.0513802 7.07782e-09
-0.0512903 6.80748e-09
-0.0512004 6.53677e-09
-0.0511105 6.27531e-09
-0.0510206 6.03172e-09
-0.0509307 5.79119e-09
-0.0508408 5.55992e-09
-0.0507509 5.32819e-09
-0.050661 5.08237e-09
-0.0505711 4.83273e-09
-0.0504811 4.58729e-09
-0.0503912 4.34995e-09
-0.0503013 4.08143e-09
-0.0502114 3.80682e-09
-0.0501215 3.5222e-09
-0.0500316 3.23347e-09
-0.0499417 2.94837e-09
-0.0498518 2.65924e-09
-0.0497619 2.37948e-09
-0.049672 2.11787e-09
-0.0495821 1.85272e-09
-0.0494922 1.60217e-09
-0.0494023 1.34469e-09
-0.0493124 1.09848e-09
-0.0492225 8.40072e-10
-0.0491326 5.72854e-10
-0.0490427 3.14127e-10
-0.0489528 3.91265e-11
-0.0488629 -2.26595e-10
-0.048773 -5.03805e-10
-0.0486831 -7.66133e-10
-0.0485932 -1.03147e-09
-0.0485033 -1.2927e-09
-0.0484134 -1.53776e-09
-0.0483234 -1.78301e-09
-0.0482335 -2.01476e-09
-0.0481436 -2.24961e-09
-0.0480537 -2.47643e-09
-0.0479638 -2.70428e-09
-0.0478739 -2.92293e-09
-0.047784 -3.14709e-09
-0.0476941 -3.38287e-09
-0.0476042 -3.60872e-09
-0.0475143 -3.84249e-09
-0.0474244 -4.06773e-09
-0.0473345 -4.27964e-09
-0.0472446 -4.49162e-09
-0.0471547 -4.69464e-09
-0.0470648 -4.91764e-09
-0.0469749 -5.14816e-09
-0.046885 -5.37121e-09
-0.0467951 -5.59114e-09
-0.0467052 -5.81474e-09
-0.0466153 -6.02137e-09
-0.0465254 -6.22584e-09
-0.0464355 -6.439e-09
-0.0463456 -6.63933e-09
-0.0462557 -6.82826e-09
-0.0461657 -7.02472e-09
-0.0460758 -7.21531e-09
-0.0459859 -7.42138e-09
-0.045896 -7.6348e-09
-0.0458061 -7.86376e-09
-0.0457162 -8.10223e-09
-0.0456263 -8.33264e-09
-0.0455364 -8.55532e-09
-0.0454465 -8.77932e-09
-0.0453566 -8.98333e-09
-0.0452667 -9.18072e-09
-0.0451768 -9.3958e-09
-0.0450869 -9.61663e-09
-0.044997 -9.82099e-09
-0.0449071 -1.0007e-08
-0.0448172 -1.0183e-08
-0.0447273 -1.03731e-08
-0.0446374 -1.05537e-08
-0.0445475 -1.07245e-08
-0.0444576 -1.08731e-08
-0.0443677 -1.10232e-08
-0.0442778 -1.11717e-08
-0.0441879 -1.13204e-08
-0.044098 -1.1479e-08
-0.044008 -1.16277e-08
-0.0439181 -1.17763e-08
-0.0438282 -1.18953e-08
-0.0437383 -1.20183e-08
-0.0436484 -1.21476e-08
-0.0435585 -1.22456e-08
-0.0434686 -1.2321e-08
-0.0433787 -1.23902e-08
-0.0432888 -1.24736e-08
-0.0431989 -1.25733e-08
-0.043109 -1.26402e-08
-0.0430191 -1.27137e-08
-0.0429292 -1.27737e-08
-0.0428393 -1.28414e-08
-0.0427494 -1.29129e-08
-0.0426595 -1.29806e-08
-0.0425696 -1.30536e-08
-0.0424797 -1.31054e-08
-0.0423898 -1.31508e-08
-0.0422999 -1.31929e-08
-0.04221 -1.32288e-08
-0.0421201 -1.32772e-08
-0.0420302 -1.3316e-08
-0.0419403 -1.33599e-08
-0.0418503 -1.33689e-08
-0.0417604 -1.33867e-08
-0.0416705 -1.34181e-08
-0.0415806 -1.34548e-08
-0.0414907 -1.34837e-08
-0.0414008 -1.35146e-08
-0.0413109 -1.35614e-08
-0.041221 -1.35862e-08
-0.0411311 -1.36017e-08
-0.0410412 -1.36384e-08
-0.0409513 -1.36815e-08
-0.0408614 -1.37254e-08
-0.0407715 -1.37453e-08
-0.0406816 -1.37674e-08
-0.0405917 -1.37813e-08
-0.0405018 -1.37915e-08
-0.0404119 -1.37941e-08
-0.040322 -1.38114e-08
-0.0402321 -1.38294e-08
-0.0401422 -1.38435e-08
-0.0400523 -1.38905e-08
-0.0399624 -1.39335e-08
-0.0398725 -1.39982e-08
-0.0397826 -1.40638e-08
-0.0396927 -1.41232e-08
-0.0396027 -1.4184e-08
-0.0395128 -1.42273e-08
-0.0394229 -1.42754e-08
-0.039333 -1.43297e-08
-0.0392431 -1.43985e-08
-0.0391532 -1.44773e-08
-0.0390633 -1.45767e-08
-0.0389734 -1.46826e-08
-0.0388835 -1.47888e-08
-0.0387936 -1.49184e-08
-0.0387037 -1.50359e-08
-0.0386138 -1.51575e-08
-0.0385239 -1.52894e-08
-0.038434 -1.54101e-08
-0.0383441 -1.55487e-08
-0.0382542 -1.56736e-08
-0.0381643 -1.58106e-08
-0.0380744 -1.59464e-08
-0.0379845 -1.60826e-08
-0.0378946 -1.62292e-08
-0.0378047 -1.63815e-08
-0.0377148 -1.65421e-08
-0.0376249 -1.6683e-08
-0.037535 -1.68296e-08
-0.037445 -1.69705e-08
-0.0373551 -1.71029e-08
-0.0372652 -1.72455e-08
-0.0371753 -1.73887e-08
-0.0370854 -1.75381e-08
-0.0369955 -1.7658e-08
-0.0369056 -1.77874e-08
-0.0368157 -1.79333e-08
-0.0367258 -1.80855e-08
-0.0366359 -1.82256e-08
-0.036546 -1.83574e-08
-0.0364561 -1.848e-08
-0.0363662 -1.85871e-08
-0.0362763 -1.86867e-08
-0.0361864 -1.87921e-08
-0.0360965 -1.89142e-08
-0.0360066 -1.90315e-08
-0.0359167 -1.91342e-08
-0.0358268 -1.92458e-08
-0.0357369 -1.93606e-08
-0.035647 -1.94806e-08
-0.0355571 -1.95794e-08
-0.0354672 -1.96749e-08
-0.0353773 -1.97671e-08
-0.0352873 -1.98552e-08
-0.0351974 -1.99309e-08
-0.0351075 -2.00203e-08
-0.0350176 -2.01239e-08
-0.0349277 -2.02274e-08
-0.0348378 -2.03314e-08
-0.0347479 -2.04347e-08
-0.034658 -2.05306e-08
-0.0345681 -2.06316e-08
-0.0344782 -2.07123e-08
-0.0343883 -2.08011e-08
-0.0342984 -2.08957e-08
-0.0342085 -2.0981e-08
-0.0341186 -2.10727e-08
-0.0340287 -2.11958e-08
-0.0339388 -2.13124e-08
-0.0338489 -2.14404e-08
-0.033759 -2.15579e-08
-0.0336691 -2.16729e-08
-0.0335792 -2.17775e-08
-0.0334893 -2.18735e-08
-0.0333994 -2.19715e-08
-0.0333095 -2.20801e-08
-0.0332196 -2.21747e-08
-0.0331296 -2.22682e-08
-0.0330397 -2.23767e-08
-0.0329498 -2.24967e-08
-0.0328599 -2.26176e-08
-0.03277 -2.27526e-08
-0.0326801 -2.28737e-08
-0.0325902 -2.30047e-08
-0.0325003 -2.31237e-08
-0.0324104 -2.32531e-08
-0.0323205 -2.33869e-08
-0.0322306 -2.35193e-08
-0.0321407 -2.36461e-08
-0.0320508 -2.37681e-08
-0.0319609 -2.38934e-08
-0.031871 -2.40254e-08
-0.0317811 -2.41594e-08
-0.0316912 -2.42884e-08
-0.0316013 -2.44126e-08
-0.0315114 -2.45401e-08
-0.0314215 -2.46558e-08
-0.0313316 -2.47814e-08
-0.0312417 -2.48989e-08
-0.0311518 -2.50094e-08
-0.0310619 -2.51069e-08
-0.0309719 -2.51937e-08
-0.030882 -2.52717e-08
-0.0307921 -2.5353e-08
-0.0307022 -2.54504e-08
-0.0306123 -2.55431e-08
-0.0305224 -2.56336e-08
-0.0304325 -2.57132e-08
-0.0303426 -2.57927e-08
-0.0302527 -2.58592e-08
-0.0301628 -2.59208e-08
-0.0300729 -2.59617e-08
-0.029983 -2.60019e-08
-0.0298931 -2.60365e-08
-0.0298032 -2.60549e-08
-0.0297133 -2.60782e-08
-0.0296234 -2.61144e-08
-0.0295335 -2.61438e-08
-0.0294436 -2.61531e-08
-0.0293537 -2.6171e-08
-0.0292638 -2.61794e-08
-0.0291739 -2.61791e-08
-0.029084 -2.61757e-08
-0.0289941 -2.61572e-08
-0.0289042 -2.61517e-08
-0.0288142 -2.61471e-08
-0.0287243 -2.61468e-08
-0.0286344 -2.61452e-08
-0.0285445 -2.6143e-08
-0.0284546 -2.61269e-08
-0.0283647 -2.61158e-08
-0.0282748 -2.61059e-08
-0.0281849 -2.60822e-08
-0.028095 -2.607e-08
-0.0280051 -2.6058e-08
-0.0279152 -2.60337e-08
-0.0278253 -2.60229e-08
-0.0277354 -2.60246e-08
-0.0276455 -2.60227e-08
-0.0275556 -2.60199e-08
-0.0274657 -2.60129e-08
-0.0273758 -2.60094e-08
-0.0272859 -2.6012e-08
-0.027196 -2.60013e-08
-0.0271061 -2.59926e-08
-0.0270162 -2.59955e-08
-0.0269263 -2.60107e-08
-0.0268364 -2.60103e-08
-0.0267465 -2.60222e-08
-0.0266565 -2.60362e-08
-0.0265666 -2.60424e-08
-0.0264767 -2.60529e-08
-0.0263868 -2.60545e-08
-0.0262969 -2.60585e-08
-0.026207 -2.6058e-08
-0.0261171 -2.60515e-08
-0.0260272 -2.60554e-08
-0.0259373 -2.60569e-08
-0.0258474 -2.60551e-08
-0.0257575 -2.60568e-08
-0.0256676 -2.60737e-08
-0.0255777 -2.60764e-08
-0.0254878 -2.60853e-08
-0.0253979 -2.60979e-08
-0.025308 -2.60994e-08
-0.0252181 -2.6095e-08
-0.0251282 -2.60867e-08
-0.0250383 -2.60731e-08
-0.0249484 -2.60579e-08
-0.0248585 -2.60414e-08
-0.0247686 -2.60268e-08
-0.0246787 -2.60291e-08
-0.0245888 -2.60237e-08
-0.0244988 -2.60124e-08
-0.0244089 -2.60074e-08
-0.024319 -2.59994e-08
-0.0242291 -2.59716e-08
-0.0241392 -2.59512e-08
-0.0240493 -2.5928e-08
-0.0239594 -2.59084e-08
-0.0238695 -2.59021e-08
-0.0237796 -2.58958e-08
-0.0236897 -2.58959e-08
-0.0235998 -2.58924e-08
-0.0235099 -2.58834e-08
-0.02342 -2.58748e-08
-0.0233301 -2.5874e-08
-0.0232402 -2.58589e-08
-0.0231503 -2.58342e-08
-0.0230604 -2.582e-08
-0.0229705 -2.57998e-08
-0.0228806 -2.5781e-08
-0.0227907 -2.57649e-08
-0.0227008 -2.57451e-08
-0.0226109 -2.57242e-08
-0.022521 -2.56928e-08
-0.0224311 -2.56573e-08
-0.0223411 -2.56234e-08
-0.0222512 -2.55975e-08
-0.0221613 -2.55568e-08
-0.0220714 -2.55216e-08
-0.0219815 -2.54893e-08
-0.0218916 -2.54618e-08
-0.0218017 -2.54156e-08
-0.0217118 -2.53726e-08
-0.0216219 -2.5327e-08
-0.021532 -2.52767e-08
-0.0214421 -2.52208e-08
-0.0213522 -2.51489e-08
-0.0212623 -2.50754e-08
-0.0211724 -2.49911e-08
-0.0210825 -2.48942e-08
-0.0209926 -2.47966e-08
-0.0209027 -2.47021e-08
-0.0208128 -2.46128e-08
-0.0207229 -2.45127e-08
-0.020633 -2.44185e-08
-0.0205431 -2.4321e-08
-0.0204532 -2.4219e-08
-0.0203633 -2.41125e-08
-0.0202734 -2.40021e-08
-0.0201835 -2.38902e-08
-0.0200935 -2.3774e-08
-0.0200036 -2.36481e-08
-0.0199137 -2.3525e-08
-0.0198238 -2.3408e-08
-0.0197339 -2.32911e-08
-0.019644 -2.31814e-08
-0.0195541 -2.307e-08
-0.0194642 -2.29639e-08
-0.0193743 -2.28535e-08
-0.0192844 -2.27312e-08
-0.0191945 -2.26063e-08
-0.0191046 -2.24885e-08
-0.0190147 -2.23712e-08
-0.0189248 -2.22609e-08
-0.0188349 -2.21429e-08
-0.018745 -2.20356e-08
-0.0186551 -2.19403e-08
-0.0185652 -2.18504e-08
-0.0184753 -2.17592e-08
-0.0183854 -2.16704e-08
-0.0182955 -2.1574e-08
-0.0182056 -2.14579e-08
-0.0181157 -2.13445e-08
-0.0180258 -2.1228e-08
-0.0179358 -2.11125e-08
-0.0178459 -2.09983e-08
-0.017756 -2.0863e-08
-0.0176661 -2.07455e-08
-0.0175762 -2.0635e-08
-0.0174863 -2.05247e-08
-0.0173964 -2.0409e-08
-0.0173065 -2.02944e-08
-0.0172166 -2.01754e-08
-0.0171267 -2.00417e-08
-0.0170368 -1.9906e-08
-0.0169469 -1.97687e-08
-0.016857 -1.96217e-08
-0.0167671 -1.94651e-08
-0.0166772 -1.93031e-08
-0.0165873 -1.91507e-08
-0.0164974 -1.89945e-08
-0.0164075 -1.88509e-08
-0.0163176 -1.8699e-08
-0.0162277 -1.85495e-08
-0.0161378 -1.83941e-08
-0.0160479 -1.82355e-08
-0.015958 -1.80754e-08
-0.0158681 -1.79113e-08
-0.0157781 -1.77366e-08
-0.0156882 -1.75613e-08
-0.0155983 -1.73965e-08
-0.0155084 -1.72458e-08
-0.0154185 -1.70988e-08
-0.0153286 -1.6954e-08
-0.0152387 -1.68125e-08
-0.0151488 -1.6673e-08
-0.0150589 -1.65263e-08
-0.014969 -1.6392e-08
-0.0148791 -1.62586e-08
-0.0147892 -1.61222e-08
-0.0146993 -1.59807e-08
-0.0146094 -1.58473e-08
-0.0145195 -1.57118e-08
-0.0144296 -1.55924e-08
-0.0143397 -1.54654e-08
-0.0142498 -1.53444e-08
-0.0141599 -1.52346e-08
-0.01407 -1.51237e-08
-0.0139801 -1.50066e-08
-0.0138902 -1.49021e-08
-0.0138003 -1.48043e-08
-0.0137104 -1.46985e-08
-0.0136204 -1.46066e-08
-0.0135305 -1.45086e-08
-0.0134406 -1.44112e-08
-0.0133507 -1.43187e-08
-0.0132608 -1.42304e-08
-0.0131709 -1.41485e-08
-0.013081 -1.40618e-08
-0.0129911 -1.3985e-08
-0.0129012 -1.3905e-08
-0.0128113 -1.38293e-08
-0.0127214 -1.37469e-08
-0.0126315 -1.3664e-08
-0.0125416 -1.35891e-08
-0.0124517 -1.35155e-08
-0.0123618 -1.34507e-08
-0.0122719 -1.33861e-08
-0.012182 -1.33316e-08
-0.0120921 -1.32744e-08
-0.0120022 -1.32139e-08
-0.0119123 -1.3167e-08
-0.0118224 -1.31183e-08
-0.0117325 -1.3063e-08
-0.0116426 -1.30081e-08
-0.0115527 -1.29455e-08
-0.0114627 -1.28923e-08
-0.0113728 -1.28494e-08
-0.0112829 -1.28084e-08
-0.011193 -1.27679e-08
-0.0111031 -1.27287e-08
-0.0110132 -1.26947e-08
-0.0109233 -1.26545e-08
-0.0108334 -1.26277e-08
-0.0107435 -1.26015e-08
-0.0106536 -1.25713e-08
-0.0105637 -1.25373e-08
-0.0104738 -1.25011e-08
-0.0103839 -1.24737e-08
-0.010294 -1.24534e-08
-0.0102041 -1.24334e-08
-0.0101142 -1.2404e-08
-0.0100243 -1.23741e-08
-0.00993438 -1.2347e-08
-0.00984447 -1.23069e-08
-0.00975457 -1.22894e-08
-0.00966466 -1.2271e-08
-0.00957476 -1.22468e-08
-0.00948486 -1.22066e-08
-0.00939495 -1.21736e-08
-0.00930505 -1.21427e-08
-0.00921514 -1.21084e-08
-0.00912524 -1.2068e-08
-0.00903534 -1.20139e-08
-0.00894543 -1.1957e-08
-0.00885553 -1.189e-08
-0.00876562 -1.18266e-08
-0.00867572 -1.17776e-08
-0.00858582 -1.17222e-08
-0.00849591 -1.16687e-08
-0.00840601 -1.15977e-08
-0.0083161 -1.15413e-08
-0.0082262 -1.14765e-08
-0.00813629 -1.14057e-08
-0.00804639 -1.13346e-08
-0.00795649 -1.12559e-08
-0.00786658 -1.11641e-08
-0.00777668 -1.10719e-08
-0.00768677 -1.09842e-08
-0.00759687 -1.08989e-08
-0.00750697 -1.08158e-08
-0.00741706 -1.07331e-08
-0.00732716 -1.06434e-08
-0.00723725 -1.05643e-08
-0.00714735 -1.04744e-08
-0.00705744 -1.03918e-08
-0.00696754 -1.03112e-08
-0.00687764 -1.02217e-08
-0.00678773 -1.01281e-08
-0.00669783 -1.00346e-08
-0.00660792 -9.94052e-09
-0.00651802 -9.84823e-09
-0.00642812 -9.75312e-09
-0.00633821 -9.66233e-09
-0.00624831 -9.57361e-09
-0.0061584 -9.48289e-09
-0.0060685 -9.38989e-09
-0.00597859 -9.3125e-09
-0.00588869 -9.22341e-09
-0.00579879 -9.13447e-09
-0.00570888 -9.04509e-09
-0.00561898 -8.94766e-09
-0.00552907 -8.85299e-09
-0.00543917 -8.75073e-09
-0.00534927 -8.64268e-09
-0.00525936 -8.54755e-09
-0.00516946 -8.45185e-09
-0.00507955 -8.34721e-09
-0.00498965 -8.24826e-09
-0.00489975 -8.15806e-09
-0.00480984 -8.05799e-09
-0.00471994 -7.96477e-09
-0.00463003 -7.86762e-09
-0.00454013 -7.75581e-09
-0.00445022 -7.65022e-09
-0.00436032 -7.53114e-09
-0.00427042 -7.41124e-09
-0.00418051 -7.30035e-09
-0.00409061 -7.18204e-09
-0.0040007 -7.06165e-09
-0.0039108 -6.94234e-09
-0.0038209 -6.82348e-09
-0.00373099 -6.70018e-09
-0.00364109 -6.58195e-09
-0.00355118 -6.45457e-09
-0.00346128 -6.32345e-09
-0.00337137 -6.19307e-09
-0.00328147 -6.05295e-09
-0.00319157 -5.91533e-09
-0.00310166 -5.7771e-09
-0.00301176 -5.63302e-09
-0.00292185 -5.4859e-09
-0.00283195 -5.33689e-09
-0.00274205 -5.18347e-09
-0.00265214 -5.02716e-09
-0.00256224 -4.86796e-09
-0.00247233 -4.70551e-09
-0.00238243 -4.54042e-09
-0.00229252 -4.37395e-09
-0.00220262 -4.21143e-09
-0.00211272 -4.04784e-09
-0.00202281 -3.88547e-09
-0.00193291 -3.71609e-09
-0.001843 -3.54596e-09
-0.0017531 -3.37479e-09
-0.0016632 -3.20325e-09
-0.00157329 -3.0317e-09
-0.00148339 -2.86065e-09
-0.00139348 -2.68454e-09
-0.00130358 -2.50438e-09
-0.00121368 -2.33163e-09
-0.00112377 -2.16354e-09
-0.00103387 -1.99497e-09
-0.000943963 -1.82198e-09
-0.000854059 -1.64858e-09
-0.000764154 -1.47586e-09
-0.00067425 -1.29926e-09
-0.000584346 -1.13055e-09
-0.000494442 -9.63227e-10
-0.000404538 -7.97072e-10
-0.000314634 -6.29077e-10
-0.00022473 -4.62805e-10
-0.000134825 -3.05631e-10
-4.49212e-05 -1.56174e-10
4.49829e-05 0
0.000134887 1.65814e-10
0.000224791 3.23769e-10
0.000314695 4.81064e-10
0.0004046 6.35036e-10
0.000494504 7.84105e-10
0.000584408 9.35718e-10
0.000674312 1.07853e-09
0.000764216 1.21773e-09
0.00085412 1.35039e-09
0.000944024 1.47065e-09
0.00103393 1.58501e-09
0.00112383 1.71433e-09
0.00121374 1.84675e-09
0.00130364 1.97466e-09
0.00139355 2.09452e-09
0.00148345 2.20779e-09
0.00157335 2.32615e-09
0.00166326 2.44112e-09
0.00175316 2.54748e-09
0.00184307 2.64866e-09
0.00193297 2.741e-09
0.00202287 2.83053e-09
0.00211278 2.92061e-09
0.00220268 3.01416e-09
0.00229259 3.10995e-09
0.00238249 3.20136e-09
0.00247239 3.28679e-09
0.0025623 3.37141e-09
0.0026522 3.46039e-09
0.00274211 3.54656e-09
0.00283201 3.6256e-09
0.00292192 3.70057e-09
0.00301182 3.76862e-09
0.00310172 3.83867e-09
0.00319163 3.89528e-09
0.00328153 3.95991e-09
0.00337144 4.02609e-09
0.00346134 4.08295e-09
0.00355124 4.14588e-09
0.00364115 4.20353e-09
0.00373105 4.27239e-09
0.00382096 4.336e-09
0.00391086 4.39251e-09
0.00400077 4.44567e-09
0.00409067 4.49688e-09
0.00418057 4.53835e-09
0.00427048 4.57049e-09
0.00436038 4.62306e-09
0.00445029 4.66201e-09
0.00454019 4.69858e-09
0.00463009 4.73697e-09
0.00472 4.77199e-09
0.0048099 4.82142e-09
0.00489981 4.87043e-09
0.00498971 4.90827e-09
0.00507962 4.94688e-09
0.00516952 4.99252e-09
0.00525942 5.03446e-09
0.00534933 5.07914e-09
0.00543923 5.12785e-09
0.00552914 5.1703e-09
0.00561904 5.21031e-09
0.00570894 5.25193e-09
0.00579885 5.28727e-09
0.00588875 5.33752e-09
0.00597866 5.38637e-09
0.00606856 5.43029e-09
0.00615846 5.48976e-09
0.00624837 5.55596e-09
0.00633827 5.6357e-09
0.00642818 5.70407e-09
0.00651808 5.77303e-09
0.00660799 5.85242e-09
0.00669789 5.93439e-09
0.00678779 6.02162e-09
0.0068777 6.10777e-09
0.0069676 6.20012e-09
0.00705751 6.28155e-09
0.00714741 6.37323e-09
0.00723731 6.46546e-09
0.00732722 6.56406e-09
0.00741712 6.67514e-09
0.00750703 6.7702e-09
0.00759693 6.87238e-09
0.00768684 6.9869e-09
0.00777674 7.1049e-09
0.00786664 7.22911e-09
0.00795655 7.35831e-09
0.00804645 7.47703e-09
0.00813636 7.59168e-09
0.00822626 7.70232e-09
0.00831616 7.80856e-09
0.00840607 7.92001e-09
0.00849597 8.03711e-09
0.00858588 8.14782e-09
0.00867578 8.26525e-09
0.00876569 8.39098e-09
0.00885559 8.51477e-09
0.00894549 8.63775e-09
0.0090354 8.7495e-09
0.0091253 8.85892e-09
0.00921521 8.96492e-09
0.00930511 9.06693e-09
0.00939501 9.17108e-09
0.00948492 9.26903e-09
0.00957482 9.37379e-09
0.00966473 9.48184e-09
0.00975463 9.59629e-09
0.00984453 9.72142e-09
0.00993444 9.84261e-09
0.0100243 9.94607e-09
0.0101142 1.00475e-08
0.0102042 1.01552e-08
0.0102941 1.02568e-08
0.010384 1.03603e-08
0.0104739 1.04564e-08
0.0105638 1.05483e-08
0.0106537 1.06453e-08
0.0107436 1.07402e-08
0.0108335 1.08421e-08
0.0109234 1.09572e-08
0.0110133 1.10652e-08
0.0111032 1.11633e-08
0.0111931 1.12704e-08
0.011283 1.13857e-08
0.0113729 1.14884e-08
0.0114628 1.15887e-08
0.0115527 1.16834e-08
0.0116426 1.17762e-08
0.0117325 1.18696e-08
0.0118224 1.19548e-08
0.0119123 1.20468e-08
0.0120022 1.2141e-08
0.0120921 1.22406e-08
0.012182 1.23351e-08
0.0122719 1.24338e-08
0.0123619 1.25418e-08
0.0124518 1.26321e-08
0.0125417 1.2723e-08
0.0126316 1.28098e-08
0.0127215 1.29049e-08
0.0128114 1.30015e-08
0.0129013 1.30881e-08
0.0129912 1.31778e-08
0.0130811 1.32602e-08
0.013171 1.33483e-08
0.0132609 1.34288e-08
0.0133508 1.35119e-08
0.0134407 1.35953e-08
0.0135306 1.36753e-08
0.0136205 1.37613e-08
0.0137104 1.38465e-08
0.0138003 1.39442e-08
0.0138902 1.40387e-08
0.0139801 1.41266e-08
0.01407 1.42116e-08
0.0141599 1.42882e-08
0.0142498 1.43728e-08
0.0143397 1.44548e-08
0.0144296 1.45366e-08
0.0145196 1.46126e-08
0.0146095 1.46943e-08
0.0146994 1.47881e-08
0.0147893 1.48808e-08
0.0148792 1.49805e-08
0.0149691 1.50788e-08
0.015059 1.51652e-08
0.0151489 1.52464e-08
0.0152388 1.53331e-08
0.0153287 1.54248e-08
0.0154186 1.55075e-08
0.0155085 1.55893e-08
0.0155984 1.56595e-08
0.0156883 1.57329e-08
0.0157782 1.58177e-08
0.0158681 1.5906e-08
0.015958 1.5995e-08
0.0160479 1.60841e-08
0.0161378 1.61598e-08
0.0162277 1.62412e-08
0.0163176 1.63277e-08
0.0164075 1.64048e-08
0.0164974 1.64767e-08
0.0165873 1.65484e-08
0.0166773 1.66179e-08
0.0167672 1.6687e-08
0.0168571 1.67626e-08
0.016947 1.68389e-08
0.0170369 1.69194e-08
0.0171268 1.69969e-08
0.0172167 1.70694e-08
0.0173066 1.7155e-08
0.0173965 1.72379e-08
0.0174864 1.73257e-08
0.0175763 1.74145e-08
0.0176662 1.75086e-08
0.0177561 1.76024e-08
0.017846 1.77008e-08
0.0179359 1.77982e-08
0.0180258 1.78951e-08
0.0181157 1.79958e-08
0.0182056 1.80901e-08
0.0182955 1.81913e-08
0.0183854 1.82955e-08
0.0184753 1.84051e-08
0.0185652 1.85321e-08
0.0186551 1.86577e-08
0.018745 1.87857e-08
0.0188349 1.89145e-08
0.0189249 1.90479e-08
0.0190148 1.91801e-08
0.0191047 1.93062e-08
0.0191946 1.9425e-08
0.0192845 1.95407e-08
0.0193744 1.96563e-08
0.0194643 1.97761e-08
0.0195542 1.99076e-08
0.0196441 2.00506e-08
0.019734 2.01848e-08
0.0198239 2.03324e-08
0.0199138 2.04778e-08
0.0200037 2.06199e-08
0.0200936 2.07642e-08
0.0201835 2.08932e-08
0.0202734 2.10219e-08
0.0203633 2.11415e-08
0.0204532 2.12528e-08
0.0205431 2.13752e-08
0.020633 2.15034e-08
0.0207229 2.16308e-08
0.0208128 2.17594e-08
0.0209027 2.19019e-08
0.0209926 2.20403e-08
0.0210826 2.21775e-08
0.0211725 2.23145e-08
0.0212624 2.24476e-08
0.0213523 2.25828e-08
0.0214422 2.27061e-08
0.0215321 2.28219e-08
0.021622 2.2941e-08
0.0217119 2.30602e-08
0.0218018 2.318e-08
0.0218917 2.33085e-08
0.0219816 2.34376e-08
0.0220715 2.35747e-08
0.0221614 2.37205e-08
0.0222513 2.38677e-08
0.0223412 2.40151e-08
0.0224311 2.41582e-08
0.022521 2.4299e-08
0.0226109 2.44284e-08
0.0227008 2.45501e-08
0.0227907 2.46694e-08
0.0228806 2.47885e-08
0.0229705 2.49153e-08
0.0230604 2.50454e-08
0.0231503 2.51833e-08
0.0232403 2.53187e-08
0.0233302 2.5456e-08
0.0234201 2.55925e-08
0.02351 2.57359e-08
0.0235999 2.58828e-08
0.0236898 2.60159e-08
0.0237797 2.61429e-08
0.0238696 2.62714e-08
0.0239595 2.64048e-08
0.0240494 2.65434e-08
0.0241393 2.66845e-08
0.0242292 2.68132e-08
0.0243191 2.69345e-08
0.024409 2.70497e-08
0.0244989 2.71698e-08
0.0245888 2.73022e-08
0.0246787 2.74393e-08
0.0247686 2.75659e-08
0.0248585 2.76926e-08
0.0249484 2.7833e-08
0.0250383 2.79796e-08
0.0251282 2.81214e-08
0.0252181 2.8253e-08
0.025308 2.83791e-08
0.025398 2.84916e-08
0.0254879 2.85984e-08
0.0255778 2.87124e-08
0.0256677 2.88385e-08
0.0257576 2.89643e-08
0.0258475 2.90772e-08
0.0259374 2.91902e-08
0.0260273 2.93155e-08
0.0261172 2.94468e-08
0.0262071 2.95726e-08
0.026297 2.9696e-08
0.0263869 2.98257e-08
0.0264768 2.99367e-08
0.0265667 3.00476e-08
0.0266566 3.01645e-08
0.0267465 3.02931e-08
0.0268364 3.04212e-08
0.0269263 3.05295e-08
0.0270162 3.06285e-08
0.0271061 3.07271e-08
0.027196 3.08314e-08
0.0272859 3.0932e-08
0.0273758 3.10426e-08
0.0274657 3.11547e-08
0.0275557 3.12686e-08
0.0276456 3.13929e-08
0.0277355 3.15143e-08
0.0278254 3.1642e-08
0.0279153 3.17624e-08
0.0280052 3.18676e-08
0.0280951 3.19605e-08
0.028185 3.20516e-08
0.0282749 3.21413e-08
0.0283648 3.22246e-08
0.0284547 3.2315e-08
0.0285446 3.24108e-08
0.0286345 3.25251e-08
0.0287244 3.26378e-08
0.0288143 3.27465e-08
0.0289042 3.28505e-08
0.0289941 3.29381e-08
0.029084 3.30169e-08
0.0291739 3.30974e-08
0.0292638 3.31859e-08
0.0293537 3.32783e-08
0.0294436 3.33666e-08
0.0295335 3.34503e-08
0.0296234 3.3535e-08
0.0297134 3.36321e-08
0.0298033 3.37351e-08
0.0298932 3.38428e-08
0.0299831 3.39535e-08
0.030073 3.40473e-08
0.0301629 3.41517e-08
0.0302528 3.4251e-08
0.0303427 3.43522e-08
0.0304326 3.44616e-08
0.0305225 3.45668e-08
0.0306124 3.46595e-08
0.0307023 3.47544e-08
0.0307922 3.4862e-08
0.0308821 3.49837e-08
0.030972 3.51126e-08
0.0310619 3.52429e-08
0.0311518 3.53632e-08
0.0312417 3.54897e-08
0.0313316 3.55973e-08
0.0314215 3.57054e-08
0.0315114 3.5809e-08
0.0316013 3.59058e-08
0.0316912 3.59995e-08
0.0317811 3.61041e-08
0.0318711 3.62257e-08
0.031961 3.63515e-08
0.0320509 3.64713e-08
0.0321408 3.65893e-08
0.0322307 3.67091e-08
0.0323206 3.68363e-08
0.0324105 3.69503e-08
0.0325004 3.70608e-08
0.0325903 3.71572e-08
0.0326802 3.72533e-08
0.0327701 3.73609e-08
0.03286 3.74841e-08
0.0329499 3.76133e-08
0.0330398 3.77372e-08
0.0331297 3.78473e-08
0.0332196 3.79563e-08
0.0333095 3.80796e-08
0.0333994 3.82037e-08
0.0334893 3.83152e-08
0.0335792 3.84257e-08
0.0336691 3.85259e-08
0.033759 3.86222e-08
0.0338489 3.87378e-08
0.0339388 3.88633e-08
0.0340288 3.89856e-08
0.0341187 3.90998e-08
0.0342086 3.92063e-08
0.0342985 3.93178e-08
0.0343884 3.94388e-08
0.0344783 3.95547e-08
0.0345682 3.96686e-08
0.0346581 3.979e-08
0.034748 3.98922e-08
0.0348379 3.99892e-08
0.0349278 4.00952e-08
0.0350177 4.02089e-08
0.0351076 4.03142e-08
0.0351975 4.04121e-08
0.0352874 4.0509e-08
0.0353773 4.05991e-08
0.0354672 4.06922e-08
0.0355571 4.07819e-08
0.035647 4.08727e-08
0.0357369 4.09673e-08
0.0358268 4.10412e-08
0.0359167 4.11198e-08
0.0360066 4.11932e-08
0.0360965 4.12725e-08
0.0361865 4.13476e-08
0.0362764 4.14234e-08
0.0363663 4.15039e-08
0.0364562 4.15818e-08
0.0365461 4.16617e-08
0.036636 4.17397e-08
0.0367259 4.18093e-08
0.0368158 4.18755e-08
0.0369057 4.19389e-08
0.0369956 4.2005e-08
0.0370855 4.20699e-08
0.0371754 4.21388e-08
0.0372653 4.22078e-08
0.0373552 4.22872e-08
0.0374451 4.23794e-08
0.037535 4.24761e-08
0.0376249 4.25665e-08
0.0377148 4.26485e-08
0.0378047 4.27121e-08
0.0378946 4.27749e-08
0.0379845 4.28306e-08
0.0380744 4.28905e-08
0.0381643 4.29636e-08
0.0382542 4.30394e-08
0.0383441 4.31193e-08
0.0384341 4.3198e-08
0.038524 4.32799e-08
0.0386139 4.33654e-08
0.0387038 4.3452e-08
0.0387937 4.35383e-08
0.0388836 4.36264e-08
0.0389735 4.371e-08
0.0390634 4.37996e-08
0.0391533 4.3889e-08
0.0392432 4.39838e-08
0.0393331 4.40776e-08
0.039423 4.41736e-08
0.0395129 4.42611e-08
0.0396028 4.43371e-08
0.0396927 4.44257e-08
0.0397826 4.45255e-08
0.0398725 4.46372e-08
0.0399624 4.47391e-08
0.0400523 4.48445e-08
0.0401422 4.49477e-08
0.0402321 4.5049e-08
0.040322 4.51608e-08
0.0404119 4.52627e-08
0.0405018 4.53677e-08
0.0405918 4.54571e-08
0.0406817 4.55401e-08
0.0407716 4.56321e-08
0.0408615 4.57319e-08
0.0409514 4.58349e-08
0.0410413 4.59286e-08
0.0411312 4.60243e-08
0.0412211 4.61159e-08
0.041311 4.62163e-08
0.0414009 4.63227e-08
0.0414908 4.64248e-08
0.0415807 4.65281e-08
0.0416706 4.66169e-08
0.0417605 4.67097e-08
0.0418504 4.6806e-08
0.0419403 4.69028e-08
0.0420302 4.70055e-08
0.0421201 4.71005e-08
0.04221 4.71989e-08
0.0422999 4.72965e-08
0.0423898 4.7403e-08
0.0424797 4.75099e-08
0.0425696 4.76086e-08
0.0426595 4.77083e-08
0.0427495 4.78035e-08
0.0428394 4.78971e-08
0.0429293 4.79965e-08
0.0430192 4.80924e-08
0.0431091 4.81786e-08
0.043199 4.82695e-08
0.0432889 4.8356e-08
0.0433788 4.84489e-08
0.0434687 4.85412e-08
0.0435586 4.86209e-08
0.0436485 4.86955e-08
0.0437384 4.87721e-08
0.0438283 4.88461e-08
0.0439182 4.89313e-08
0.0440081 4.90278e-08
0.044098 4.91215e-08
0.0441879 4.92077e-08
0.0442778 4.93011e-08
0.0443677 4.93968e-08
0.0444576 4.95018e-08
0.0445475 4.96079e-08
0.0446374 4.97034e-08
0.0447273 4.97939e-08
0.0448172 4.9883e-08
0.0449072 4.99766e-08
0.0449971 5.00883e-08
0.045087 5.02096e-08
0.0451769 5.03338e-08
0.0452668 5.04375e-08
0.0453567 5.05395e-08
0.0454466 5.06416e-08
0.0455365 5.07413e-08
0.0456264 5.08559e-08
0.0457163 5.09808e-08
0.0458062 5.10944e-08
0.0458961 5.1213e-08
0.045986 5.13423e-08
0.0460759 5.1486e-08
0.0461658 5.16264e-08
0.0462557 5.17578e-08
0.0463456 5.18639e-08
0.0464355 5.1962e-08
0.0465254 5.20604e-08
0.0466153 5.2141e-08
0.0467052 5.22285e-08
0.0467951 5.23039e-08
0.046885 5.23572e-08
0.0469749 5.24207e-08
0.0470649 5.25006e-08
0.0471548 5.25845e-08
0.0472447 5.26529e-08
0.0473346 5.27115e-08
0.0474245 5.27617e-08
0.0475144 5.28093e-08
0.0476043 5.28628e-08
0.0476942 5.28937e-08
0.0477841 5.29144e-08
0.047874 5.29084e-08
0.0479639 5.29107e-08
0.0480538 5.28983e-08
0.0481437 5.29027e-08
0.0482336 5.29067e-08
0.0483235 5.28981e-08
0.0484134 5.29079e-08
0.0485033 5.29118e-08
0.0485932 5.29379e-08
0.0486831 5.29458e-08
0.048773 5.29434e-08
0.0488629 5.29379e-08
0.0489528 5.29204e-08
0.0490427 5.2913e-08
0.0491326 5.29059e-08
0.0492226 5.29233e-08
0.0493125 5.29485e-08
0.0494024 5.29871e-08
0.0494923 5.3027e-08
0.0495822 5.30571e-08
0.0496721 5.30794e-08
0.049762 5.30894e-08
0.0498519 5.30904e-08
0.0499418 5.31058e-08
0.0500317 5.31003e-08
0.0501216 5.31095e-08
0.0502115 5.31219e-08
0.0503014 5.31212e-08
0.0503913 5.3104e-08
0.0504812 5.30851e-08
0.0505711 5.30523e-08
0.050661 5.29945e-08
0.0507509 5.2933e-08
0.0508408 5.28468e-08
0.0509307 5.27475e-08
0.0510206 5.26537e-08
0.0511105 5.25736e-08
0.0512004 5.24757e-08
0.0512903 5.23614e-08
0.0513803 5.22238e-08
0.0514702 5.20627e-08
0.0515601 5.18972e-08
0.05165 5.16946e-08
0.0517399 5.15296e-08
0.0518298 5.13437e-08
0.0519197 5.11661e-08
0.0520096 5.09702e-08
0.0520995 5.07664e-08
0.0521894 5.05521e-08
0.0522793 5.03312e-08
0.0523692 5.01156e-08
0.0524591 4.99216e-08
0.052549 4.9735e-08
0.0526389 4.956e-08
0.0527288 4.93929e-08
0.0528187 4.92416e-08
0.0529086 4.90873e-08
0.0529985 4.89436e-08
0.0530884 4.88248e-08
0.0531783 4.86901e-08
0.0532682 4.85473e-08
0.0533581 4.84362e-08
0.053448 4.83238e-08
0.053538 4.82306e-08
0.0536279 4.81449e-08
0.0537178 4.80989e-08
0.0538077 4.80544e-08
0.0538976 4.8005e-08
0.0539875 4.7978e-08
0.0540774 4.79607e-08
0.0541673 4.7952e-08
0.0542572 4.79262e-08
0.0543471 4.78993e-08
0.054437 4.78793e-08
0.0545269 4.78499e-08
0.0546168 4.78065e-08
0.0547067 4.77633e-08
0.0547966 4.77109e-08
0.0548865 4.76659e-08
0.0549764 4.76327e-08
0.0550663 4.76181e-08
0.0551562 4.76096e-08
0.0552461 4.76213e-08
0.055336 4.76351e-08
0.0554259 4.76569e-08
0.0555158 4.76774e-08
0.0556057 4.7707e-08
0.0556956 4.77165e-08
0.0557856 4.77284e-08
0.0558755 4.77448e-08
0.0559654 4.77867e-08
0.0560553 4.78514e-08
0.0561452 4.79269e-08
0.0562351 4.8003e-08
0.056325 4.80892e-08
0.0564149 4.81933e-08
0.0565048 4.83035e-08
0.0565947 4.84167e-08
0.0566846 4.85433e-08
0.0567745 4.86634e-08
0.0568644 4.87767e-08
0.0569543 4.88721e-08
0.0570442 4.89574e-08
0.0571341 4.90605e-08
0.057224 4.91697e-08
0.0573139 4.92731e-08
0.0574038 4.93694e-08
0.0574937 4.94335e-08
0.0575836 4.9497e-08
0.0576735 4.95774e-08
0.0577634 4.96543e-08
0.0578533 4.97257e-08
0.0579433 4.97957e-08
0.0580332 4.98579e-08
0.0581231 4.99045e-08
0.058213 4.99449e-08
0.0583029 4.99777e-08
0.0583928 5.00085e-08
0.0584827 5.00273e-08
0.0585726 5.00294e-08
0.0586625 5.00386e-08
0.0587524 5.00452e-08
0.0588423 5.00301e-08
0.0589322 5.00234e-08
0.0590221 5.00328e-08
0.059112 5.00568e-08
0.0592019 5.00773e-08
0.0592918 5.00808e-08
0.0593817 5.00748e-08
0.0594716 5.00775e-08
0.0595615 5.00921e-08
0.0596514 5.01069e-08
0.0597413 5.01355e-08
0.0598312 5.01726e-08
0.0599211 5.02151e-08
0.060011 5.02821e-08
0.060101 5.0347e-08
0.0601909 5.04131e-08
0.0602808 5.04852e-08
0.0603707 5.05428e-08
0.0604606 5.05911e-08
0.0605505 5.06317e-08
0.0606404 5.06848e-08
0.0607303 5.07439e-08
0.0608202 5.07908e-08
0.0609101 5.08626e-08
0.061 5.09385e-08
0.0610899 5.0999e-08
0.0611798 5.10498e-08
0.0612697 5.1107e-08
0.0613596 5.11727e-08
0.0614495 5.12409e-08
0.0615394 5.12969e-08
0.0616293 5.13502e-08
0.0617192 5.13982e-08
0.0618091 5.14051e-08
0.061899 5.13845e-08
0.0619889 5.13673e-08
0.0620788 5.13537e-08
0.0621687 5.12908e-08
0.0622587 5.12556e-08
0.0623486 5.11976e-08
0.0624385 5.11282e-08
0.0625284 5.1023e-08
0.0626183 5.09264e-08
0.0627082 5.08507e-08
0.0627981 5.07573e-08
0.062888 5.06081e-08
0.0629779 5.04703e-08
0.0630678 5.03568e-08
0.0631577 5.02561e-08
0.0632476 5.0132e-08
0.0633375 4.99999e-08
0.0634274 4.98784e-08
0.0635173 4.97397e-08
0.0636072 4.95851e-08
0.0636971 4.94504e-08
0.063787 4.92919e-08
0.0638769 4.91472e-08
0.0639668 4.89838e-08
0.0640567 4.88306e-08
0.0641466 4.8672e-08
0.0642365 4.8539e-08
0.0643264 4.84498e-08
0.0644164 4.83427e-08
0.0645063 4.8255e-08
0.0645962 4.82217e-08
0.0646861 4.82115e-08
0.064776 4.81898e-08
0.0648659 4.81551e-08
0.0649558 4.81469e-08
0.0650457 4.81324e-08
0.0651356 4.81014e-08
0.0652255 4.80458e-08
0.0653154 4.79945e-08
0.0654053 4.79848e-08
0.0654952 4.7966e-08
0.0655851 4.79739e-08
0.065675 4.79816e-08
0.0657649 4.80081e-08
0.0658548 4.8049e-08
0.0659447 4.81384e-08
0.0660346 4.82522e-08
0.0661245 4.83649e-08
0.0662144 4.8459e-08
0.0663043 4.85512e-08
0.0663942 4.86357e-08
0.0664841 4.86934e-08
0.0665741 4.87658e-08
0.066664 4.88341e-08
0.0667539 4.88985e-08
0.0668438 4.89343e-08
0.0669337 4.8952e-08
0.0670236 4.901e-08
0.0671135 4.90571e-08
0.0672034 4.90812e-08
0.0672933 4.91224e-08
0.0673832 4.91536e-08
0.0674731 4.91993e-08
0.067563 4.92101e-08
0.0676529 4.92335e-08
0.0677428 4.92913e-08
0.0678327 4.93302e-08
0.0679226 4.93249e-08
0.0680125 4.93143e-08
0.0681024 4.93121e-08
0.0681923 4.92943e-08
0.0682822 4.9266e-08
0.0683721 4.91981e-08
0.068462 4.90869e-08
0.0685519 4.90171e-08
0.0686418 4.89345e-08
0.0687318 4.88163e-08
0.0688217 4.86192e-08
0.0689116 4.84084e-08
0.0690015 4.82102e-08
0.0690914 4.80085e-08
0.0691813 4.78114e-08
0.0692712 4.76031e-08
0.0693611 4.73729e-08
0.069451 4.71549e-08
0.0695409 4.69469e-08
0.0696308 4.67496e-08
0.0697207 4.6552e-08
0.0698106 4.63467e-08
0.0699005 4.61355e-08
0.0699904 4.59299e-08
0.0700803 4.57847e-08
0.0701702 4.56032e-08
0.0702601 4.54294e-08
0.07035 4.52636e-08
0.0704399 4.51454e-08
0.0705298 4.50699e-08
0.0706197 4.50125e-08
0.0707096 4.49654e-08
0.0707995 4.49701e-08
0.0708895 4.49911e-08
0.0709794 4.5039e-08
0.0710693 4.50353e-08
0.0711592 4.51221e-08
0.0712491 4.51709e-08
0.071339 4.51987e-08
0.0714289 4.52458e-08
0.0715188 4.52968e-08
0.0716087 4.53087e-08
0.0716986 4.52936e-08
0.0717885 4.53187e-08
0.0718784 4.53007e-08
0.0719683 4.52598e-08
0.0720582 4.52581e-08
0.0721481 4.52597e-08
0.072238 4.52496e-08
0.0723279 4.52567e-08
0.0724178 4.52521e-08
0.0725077 4.5228e-08
0.0725976 4.52346e-08
0.0726875 4.5216e-08
0.0727774 4.51857e-08
0.0728673 4.51417e-08
0.0729572 4.50942e-08
0.0730472 4.50405e-08
0.0731371 4.49883e-08
0.073227 4.49314e-08
0.0733169 4.48892e-08
0.0734068 4.48443e-08
0.0734967 4.4809e-08
0.0735866 4.47521e-08
0.0736765 4.47064e-08
0.0737664 4.46598e-08
0.0738563 4.46274e-08
0.0739462 4.45835e-08
0.0740361 4.45339e-08
0.074126 4.45101e-08
0.0742159 4.44847e-08
0.0743058 4.44365e-08
0.0743957 4.43969e-08
0.0744856 4.43705e-08
0.0745755 4.43093e-08
0.0746654 4.42513e-08
0.0747553 4.41322e-08
0.0748452 4.40139e-08
0.0749351 4.38945e-08
0.075025 4.37671e-08
0.0751149 4.35874e-08
0.0752048 4.34078e-08
0.0752948 4.32353e-08
0.0753847 4.3073e-08
0.0754746 4.29186e-08
0.0755645 4.27588e-08
0.0756544 4.26468e-08
0.0757443 4.25447e-08
0.0758342 4.24125e-08
0.0759241 4.22894e-08
0.076014 4.21099e-08
0.0761039 4.19699e-08
0.0761938 4.1792e-08
0.0762837 4.1617e-08
0.0763736 4.14128e-08
0.0764635 4.11975e-08
0.0765534 4.09349e-08
0.0766433 4.06776e-08
0.0767332 4.04018e-08
0.0768231 4.01263e-08
0.076913 3.98956e-08
0.0770029 3.96734e-08
0.0770928 3.94371e-08
0.0771827 3.9223e-08
0.0772726 3.9011e-08
0.0773625 3.876e-08
0.0774525 3.85112e-08
0.0775424 3.8305e-08
0.0776323 3.8164e-08
0.0777222 3.79765e-08
0.0778121 3.78409e-08
0.077902 3.77162e-08
0.0779919 3.76085e-08
0.0780818 3.75319e-08
0.0781717 3.74634e-08
0.0782616 3.74054e-08
0.0783515 3.73925e-08
0.0784414 3.74148e-08
0.0785313 3.74709e-08
0.0786212 3.75309e-08
0.0787111 3.76196e-08
0.078801 3.77236e-08
0.0788909 3.78038e-08
0.0789808 3.78562e-08
0.0790707 3.79215e-08
0.0791606 3.80102e-08
0.0792505 3.80999e-08
0.0793404 3.8214e-08
0.0794303 3.83383e-08
0.0795202 3.84718e-08
0.0796102 3.85887e-08
0.0797001 3.87167e-08
0.07979 3.8837e-08
0.0798799 3.89185e-08
0.0799698 3.89856e-08
0.0800597 3.90517e-08
0.0801496 3.91292e-08
0.0802395 3.92327e-08
0.0803294 3.92559e-08
0.0804193 3.9265e-08
0.0805092 3.92565e-08
0.0805991 3.92278e-08
0.080689 3.9252e-08
0.0807789 3.92908e-08
0.0808688 3.92905e-08
0.0809587 3.92418e-08
0.0810486 3.92236e-08
0.0811385 3.91643e-08
0.0812284 3.90771e-08
0.0813183 3.89407e-08
0.0814082 3.88048e-08
0.0814981 3.86484e-08
0.081588 3.85408e-08
0.0816779 3.8448e-08
0.0817679 3.83095e-08
0.0818578 3.81228e-08
0.0819477 3.79801e-08
0.0820376 3.77859e-08
0.0821275 3.75622e-08
0.0822174 3.73753e-08
0.0823073 3.72467e-08
0.0823972 3.71025e-08
0.0824871 3.70592e-08
0.082577 3.69982e-08
0.0826669 3.68937e-08
0.0827568 3.67579e-08
0.0828467 3.66349e-08
0.0829366 3.64653e-08
0.0830265 3.63662e-08
0.0831164 3.61988e-08
0.0832063 3.60314e-08
0.0832962 3.5875e-08
0.0833861 3.56696e-08
0.083476 3.54421e-08
0.0835659 3.51347e-08
0.0836558 3.47488e-08
0.0837457 3.43896e-08
0.0838356 3.40782e-08
0.0839256 3.37866e-08
0.0840155 3.3532e-08
0.0841054 3.33105e-08
0.0841953 3.31376e-08
0.0842852 3.30196e-08
0.0843751 3.28217e-08
0.084465 3.26288e-08
0.0845549 3.24652e-08
0.0846448 3.23889e-08
0.0847347 3.23319e-08
0.0848246 3.22796e-08
0.0849145 3.23079e-08
0.0850044 3.24141e-08
0.0850943 3.24468e-08
0.0851842 3.24798e-08
0.0852741 3.25747e-08
0.085364 3.27009e-08
0.0854539 3.29289e-08
0.0855438 3.31084e-08
0.0856337 3.32671e-08
0.0857236 3.34364e-08
0.0858135 3.35208e-08
0.0859034 3.3621e-08
0.0859933 3.37553e-08
0.0860833 3.38997e-08
0.0861732 3.39893e-08
0.0862631 3.40418e-08
0.086353 3.39831e-08
0.0864429 3.38164e-08
0.0865328 3.36901e-08
0.0866227 3.34972e-08
0.0867126 3.32276e-08
0.0868025 3.29198e-08
0.0868924 3.26075e-08
0.0869823 3.2245e-08
0.0870722 3.1682e-08
0.0871621 3.10477e-08
0.087252 3.04896e-08
0.0873419 2.99704e-08
0.0874318 2.96061e-08
0.0875217 2.93427e-08
0.0876116 2.91094e-08
0.0877015 2.89652e-08
0.0877914 2.88341e-08
0.0878813 2.8804e-08
0.0879712 2.87678e-08
0.0880611 2.8854e-08
0.088151 2.89257e-08
0.088241 2.90346e-08
0.0883309 2.90769e-08
0.0884208 2.90595e-08
0.0885107 2.899e-08
0.0886006 2.87964e-08
0.0886905 2.87392e-08
0.0887804 2.86049e-08
0.0888703 2.84879e-08
0.0889602 2.84088e-08
0.0890501 2.83354e-08
0.08914 2.82856e-08
0.0892299 2.8327e-08
0.0893198 2.84116e-08
0.0894097 2.8504e-08
0.0894996 2.8516e-08
0.0895895 2.85682e-08
0.0896794 2.86282e-08
0.0897693 2.85528e-08
0.0898592 2.85944e-08
0.0899491 2.85967e-08
0.090039 2.83916e-08
0.0901289 2.83224e-08
0.0902188 2.8195e-08
0.0903087 2.80106e-08
0.0903987 2.77551e-08
0.0904886 2.75154e-08
0.0905785 2.72659e-08
0.0906684 2.71631e-08
0.0907583 2.68128e-08
0.0908482 2.64885e-08
0.0909381 2.59659e-08
0.091028 2.54291e-08
0.0911179 2.49424e-08
0.0912078 2.43734e-08
0.0912977 2.38049e-08
0.0913876 2.32115e-08
0.0914775 2.26588e-08
0.0915674 2.20914e-08
0.0916573 2.13158e-08
0.0917472 2.06636e-08
0.0918371 2.02075e-08
0.091927 1.99123e-08
0.0920169 1.96917e-08
0.0921068 1.95719e-08
0.0921967 1.93226e-08
0.0922866 1.91814e-08
0.0923765 1.8953e-08
0.0924664 1.86494e-08
0.0925564 1.84874e-08
0.0926463 1.84355e-08
0.0927362 1.84761e-08
0.0928261 1.85725e-08
0.092916 1.88043e-08
0.0930059 1.90649e-08
0.0930958 1.92356e-08
0.0931857 1.92831e-08
0.0932756 1.92783e-08
0.0933655 1.93531e-08
0.0934554 1.94889e-08
0.0935453 1.96265e-08
0.0936352 1.96884e-08
0.0937251 1.97847e-08
0.093815 1.98231e-08
0.0939049 1.97678e-08
0.0939948 1.96389e-08
0.0940847 1.95115e-08
0.0941746 1.96352e-08
0.0942645 1.98633e-08
0.0943544 2.01185e-08
0.0944443 2.03543e-08
0.0945342 2.06352e-08
0.0946241 2.07936e-08
0.094714 2.10243e-08
0.094804 2.13548e-08
0.0948939 2.16879e-08
0.0949838 2.17961e-08
0.0950737 2.20198e-08
0.0951636 2.21365e-08
0.0952535 2.21118e-08
0.0953434 2.22226e-08
0.0954333 2.2287e-08
0.0955232 2.22594e-08
0.0956131 2.2193e-08
0.095703 2.21153e-08
0.0957929 2.19316e-08
0.0958828 2.14925e-08
0.0959727 2.1151e-08
0.0960626 2.08554e-08
0.0961525 2.0342e-08
0.0962424 2.00407e-08
0.0963323 1.9622e-08
0.0964222 1.90444e-08
0.0965121 1.8442e-08
0.096602 1.77975e-08
0.0966919 1.73325e-08
0.0967818 1.69656e-08
0.0968717 1.67174e-08
0.0969617 1.6738e-08
0.0970516 1.66729e-08
0.0971415 1.6761e-08
0.0972314 1.69272e-08
0.0973213 1.70826e-08
0.0974112 1.7336e-08
0.0975011 1.758e-08
0.097591 1.8021e-08
0.0976809 1.83817e-08
0.0977708 1.86737e-08
0.0978607 1.88545e-08
0.0979506 1.89989e-08
0.0980405 1.89492e-08
0.0981304 1.89852e-08
0.0982203 1.89806e-08
0.0983102 1.90456e-08
0.0984001 1.8955e-08
0.09849 1.88073e-08
0.0985799 1.86241e-08
0.0986698 1.85228e-08
0.0987597 1.85954e-08
0.0988496 1.85624e-08
0.0989395 1.86093e-08
0.0990294 1.86843e-08
0.0991194 1.87722e-08
0.0992093 1.88657e-08
0.0992992 1.90471e-08
0.0993891 1.9211e-08
0.099479 1.95145e-08
0.0995689 1.97855e-08
0.0996588 1.98877e-08
0.0997487 1.97668e-08
0.0998386 1.9572e-08
0.0999285 1.93539e-08
0.100018 1.91948e-08
0.100108 1.88567e-08
0.100198 1.85393e-08
0.100288 1.82577e-08
0.100378 1.78285e-08
0.100468 1.71958e-08
0.100558 1.64701e-08
0.100648 1.59585e-08
0.100738 1.55187e-08
0.100828 1.51719e-08
0.100917 1.51404e-08
0.101007 1.51178e-08
0.101097 1.49135e-08
0.101187 1.49233e-08
0.101277 1.5024e-08
0.101367 1.51223e-08
0.101457 1.5261e-08
0.101547 1.56303e-08
0.101637 1.60277e-08
0.101727 1.64123e-08
0.101816 1.69573e-08
0.101906 1.72853e-08
0.101996 1.76121e-08
0.102086 1.80317e-08
0.102176 1.83155e-08
0.102266 1.85376e-08
0.102356 1.8799e-08
0.102446 1.9077e-08
0.102536 1.95677e-08
0.102626 1.97984e-08
0.102716 1.99125e-08
0.102805 1.99079e-08
0.102895 1.98732e-08
0.102985 2.00456e-08
0.103075 1.99868e-08
0.103165 2.00292e-08
0.103255 2.01174e-08
0.103345 2.01336e-08
0.103435 2.01461e-08
0.103525 1.99647e-08
0.103615 1.97418e-08
0.103704 1.97046e-08
0.103794 1.98163e-08
0.103884 1.98483e-08
0.103974 1.9939e-08
0.104064 2.00855e-08
0.104154 2.02893e-08
0.104244 2.04441e-08
0.104334 2.06715e-08
0.104424 2.07932e-08
0.104514 2.10732e-08
0.104604 2.12507e-08
0.104693 2.14424e-08
0.104783 2.163e-08
0.104873 2.1754e-08
0.104963 2.19414e-08
0.105053 2.21462e-08
0.105143 2.22838e-08
0.105233 2.25199e-08
0.105323 2.26496e-08
0.105413 2.27996e-08
0.105503 2.2974e-08
0.105592 2.3032e-08
0.105682 2.31957e-08
0.105772 2.33476e-08
0.105862 2.35281e-08
0.105952 2.38291e-08
0.106042 2.40433e-08
0.106132 2.43695e-08
0.106222 2.47839e-08
0.106312 2.51154e-08
0.106402 2.57145e-08
0.106491 2.61182e-08
0.106581 2.65007e-08
0.106671 2.69695e-08
0.106761 2.76017e-08
0.106851 2.82813e-08
0.106941 2.8932e-08
0.107031 2.96106e-08
0.107121 3.02492e-08
0.107211 3.07413e-08
0.107301 3.1288e-08
0.107391 3.18709e-08
0.10748 3.2464e-08
0.10757 3.31585e-08
0.10766 3.35772e-08
0.10775 3.3958e-08
0.10784 3.4153e-08
0.10793 3.4218e-08
0.10802 3.43275e-08
0.10811 3.42491e-08
0.1082 3.43249e-08
0.10829 3.42594e-08
0.108379 3.39822e-08
0.108469 3.36566e-08
0.108559 3.33589e-08
0.108649 3.32335e-08
0.108739 3.32491e-08
0.108829 3.31925e-08
0.108919 3.32021e-08
0.109009 3.32085e-08
0.109099 3.29033e-08
0.109189 3.27935e-08
0.109279 3.24758e-08
0.109368 3.24124e-08
0.109458 3.25568e-08
0.109548 3.28275e-08
0.109638 3.28863e-08
0.109728 3.27772e-08
0.109818 3.256e-08
0.109908 3.25052e-08
0.109998 3.2623e-08
0.110088 3.2874e-08
0.110178 3.319e-08
0.110267 3.34744e-08
0.110357 3.39081e-08
0.110447 3.43103e-08
0.110537 3.44093e-08
0.110627 3.4436e-08
0.110717 3.46132e-08
0.110807 3.47911e-08
0.110897 3.51599e-08
0.110987 3.54986e-08
0.111077 3.55993e-08
0.111167 3.57287e-08
0.111256 3.59425e-08
0.111346 3.58554e-08
0.111436 3.56842e-08
0.111526 3.55515e-08
0.111616 3.53916e-08
0.111706 3.51482e-08
0.111796 3.49238e-08
0.111886 3.48183e-08
0.111976 3.45213e-08
0.112066 3.44377e-08
0.112155 3.42134e-08
0.112245 3.3889e-08
0.112335 3.35708e-08
0.112425 3.37465e-08
0.112515 3.38942e-08
0.112605 3.39487e-08
0.112695 3.37393e-08
0.112785 3.38295e-08
0.112875 3.38719e-08
0.112965 3.39344e-08
0.113054 3.40904e-08
0.113144 3.41649e-08
0.113234 3.44159e-08
0.113324 3.48923e-08
0.113414 3.52058e-08
0.113504 3.51348e-08
0.113594 3.51407e-08
0.113684 3.5536e-08
0.113774 3.59558e-08
0.113864 3.60522e-08
0.113954 3.60974e-08
0.114043 3.61358e-08
0.114133 3.59358e-08
0.114223 3.56845e-08
0.114313 3.54751e-08
0.114403 3.50391e-08
0.114493 3.50022e-08
0.114583 3.52073e-08
0.114673 3.52811e-08
0.114763 3.53954e-08
0.114853 3.54454e-08
0.114942 3.54101e-08
0.115032 3.56131e-08
0.115122 3.55832e-08
0.115212 3.58984e-08
0.115302 3.63207e-08
0.115392 3.68514e-08
0.115482 3.76231e-08
0.115572 3.81528e-08
0.115662 3.83241e-08
0.115752 3.85956e-08
0.115842 3.86591e-08
0.115931 3.90258e-08
0.116021 3.93762e-08
0.116111 3.96832e-08
0.116201 3.99817e-08
0.116291 4.00739e-08
0.116381 4.00505e-08
0.116471 3.99964e-08
0.116561 3.97471e-08
0.116651 3.98008e-08
0.116741 4.02701e-08
0.11683 4.0774e-08
0.11692 4.13576e-08
0.11701 4.19806e-08
0.1171 4.25414e-08
0.11719 4.31567e-08
0.11728 4.39626e-08
0.11737 4.47776e-08
0.11746 4.55612e-08
0.11755 4.61446e-08
0.11764 4.68449e-08
0.11773 4.73714e-08
0.117819 4.78114e-08
0.117909 4.82869e-08
0.117999 4.85171e-08
0.118089 4.85835e-08
0.118179 4.85246e-08
0.118269 4.84095e-08
0.118359 4.83288e-08
0.118449 4.79546e-08
0.118539 4.74752e-08
0.118629 4.68188e-08
0.118718 4.58768e-08
0.118808 4.48821e-08
0.118898 4.35584e-08
0.118988 4.25545e-08
0.119078 4.21176e-08
0.119168 4.1872e-08
0.119258 4.21734e-08
0.119348 4.21235e-08
0.119438 4.25538e-08
0.119528 4.33387e-08
0.119617 4.43035e-08
0.119707 4.54322e-08
0.119797 4.65401e-08
0.119887 4.76812e-08
0.119977 4.88574e-08
0.120067 4.9457e-08
0.120157 5.00177e-08
0.120247 5.01821e-08
0.120337 5.02423e-08
0.120427 5.04471e-08
0.120517 5.06627e-08
0.120606 5.06458e-08
0.120696 5.04411e-08
0.120786 5.01569e-08
0.120876 4.98719e-08
0.120966 4.96131e-08
0.121056 4.91869e-08
0.121146 4.90831e-08
0.121236 4.90465e-08
0.121326 4.93359e-08
0.121416 4.96772e-08
0.121505 5.01023e-08
0.121595 5.04043e-08
0.121685 5.06835e-08
0.121775 5.0789e-08
0.121865 5.08056e-08
0.121955 5.04563e-08
0.122045 5.01558e-08
0.122135 4.99568e-08
0.122225 4.9451e-08
0.122315 4.90723e-08
0.122405 4.85691e-08
0.122494 4.77595e-08
0.122584 4.68926e-08
0.122674 4.60083e-08
0.122764 4.53457e-08
0.122854 4.4839e-08
0.122944 4.47512e-08
0.123034 4.48328e-08
0.123124 4.45451e-08
0.123214 4.44988e-08
0.123304 4.46405e-08
0.123393 4.45968e-08
0.123483 4.50387e-08
0.123573 4.56718e-08
0.123663 4.64509e-08
0.123753 4.72196e-08
0.123843 4.8068e-08
0.123933 4.88794e-08
0.124023 4.95408e-08
0.124113 5.03988e-08
0.124203 5.1896e-08
0.124293 5.29881e-08
0.124382 5.39988e-08
0.124472 5.46296e-08
0.124562 5.53346e-08
0.124652 5.60655e-08
0.124742 5.64997e-08
0.124832 5.67489e-08
0.124922 5.66767e-08
0.125012 5.64141e-08
0.125102 5.62475e-08
0.125192 5.55206e-08
0.125281 5.41448e-08
0.125371 5.32409e-08
0.125461 5.22921e-08
0.125551 5.18125e-08
0.125641 5.0824e-08
0.125731 5.00874e-08
0.125821 4.91729e-08
0.125911 4.84126e-08
0.126001 4.85016e-08
0.126091 4.80147e-08
0.126181 4.75201e-08
0.12627 4.89158e-08
0.12636 5.06938e-08
0.12645 5.20079e-08
0.12654 5.3577e-08
0.12663 5.44538e-08
0.12672 5.56268e-08
0.12681 5.6668e-08
0.1269 5.7929e-08
0.12699 5.84748e-08
0.12708 5.90024e-08
0.127169 6.02811e-08
0.127259 6.07234e-08
0.127349 6.08065e-08
0.127439 6.10928e-08
0.127529 6.10065e-08
0.127619 6.06911e-08
0.127709 6.06213e-08
0.127799 6.09421e-08
0.127889 6.12216e-08
0.127979 6.11333e-08
0.128068 6.13886e-08
0.128158 6.11558e-08
0.128248 6.00512e-08
0.128338 5.91773e-08
0.128428 5.85652e-08
0.128518 5.83138e-08
0.128608 5.84859e-08
0.128698 5.9045e-08
0.128788 5.94826e-08
0.128878 5.81722e-08
0.128968 5.76647e-08
0.129057 5.74769e-08
0.129147 5.72789e-08
0.129237 5.72707e-08
0.129327 5.82209e-08
0.129417 5.85221e-08
0.129507 5.85656e-08
0.129597 5.81709e-08
0.129687 5.79486e-08
0.129777 5.72833e-08
0.129867 5.68907e-08
0.129956 5.72153e-08
0.130046 5.73728e-08
0.130136 5.7188e-08
0.130226 5.71352e-08
0.130316 5.66928e-08
0.130406 5.67064e-08
0.130496 5.72983e-08
0.130586 5.82815e-08
0.130676 5.97972e-08
0.130766 6.01838e-08
0.130856 6.1769e-08
0.130945 6.34817e-08
0.131035 6.36435e-08
0.131125 6.34333e-08
0.131215 6.32326e-08
0.131305 6.31276e-08
0.131395 6.30096e-08
0.131485 6.09202e-08
0.131575 5.9897e-08
0.131665 5.83851e-08
0.131755 5.80851e-08
0.131844 5.77813e-08
0.131934 5.59548e-08
0.132024 5.35833e-08
0.132114 5.25503e-08
0.132204 5.13948e-08
0.132294 5.06835e-08
0.132384 5.07295e-08
0.132474 5.14618e-08
0.132564 5.36509e-08
0.132654 5.41738e-08
0.132744 5.47162e-08
0.132833 5.29367e-08
0.132923 5.20447e-08
0.133013 5.36801e-08
0.133103 5.56933e-08
0.133193 5.45418e-08
0.133283 5.41906e-08
0.133373 5.2539e-08
0.133463 4.86575e-08
0.133553 4.45723e-08
0.133643 3.78935e-08
0.133732 3.50793e-08
0.133822 3.39894e-08
0.133912 3.32223e-08
0.134002 3.20721e-08
0.134092 2.95328e-08
0.134182 2.60132e-08
0.134272 2.42658e-08
0.134362 2.28301e-08
0.134452 2.26784e-08
0.134542 2.41247e-08
0.134631 2.75918e-08
0.134721 3.20564e-08
0.134811 3.25406e-08
