-0.134811 3.89399e-08
-0.134721 4.00134e-08
-0.134631 3.93522e-08
-0.134542 3.95597e-08
-0.134452 3.86075e-08
-0.134362 3.79344e-08
-0.134272 3.64622e-08
-0.134182 3.68409e-08
-0.134092 3.65201e-08
-0.134002 3.68505e-08
-0.133912 3.72447e-08
-0.133822 3.72453e-08
-0.133732 3.73712e-08
-0.133642 3.80405e-08
-0.133553 3.90883e-08
-0.133463 3.92966e-08
-0.133373 4.03395e-08
-0.133283 4.11564e-08
-0.133193 4.15948e-08
-0.133103 4.18986e-08
-0.133013 4.20323e-08
-0.132923 4.27457e-08
-0.132833 4.35402e-08
-0.132743 4.42761e-08
-0.132654 4.48689e-08
-0.132564 4.45478e-08
-0.132474 4.37696e-08
-0.132384 4.36659e-08
-0.132294 4.33531e-08
-0.132204 4.25146e-08
-0.132114 4.23395e-08
-0.132024 4.2287e-08
-0.131934 4.2775e-08
-0.131844 4.17149e-08
-0.131754 4.11039e-08
-0.131665 4.11293e-08
-0.131575 4.10576e-08
-0.131485 4.13124e-08
-0.131395 4.22939e-08
-0.131305 4.18549e-08
-0.131215 4.22839e-08
-0.131125 4.18156e-08
-0.131035 4.26713e-08
-0.130945 4.28589e-08
-0.130855 4.34006e-08
-0.130766 4.38697e-08
-0.130676 4.48801e-08
-0.130586 4.60392e-08
-0.130496 4.667e-08
-0.130406 4.71016e-08
-0.130316 4.79245e-08
-0.130226 4.83285e-08
-0.130136 4.86795e-08
-0.130046 4.88098e-08
-0.129956 4.85039e-08
-0.129867 4.82055e-08
-0.129777 4.85284e-08
-0.129687 4.86346e-08
-0.129597 4.84757e-08
-0.129507 4.88649e-08
-0.129417 4.82566e-08
-0.129327 4.75151e-08
-0.129237 4.68475e-08
-0.129147 4.75031e-08
-0.129057 4.68012e-08
-0.128967 4.67874e-08
-0.128878 4.74492e-08
-0.128788 4.85957e-08
-0.128698 4.83053e-08
-0.128608 4.87315e-08
-0.128518 4.97347e-08
-0.128428 5.03766e-08
-0.128338 5.21009e-08
-0.128248 5.3406e-08
-0.128158 5.45477e-08
-0.128068 5.52646e-08
-0.127979 5.48262e-08
-0.127889 5.51375e-08
-0.127799 5.46933e-08
-0.127709 5.39611e-08
-0.127619 5.44209e-08
-0.127529 5.40874e-08
-0.127439 5.42211e-08
-0.127349 5.32384e-08
-0.127259 5.24155e-08
-0.127169 5.19395e-08
-0.127079 5.07559e-08
-0.12699 5.05663e-08
-0.1269 5.05802e-08
-0.12681 5.05774e-08
-0.12672 5.08007e-08
-0.12663 5.07135e-08
-0.12654 5.06916e-08
-0.12645 5.10134e-08
-0.12636 5.15415e-08
-0.12627 5.21074e-08
-0.12618 5.22385e-08
-0.126091 5.33836e-08
-0.126001 5.45653e-08
-0.125911 5.46282e-08
-0.125821 5.45319e-08
-0.125731 5.46584e-08
-0.125641 5.46831e-08
-0.125551 5.53139e-08
-0.125461 5.55381e-08
-0.125371 5.59714e-08
-0.125281 5.58919e-08
-0.125191 5.64756e-08
-0.125102 5.64416e-08
-0.125012 5.57432e-08
-0.124922 5.55011e-08
-0.124832 5.49754e-08
-0.124742 5.51836e-08
-0.124652 5.5303e-08
-0.124562 5.53393e-08
-0.124472 5.49472e-08
-0.124382 5.47717e-08
-0.124292 5.53538e-08
-0.124203 5.51376e-08
-0.124113 5.45742e-08
-0.124023 5.48055e-08
-0.123933 5.50938e-08
-0.123843 5.54454e-08
-0.123753 5.5584e-08
-0.123663 5.56791e-08
-0.123573 5.54752e-08
-0.123483 5.57018e-08
-0.123393 5.58933e-08
-0.123304 5.63464e-08
-0.123214 5.66003e-08
-0.123124 5.69206e-08
-0.123034 5.70596e-08
-0.122944 5.68594e-08
-0.122854 5.64945e-08
-0.122764 5.65487e-08
-0.122674 5.6456e-08
-0.122584 5.66221e-08
-0.122494 5.70771e-08
-0.122404 5.71118e-08
-0.122315 5.71146e-08
-0.122225 5.7337e-08
-0.122135 5.76506e-08
-0.122045 5.74654e-08
-0.121955 5.76795e-08
-0.121865 5.80107e-08
-0.121775 5.83188e-08
-0.121685 5.83488e-08
-0.121595 5.85599e-08
-0.121505 5.83531e-08
-0.121416 5.80924e-08
-0.121326 5.82158e-08
-0.121236 5.81595e-08
-0.121146 5.83271e-08
-0.121056 5.8272e-08
-0.120966 5.83931e-08
-0.120876 5.84928e-08
-0.120786 5.8628e-08
-0.120696 5.88151e-08
-0.120606 5.89363e-08
-0.120516 5.89269e-08
-0.120427 5.89745e-08
-0.120337 5.91756e-08
-0.120247 5.91549e-08
-0.120157 5.94461e-08
-0.120067 5.97375e-08
-0.119977 6.01124e-08
-0.119887 6.00968e-08
-0.119797 6.01156e-08
-0.119707 5.99305e-08
-0.119617 6.0038e-08
-0.119528 6.03019e-08
-0.119438 6.04869e-08
-0.119348 6.06419e-08
-0.119258 6.0813e-08
-0.119168 6.09141e-08
-0.119078 6.12519e-08
-0.118988 6.12724e-08
-0.118898 6.11558e-08
-0.118808 6.14301e-08
-0.118718 6.14757e-08
-0.118628 6.16033e-08
-0.118539 6.17094e-08
-0.118449 6.17607e-08
-0.118359 6.17629e-08
-0.118269 6.16898e-08
-0.118179 6.16519e-08
-0.118089 6.16301e-08
-0.117999 6.13839e-08
-0.117909 6.15084e-08
-0.117819 6.14641e-08
-0.117729 6.14268e-08
-0.11764 6.13799e-08
-0.11755 6.15725e-08
-0.11746 6.19354e-08
-0.11737 6.21594e-08
-0.11728 6.21382e-08
-0.11719 6.23266e-08
-0.1171 6.25294e-08
-0.11701 6.28789e-08
-0.11692 6.32225e-08
-0.11683 6.3446e-08
-0.116741 6.36854e-08
-0.116651 6.38643e-08
-0.116561 6.40886e-08
-0.116471 6.42078e-08
-0.116381 6.43712e-08
-0.116291 6.45171e-08
-0.116201 6.4779e-08
-0.116111 6.47357e-08
-0.116021 6.46231e-08
-0.115931 6.4574e-08
-0.115841 6.47137e-08
-0.115752 6.46673e-08
-0.115662 6.46784e-08
-0.115572 6.48252e-08
-0.115482 6.48053e-08
-0.115392 6.49728e-08
-0.115302 6.50995e-08
-0.115212 6.49045e-08
-0.115122 6.49692e-08
-0.115032 6.51188e-08
-0.114942 6.51951e-08
-0.114853 6.50153e-08
-0.114763 6.48938e-08
-0.114673 6.49374e-08
-0.114583 6.50677e-08
-0.114493 6.48918e-08
-0.114403 6.48219e-08
-0.114313 6.50459e-08
-0.114223 6.49583e-08
-0.114133 6.50661e-08
-0.114043 6.51152e-08
-0.113953 6.51377e-08
-0.113864 6.52253e-08
-0.113774 6.51515e-08
-0.113684 6.53814e-08
-0.113594 6.54574e-08
-0.113504 6.56686e-08
-0.113414 6.61828e-08
-0.113324 6.63942e-08
-0.113234 6.66216e-08
-0.113144 6.70151e-08
-0.113054 6.71704e-08
-0.112965 6.74051e-08
-0.112875 6.77102e-08
-0.112785 6.79036e-08
-0.112695 6.79459e-08
-0.112605 6.79524e-08
-0.112515 6.79479e-08
-0.112425 6.77052e-08
-0.112335 6.75115e-08
-0.112245 6.74872e-08
-0.112155 6.72578e-08
-0.112065 6.72392e-08
-0.111976 6.71998e-08
-0.111886 6.69348e-08
-0.111796 6.68394e-08
-0.111706 6.67005e-08
-0.111616 6.66656e-08
-0.111526 6.7003e-08
-0.111436 6.7055e-08
-0.111346 6.74221e-08
-0.111256 6.76573e-08
-0.111166 6.78862e-08
-0.111077 6.81105e-08
-0.110987 6.81712e-08
-0.110897 6.83778e-08
-0.110807 6.87317e-08
-0.110717 6.89092e-08
-0.110627 6.89664e-08
-0.110537 6.90589e-08
-0.110447 6.90984e-08
-0.110357 6.92517e-08
-0.110267 6.9311e-08
-0.110178 6.91864e-08
-0.110088 6.9068e-08
-0.109998 6.91241e-08
-0.109908 6.91532e-08
-0.109818 6.92438e-08
-0.109728 6.91409e-08
-0.109638 6.91448e-08
-0.109548 6.91772e-08
-0.109458 6.93446e-08
-0.109368 6.9373e-08
-0.109278 6.95177e-08
-0.109189 6.96068e-08
-0.109099 6.96348e-08
-0.109009 6.96097e-08
-0.108919 6.98161e-08
-0.108829 6.99355e-08
-0.108739 6.99228e-08
-0.108649 7.01038e-08
-0.108559 7.02854e-08
-0.108469 7.03452e-08
-0.108379 7.0352e-08
-0.10829 7.05202e-08
-0.1082 7.04068e-08
-0.10811 7.05516e-08
-0.10802 7.046e-08
-0.10793 7.04333e-08
-0.10784 7.04257e-08
-0.10775 7.04005e-08
-0.10766 7.04452e-08
-0.10757 7.04375e-08
-0.10748 7.05009e-08
-0.10739 7.03781e-08
-0.107301 7.02611e-08
-0.107211 7.02268e-08
-0.107121 7.02349e-08
-0.107031 7.02158e-08
-0.106941 7.03541e-08
-0.106851 7.0394e-08
-0.106761 7.04349e-08
-0.106671 7.04927e-08
-0.106581 7.06025e-08
-0.106491 7.07249e-08
-0.106402 7.09665e-08
-0.106312 7.11155e-08
-0.106222 7.12113e-08
-0.106132 7.12349e-08
-0.106042 7.12996e-08
-0.105952 7.13041e-08
-0.105862 7.127e-08
-0.105772 7.12037e-08
-0.105682 7.11677e-08
-0.105592 7.12175e-08
-0.105502 7.10679e-08
-0.105413 7.10544e-08
-0.105323 7.10842e-08
-0.105233 7.10596e-08
-0.105143 7.10705e-08
-0.105053 7.11365e-08
-0.104963 7.11782e-08
-0.104873 7.13708e-08
-0.104783 7.14991e-08
-0.104693 7.16397e-08
-0.104603 7.16655e-08
-0.104514 7.1741e-08
-0.104424 7.19109e-08
-0.104334 7.19101e-08
-0.104244 7.20066e-08
-0.104154 7.20232e-08
-0.104064 7.20511e-08
-0.103974 7.20479e-08
-0.103884 7.21221e-08
-0.103794 7.21877e-08
-0.103704 7.22502e-08
-0.103614 7.22176e-08
-0.103525 7.22021e-08
-0.103435 7.20577e-08
-0.103345 7.20143e-08
-0.103255 7.18705e-08
-0.103165 7.18498e-08
-0.103075 7.17535e-08
-0.102985 7.16489e-08
-0.102895 7.16356e-08
-0.102805 7.15268e-08
-0.102715 7.14716e-08
-0.102626 7.13807e-08
-0.102536 7.13125e-08
-0.102446 7.1356e-08
-0.102356 7.1414e-08
-0.102266 7.13719e-08
-0.102176 7.13117e-08
-0.102086 7.13624e-08
-0.101996 7.14615e-08
-0.101906 7.14816e-08
-0.101816 7.15071e-08
-0.101727 7.1566e-08
-0.101637 7.15417e-08
-0.101547 7.1617e-08
-0.101457 7.17668e-08
-0.101367 7.17697e-08
-0.101277 7.17423e-08
-0.101187 7.17277e-08
-0.101097 7.18061e-08
-0.101007 7.17686e-08
-0.100917 7.18154e-08
-0.100827 7.18105e-08
-0.100738 7.18217e-08
-0.100648 7.18231e-08
-0.100558 7.185e-08
-0.100468 7.18252e-08
-0.100378 7.17436e-08
-0.100288 7.17651e-08
-0.100198 7.17851e-08
-0.100108 7.17413e-08
-0.100018 7.16607e-08
-0.0999284 7.16149e-08
-0.0998385 7.15637e-08
-0.0997486 7.15563e-08
-0.0996587 7.1447e-08
-0.0995688 7.13187e-08
-0.0994789 7.12578e-08
-0.099389 7.12045e-08
-0.0992991 7.11741e-08
-0.0992092 7.11001e-08
-0.0991193 7.10224e-08
-0.0990294 7.10078e-08
-0.0989395 7.09458e-08
-0.0988496 7.09412e-08
-0.0987597 7.08597e-08
-0.0986698 7.08198e-08
-0.0985799 7.08113e-08
-0.09849 7.08106e-08
-0.0984001 7.08403e-08
-0.0983102 7.08401e-08
-0.0982202 7.09005e-08
-0.0981303 7.09858e-08
-0.0980404 7.1138e-08
-0.0979505 7.12208e-08
-0.0978606 7.13105e-08
-0.0977707 7.13936e-08
-0.0976808 7.15054e-08
-0.0975909 7.16368e-08
-0.097501 7.17382e-08
-0.0974111 7.17674e-08
-0.0973212 7.17961e-08
-0.0972313 7.18576e-08
-0.0971414 7.18761e-08
-0.0970515 7.18496e-08
-0.0969616 7.1829e-08
-0.0968717 7.1781e-08
-0.0967818 7.1693e-08
-0.0966919 7.16817e-08
-0.096602 7.1601e-08
-0.0965121 7.15368e-08
-0.0964222 7.15279e-08
-0.0963323 7.14674e-08
-0.0962424 7.14261e-08
-0.0961525 7.13638e-08
-0.0960626 7.13418e-08
-0.0959726 7.13703e-08
-0.0958827 7.13943e-08
-0.0957928 7.13555e-08
-0.0957029 7.12943e-08
-0.095613 7.12563e-08
-0.0955231 7.12323e-08
-0.0954332 7.11706e-08
-0.0953433 7.11412e-08
-0.0952534 7.11335e-08
-0.0951635 7.11193e-08
-0.0950736 7.11366e-08
-0.0949837 7.10705e-08
-0.0948938 7.09783e-08
-0.0948039 7.09292e-08
-0.094714 7.09818e-08
-0.0946241 7.10174e-08
-0.0945342 7.10499e-08
-0.0944443 7.1067e-08
-0.0943544 7.11031e-08
-0.0942645 7.11139e-08
-0.0941746 7.11151e-08
-0.0940847 7.10332e-08
-0.0939948 7.09474e-08
-0.0939049 7.09317e-08
-0.0938149 7.08826e-08
-0.093725 7.08667e-08
-0.0936351 7.08221e-08
-0.0935452 7.06988e-08
-0.0934553 7.05859e-08
-0.0933654 7.05313e-08
-0.0932755 7.04562e-08
-0.0931856 7.03924e-08
-0.0930957 7.03494e-08
-0.0930058 7.03556e-08
-0.0929159 7.02436e-08
-0.092826 7.01962e-08
-0.0927361 7.01093e-08
-0.0926462 7.00555e-08
-0.0925563 6.99939e-08
-0.0924664 6.99524e-08
-0.0923765 6.99041e-08
-0.0922866 6.98401e-08
-0.0921967 6.97388e-08
-0.0921068 6.96407e-08
-0.0920169 6.95277e-08
-0.091927 6.94601e-08
-0.0918371 6.94767e-08
-0.0917472 6.94407e-08
-0.0916572 6.93962e-08
-0.0915673 6.93126e-08
-0.0914774 6.93019e-08
-0.0913875 6.91857e-08
-0.0912976 6.90916e-08
-0.0912077 6.89767e-08
-0.0911178 6.88907e-08
-0.0910279 6.88603e-08
-0.090938 6.88408e-08
-0.0908481 6.87438e-08
-0.0907582 6.86183e-08
-0.0906683 6.85225e-08
-0.0905784 6.84446e-08
-0.0904885 6.83015e-08
-0.0903986 6.82251e-08
-0.0903087 6.81173e-08
-0.0902188 6.80329e-08
-0.0901289 6.79482e-08
-0.090039 6.78669e-08
-0.0899491 6.77718e-08
-0.0898592 6.7629e-08
-0.0897693 6.75824e-08
-0.0896794 6.7539e-08
-0.0895895 6.74879e-08
-0.0894995 6.74546e-08
-0.0894096 6.73627e-08
-0.0893197 6.73224e-08
-0.0892298 6.72976e-08
-0.0891399 6.72723e-08
-0.08905 6.72682e-08
-0.0889601 6.71779e-08
-0.0888702 6.70976e-08
-0.0887803 6.70538e-08
-0.0886904 6.69694e-08
-0.0886005 6.68835e-08
-0.0885106 6.68005e-08
-0.0884207 6.67281e-08
-0.0883308 6.66537e-08
-0.0882409 6.65399e-08
-0.088151 6.64349e-08
-0.0880611 6.63281e-08
-0.0879712 6.62422e-08
-0.0878813 6.61691e-08
-0.0877914 6.60781e-08
-0.0877015 6.59305e-08
-0.0876116 6.58472e-08
-0.0875217 6.57172e-08
-0.0874318 6.55871e-08
-0.0873418 6.55161e-08
-0.0872519 6.53684e-08
-0.087162 6.53004e-08
-0.0870721 6.5207e-08
-0.0869822 6.51031e-08
-0.0868923 6.50169e-08
-0.0868024 6.4962e-08
-0.0867125 6.49117e-08
-0.0866226 6.48259e-08
-0.0865327 6.47195e-08
-0.0864428 6.46459e-08
-0.0863529 6.4574e-08
-0.086263 6.44701e-08
-0.0861731 6.44031e-08
-0.0860832 6.42687e-08
-0.0859933 6.41808e-08
-0.0859034 6.40559e-08
-0.0858135 6.39789e-08
-0.0857236 6.38664e-08
-0.0856337 6.37692e-08
-0.0855438 6.36316e-08
-0.0854539 6.35694e-08
-0.085364 6.34879e-08
-0.0852741 6.33747e-08
-0.0851841 6.332e-08
-0.0850942 6.32762e-08
-0.0850043 6.32413e-08
-0.0849144 6.31883e-08
-0.0848245 6.31409e-08
-0.0847346 6.30733e-08
-0.0846447 6.30382e-08
-0.0845548 6.30018e-08
-0.0844649 6.29687e-08
-0.084375 6.29332e-08
-0.0842851 6.29009e-08
-0.0841952 6.28539e-08
-0.0841053 6.28522e-08
-0.0840154 6.27598e-08
-0.0839255 6.26916e-08
-0.0838356 6.26844e-08
-0.0837457 6.26431e-08
-0.0836558 6.25688e-08
-0.0835659 6.24781e-08
-0.083476 6.24035e-08
-0.0833861 6.23343e-08
-0.0832962 6.22455e-08
-0.0832063 6.21482e-08
-0.0831164 6.20905e-08
-0.0830264 6.19955e-08
-0.0829365 6.19318e-08
-0.0828466 6.1811e-08
-0.0827567 6.17399e-08
-0.0826668 6.16597e-08
-0.0825769 6.16022e-08
-0.082487 6.14934e-08
-0.0823971 6.1418e-08
-0.0823072 6.13418e-08
-0.0822173 6.12095e-08
-0.0821274 6.11649e-08
-0.0820375 6.11154e-08
-0.0819476 6.10423e-08
-0.0818577 6.09653e-08
-0.0817678 6.08496e-08
-0.0816779 6.0747e-08
-0.081588 6.07025e-08
-0.0814981 6.06416e-08
-0.0814082 6.06026e-08
-0.0813183 6.05503e-08
-0.0812284 6.04701e-08
-0.0811385 6.04366e-08
-0.0810486 6.03623e-08
-0.0809587 6.0299e-08
-0.0808687 6.02581e-08
-0.0807788 6.02059e-08
-0.0806889 6.01075e-08
-0.080599 6.0038e-08
-0.0805091 5.99696e-08
-0.0804192 5.98995e-08
-0.0803293 5.98377e-08
-0.0802394 5.97718e-08
-0.0801495 5.97338e-08
-0.0800596 5.96733e-08
-0.0799697 5.96088e-08
-0.0798798 5.95231e-08
-0.0797899 5.94231e-08
-0.0797 5.93739e-08
-0.0796101 5.92977e-08
-0.0795202 5.92413e-08
-0.0794303 5.91212e-08
-0.0793404 5.90428e-08
-0.0792505 5.89202e-08
-0.0791606 5.8831e-08
-0.0790707 5.87545e-08
-0.0789808 5.86288e-08
-0.0788909 5.85396e-08
-0.078801 5.84646e-08
-0.078711 5.83572e-08
-0.0786211 5.8271e-08
-0.0785312 5.82003e-08
-0.0784413 5.80856e-08
-0.0783514 5.79929e-08
-0.0782615 5.78756e-08
-0.0781716 5.77877e-08
-0.0780817 5.76974e-08
-0.0779918 5.76175e-08
-0.0779019 5.75393e-08
-0.077812 5.74485e-08
-0.0777221 5.73592e-08
-0.0776322 5.73059e-08
-0.0775423 5.7223e-08
-0.0774524 5.71513e-08
-0.0773625 5.70778e-08
-0.0772726 5.69964e-08
-0.0771827 5.69213e-08
-0.0770928 5.68311e-08
-0.0770029 5.67118e-08
-0.076913 5.66045e-08
-0.0768231 5.65051e-08
-0.0767332 5.64283e-08
-0.0766433 5.63302e-08
-0.0765534 5.62361e-08
-0.0764634 5.61343e-08
-0.0763735 5.6031e-08
-0.0762836 5.59409e-08
-0.0761937 5.58277e-08
-0.0761038 5.57458e-08
-0.0760139 5.56367e-08
-0.075924 5.55386e-08
-0.0758341 5.54407e-08
-0.0757442 5.53425e-08
-0.0756543 5.52145e-08
-0.0755644 5.51172e-08
-0.0754745 5.50397e-08
-0.0753846 5.49411e-08
-0.0752947 5.48588e-08
-0.0752048 5.47652e-08
-0.0751149 5.46739e-08
-0.075025 5.45769e-08
-0.0749351 5.44954e-08
-0.0748452 5.44447e-08
-0.0747553 5.44016e-08
-0.0746654 5.43526e-08
-0.0745755 5.42868e-08
-0.0744856 5.4232e-08
-0.0743957 5.41745e-08
-0.0743057 5.4112e-08
-0.0742158 5.40476e-08
-0.0741259 5.39927e-08
-0.074036 5.39253e-08
-0.0739461 5.38763e-08
-0.0738562 5.38103e-08
-0.0737663 5.3734e-08
-0.0736764 5.36654e-08
-0.0735865 5.35666e-08
-0.0734966 5.34993e-08
-0.0734067 5.34216e-08
-0.0733168 5.33759e-08
-0.0732269 5.33103e-08
-0.073137 5.32553e-08
-0.0730471 5.32107e-08
-0.0729572 5.31605e-08
-0.0728673 5.30963e-08
-0.0727774 5.30353e-08
-0.0726875 5.29824e-08
-0.0725976 5.29207e-08
-0.0725077 5.284e-08
-0.0724178 5.27957e-08
-0.0723279 5.27268e-08
-0.072238 5.26402e-08
-0.072148 5.2577e-08
-0.0720581 5.25309e-08
-0.0719682 5.24863e-08
-0.0718783 5.24404e-08
-0.0717884 5.24034e-08
-0.0716985 5.23518e-08
-0.0716086 5.23133e-08
-0.0715187 5.22644e-08
-0.0714288 5.22063e-08
-0.0713389 5.21361e-08
-0.071249 5.20823e-08
-0.0711591 5.2034e-08
-0.0710692 5.19887e-08
-0.0709793 5.19657e-08
-0.0708894 5.19435e-08
-0.0707995 5.19001e-08
-0.0707096 5.18596e-08
-0.0706197 5.18206e-08
-0.0705298 5.17759e-08
-0.0704399 5.17407e-08
-0.07035 5.1712e-08
-0.0702601 5.16697e-08
-0.0701702 5.16568e-08
-0.0700803 5.16358e-08
-0.0699903 5.15956e-08
-0.0699004 5.15637e-08
-0.0698105 5.15175e-08
-0.0697206 5.14762e-08
-0.0696307 5.14569e-08
-0.0695408 5.14412e-08
-0.0694509 5.1427e-08
-0.069361 5.14155e-08
-0.0692711 5.14183e-08
-0.0691812 5.13931e-08
-0.0690913 5.13526e-08
-0.0690014 5.13239e-08
-0.0689115 5.12825e-08
-0.0688216 5.12456e-08
-0.0687317 5.12298e-08
-0.0686418 5.11759e-08
-0.0685519 5.10951e-08
-0.068462 5.10508e-08
-0.0683721 5.1018e-08
-0.0682822 5.09709e-08
-0.0681923 5.09032e-08
-0.0681024 5.0854e-08
-0.0680125 5.0797e-08
-0.0679226 5.07673e-08
-0.0678326 5.07288e-08
-0.0677427 5.06732e-08
-0.0676528 5.06093e-08
-0.0675629 5.05432e-08
-0.067473 5.04726e-08
-0.0673831 5.03923e-08
-0.0672932 5.03338e-08
-0.0672033 5.02519e-08
-0.0671134 5.01863e-08
-0.0670235 5.01059e-08
-0.0669336 5.00221e-08
-0.0668437 4.99839e-08
-0.0667538 4.99324e-08
-0.0666639 4.98606e-08
-0.066574 4.98074e-08
-0.0664841 4.9787e-08
-0.0663942 4.97476e-08
-0.0663043 4.96803e-08
-0.0662144 4.96208e-08
-0.0661245 4.95547e-08
-0.0660346 4.94865e-08
-0.0659447 4.94209e-08
-0.0658548 4.93687e-08
-0.0657649 4.93342e-08
-0.0656749 4.93027e-08
-0.065585 4.92753e-08
-0.0654951 4.92439e-08
-0.0654052 4.92195e-08
-0.0653153 4.91929e-08
-0.0652254 4.91799e-08
-0.0651355 4.91867e-08
-0.0650456 4.91839e-08
-0.0649557 4.9176e-08
-0.0648658 4.91846e-08
-0.0647759 4.9175e-08
-0.064686 4.91656e-08
-0.0645961 4.91634e-08
-0.0645062 4.91649e-08
-0.0644163 4.91576e-08
-0.0643264 4.91414e-08
-0.0642365 4.9135e-08
-0.0641466 4.91467e-08
-0.0640567 4.9144e-08
-0.0639668 4.91558e-08
-0.0638769 4.91642e-08
-0.063787 4.91459e-08
-0.0636971 4.91313e-08
-0.0636072 4.91295e-08
-0.0635172 4.91288e-08
-0.0634273 4.91099e-08
-0.0633374 4.9093e-08
-0.0632475 4.90878e-08
-0.0631576 4.90736e-08
-0.0630677 4.90579e-08
-0.0629778 4.90367e-08
-0.0628879 4.90167e-08
-0.062798 4.89965e-08
-0.0627081 4.89718e-08
-0.0626182 4.89445e-08
-0.0625283 4.89251e-08
-0.0624384 4.89174e-08
-0.0623485 4.88885e-08
-0.0622586 4.88744e-08
-0.0621687 4.88605e-08
-0.0620788 4.88519e-08
-0.0619889 4.88213e-08
-0.061899 4.8798e-08
-0.0618091 4.87965e-08
-0.0617192 4.87907e-08
-0.0616293 4.87626e-08
-0.0615394 4.87342e-08
-0.0614495 4.87174e-08
-0.0613595 4.87019e-08
-0.0612696 4.86784e-08
-0.0611797 4.8652e-08
-0.0610898 4.86353e-08
-0.0609999 4.8625e-08
-0.06091 4.86003e-08
-0.0608201 4.85779e-08
-0.0607302 4.85596e-08
-0.0606403 4.8516e-08
-0.0605504 4.84784e-08
-0.0604605 4.84547e-08
-0.0603706 4.84125e-08
-0.0602807 4.83893e-08
-0.0601908 4.83483e-08
-0.0601009 4.83154e-08
-0.060011 4.82785e-08
-0.0599211 4.82442e-08
-0.0598312 4.82009e-08
-0.0597413 4.81699e-08
-0.0596514 4.81079e-08
-0.0595615 4.80589e-08
-0.0594716 4.80191e-08
-0.0593817 4.79816e-08
-0.0592918 4.7942e-08
-0.0592018 4.78957e-08
-0.0591119 4.78444e-08
-0.059022 4.77869e-08
-0.0589321 4.77165e-08
-0.0588422 4.76702e-08
-0.0587523 4.76324e-08
-0.0586624 4.75804e-08
-0.0585725 4.75386e-08
-0.0584826 4.7498e-08
-0.0583927 4.74526e-08
-0.0583028 4.74031e-08
-0.0582129 4.73567e-08
-0.058123 4.73183e-08
-0.0580331 4.7283e-08
-0.0579432 4.72372e-08
-0.0578533 4.71977e-08
-0.0577634 4.71652e-08
-0.0576735 4.71322e-08
-0.0575836 4.70941e-08
-0.0574937 4.70746e-08
-0.0574038 4.7036e-08
-0.0573139 4.69877e-08
-0.057224 4.69588e-08
-0.0571341 4.69374e-08
-0.0570442 4.69031e-08
-0.0569542 4.68796e-08
-0.0568643 4.68506e-08
-0.0567744 4.68355e-08
-0.0566845 4.6798e-08
-0.0565946 4.67757e-08
-0.0565047 4.67371e-08
-0.0564148 4.66995e-08
-0.0563249 4.66592e-08
-0.056235 4.66223e-08
-0.0561451 4.65898e-08
-0.0560552 4.65564e-08
-0.0559653 4.65174e-08
-0.0558754 4.64783e-08
-0.0557855 4.64369e-08
-0.0556956 4.64021e-08
-0.0556057 4.63701e-08
-0.0555158 4.63225e-08
-0.0554259 4.62884e-08
-0.055336 4.62577e-08
-0.0552461 4.62279e-08
-0.0551562 4.61847e-08
-0.0550663 4.61332e-08
-0.0549764 4.61014e-08
-0.0548865 4.6074e-08
-0.0547965 4.60358e-08
-0.0547066 4.6001e-08
-0.0546167 4.59578e-08
-0.0545268 4.59187e-08
-0.0544369 4.58815e-08
-0.054347 4.5853e-08
-0.0542571 4.58098e-08
-0.0541672 4.57741e-08
-0.0540773 4.57367e-08
-0.0539874 4.56991e-08
-0.0538975 4.56469e-08
-0.0538076 4.55996e-08
-0.0537177 4.55474e-08
-0.0536278 4.55019e-08
-0.0535379 4.54715e-08
-0.053448 4.5439e-08
-0.0533581 4.54039e-08
-0.0532682 4.53612e-08
-0.0531783 4.53215e-08
-0.0530884 4.5279e-08
-0.0529985 4.52324e-08
-0.0529086 4.51969e-08
-0.0528187 4.51362e-08
-0.0527288 4.50912e-08
-0.0526388 4.50426e-08
-0.0525489 4.50007e-08
-0.052459 4.49616e-08
-0.0523691 4.49207e-08
-0.0522792 4.48802e-08
-0.0521893 4.48384e-08
-0.0520994 4.48036e-08
-0.0520095 4.47628e-08
-0.0519196 4.47145e-08
-0.0518297 4.46742e-08
-0.0517398 4.46492e-08
-0.0516499 4.46007e-08
-0.05156 4.45655e-08
-0.0514701 4.45197e-08
-0.0513802 4.44803e-08
-0.0512903 4.44385e-08
-0.0512004 4.4406e-08
-0.0511105 4.43665e-08
-0.0510206 4.43265e-08
-0.0509307 4.42952e-08
-0.0508408 4.42564e-08
-0.0507509 4.42187e-08
-0.050661 4.41705e-08
-0.0505711 4.41241e-08
-0.0504811 4.40847e-08
-0.0503912 4.40482e-08
-0.0503013 4.40155e-08
-0.0502114 4.39751e-08
-0.0501215 4.39344e-08
-0.0500316 4.38902e-08
-0.0499417 4.38628e-08
-0.0498518 4.38263e-08
-0.0497619 4.37969e-08
-0.049672 4.37496e-08
-0.0495821 4.37087e-08
-0.0494922 4.36705e-08
-0.0494023 4.36301e-08
-0.0493124 4.35803e-08
-0.0492225 4.35275e-08
-0.0491326 4.34697e-08
-0.0490427 4.34162e-08
-0.0489528 4.33678e-08
-0.0488629 4.33268e-08
-0.048773 4.32768e-08
-0.0486831 4.32325e-08
-0.0485932 4.3192e-08
-0.0485033 4.31444e-08
-0.0484134 4.31039e-08
-0.0483234 4.30521e-08
-0.0482335 4.29991e-08
-0.0481436 4.29426e-08
-0.0480537 4.28996e-08
-0.0479638 4.28492e-08
-0.0478739 4.27876e-08
-0.047784 4.27383e-08
-0.0476941 4.26745e-08
-0.0476042 4.26211e-08
-0.0475143 4.2557e-08
-0.0474244 4.25031e-08
-0.0473345 4.24523e-08
-0.0472446 4.24018e-08
-0.0471547 4.23497e-08
-0.0470648 4.22934e-08
-0.0469749 4.22445e-08
-0.046885 4.21823e-08
-0.0467951 4.21292e-08
-0.0467052 4.20712e-08
-0.0466153 4.20098e-08
-0.0465254 4.19475e-08
-0.0464355 4.18765e-08
-0.0463456 4.18222e-08
-0.0462557 4.17654e-08
-0.0461657 4.17118e-08
-0.0460758 4.16496e-08
-0.0459859 4.15708e-08
-0.045896 4.15046e-08
-0.0458061 4.14506e-08
-0.0457162 4.13903e-08
-0.0456263 4.13286e-08
-0.0455364 4.12679e-08
-0.0454465 4.12113e-08
-0.0453566 4.11491e-08
-0.0452667 4.10911e-08
-0.0451768 4.10333e-08
-0.0450869 4.09648e-08
-0.044997 4.08979e-08
-0.0449071 4.08343e-08
-0.0448172 4.07727e-08
-0.0447273 4.07188e-08
-0.0446374 4.06534e-08
-0.0445475 4.05871e-08
-0.0444576 4.05159e-08
-0.0443677 4.04473e-08
-0.0442778 4.0386e-08
-0.0441879 4.032e-08
-0.044098 4.02523e-08
-0.044008 4.01769e-08
-0.0439181 4.01047e-08
-0.0438282 4.00328e-08
-0.0437383 3.99605e-08
-0.0436484 3.98891e-08
-0.0435585 3.98128e-08
-0.0434686 3.97347e-08
-0.0433787 3.96502e-08
-0.0432888 3.95675e-08
-0.0431989 3.94835e-08
-0.043109 3.93921e-08
-0.0430191 3.93077e-08
-0.0429292 3.92181e-08
-0.0428393 3.91192e-08
-0.0427494 3.90251e-08
-0.0426595 3.89328e-08
-0.0425696 3.8825e-08
-0.0424797 3.87276e-08
-0.0423898 3.86216e-08
-0.0422999 3.8526e-08
-0.04221 3.84234e-08
-0.0421201 3.83134e-08
-0.0420302 3.82166e-08
-0.0419403 3.81109e-08
-0.0418503 3.80097e-08
-0.0417604 3.79101e-08
-0.0416705 3.7808e-08
-0.0415806 3.77047e-08
-0.0414907 3.75904e-08
-0.0414008 3.74842e-08
-0.0413109 3.73765e-08
-0.041221 3.72704e-08
-0.0411311 3.71658e-08
-0.0410412 3.70611e-08
-0.0409513 3.695e-08
-0.0408614 3.68396e-08
-0.0407715 3.6736e-08
-0.0406816 3.66327e-08
-0.0405917 3.65218e-08
-0.0405018 3.64133e-08
-0.0404119 3.63081e-08
-0.040322 3.62068e-08
-0.0402321 3.60997e-08
-0.0401422 3.59928e-08
-0.0400523 3.58871e-08
-0.0399624 3.5779e-08
-0.0398725 3.56737e-08
-0.0397826 3.55641e-08
-0.0396927 3.54533e-08
-0.0396027 3.53417e-08
-0.0395128 3.5235e-08
-0.0394229 3.51246e-08
-0.039333 3.50133e-08
-0.0392431 3.48989e-08
-0.0391532 3.4794e-08
-0.0390633 3.46863e-08
-0.0389734 3.45691e-08
-0.0388835 3.44658e-08
-0.0387936 3.43545e-08
-0.0387037 3.42468e-08
-0.0386138 3.4146e-08
-0.0385239 3.40441e-08
-0.038434 3.39382e-08
-0.0383441 3.38293e-08
-0.0382542 3.37137e-08
-0.0381643 3.36065e-08
-0.0380744 3.34976e-08
-0.0379845 3.33941e-08
-0.0378946 3.3289e-08
-0.0378047 3.31851e-08
-0.0377148 3.30798e-08
-0.0376249 3.29803e-08
-0.037535 3.28737e-08
-0.037445 3.27698e-08
-0.0373551 3.26652e-08
-0.0372652 3.25644e-08
-0.0371753 3.24675e-08
-0.0370854 3.23785e-08
-0.0369955 3.22924e-08
-0.0369056 3.21999e-08
-0.0368157 3.21054e-08
-0.0367258 3.20112e-08
-0.0366359 3.1916e-08
-0.036546 3.1818e-08
-0.0364561 3.17191e-08
-0.0363662 3.16259e-08
-0.0362763 3.15289e-08
-0.0361864 3.14384e-08
-0.0360965 3.13389e-08
-0.0360066 3.12445e-08
-0.0359167 3.11509e-08
-0.0358268 3.10574e-08
-0.0357369 3.09642e-08
-0.035647 3.08699e-08
-0.0355571 3.07695e-08
-0.0354672 3.0671e-08
-0.0353773 3.05732e-08
-0.0352873 3.04732e-08
-0.0351974 3.03732e-08
-0.0351075 3.02801e-08
-0.0350176 3.01759e-08
-0.0349277 3.00657e-08
-0.0348378 2.99664e-08
-0.0347479 2.98732e-08
-0.034658 2.97754e-08
-0.0345681 2.96681e-08
-0.0344782 2.95654e-08
-0.0343883 2.94549e-08
-0.0342984 2.93491e-08
-0.0342085 2.92412e-08
-0.0341186 2.91414e-08
-0.0340287 2.90458e-08
-0.0339388 2.89419e-08
-0.0338489 2.885e-08
-0.033759 2.87528e-08
-0.0336691 2.86657e-08
-0.0335792 2.85651e-08
-0.0334893 2.84593e-08
-0.0333994 2.83678e-08
-0.0333095 2.82705e-08
-0.0332196 2.81754e-08
-0.0331296 2.80856e-08
-0.0330397 2.79903e-08
-0.0329498 2.78911e-08
-0.0328599 2.77951e-08
-0.03277 2.76943e-08
-0.0326801 2.76034e-08
-0.0325902 2.75169e-08
-0.0325003 2.74182e-08
-0.0324104 2.73206e-08
-0.0323205 2.72278e-08
-0.0322306 2.71298e-08
-0.0321407 2.70413e-08
-0.0320508 2.69572e-08
-0.0319609 2.68615e-08
-0.031871 2.67662e-08
-0.0317811 2.66635e-08
-0.0316912 2.65599e-08
-0.0316013 2.64737e-08
-0.0315114 2.63825e-08
-0.0314215 2.62893e-08
-0.0313316 2.61969e-08
-0.0312417 2.61049e-08
-0.0311518 2.60078e-08
-0.0310619 2.59219e-08
-0.0309719 2.58362e-08
-0.030882 2.57417e-08
-0.0307921 2.56493e-08
-0.0307022 2.55608e-08
-0.0306123 2.54694e-08
-0.0305224 2.53776e-08
-0.0304325 2.52822e-08
-0.0303426 2.51972e-08
-0.0302527 2.51161e-08
-0.0301628 2.50417e-08
-0.0300729 2.49518e-08
-0.029983 2.48766e-08
-0.0298931 2.47856e-08
-0.0298032 2.47058e-08
-0.0297133 2.46239e-08
-0.0296234 2.454e-08
-0.0295335 2.44605e-08
-0.0294436 2.43714e-08
-0.0293537 2.42851e-08
-0.0292638 2.4202e-08
-0.0291739 2.41212e-08
-0.029084 2.4044e-08
-0.0289941 2.39761e-08
-0.0289042 2.38968e-08
-0.0288142 2.38187e-08
-0.0287243 2.37508e-08
-0.0286344 2.36842e-08
-0.0285445 2.36115e-08
-0.0284546 2.35397e-08
-0.0283647 2.34726e-08
-0.0282748 2.33953e-08
-0.0281849 2.3321e-08
-0.028095 2.32573e-08
-0.0280051 2.31959e-08
-0.0279152 2.31319e-08
-0.0278253 2.30609e-08
-0.0277354 2.29912e-08
-0.0276455 2.29258e-08
-0.0275556 2.28587e-08
-0.0274657 2.27931e-08
-0.0273758 2.27349e-08
-0.0272859 2.26701e-08
-0.027196 2.25995e-08
-0.0271061 2.25312e-08
-0.0270162 2.24648e-08
-0.0269263 2.23989e-08
-0.0268364 2.23362e-08
-0.0267465 2.22624e-08
-0.0266565 2.2188e-08
-0.0265666 2.21229e-08
-0.0264767 2.20501e-08
-0.0263868 2.1986e-08
-0.0262969 2.19199e-08
-0.026207 2.18533e-08
-0.0261171 2.17848e-08
-0.0260272 2.1713e-08
-0.0259373 2.16342e-08
-0.0258474 2.15635e-08
-0.0257575 2.14912e-08
-0.0256676 2.14085e-08
-0.0255777 2.13271e-08
-0.0254878 2.12577e-08
-0.0253979 2.1177e-08
-0.025308 2.11021e-08
-0.0252181 2.10271e-08
-0.0251282 2.09563e-08
-0.0250383 2.08806e-08
-0.0249484 2.08119e-08
-0.0248585 2.0734e-08
-0.0247686 2.06594e-08
-0.0246787 2.05798e-08
-0.0245888 2.04909e-08
-0.0244988 2.04145e-08
-0.0244089 2.03265e-08
-0.024319 2.02464e-08
-0.0242291 2.01646e-08
-0.0241392 2.00856e-08
-0.0240493 2.00039e-08
-0.0239594 1.99196e-08
-0.0238695 1.98347e-08
-0.0237796 1.97501e-08
-0.0236897 1.96725e-08
-0.0235998 1.95852e-08
-0.0235099 1.95001e-08
-0.02342 1.94178e-08
-0.0233301 1.93405e-08
-0.0232402 1.92575e-08
-0.0231503 1.91696e-08
-0.0230604 1.90843e-08
-0.0229705 1.90021e-08
-0.0228806 1.8915e-08
-0.0227907 1.88307e-08
-0.0227008 1.87393e-08
-0.0226109 1.86517e-08
-0.022521 1.85584e-08
-0.0224311 1.84671e-08
-0.0223411 1.83713e-08
-0.0222512 1.82787e-08
-0.0221613 1.81859e-08
-0.0220714 1.8088e-08
-0.0219815 1.79949e-08
-0.0218916 1.79056e-08
-0.0218017 1.78001e-08
-0.0217118 1.77091e-08
-0.0216219 1.76148e-08
-0.021532 1.75238e-08
-0.0214421 1.74319e-08
-0.0213522 1.7337e-08
-0.0212623 1.72386e-08
-0.0211724 1.71442e-08
-0.0210825 1.70462e-08
-0.0209926 1.69484e-08
-0.0209027 1.68534e-08
-0.0208128 1.67547e-08
-0.0207229 1.6661e-08
-0.020633 1.65703e-08
-0.0205431 1.64779e-08
-0.0204532 1.63901e-08
-0.0203633 1.63031e-08
-0.0202734 1.62103e-08
-0.0201835 1.61134e-08
-0.0200935 1.60218e-08
-0.0200036 1.59287e-08
-0.0199137 1.584e-08
-0.0198238 1.57491e-08
-0.0197339 1.56614e-08
-0.019644 1.558e-08
-0.0195541 1.54835e-08
-0.0194642 1.53971e-08
-0.0193743 1.5306e-08
-0.0192844 1.52209e-08
-0.0191945 1.51306e-08
-0.0191046 1.50398e-08
-0.0190147 1.49532e-08
-0.0189248 1.48689e-08
-0.0188349 1.47794e-08
-0.018745 1.46927e-08
-0.0186551 1.46088e-08
-0.0185652 1.4519e-08
-0.0184753 1.44282e-08
-0.0183854 1.43399e-08
-0.0182955 1.42534e-08
-0.0182056 1.41678e-08
-0.0181157 1.40905e-08
-0.0180258 1.40099e-08
-0.0179358 1.39255e-08
-0.0178459 1.38422e-08
-0.017756 1.37529e-08
-0.0176661 1.36675e-08
-0.0175762 1.3588e-08
-0.0174863 1.35044e-08
-0.0173964 1.34197e-08
-0.0173065 1.33359e-08
-0.0172166 1.3252e-08
-0.0171267 1.3174e-08
-0.0170368 1.30947e-08
-0.0169469 1.30192e-08
-0.016857 1.29392e-08
-0.0167671 1.28597e-08
-0.0166772 1.27855e-08
-0.0165873 1.27075e-08
-0.0164974 1.26232e-08
-0.0164075 1.25488e-08
-0.0163176 1.24747e-08
-0.0162277 1.24034e-08
-0.0161378 1.23247e-08
-0.0160479 1.22578e-08
-0.015958 1.21889e-08
-0.0158681 1.21158e-08
-0.0157781 1.20436e-08
-0.0156882 1.19724e-08
-0.0155983 1.19087e-08
-0.0155084 1.18405e-08
-0.0154185 1.17729e-08
-0.0153286 1.17056e-08
-0.0152387 1.16431e-08
-0.0151488 1.15818e-08
-0.0150589 1.15148e-08
-0.014969 1.14462e-08
-0.0148791 1.13692e-08
-0.0147892 1.13001e-08
-0.0146993 1.12365e-08
-0.0146094 1.11712e-08
-0.0145195 1.11058e-08
-0.0144296 1.10342e-08
-0.0143397 1.09698e-08
-0.0142498 1.0909e-08
-0.0141599 1.08428e-08
-0.01407 1.07819e-08
-0.0139801 1.07145e-08
-0.0138902 1.06494e-08
-0.0138003 1.0578e-08
-0.0137104 1.05105e-08
-0.0136204 1.04478e-08
-0.0135305 1.03805e-08
-0.0134406 1.03155e-08
-0.0133507 1.02477e-08
-0.0132608 1.01843e-08
-0.0131709 1.01185e-08
-0.013081 1.00445e-08
-0.0129911 9.98506e-09
-0.0129012 9.9144e-09
-0.0128113 9.84421e-09
-0.0127214 9.77533e-09
-0.0126315 9.70914e-09
-0.0125416 9.63775e-09
-0.0124517 9.56852e-09
-0.0123618 9.50211e-09
-0.0122719 9.42677e-09
-0.012182 9.36296e-09
-0.0120921 9.29394e-09
-0.0120022 9.22755e-09
-0.0119123 9.16712e-09
-0.0118224 9.10253e-09
-0.0117325 9.03783e-09
-0.0116426 8.97344e-09
-0.0115527 8.9047e-09
-0.0114627 8.8309e-09
-0.0113728 8.75966e-09
-0.0112829 8.69636e-09
-0.011193 8.6277e-09
-0.0111031 8.56294e-09
-0.0110132 8.50433e-09
-0.0109233 8.43952e-09
-0.0108334 8.36976e-09
-0.0107435 8.30284e-09
-0.0106536 8.23667e-09
-0.0105637 8.16886e-09
-0.0104738 8.10081e-09
-0.0103839 8.02741e-09
-0.010294 7.95512e-09
-0.0102041 7.88683e-09
-0.0101142 7.8152e-09
-0.0100243 7.75458e-09
-0.00993438 7.69258e-09
-0.00984447 7.62049e-09
-0.00975457 7.54504e-09
-0.00966466 7.48065e-09
-0.00957476 7.40904e-09
-0.00948486 7.3364e-09
-0.00939495 7.27043e-09
-0.00930505 7.1954e-09
-0.00921514 7.12653e-09
-0.00912524 7.04989e-09
-0.00903534 6.98291e-09
-0.00894543 6.91681e-09
-0.00885553 6.84707e-09
-0.00876562 6.7744e-09
-0.00867572 6.70153e-09
-0.00858582 6.63686e-09
-0.00849591 6.57024e-09
-0.00840601 6.50062e-09
-0.0083161 6.43425e-09
-0.0082262 6.36771e-09
-0.00813629 6.30204e-09
-0.00804639 6.23308e-09
-0.00795649 6.16877e-09
-0.00786658 6.10268e-09
-0.00777668 6.03718e-09
-0.00768677 5.97323e-09
-0.00759687 5.90014e-09
-0.00750697 5.83914e-09
-0.00741706 5.78426e-09
-0.00732716 5.71464e-09
-0.00723725 5.65416e-09
-0.00714735 5.59511e-09
-0.00705744 5.53179e-09
-0.00696754 5.47404e-09
-0.00687764 5.40879e-09
-0.00678773 5.34676e-09
-0.00669783 5.28618e-09
-0.00660792 5.22647e-09
-0.00651802 5.16344e-09
-0.00642812 5.10666e-09
-0.00633821 5.04614e-09
-0.00624831 4.97779e-09
-0.0061584 4.92033e-09
-0.0060685 4.85928e-09
-0.00597859 4.80637e-09
-0.00588869 4.74504e-09
-0.00579879 4.67781e-09
-0.00570888 4.61531e-09
-0.00561898 4.55561e-09
-0.00552907 4.49601e-09
-0.00543917 4.43136e-09
-0.00534927 4.36746e-09
-0.00525936 4.30212e-09
-0.00516946 4.24236e-09
-0.00507955 4.17968e-09
-0.00498965 4.1141e-09
-0.00489975 4.05354e-09
-0.00480984 3.98618e-09
-0.00471994 3.9164e-09
-0.00463003 3.85613e-09
-0.00454013 3.79043e-09
-0.00445022 3.7307e-09
-0.00436032 3.66414e-09
-0.00427042 3.5931e-09
-0.00418051 3.53264e-09
-0.00409061 3.46985e-09
-0.0040007 3.39815e-09
-0.0039108 3.33303e-09
-0.0038209 3.26724e-09
-0.00373099 3.18916e-09
-0.00364109 3.1188e-09
-0.00355118 3.0516e-09
-0.00346128 2.97824e-09
-0.00337137 2.90922e-09
-0.00328147 2.83656e-09
-0.00319157 2.76536e-09
-0.00310166 2.69812e-09
-0.00301176 2.6257e-09
-0.00292185 2.55064e-09
-0.00283195 2.47428e-09
-0.00274205 2.39775e-09
-0.00265214 2.31547e-09
-0.00256224 2.24238e-09
-0.00247233 2.16266e-09
-0.00238243 2.09088e-09
-0.00229252 2.02016e-09
-0.00220262 1.93976e-09
-0.00211272 1.86138e-09
-0.00202281 1.78725e-09
-0.00193291 1.71233e-09
-0.001843 1.63751e-09
-0.0017531 1.56351e-09
-0.0016632 1.48074e-09
-0.00157329 1.40234e-09
-0.00148339 1.32453e-09
-0.00139348 1.24738e-09
-0.00130358 1.16938e-09
-0.00121368 1.08846e-09
-0.00112377 1.004e-09
-0.00103387 9.21051e-10
-0.000943963 8.50034e-10
-0.000854059 7.7714e-10
-0.000764154 6.97857e-10
-0.00067425 6.20785e-10
-0.000584346 5.41904e-10
-0.000494442 4.59041e-10
-0.000404538 3.84558e-10
-0.000314634 3.06422e-10
-0.00022473 2.34598e-10
-0.000134825 1.57365e-10
-4.49212e-05 7.68035e-11
4.49829e-05 0
0.000134887 -6.69179e-11
0.000224791 -1.369e-10
0.000314695 -2.06849e-10
0.0004046 -2.79913e-10
0.000494504 -3.53021e-10
0.000584408 -4.31873e-10
0.000674312 -4.99812e-10
0.000764216 -5.71499e-10
0.00085412 -6.41281e-10
0.000944024 -7.08158e-10
0.00103393 -7.74016e-10
0.00112383 -8.41219e-10
0.00121374 -9.01945e-10
0.00130364 -9.6682e-10
0.00139355 -1.03557e-09
0.00148345 -1.09466e-09
0.00157335 -1.15935e-09
0.00166326 -1.2193e-09
0.00175316 -1.27542e-09
0.00184307 -1.33161e-09
0.00193297 -1.38214e-09
0.00202287 -1.43438e-09
0.00211278 -1.48521e-09
0.00220268 -1.53889e-09
0.00229259 -1.58683e-09
0.00238249 -1.63701e-09
0.00247239 -1.6829e-09
0.0025623 -1.7326e-09
0.0026522 -1.78061e-09
0.00274211 -1.82124e-09
0.00283201 -1.862e-09
0.00292192 -1.9071e-09
0.00301182 -1.94311e-09
0.00310172 -1.98298e-09
0.00319163 -2.02145e-09
0.00328153 -2.05725e-09
0.00337144 -2.09079e-09
0.00346134 -2.12757e-09
0.00355124 -2.16197e-09
0.00364115 -2.19686e-09
0.00373105 -2.22595e-09
0.00382096 -2.25429e-09
0.00391086 -2.28472e-09
0.00400077 -2.31243e-09
0.00409067 -2.33991e-09
0.00418057 -2.37017e-09
0.00427048 -2.39192e-09
0.00436038 -2.42092e-09
0.00445029 -2.44691e-09
0.00454019 -2.46948e-09
0.00463009 -2.49484e-09
0.00472 -2.51443e-09
0.0048099 -2.53358e-09
0.00489981 -2.55742e-09
0.00498971 -2.58305e-09
0.00507962 -2.60268e-09
0.00516952 -2.62743e-09
0.00525942 -2.64632e-09
0.00534933 -2.66344e-09
0.00543923 -2.69245e-09
0.00552914 -2.71023e-09
0.00561904 -2.72569e-09
0.00570894 -2.74137e-09
0.00579885 -2.75882e-09
0.00588875 -2.77552e-09
0.00597866 -2.79668e-09
0.00606856 -2.81019e-09
0.00615846 -2.82601e-09
0.00624837 -2.84377e-09
0.00633827 -2.85743e-09
0.00642818 -2.87709e-09
0.00651808 -2.89941e-09
0.00660799 -2.90997e-09
0.00669789 -2.92185e-09
0.00678779 -2.93507e-09
0.0068777 -2.95067e-09
0.0069676 -2.96747e-09
0.00705751 -2.97559e-09
0.00714741 -2.98721e-09
0.00723731 -3.00099e-09
0.00732722 -3.01095e-09
0.00741712 -3.0302e-09
0.00750703 -3.04371e-09
0.00759693 -3.05985e-09
0.00768684 -3.07217e-09
0.00777674 -3.0843e-09
0.00786664 -3.09829e-09
0.00795655 -3.11638e-09
0.00804645 -3.13066e-09
0.00813636 -3.13831e-09
0.00822626 -3.15275e-09
0.00831616 -3.16253e-09
0.00840607 -3.17385e-09
0.00849597 -3.19374e-09
0.00858588 -3.20167e-09
0.00867578 -3.21615e-09
0.00876569 -3.22478e-09
0.00885559 -3.23782e-09
0.00894549 -3.25367e-09
0.0090354 -3.27178e-09
0.0091253 -3.28239e-09
0.00921521 -3.29074e-09
0.00930511 -3.29825e-09
0.00939501 -3.30345e-09
0.00948492 -3.30956e-09
0.00957482 -3.32173e-09
0.00966473 -3.32732e-09
0.00975463 -3.32519e-09
0.00984453 -3.32652e-09
0.00993444 -3.3402e-09
0.0100243 -3.34742e-09
0.0101142 -3.35667e-09
0.0102042 -3.36445e-09
0.0102941 -3.37177e-09
0.010384 -3.37466e-09
0.0104739 -3.37155e-09
0.0105638 -3.37274e-09
0.0106537 -3.37379e-09
0.0107436 -3.37181e-09
0.0108335 -3.36748e-09
0.0109234 -3.36694e-09
0.0110133 -3.37165e-09
0.0111032 -3.36251e-09
0.0111931 -3.36566e-09
0.011283 -3.36026e-09
0.0113729 -3.35055e-09
0.0114628 -3.34791e-09
0.0115527 -3.34162e-09
0.0116426 -3.33998e-09
0.0117325 -3.32856e-09
0.0118224 -3.31555e-09
0.0119123 -3.29467e-09
0.0120022 -3.2854e-09
0.0120921 -3.27355e-09
0.012182 -3.25925e-09
0.0122719 -3.2482e-09
0.0123619 -3.23767e-09
0.0124518 -3.22358e-09
0.0125417 -3.20883e-09
0.0126316 -3.1974e-09
0.0127215 -3.1843e-09
0.0128114 -3.16145e-09
0.0129013 -3.145e-09
0.0129912 -3.12505e-09
0.0130811 -3.10227e-09
0.013171 -3.08762e-09
0.0132609 -3.06686e-09
0.0133508 -3.05055e-09
0.0134407 -3.0208e-09
0.0135306 -2.99985e-09
0.0136205 -2.98285e-09
0.0137104 -2.96106e-09
0.0138003 -2.9405e-09
0.0138902 -2.91189e-09
0.0139801 -2.88565e-09
0.01407 -2.86004e-09
0.0141599 -2.83303e-09
0.0142498 -2.81219e-09
0.0143397 -2.78732e-09
0.0144296 -2.76816e-09
0.0145196 -2.74548e-09
0.0146095 -2.73263e-09
0.0146994 -2.71422e-09
0.0147893 -2.68931e-09
0.0148792 -2.66665e-09
0.0149691 -2.65244e-09
0.015059 -2.64103e-09
0.0151489 -2.61562e-09
0.0152388 -2.59141e-09
0.0153287 -2.56681e-09
0.0154186 -2.54743e-09
0.0155085 -2.52674e-09
0.0155984 -2.50697e-09
0.0156883 -2.49077e-09
0.0157782 -2.47117e-09
0.0158681 -2.45288e-09
0.015958 -2.43756e-09
0.0160479 -2.42671e-09
0.0161378 -2.41247e-09
0.0162277 -2.40143e-09
0.0163176 -2.38227e-09
0.0164075 -2.36519e-09
0.0164974 -2.34439e-09
0.0165873 -2.33664e-09
0.0166773 -2.32176e-09
0.0167672 -2.30097e-09
0.0168571 -2.28715e-09
0.016947 -2.2776e-09
0.0170369 -2.26649e-09
0.0171268 -2.26182e-09
0.0172167 -2.2561e-09
0.0173066 -2.2485e-09
0.0173965 -2.23933e-09
0.0174864 -2.22832e-09
0.0175763 -2.21351e-09
0.0176662 -2.20796e-09
0.0177561 -2.19566e-09
0.017846 -2.18849e-09
0.0179359 -2.17901e-09
0.0180258 -2.17379e-09
0.0181157 -2.16451e-09
0.0182056 -2.1586e-09
0.0182955 -2.15759e-09
0.0183854 -2.15113e-09
0.0184753 -2.14612e-09
0.0185652 -2.13872e-09
0.0186551 -2.13148e-09
0.018745 -2.12766e-09
0.0188349 -2.11797e-09
0.0189249 -2.11498e-09
0.0190148 -2.101e-09
0.0191047 -2.09571e-09
0.0191946 -2.08685e-09
0.0192845 -2.08041e-09
0.0193744 -2.07506e-09
0.0194643 -2.07344e-09
0.0195542 -2.06316e-09
0.0196441 -2.0577e-09
0.019734 -2.05134e-09
0.0198239 -2.04291e-09
0.0199138 -2.03393e-09
0.0200037 -2.02218e-09
0.0200936 -2.00533e-09
0.0201835 -1.99653e-09
0.0202734 -1.99216e-09
0.0203633 -1.98146e-09
0.0204532 -1.96657e-09
0.0205431 -1.95583e-09
0.020633 -1.93658e-09
0.0207229 -1.92428e-09
0.0208128 -1.90106e-09
0.0209027 -1.8862e-09
0.0209926 -1.87412e-09
0.0210826 -1.85468e-09
0.0211725 -1.83349e-09
0.0212624 -1.81437e-09
0.0213523 -1.7904e-09
0.0214422 -1.77238e-09
0.0215321 -1.7483e-09
0.021622 -1.72689e-09
0.0217119 -1.70622e-09
0.0218018 -1.68465e-09
0.0218917 -1.66884e-09
0.0219816 -1.64309e-09
0.0220715 -1.6257e-09
0.0221614 -1.60278e-09
0.0222513 -1.57739e-09
0.0223412 -1.55471e-09
0.0224311 -1.53453e-09
0.022521 -1.50999e-09
0.0226109 -1.47857e-09
0.0227008 -1.45717e-09
0.0227907 -1.43593e-09
0.0228806 -1.40547e-09
0.0229705 -1.37951e-09
0.0230604 -1.35359e-09
0.0231503 -1.3318e-09
0.0232403 -1.30755e-09
0.0233302 -1.28143e-09
0.0234201 -1.24664e-09
0.02351 -1.22072e-09
0.0235999 -1.18539e-09
0.0236898 -1.15094e-09
0.0237797 -1.12374e-09
0.0238696 -1.08913e-09
0.0239595 -1.06137e-09
0.0240494 -1.03296e-09
0.0241393 -1.00339e-09
0.0242292 -9.69952e-10
0.0243191 -9.40957e-10
0.024409 -9.0187e-10
0.0244989 -8.70479e-10
0.0245888 -8.36722e-10
0.0246787 -7.96485e-10
0.0247686 -7.6079e-10
0.0248585 -7.26993e-10
0.0249484 -6.88639e-10
0.0250383 -6.52751e-10
0.0251282 -6.12674e-10
0.0252181 -5.69636e-10
0.025308 -5.29924e-10
0.025398 -4.90408e-10
0.0254879 -4.48747e-10
0.0255778 -4.11483e-10
0.0256677 -3.74917e-10
0.0257576 -3.32389e-10
0.0258475 -2.97036e-10
0.0259374 -2.65395e-10
0.0260273 -2.27803e-10
0.0261172 -1.90461e-10
0.0262071 -1.46899e-10
0.026297 -1.06539e-10
0.0263869 -6.92017e-11
0.0264768 -2.79547e-11
0.0265667 1.63555e-11
0.0266566 5.59695e-11
0.0267465 9.11113e-11
0.0268364 1.31469e-10
0.0269263 1.65016e-10
0.0270162 2.0038e-10
0.0271061 2.30743e-10
0.027196 2.68644e-10
0.0272859 3.09096e-10
0.0273758 3.44579e-10
0.0274657 3.84826e-10
0.0275557 4.21236e-10
0.0276456 4.52928e-10
0.0277355 4.84916e-10
0.0278254 5.27236e-10
0.0279153 5.67865e-10
0.0280052 6.05079e-10
0.0280951 6.4949e-10
0.028185 6.94923e-10
0.0282749 7.35804e-10
0.0283648 7.738e-10
0.0284547 8.22927e-10
0.0285446 8.63173e-10
0.0286345 9.03531e-10
0.0287244 9.49039e-10
0.0288143 9.88848e-10
0.0289042 1.0397e-09
0.0289941 1.07418e-09
0.029084 1.11961e-09
0.0291739 1.16112e-09
0.0292638 1.19531e-09
0.0293537 1.23386e-09
0.0294436 1.27586e-09
0.0295335 1.31491e-09
0.0296234 1.35365e-09
0.0297134 1.39872e-09
0.0298033 1.43479e-09
0.0298932 1.47682e-09
0.0299831 1.51245e-09
0.030073 1.54622e-09
0.0301629 1.58458e-09
0.0302528 1.62924e-09
0.0303427 1.66861e-09
0.0304326 1.71691e-09
0.0305225 1.76181e-09
0.0306124 1.79743e-09
0.0307023 1.83898e-09
0.0307922 1.87913e-09
0.0308821 1.91425e-09
0.030972 1.95641e-09
0.0310619 1.99002e-09
0.0311518 2.02709e-09
0.0312417 2.07134e-09
0.0313316 2.12197e-09
0.0314215 2.16732e-09
0.0315114 2.22657e-09
0.0316013 2.27669e-09
0.0316912 2.32576e-09
0.0317811 2.37565e-09
0.0318711 2.42758e-09
0.031961 2.48039e-09
0.0320509 2.53142e-09
0.0321408 2.58202e-09
0.0322307 2.63915e-09
0.0323206 2.69097e-09
0.0324105 2.73816e-09
0.0325004 2.79343e-09
0.0325903 2.85284e-09
0.0326802 2.89905e-09
0.0327701 2.9542e-09
0.03286 3.0047e-09
0.0329499 3.06311e-09
0.0330398 3.12264e-09
0.0331297 3.17763e-09
0.0332196 3.2469e-09
0.0333095 3.31005e-09
0.0333994 3.38103e-09
0.0334893 3.44431e-09
0.0335792 3.50284e-09
0.0336691 3.55824e-09
0.033759 3.61273e-09
0.0338489 3.67006e-09
0.0339388 3.73754e-09
0.0340288 3.80321e-09
0.0341187 3.86229e-09
0.0342086 3.91908e-09
0.0342985 3.97495e-09
0.0343884 4.03548e-09
0.0344783 4.09592e-09
0.0345682 4.1548e-09
0.0346581 4.21052e-09
0.034748 4.26261e-09
0.0348379 4.316e-09
0.0349278 4.36911e-09
0.0350177 4.42358e-09
0.0351076 4.47545e-09
0.0351975 4.5203e-09
0.0352874 4.5629e-09
0.0353773 4.60681e-09
0.0354672 4.64819e-09
0.0355571 4.68227e-09
0.035647 4.72088e-09
0.0357369 4.75973e-09
0.0358268 4.79099e-09
0.0359167 4.82631e-09
0.0360066 4.85752e-09
0.0360965 4.88755e-09
0.0361865 4.92012e-09
0.0362764 4.9503e-09
0.0363663 4.98428e-09
0.0364562 5.00801e-09
0.0365461 5.03853e-09
0.036636 5.06216e-09
0.0367259 5.08589e-09
0.0368158 5.10795e-09
0.0369057 5.1283e-09
0.0369956 5.1529e-09
0.0370855 5.18149e-09
0.0371754 5.21104e-09
0.0372653 5.23513e-09
0.0373552 5.25856e-09
0.0374451 5.27722e-09
0.037535 5.29736e-09
0.0376249 5.31221e-09
0.0377148 5.33118e-09
0.0378047 5.35228e-09
0.0378946 5.3691e-09
0.0379845 5.38969e-09
0.0380744 5.41263e-09
0.0381643 5.42085e-09
0.0382542 5.44136e-09
0.0383441 5.45721e-09
0.0384341 5.48149e-09
0.038524 5.50717e-09
0.0386139 5.53581e-09
0.0387038 5.55283e-09
0.0387937 5.56874e-09
0.0388836 5.58767e-09
0.0389735 5.60395e-09
0.0390634 5.61535e-09
0.0391533 5.63175e-09
0.0392432 5.64185e-09
0.0393331 5.65988e-09
0.039423 5.67633e-09
0.0395129 5.69607e-09
0.0396028 5.71186e-09
0.0396927 5.73779e-09
0.0397826 5.75769e-09
0.0398725 5.77672e-09
0.0399624 5.79585e-09
0.0400523 5.80635e-09
0.0401422 5.82647e-09
0.0402321 5.84331e-09
0.040322 5.86214e-09
0.0404119 5.87852e-09
0.0405018 5.89612e-09
0.0405918 5.90792e-09
0.0406817 5.92023e-09
0.0407716 5.93374e-09
0.0408615 5.95766e-09
0.0409514 5.9849e-09
0.0410413 6.00256e-09
0.0411312 6.0296e-09
0.0412211 6.05576e-09
0.041311 6.07348e-09
0.0414009 6.10355e-09
0.0414908 6.12489e-09
0.0415807 6.14638e-09
0.0416706 6.17445e-09
0.0417605 6.19679e-09
0.0418504 6.22657e-09
0.0419403 6.26024e-09
0.0420302 6.30307e-09
0.0421201 6.34698e-09
0.04221 6.38334e-09
0.0422999 6.41375e-09
0.0423898 6.46121e-09
0.0424797 6.50742e-09
0.0425696 6.55353e-09
0.0426595 6.59462e-09
0.0427495 6.62844e-09
0.0428394 6.679e-09
0.0429293 6.72707e-09
0.0430192 6.77331e-09
0.0431091 6.81845e-09
0.043199 6.85265e-09
0.0432889 6.89655e-09
0.0433788 6.94681e-09
0.0434687 7.00886e-09
0.0435586 7.05669e-09
0.0436485 7.11657e-09
0.0437384 7.16402e-09
0.0438283 7.21363e-09
0.0439182 7.26293e-09
0.0440081 7.319e-09
0.044098 7.35988e-09
0.0441879 7.40239e-09
0.0442778 7.44493e-09
0.0443677 7.4942e-09
0.0444576 7.53775e-09
0.0445475 7.58096e-09
0.0446374 7.63203e-09
0.0447273 7.68516e-09
0.0448172 7.73673e-09
0.0449072 7.78912e-09
0.0449971 7.85232e-09
0.045087 7.9096e-09
0.0451769 7.95485e-09
0.0452668 8.00765e-09
0.0453567 8.05077e-09
0.0454466 8.10026e-09
0.0455365 8.15096e-09
0.0456264 8.20287e-09
0.0457163 8.26266e-09
0.0458062 8.3163e-09
0.0458961 8.37388e-09
0.045986 8.42442e-09
0.0460759 8.48279e-09
0.0461658 8.5426e-09
0.0462557 8.60458e-09
0.0463456 8.66214e-09
0.0464355 8.71269e-09
0.0465254 8.77514e-09
0.0466153 8.83447e-09
0.0467052 8.89436e-09
0.0467951 8.95598e-09
0.046885 9.01178e-09
0.0469749 9.07584e-09
0.0470649 9.12948e-09
0.0471548 9.19381e-09
0.0472447 9.256e-09
0.0473346 9.31024e-09
0.0474245 9.36484e-09
0.0475144 9.4242e-09
0.0476043 9.48417e-09
0.0476942 9.53644e-09
0.0477841 9.59584e-09
0.047874 9.64845e-09
0.0479639 9.70242e-09
0.0480538 9.76699e-09
0.0481437 9.83219e-09
0.0482336 9.89182e-09
0.0483235 9.9497e-09
0.0484134 1.00086e-08
0.0485033 1.00646e-08
0.0485932 1.0129e-08
0.0486831 1.01949e-08
0.048773 1.02482e-08
0.0488629 1.03027e-08
0.0489528 1.03516e-08
0.0490427 1.04135e-08
0.0491326 1.04684e-08
0.0492226 1.05276e-08
0.0493125 1.05848e-08
0.0494024 1.06457e-08
0.0494923 1.07053e-08
0.0495822 1.07598e-08
0.0496721 1.08357e-08
0.049762 1.09023e-08
0.0498519 1.09705e-08
0.0499418 1.10323e-08
0.0500317 1.10859e-08
0.0501216 1.1146e-08
0.0502115 1.11867e-08
0.0503014 1.12397e-08
0.0503913 1.13074e-08
0.0504812 1.13629e-08
0.0505711 1.14136e-08
0.050661 1.14671e-08
0.0507509 1.15159e-08
0.0508408 1.15673e-08
0.0509307 1.16228e-08
0.0510206 1.16808e-08
0.0511105 1.17367e-08
0.0512004 1.1797e-08
0.0512903 1.1862e-08
0.0513803 1.19153e-08
0.0514702 1.19638e-08
0.0515601 1.2006e-08
0.05165 1.20708e-08
0.0517399 1.21228e-08
0.0518298 1.21813e-08
0.0519197 1.22319e-08
0.0520096 1.2278e-08
0.0520995 1.23279e-08
0.0521894 1.23818e-08
0.0522793 1.24402e-08
0.0523692 1.25087e-08
0.0524591 1.25657e-08
0.052549 1.26249e-08
0.0526389 1.26887e-08
0.0527288 1.27553e-08
0.0528187 1.28296e-08
0.0529086 1.29025e-08
0.0529985 1.2975e-08
0.0530884 1.30536e-08
0.0531783 1.31098e-08
0.0532682 1.31629e-08
0.0533581 1.32087e-08
0.053448 1.3255e-08
0.053538 1.33215e-08
0.0536279 1.33814e-08
0.0537178 1.34466e-08
0.0538077 1.3504e-08
0.0538976 1.35738e-08
0.0539875 1.3633e-08
0.0540774 1.37053e-08
0.0541673 1.37807e-08
0.0542572 1.38438e-08
0.0543471 1.39012e-08
0.054437 1.39564e-08
0.0545269 1.40162e-08
0.0546168 1.40802e-08
0.0547067 1.41337e-08
0.0547966 1.41938e-08
0.0548865 1.42605e-08
0.0549764 1.43131e-08
0.0550663 1.43694e-08
0.0551562 1.44163e-08
0.0552461 1.44714e-08
0.055336 1.4545e-08
0.0554259 1.4605e-08
0.0555158 1.46847e-08
0.0556057 1.47424e-08
0.0556956 1.48158e-08
0.0557856 1.48851e-08
0.0558755 1.49482e-08
0.0559654 1.50099e-08
0.0560553 1.50621e-08
0.0561452 1.51089e-08
0.0562351 1.51541e-08
0.056325 1.52057e-08
0.0564149 1.5248e-08
0.0565048 1.52702e-08
0.0565947 1.53032e-08
0.0566846 1.53474e-08
0.0567745 1.536e-08
0.0568644 1.54073e-08
0.0569543 1.54469e-08
0.0570442 1.54787e-08
0.0571341 1.54959e-08
0.057224 1.55159e-08
0.0573139 1.55359e-08
0.0574038 1.55565e-08
0.0574937 1.55744e-08
0.0575836 1.55897e-08
0.0576735 1.56073e-08
0.0577634 1.56195e-08
0.0578533 1.56284e-08
0.0579433 1.56474e-08
0.0580332 1.56648e-08
0.0581231 1.56657e-08
0.058213 1.56781e-08
0.0583029 1.57011e-08
0.0583928 1.57286e-08
0.0584827 1.57527e-08
0.0585726 1.57795e-08
0.0586625 1.58249e-08
0.0587524 1.58539e-08
0.0588423 1.58848e-08
0.0589322 1.59144e-08
0.0590221 1.59359e-08
0.059112 1.59556e-08
0.0592019 1.59835e-08
0.0592918 1.6005e-08
0.0593817 1.60418e-08
0.0594716 1.60782e-08
0.0595615 1.61099e-08
0.0596514 1.61549e-08
0.0597413 1.61817e-08
0.0598312 1.61984e-08
0.0599211 1.6218e-08
0.060011 1.62412e-08
0.060101 1.6265e-08
0.0601909 1.63016e-08
0.0602808 1.63462e-08
0.0603707 1.63655e-08
0.0604606 1.6381e-08
0.0605505 1.64162e-08
0.0606404 1.64509e-08
0.0607303 1.64724e-08
0.0608202 1.64867e-08
0.0609101 1.65107e-08
0.061 1.65489e-08
0.0610899 1.6571e-08
0.0611798 1.65886e-08
0.0612697 1.66075e-08
0.0613596 1.66381e-08
0.0614495 1.66586e-08
0.0615394 1.66843e-08
0.0616293 1.67146e-08
0.0617192 1.67619e-08
0.0618091 1.68124e-08
0.061899 1.68463e-08
0.0619889 1.68901e-08
0.0620788 1.69298e-08
0.0621687 1.69653e-08
0.0622587 1.70012e-08
0.0623486 1.70418e-08
0.0624385 1.70977e-08
0.0625284 1.71445e-08
0.0626183 1.71923e-08
0.0627082 1.72574e-08
0.0627981 1.73321e-08
0.062888 1.74011e-08
0.0629779 1.74535e-08
0.0630678 1.75139e-08
0.0631577 1.75677e-08
0.0632476 1.76305e-08
0.0633375 1.77153e-08
0.0634274 1.77981e-08
0.0635173 1.78679e-08
0.0636072 1.79307e-08
0.0636971 1.80102e-08
0.063787 1.80914e-08
0.0638769 1.81451e-08
0.0639668 1.82066e-08
0.0640567 1.82811e-08
0.0641466 1.83397e-08
0.0642365 1.84193e-08
0.0643264 1.84932e-08
0.0644164 1.85716e-08
0.0645063 1.86456e-08
0.0645962 1.87213e-08
0.0646861 1.87984e-08
0.064776 1.88751e-08
0.0648659 1.89548e-08
0.0649558 1.90242e-08
0.0650457 1.90908e-08
0.0651356 1.91719e-08
0.0652255 1.92552e-08
0.0653154 1.93421e-08
0.0654053 1.94234e-08
0.0654952 1.94684e-08
0.0655851 1.95378e-08
0.065675 1.96345e-08
0.0657649 1.97203e-08
0.0658548 1.97818e-08
0.0659447 1.98582e-08
0.0660346 1.99463e-08
0.0661245 2.00124e-08
0.0662144 2.00825e-08
0.0663043 2.01243e-08
0.0663942 2.01716e-08
0.0664841 2.02264e-08
0.0665741 2.02743e-08
0.066664 2.03255e-08
0.0667539 2.0364e-08
0.0668438 2.04071e-08
0.0669337 2.04291e-08
0.0670236 2.04861e-08
0.0671135 2.05391e-08
0.0672034 2.05775e-08
0.0672933 2.06219e-08
0.0673832 2.06516e-08
0.0674731 2.06872e-08
0.067563 2.0748e-08
0.0676529 2.08097e-08
0.0677428 2.08417e-08
0.0678327 2.08822e-08
0.0679226 2.09216e-08
0.0680125 2.09486e-08
0.0681024 2.09866e-08
0.0681923 2.10133e-08
0.0682822 2.10257e-08
0.0683721 2.10578e-08
0.068462 2.10873e-08
0.0685519 2.11172e-08
0.0686418 2.11493e-08
0.0687318 2.11942e-08
0.0688217 2.12426e-08
0.0689116 2.12808e-08
0.0690015 2.13131e-08
0.0690914 2.13518e-08
0.0691813 2.13683e-08
0.0692712 2.14104e-08
0.0693611 2.14584e-08
0.069451 2.14901e-08
0.0695409 2.15334e-08
0.0696308 2.15641e-08
0.0697207 2.1594e-08
0.0698106 2.16134e-08
0.0699005 2.16253e-08
0.0699904 2.16349e-08
0.0700803 2.16481e-08
0.0701702 2.1675e-08
0.0702601 2.17148e-08
0.07035 2.17448e-08
0.0704399 2.17786e-08
0.0705298 2.18053e-08
0.0706197 2.18349e-08
0.0707096 2.18574e-08
0.0707995 2.18753e-08
0.0708895 2.18965e-08
0.0709794 2.19017e-08
0.0710693 2.18995e-08
0.0711592 2.19066e-08
0.0712491 2.19284e-08
0.071339 2.19607e-08
0.0714289 2.19702e-08
0.0715188 2.19953e-08
0.0716087 2.20201e-08
0.0716986 2.20498e-08
0.0717885 2.20962e-08
0.0718784 2.21552e-08
0.0719683 2.22131e-08
0.0720582 2.22669e-08
0.0721481 2.23246e-08
0.072238 2.24051e-08
0.0723279 2.24439e-08
0.0724178 2.25041e-08
0.0725077 2.25608e-08
0.0725976 2.26239e-08
0.0726875 2.26925e-08
0.0727774 2.27655e-08
0.0728673 2.28401e-08
0.0729572 2.28761e-08
0.0730472 2.29292e-08
0.0731371 2.29685e-08
0.073227 2.30216e-08
0.0733169 2.30698e-08
0.0734068 2.31154e-08
0.0734967 2.31457e-08
0.0735866 2.31762e-08
0.0736765 2.32131e-08
0.0737664 2.32296e-08
0.0738563 2.32371e-08
0.0739462 2.32503e-08
0.0740361 2.32751e-08
0.074126 2.32765e-08
0.0742159 2.32681e-08
0.0743058 2.32641e-08
0.0743957 2.32725e-08
0.0744856 2.32776e-08
0.0745755 2.32905e-08
0.0746654 2.33321e-08
0.0747553 2.33556e-08
0.0748452 2.33568e-08
0.0749351 2.33632e-08
0.075025 2.33728e-08
0.0751149 2.3387e-08
0.0752048 2.3403e-08
0.0752948 2.34279e-08
0.0753847 2.34182e-08
0.0754746 2.34526e-08
0.0755645 2.34578e-08
0.0756544 2.34876e-08
0.0757443 2.35055e-08
0.0758342 2.3521e-08
0.0759241 2.35272e-08
0.076014 2.35775e-08
0.0761039 2.36054e-08
0.0761938 2.36039e-08
0.0762837 2.36172e-08
0.0763736 2.36228e-08
0.0764635 2.3623e-08
0.0765534 2.36409e-08
0.0766433 2.36554e-08
0.0767332 2.3664e-08
0.0768231 2.36846e-08
0.076913 2.36856e-08
0.0770029 2.36778e-08
0.0770928 2.36864e-08
0.0771827 2.36748e-08
0.0772726 2.369e-08
0.0773625 2.36922e-08
0.0774525 2.36879e-08
0.0775424 2.36725e-08
0.0776323 2.36182e-08
0.0777222 2.36209e-08
0.0778121 2.35832e-08
0.077902 2.3527e-08
0.0779919 2.35147e-08
0.0780818 2.35046e-08
0.0781717 2.34408e-08
0.0782616 2.34449e-08
0.0783515 2.3397e-08
0.0784414 2.33938e-08
0.0785313 2.3366e-08
0.0786212 2.33563e-08
0.0787111 2.33244e-08
0.078801 2.33026e-08
0.0788909 2.33131e-08
0.0789808 2.33041e-08
0.0790707 2.33154e-08
0.0791606 2.32849e-08
0.0792505 2.32736e-08
0.0793404 2.32771e-08
0.0794303 2.32868e-08
0.0795202 2.33033e-08
0.0796102 2.32851e-08
0.0797001 2.32993e-08
0.07979 2.33111e-08
0.0798799 2.33115e-08
0.0799698 2.33066e-08
0.0800597 2.33428e-08
0.0801496 2.33444e-08
0.0802395 2.33621e-08
0.0803294 2.34211e-08
0.0804193 2.34381e-08
0.0805092 2.34659e-08
0.0805991 2.34913e-08
0.080689 2.35313e-08
0.0807789 2.36015e-08
0.0808688 2.36165e-08
0.0809587 2.36534e-08
0.0810486 2.3675e-08
0.0811385 2.36762e-08
0.0812284 2.37253e-08
0.0813183 2.37905e-08
0.0814082 2.38002e-08
0.0814981 2.38769e-08
0.081588 2.39211e-08
0.0816779 2.39612e-08
0.0817679 2.39969e-08
0.0818578 2.40863e-08
0.0819477 2.41153e-08
0.0820376 2.41414e-08
0.0821275 2.41715e-08
0.0822174 2.41729e-08
0.0823073 2.42195e-08
0.0823972 2.42405e-08
0.0824871 2.42711e-08
0.082577 2.43229e-08
0.0826669 2.4372e-08
0.0827568 2.44173e-08
0.0828467 2.44287e-08
0.0829366 2.44758e-08
0.0830265 2.45649e-08
0.0831164 2.46153e-08
0.0832063 2.46411e-08
0.0832962 2.47021e-08
0.0833861 2.47562e-08
0.083476 2.47874e-08
0.0835659 2.48396e-08
0.0836558 2.49013e-08
0.0837457 2.49635e-08
0.0838356 2.50295e-08
0.0839256 2.50746e-08
0.0840155 2.51435e-08
0.0841054 2.51988e-08
0.0841953 2.52375e-08
0.0842852 2.52967e-08
0.0843751 2.53527e-08
0.084465 2.53277e-08
0.0845549 2.53892e-08
0.0846448 2.53679e-08
0.0847347 2.53842e-08
0.0848246 2.53625e-08
0.0849145 2.53806e-08
0.0850044 2.53679e-08
0.0850943 2.53805e-08
0.0851842 2.53669e-08
0.0852741 2.53739e-08
0.085364 2.5437e-08
0.0854539 2.54503e-08
0.0855438 2.55309e-08
0.0856337 2.55756e-08
0.0857236 2.5621e-08
0.0858135 2.55978e-08
0.0859034 2.56517e-08
0.0859933 2.57058e-08
0.0860833 2.57556e-08
0.0861732 2.57453e-08
0.0862631 2.57938e-08
0.086353 2.57939e-08
0.0864429 2.5823e-08
0.0865328 2.58724e-08
0.0866227 2.58608e-08
0.0867126 2.59271e-08
0.0868025 2.59323e-08
0.0868924 2.5915e-08
0.0869823 2.58699e-08
0.0870722 2.58519e-08
0.0871621 2.58406e-08
0.087252 2.5866e-08
0.0873419 2.58547e-08
0.0874318 2.58169e-08
0.0875217 2.5794e-08
0.0876116 2.5819e-08
0.0877015 2.58174e-08
0.0877914 2.57858e-08
0.0878813 2.57736e-08
0.0879712 2.58055e-08
0.0880611 2.57731e-08
0.088151 2.57558e-08
0.088241 2.57701e-08
0.0883309 2.57717e-08
0.0884208 2.58784e-08
0.0885107 2.58923e-08
0.0886006 2.59291e-08
0.0886905 2.59309e-08
0.0887804 2.59458e-08
0.0888703 2.60297e-08
0.0889602 2.61031e-08
0.0890501 2.6135e-08
0.08914 2.61992e-08
0.0892299 2.62173e-08
0.0893198 2.62669e-08
0.0894097 2.62253e-08
0.0894996 2.62491e-08
0.0895895 2.62227e-08
0.0896794 2.61767e-08
0.0897693 2.6199e-08
0.0898592 2.62205e-08
0.0899491 2.61962e-08
0.090039 2.61986e-08
0.0901289 2.62178e-08
0.0902188 2.62696e-08
0.0903087 2.62957e-08
0.0903987 2.6411e-08
0.0904886 2.64434e-08
0.0905785 2.65013e-08
0.0906684 2.6565e-08
0.0907583 2.65988e-08
0.0908482 2.65926e-08
0.0909381 2.65939e-08
0.091028 2.66951e-08
0.0911179 2.67302e-08
0.0912078 2.68312e-08
0.0912977 2.68882e-08
0.0913876 2.69424e-08
0.0914775 2.69338e-08
0.0915674 2.69838e-08
0.0916573 2.70341e-08
0.0917472 2.71331e-08
0.0918371 2.71759e-08
0.091927 2.73034e-08
0.0920169 2.73443e-08
0.0921068 2.73823e-08
0.0921967 2.74643e-08
0.0922866 2.75447e-08
0.0923765 2.76235e-08
0.0924664 2.7717e-08
0.0925564 2.78852e-08
0.0926463 2.79741e-08
0.0927362 2.80533e-08
0.0928261 2.81718e-08
0.092916 2.82875e-08
0.0930059 2.84042e-08
0.0930958 2.859e-08
0.0931857 2.86678e-08
0.0932756 2.8777e-08
0.0933655 2.88271e-08
0.0934554 2.89111e-08
0.0935453 2.89635e-08
0.0936352 2.90424e-08
0.0937251 2.90554e-08
0.093815 2.91058e-08
0.0939049 2.91538e-08
0.0939948 2.92248e-08
0.0940847 2.92457e-08
0.0941746 2.924e-08
0.0942645 2.92742e-08
0.0943544 2.92661e-08
0.0944443 2.93268e-08
0.0945342 2.9358e-08
0.0946241 2.94053e-08
0.094714 2.94653e-08
0.094804 2.95043e-08
0.0948939 2.95283e-08
0.0949838 2.95825e-08
0.0950737 2.95929e-08
0.0951636 2.96394e-08
0.0952535 2.96764e-08
0.0953434 2.97069e-08
0.0954333 2.97306e-08
0.0955232 2.97368e-08
0.0956131 2.9774e-08
0.095703 2.97069e-08
0.0957929 2.97024e-08
0.0958828 2.97659e-08
0.0959727 2.97943e-08
0.0960626 2.9851e-08
0.0961525 2.99754e-08
0.0962424 3.00406e-08
0.0963323 3.01416e-08
0.0964222 3.02143e-08
0.0965121 3.02627e-08
0.096602 3.03056e-08
0.0966919 3.03652e-08
0.0967818 3.04302e-08
0.0968717 3.05561e-08
0.0969617 3.06226e-08
0.0970516 3.06369e-08
0.0971415 3.06404e-08
0.0972314 3.06567e-08
0.0973213 3.06821e-08
0.0974112 3.06885e-08
0.0975011 3.07562e-08
0.097591 3.08055e-08
0.0976809 3.08305e-08
0.0977708 3.09458e-08
0.0978607 3.09802e-08
0.0979506 3.10273e-08
0.0980405 3.10512e-08
0.0981304 3.10442e-08
0.0982203 3.10622e-08
0.0983102 3.10293e-08
0.0984001 3.10554e-08
0.09849 3.10829e-08
0.0985799 3.11212e-08
0.0986698 3.12016e-08
0.0987597 3.11677e-08
0.0988496 3.12004e-08
0.0989395 3.12035e-08
0.0990294 3.12258e-08
0.0991194 3.12882e-08
0.0992093 3.12842e-08
0.0992992 3.12886e-08
0.0993891 3.13709e-08
0.099479 3.14812e-08
0.0995689 3.15229e-08
0.0996588 3.15829e-08
0.0997487 3.16824e-08
0.0998386 3.17994e-08
0.0999285 3.18488e-08
0.100018 3.1992e-08
0.100108 3.20789e-08
0.100198 3.22023e-08
0.100288 3.23219e-08
0.100378 3.24028e-08
0.100468 3.2384e-08
0.100558 3.22978e-08
0.100648 3.23738e-08
0.100738 3.24318e-08
0.100828 3.24759e-08
0.100917 3.26138e-08
0.101007 3.26243e-08
0.101097 3.26834e-08
0.101187 3.27818e-08
0.101277 3.29457e-08
0.101367 3.30574e-08
0.101457 3.31343e-08
0.101547 3.3272e-08
0.101637 3.34213e-08
0.101727 3.34733e-08
0.101816 3.34953e-08
0.101906 3.3523e-08
0.101996 3.34225e-08
0.102086 3.34435e-08
0.102176 3.33303e-08
0.102266 3.33236e-08
0.102356 3.32208e-08
0.102446 3.3237e-08
0.102536 3.30845e-08
0.102626 3.30153e-08
0.102716 3.29306e-08
0.102805 3.28378e-08
0.102895 3.2749e-08
0.102985 3.27568e-08
0.103075 3.28316e-08
0.103165 3.28701e-08
0.103255 3.286e-08
0.103345 3.29181e-08
0.103435 3.2932e-08
0.103525 3.29699e-08
0.103615 3.3111e-08
0.103704 3.32013e-08
0.103794 3.33337e-08
0.103884 3.34185e-08
0.103974 3.34779e-08
0.104064 3.34704e-08
0.104154 3.34744e-08
0.104244 3.3527e-08
0.104334 3.35787e-08
0.104424 3.3573e-08
0.104514 3.36322e-08
0.104604 3.36191e-08
0.104693 3.36353e-08
0.104783 3.36109e-08
0.104873 3.35571e-08
0.104963 3.35022e-08
0.105053 3.34275e-08
0.105143 3.35128e-08
0.105233 3.35278e-08
0.105323 3.35761e-08
0.105413 3.34681e-08
0.105503 3.34699e-08
0.105592 3.34605e-08
0.105682 3.34921e-08
0.105772 3.34377e-08
0.105862 3.33896e-08
0.105952 3.33458e-08
0.106042 3.34097e-08
0.106132 3.34233e-08
0.106222 3.34187e-08
0.106312 3.34681e-08
0.106402 3.3472e-08
0.106491 3.34474e-08
0.106581 3.34652e-08
0.106671 3.35128e-08
0.106761 3.34611e-08
0.106851 3.36416e-08
0.106941 3.37382e-08
0.107031 3.39147e-08
0.107121 3.3888e-08
0.107211 3.39668e-08
0.107301 3.39686e-08
0.107391 3.39819e-08
0.10748 3.40195e-08
0.10757 3.39251e-08
0.10766 3.38633e-08
0.10775 3.37932e-08
0.10784 3.37919e-08
0.10793 3.36119e-08
0.10802 3.36697e-08
0.10811 3.36895e-08
0.1082 3.36538e-08
0.10829 3.3573e-08
0.108379 3.35555e-08
0.108469 3.34346e-08
0.108559 3.34772e-08
0.108649 3.34589e-08
0.108739 3.34248e-08
0.108829 3.349e-08
0.108919 3.34815e-08
0.109009 3.33785e-08
0.109099 3.34532e-08
0.109189 3.35647e-08
0.109279 3.3671e-08
0.109368 3.36755e-08
0.109458 3.36447e-08
0.109548 3.37468e-08
0.109638 3.38827e-08
0.109728 3.4026e-08
0.109818 3.40276e-08
0.109908 3.40614e-08
0.109998 3.42362e-08
0.110088 3.43389e-08
0.110178 3.426e-08
0.110267 3.42847e-08
0.110357 3.402e-08
0.110447 3.39835e-08
0.110537 3.39337e-08
0.110627 3.37305e-08
0.110717 3.38077e-08
0.110807 3.35962e-08
0.110897 3.35829e-08
0.110987 3.33938e-08
0.111077 3.31964e-08
0.111167 3.31709e-08
0.111256 3.29425e-08
0.111346 3.29481e-08
0.111436 3.29832e-08
0.111526 3.28789e-08
0.111616 3.28354e-08
0.111706 3.28728e-08
0.111796 3.3007e-08
0.111886 3.31206e-08
0.111976 3.30585e-08
0.112066 3.31545e-08
0.112155 3.32498e-08
0.112245 3.31228e-08
0.112335 3.3208e-08
0.112425 3.31812e-08
0.112515 3.33625e-08
0.112605 3.35797e-08
0.112695 3.36905e-08
0.112785 3.38589e-08
0.112875 3.39211e-08
0.112965 3.39955e-08
0.113054 3.41288e-08
0.113144 3.41499e-08
0.113234 3.41878e-08
0.113324 3.4272e-08
0.113414 3.42969e-08
0.113504 3.44516e-08
0.113594 3.44204e-08
0.113684 3.44159e-08
0.113774 3.43339e-08
0.113864 3.44068e-08
0.113954 3.4165e-08
0.114043 3.41799e-08
0.114133 3.42413e-08
0.114223 3.42799e-08
0.114313 3.41926e-08
0.114403 3.38908e-08
0.114493 3.36015e-08
0.114583 3.3436e-08
0.114673 3.32249e-08
0.114763 3.32459e-08
0.114853 3.30147e-08
0.114942 3.29061e-08
0.115032 3.29808e-08
0.115122 3.28299e-08
0.115212 3.26142e-08
0.115302 3.25912e-08
0.115392 3.25582e-08
0.115482 3.25603e-08
0.115572 3.27993e-08
0.115662 3.27873e-08
0.115752 3.27979e-08
0.115842 3.29766e-08
0.115931 3.29713e-08
0.116021 3.2873e-08
0.116111 3.31436e-08
0.116201 3.31367e-08
0.116291 3.33061e-08
0.116381 3.33467e-08
0.116471 3.34455e-08
0.116561 3.35116e-08
0.116651 3.35899e-08
0.116741 3.37301e-08
0.11683 3.3798e-08
0.11692 3.37046e-08
0.11701 3.37062e-08
0.1171 3.3455e-08
0.11719 3.33736e-08
0.11728 3.32369e-08
0.11737 3.31818e-08
0.11746 3.30267e-08
0.11755 3.29821e-08
0.11764 3.24829e-08
0.11773 3.22842e-08
0.117819 3.20192e-08
0.117909 3.19358e-08
0.117999 3.16414e-08
0.118089 3.11895e-08
0.118179 3.11637e-08
0.118269 3.0968e-08
0.118359 3.10477e-08
0.118449 3.08961e-08
0.118539 3.06347e-08
0.118629 3.04758e-08
0.118718 3.05728e-08
0.118808 3.03975e-08
0.118898 3.02914e-08
0.118988 3.02105e-08
0.119078 3.00203e-08
0.119168 2.97367e-08
0.119258 2.96209e-08
0.119348 2.95827e-08
0.119438 2.92125e-08
0.119528 2.90049e-08
0.119617 2.91662e-08
0.119707 2.9154e-08
0.119797 2.89163e-08
0.119887 2.91081e-08
0.119977 2.87858e-08
0.120067 2.89112e-08
0.120157 2.88764e-08
0.120247 2.88333e-08
0.120337 2.88011e-08
0.120427 2.86208e-08
0.120517 2.90046e-08
0.120606 2.9007e-08
0.120696 2.92665e-08
0.120786 2.94326e-08
0.120876 2.93142e-08
0.120966 2.93341e-08
0.121056 2.96143e-08
0.121146 2.94466e-08
0.121236 2.93522e-08
0.121326 2.92948e-08
0.121416 2.9363e-08
0.121505 2.94406e-08
0.121595 2.9058e-08
0.121685 2.91772e-08
0.121775 2.91694e-08
0.121865 2.91394e-08
0.121955 2.90055e-08
0.122045 2.88024e-08
0.122135 2.82523e-08
0.122225 2.81189e-08
0.122315 2.77339e-08
0.122405 2.73796e-08
0.122494 2.71001e-08
0.122584 2.72631e-08
0.122674 2.70298e-08
0.122764 2.72852e-08
0.122854 2.73922e-08
0.122944 2.71964e-08
0.123034 2.70624e-08
0.123124 2.70261e-08
0.123214 2.71218e-08
0.123304 2.71636e-08
0.123393 2.75143e-08
0.123483 2.79365e-08
0.123573 2.79333e-08
0.123663 2.81499e-08
0.123753 2.82294e-08
0.123843 2.83207e-08
0.123933 2.85113e-08
0.124023 2.88556e-08
0.124113 2.92091e-08
0.124203 2.9949e-08
0.124293 3.02114e-08
0.124382 3.00638e-08
0.124472 2.97973e-08
0.124562 2.98605e-08
0.124652 2.98451e-08
0.124742 2.94347e-08
0.124832 2.95487e-08
0.124922 3.03866e-08
0.125012 3.05178e-08
0.125102 3.024e-08
0.125192 3.03399e-08
0.125281 2.98101e-08
0.125371 2.96659e-08
0.125461 2.9718e-08
0.125551 2.94961e-08
0.125641 2.91367e-08
0.125731 2.90158e-08
0.125821 2.90417e-08
0.125911 2.90833e-08
0.126001 2.87483e-08
0.126091 2.8438e-08
0.126181 2.82352e-08
0.12627 2.76144e-08
0.12636 2.73123e-08
0.12645 2.78337e-08
0.12654 2.87766e-08
0.12663 2.82728e-08
0.12672 2.82305e-08
0.12681 2.80921e-08
0.1269 2.81471e-08
0.12699 2.84329e-08
0.12708 2.90924e-08
0.127169 2.90797e-08
0.127259 2.95711e-08
0.127349 2.9876e-08
0.127439 3.01695e-08
0.127529 2.99597e-08
0.127619 2.95338e-08
0.127709 2.97353e-08
0.127799 2.99503e-08
0.127889 2.97599e-08
0.127979 2.95756e-08
0.128068 2.95192e-08
0.128158 2.9502e-08
0.128248 2.93227e-08
0.128338 2.87033e-08
0.128428 2.85788e-08
0.128518 2.81154e-08
0.128608 2.88243e-08
0.128698 2.86441e-08
0.128788 2.88559e-08
0.128878 2.853e-08
0.128968 2.88668e-08
0.129057 2.90802e-08
0.129147 2.92579e-08
0.129237 2.85372e-08
0.129327 2.9043e-08
0.129417 2.90405e-08
0.129507 2.90443e-08
0.129597 2.99735e-08
0.129687 3.10069e-08
0.129777 3.06581e-08
0.129867 3.07528e-08
0.129956 3.01035e-08
0.130046 2.98603e-08
0.130136 2.94345e-08
0.130226 3.02589e-08
0.130316 2.991e-08
0.130406 2.95627e-08
0.130496 2.92961e-08
0.130586 2.84925e-08
0.130676 2.75524e-08
0.130766 2.65452e-08
0.130856 2.54429e-08
0.130945 2.55342e-08
0.131035 2.56994e-08
0.131125 2.55599e-08
0.131215 2.53129e-08
0.131305 2.48874e-08
0.131395 2.53849e-08
0.131485 2.53124e-08
0.131575 2.59237e-08
0.131665 2.64471e-08
0.131755 2.82445e-08
0.131844 2.90031e-08
0.131934 2.97033e-08
0.132024 2.98941e-08
0.132114 3.0193e-08
0.132204 3.07029e-08
0.132294 3.12112e-08
0.132384 3.13942e-08
0.132474 3.1657e-08
0.132564 3.1609e-08
0.132654 3.19197e-08
0.132744 3.23559e-08
0.132833 3.31137e-08
0.132923 3.39255e-08
0.133013 3.48275e-08
0.133103 3.40232e-08
0.133193 3.43631e-08
0.133283 3.38161e-08
0.133373 3.40333e-08
0.133463 3.4132e-08
0.133553 3.43953e-08
0.133643 3.48638e-08
0.133732 3.48761e-08
0.133822 3.52073e-08
0.133912 3.49644e-08
0.134002 3.42249e-08
0.134092 3.4283e-08
0.134182 3.49317e-08
0.134272 3.55183e-08
0.134362 3.59414e-08
0.134452 3.60988e-08
0.134542 3.65335e-08
0.134631 3.6955e-08
0.134721 3.60687e-08
0.134811 3.65424e-08
