-0.134811 -4.35814e-08
-0.134721 -4.37148e-08
-0.134631 -4.43199e-08
-0.134542 -4.46441e-08
-0.134452 -4.48799e-08
-0.134362 -4.4593e-08
-0.134272 -4.48006e-08
-0.134182 -4.49103e-08
-0.134092 -4.50175e-08
-0.134002 -4.48861e-08
-0.133912 -4.5387e-08
-0.133822 -4.4834e-08
-0.133732 -4.45093e-08
-0.133642 -4.45788e-08
-0.133553 -4.45316e-08
-0.133463 -4.43645e-08
-0.133373 -4.43829e-08
-0.133283 -4.48007e-08
-0.133193 -4.49759e-08
-0.133103 -4.50997e-08
-0.133013 -4.49648e-08
-0.132923 -4.50717e-08
-0.132833 -4.48914e-08
-0.132743 -4.52746e-08
-0.132654 -4.5131e-08
-0.132564 -4.46105e-08
-0.132474 -4.40228e-08
-0.132384 -4.42721e-08
-0.132294 -4.404e-08
-0.132204 -4.36641e-08
-0.132114 -4.32706e-08
-0.132024 -4.32115e-08
-0.131934 -4.32153e-08
-0.131844 -4.28086e-08
-0.131754 -4.25116e-08
-0.131665 -4.2244e-08
-0.131575 -4.22023e-08
-0.131485 -4.27897e-08
-0.131395 -4.31495e-08
-0.131305 -4.32234e-08
-0.131215 -4.36284e-08
-0.131125 -4.40808e-08
-0.131035 -4.43875e-08
-0.130945 -4.45791e-08
-0.130855 -4.48016e-08
-0.130766 -4.5613e-08
-0.130676 -4.56505e-08
-0.130586 -4.56292e-08
-0.130496 -4.58384e-08
-0.130406 -4.59365e-08
-0.130316 -4.59095e-08
-0.130226 -4.55095e-08
-0.130136 -4.53798e-08
-0.130046 -4.53949e-08
-0.129956 -4.51982e-08
-0.129867 -4.49157e-08
-0.129777 -4.44864e-08
-0.129687 -4.43416e-08
-0.129597 -4.43901e-08
-0.129507 -4.40779e-08
-0.129417 -4.38563e-08
-0.129327 -4.32628e-08
-0.129237 -4.33791e-08
-0.129147 -4.3706e-08
-0.129057 -4.3496e-08
-0.128967 -4.34535e-08
-0.128878 -4.35314e-08
-0.128788 -4.41846e-08
-0.128698 -4.4319e-08
-0.128608 -4.44157e-08
-0.128518 -4.42111e-08
-0.128428 -4.45769e-08
-0.128338 -4.49025e-08
-0.128248 -4.54676e-08
-0.128158 -4.52128e-08
-0.128068 -4.53871e-08
-0.127979 -4.54017e-08
-0.127889 -4.57107e-08
-0.127799 -4.55538e-08
-0.127709 -4.55505e-08
-0.127619 -4.51206e-08
-0.127529 -4.50088e-08
-0.127439 -4.49356e-08
-0.127349 -4.49954e-08
-0.127259 -4.50291e-08
-0.127169 -4.53441e-08
-0.127079 -4.54254e-08
-0.12699 -4.54717e-08
-0.1269 -4.54814e-08
-0.12681 -4.55252e-08
-0.12672 -4.53371e-08
-0.12663 -4.52886e-08
-0.12654 -4.58676e-08
-0.12645 -4.59316e-08
-0.12636 -4.59727e-08
-0.12627 -4.59739e-08
-0.12618 -4.57657e-08
-0.126091 -4.55277e-08
-0.126001 -4.51836e-08
-0.125911 -4.50655e-08
-0.125821 -4.50636e-08
-0.125731 -4.49358e-08
-0.125641 -4.53198e-08
-0.125551 -4.52023e-08
-0.125461 -4.52119e-08
-0.125371 -4.49452e-08
-0.125281 -4.50244e-08
-0.125191 -4.51917e-08
-0.125102 -4.53386e-08
-0.125012 -4.57588e-08
-0.124922 -4.65981e-08
-0.124832 -4.63221e-08
-0.124742 -4.66256e-08
-0.124652 -4.67765e-08
-0.124562 -4.71053e-08
-0.124472 -4.73208e-08
-0.124382 -4.75281e-08
-0.124292 -4.76211e-08
-0.124203 -4.75618e-08
-0.124113 -4.78459e-08
-0.124023 -4.77513e-08
-0.123933 -4.74444e-08
-0.123843 -4.72125e-08
-0.123753 -4.70482e-08
-0.123663 -4.69198e-08
-0.123573 -4.68994e-08
-0.123483 -4.6391e-08
-0.123393 -4.61493e-08
-0.123304 -4.61162e-08
-0.123214 -4.6379e-08
-0.123124 -4.63637e-08
-0.123034 -4.61368e-08
-0.122944 -4.65004e-08
-0.122854 -4.64833e-08
-0.122764 -4.68828e-08
-0.122674 -4.73514e-08
-0.122584 -4.76456e-08
-0.122494 -4.77913e-08
-0.122404 -4.8436e-08
-0.122315 -4.87218e-08
-0.122225 -4.87156e-08
-0.122135 -4.85009e-08
-0.122045 -4.88002e-08
-0.121955 -4.9021e-08
-0.121865 -4.89995e-08
-0.121775 -4.93019e-08
-0.121685 -4.90762e-08
-0.121595 -4.87953e-08
-0.121505 -4.8951e-08
-0.121416 -4.8938e-08
-0.121326 -4.88344e-08
-0.121236 -4.90065e-08
-0.121146 -4.90316e-08
-0.121056 -4.93561e-08
-0.120966 -4.96283e-08
-0.120876 -4.97523e-08
-0.120786 -4.99512e-08
-0.120696 -4.98276e-08
-0.120606 -4.99525e-08
-0.120516 -5.02409e-08
-0.120427 -5.02169e-08
-0.120337 -5.04454e-08
-0.120247 -5.04857e-08
-0.120157 -5.03833e-08
-0.120067 -5.05424e-08
-0.119977 -5.01279e-08
-0.119887 -4.99781e-08
-0.119797 -4.97455e-08
-0.119707 -4.96693e-08
-0.119617 -4.94403e-08
-0.119528 -4.91575e-08
-0.119438 -4.88993e-08
-0.119348 -4.8872e-08
-0.119258 -4.86423e-08
-0.119168 -4.84773e-08
-0.119078 -4.86039e-08
-0.118988 -4.87896e-08
-0.118898 -4.88347e-08
-0.118808 -4.88406e-08
-0.118718 -4.88491e-08
-0.118628 -4.90118e-08
-0.118539 -4.92214e-08
-0.118449 -4.93294e-08
-0.118359 -4.95572e-08
-0.118269 -4.96696e-08
-0.118179 -4.96664e-08
-0.118089 -4.97235e-08
-0.117999 -4.97776e-08
-0.117909 -4.96863e-08
-0.117819 -4.96585e-08
-0.117729 -4.97566e-08
-0.11764 -4.96614e-08
-0.11755 -4.94393e-08
-0.11746 -4.94539e-08
-0.11737 -4.9399e-08
-0.11728 -4.93501e-08
-0.11719 -4.93113e-08
-0.1171 -4.95147e-08
-0.11701 -4.94275e-08
-0.11692 -4.96589e-08
-0.11683 -4.97685e-08
-0.116741 -4.97706e-08
-0.116651 -4.98097e-08
-0.116561 -5.02059e-08
-0.116471 -5.04949e-08
-0.116381 -5.0731e-08
-0.116291 -5.07577e-08
-0.116201 -5.06581e-08
-0.116111 -5.07601e-08
-0.116021 -5.07373e-08
-0.115931 -5.08522e-08
-0.115841 -5.08211e-08
-0.115752 -5.08786e-08
-0.115662 -5.08048e-08
-0.115572 -5.06447e-08
-0.115482 -5.02419e-08
-0.115392 -5.00353e-08
-0.115302 -4.97279e-08
-0.115212 -4.97914e-08
-0.115122 -4.98701e-08
-0.115032 -4.96412e-08
-0.114942 -4.95285e-08
-0.114853 -4.95688e-08
-0.114763 -4.94742e-08
-0.114673 -4.94971e-08
-0.114583 -4.95211e-08
-0.114493 -4.96817e-08
-0.114403 -4.97103e-08
-0.114313 -4.98926e-08
-0.114223 -5.00559e-08
-0.114133 -4.99369e-08
-0.114043 -5.00556e-08
-0.113953 -5.03482e-08
-0.113864 -5.02857e-08
-0.113774 -5.02899e-08
-0.113684 -5.02179e-08
-0.113594 -5.02759e-08
-0.113504 -5.03508e-08
-0.113414 -5.014e-08
-0.113324 -5.01998e-08
-0.113234 -5.01704e-08
-0.113144 -5.0083e-08
-0.113054 -5.01009e-08
-0.112965 -4.97849e-08
-0.112875 -4.965e-08
-0.112785 -4.96045e-08
-0.112695 -4.94512e-08
-0.112605 -4.96115e-08
-0.112515 -4.94079e-08
-0.112425 -4.94615e-08
-0.112335 -4.95645e-08
-0.112245 -4.96034e-08
-0.112155 -4.96768e-08
-0.112065 -4.97769e-08
-0.111976 -4.97099e-08
-0.111886 -4.98395e-08
-0.111796 -4.99024e-08
-0.111706 -4.99663e-08
-0.111616 -4.98673e-08
-0.111526 -4.98125e-08
-0.111436 -4.97976e-08
-0.111346 -4.96342e-08
-0.111256 -4.96534e-08
-0.111166 -4.95156e-08
-0.111077 -4.95082e-08
-0.110987 -4.94123e-08
-0.110897 -4.95016e-08
-0.110807 -4.94934e-08
-0.110717 -4.94568e-08
-0.110627 -4.94723e-08
-0.110537 -4.95575e-08
-0.110447 -4.96428e-08
-0.110357 -4.97456e-08
-0.110267 -4.97807e-08
-0.110178 -4.97931e-08
-0.110088 -5.0009e-08
-0.109998 -5.00316e-08
-0.109908 -5.02665e-08
-0.109818 -5.02811e-08
-0.109728 -5.04099e-08
-0.109638 -5.03667e-08
-0.109548 -5.04567e-08
-0.109458 -5.0511e-08
-0.109368 -5.05764e-08
-0.109278 -5.06562e-08
-0.109189 -5.0724e-08
-0.109099 -5.0666e-08
-0.109009 -5.05943e-08
-0.108919 -5.04398e-08
-0.108829 -5.03445e-08
-0.108739 -5.03772e-08
-0.108649 -5.02965e-08
-0.108559 -5.02825e-08
-0.108469 -5.01838e-08
-0.108379 -5.01056e-08
-0.10829 -5.01474e-08
-0.1082 -5.02172e-08
-0.10811 -5.02188e-08
-0.10802 -5.01897e-08
-0.10793 -5.02218e-08
-0.10784 -5.04225e-08
-0.10775 -5.04198e-08
-0.10766 -5.044e-08
-0.10757 -5.05258e-08
-0.10748 -5.06033e-08
-0.10739 -5.06463e-08
-0.107301 -5.06207e-08
-0.107211 -5.05533e-08
-0.107121 -5.0351e-08
-0.107031 -5.03698e-08
-0.106941 -5.01904e-08
-0.106851 -5.01282e-08
-0.106761 -5.00832e-08
-0.106671 -5.00017e-08
-0.106581 -4.98778e-08
-0.106491 -4.98106e-08
-0.106402 -4.98377e-08
-0.106312 -4.9795e-08
-0.106222 -4.98032e-08
-0.106132 -4.97866e-08
-0.106042 -4.98683e-08
-0.105952 -4.99178e-08
-0.105862 -4.99927e-08
-0.105772 -4.99824e-08
-0.105682 -4.99519e-08
-0.105592 -5.00181e-08
-0.105502 -5.01204e-08
-0.105413 -5.01019e-08
-0.105323 -5.00847e-08
-0.105233 -4.99963e-08
-0.105143 -4.99051e-08
-0.105053 -4.98307e-08
-0.104963 -4.97871e-08
-0.104873 -4.97437e-08
-0.104783 -4.97507e-08
-0.104693 -4.96269e-08
-0.104603 -4.96892e-08
-0.104514 -4.95849e-08
-0.104424 -4.94338e-08
-0.104334 -4.94657e-08
-0.104244 -4.95397e-08
-0.104154 -4.95478e-08
-0.104064 -4.95275e-08
-0.103974 -4.95191e-08
-0.103884 -4.93989e-08
-0.103794 -4.93758e-08
-0.103704 -4.9332e-08
-0.103614 -4.9252e-08
-0.103525 -4.90907e-08
-0.103435 -4.9065e-08
-0.103345 -4.89877e-08
-0.103255 -4.88601e-08
-0.103165 -4.87983e-08
-0.103075 -4.8785e-08
-0.102985 -4.87557e-08
-0.102895 -4.8772e-08
-0.102805 -4.88125e-08
-0.102715 -4.88491e-08
-0.102626 -4.88868e-08
-0.102536 -4.90217e-08
-0.102446 -4.90127e-08
-0.102356 -4.90307e-08
-0.102266 -4.9007e-08
-0.102176 -4.89961e-08
-0.102086 -4.89741e-08
-0.101996 -4.89565e-08
-0.101906 -4.89198e-08
-0.101816 -4.88723e-08
-0.101727 -4.88028e-08
-0.101637 -4.87858e-08
-0.101547 -4.86656e-08
-0.101457 -4.85208e-08
-0.101367 -4.84302e-08
-0.101277 -4.84076e-08
-0.101187 -4.84211e-08
-0.101097 -4.82454e-08
-0.101007 -4.82573e-08
-0.100917 -4.81539e-08
-0.100827 -4.81118e-08
-0.100738 -4.79511e-08
-0.100648 -4.78238e-08
-0.100558 -4.76016e-08
-0.100468 -4.75037e-08
-0.100378 -4.74923e-08
-0.100288 -4.74521e-08
-0.100198 -4.72659e-08
-0.100108 -4.71556e-08
-0.100018 -4.7119e-08
-0.0999284 -4.70475e-08
-0.0998385 -4.70524e-08
-0.0997486 -4.69395e-08
-0.0996587 -4.69131e-08
-0.0995688 -4.6966e-08
-0.0994789 -4.70294e-08
-0.099389 -4.70478e-08
-0.0992991 -4.69851e-08
-0.0992092 -4.69693e-08
-0.0991193 -4.7015e-08
-0.0990294 -4.7067e-08
-0.0989395 -4.69646e-08
-0.0988496 -4.69196e-08
-0.0987597 -4.68458e-08
-0.0986698 -4.68213e-08
-0.0985799 -4.67622e-08
-0.09849 -4.66689e-08
-0.0984001 -4.661e-08
-0.0983102 -4.65396e-08
-0.0982202 -4.64438e-08
-0.0981303 -4.64102e-08
-0.0980404 -4.62893e-08
-0.0979505 -4.61732e-08
-0.0978606 -4.61184e-08
-0.0977707 -4.60443e-08
-0.0976808 -4.60125e-08
-0.0975909 -4.59318e-08
-0.097501 -4.58265e-08
-0.0974111 -4.57859e-08
-0.0973212 -4.56337e-08
-0.0972313 -4.55116e-08
-0.0971414 -4.54346e-08
-0.0970515 -4.53539e-08
-0.0969616 -4.53011e-08
-0.0968717 -4.51887e-08
-0.0967818 -4.50987e-08
-0.0966919 -4.49486e-08
-0.096602 -4.49089e-08
-0.0965121 -4.48357e-08
-0.0964222 -4.47361e-08
-0.0963323 -4.46393e-08
-0.0962424 -4.46079e-08
-0.0961525 -4.45422e-08
-0.0960626 -4.45156e-08
-0.0959726 -4.44531e-08
-0.0958827 -4.44152e-08
-0.0957928 -4.43693e-08
-0.0957029 -4.43141e-08
-0.095613 -4.42143e-08
-0.0955231 -4.41471e-08
-0.0954332 -4.41396e-08
-0.0953433 -4.41098e-08
-0.0952534 -4.4032e-08
-0.0951635 -4.40045e-08
-0.0950736 -4.39114e-08
-0.0949837 -4.37978e-08
-0.0948938 -4.3751e-08
-0.0948039 -4.36894e-08
-0.094714 -4.35952e-08
-0.0946241 -4.34945e-08
-0.0945342 -4.3511e-08
-0.0944443 -4.33655e-08
-0.0943544 -4.32558e-08
-0.0942645 -4.31411e-08
-0.0941746 -4.30486e-08
-0.0940847 -4.29009e-08
-0.0939948 -4.28112e-08
-0.0939049 -4.26514e-08
-0.0938149 -4.25125e-08
-0.093725 -4.2415e-08
-0.0936351 -4.23852e-08
-0.0935452 -4.22849e-08
-0.0934553 -4.22184e-08
-0.0933654 -4.21379e-08
-0.0932755 -4.2042e-08
-0.0931856 -4.19783e-08
-0.0930957 -4.18729e-08
-0.0930058 -4.17657e-08
-0.0929159 -4.16374e-08
-0.092826 -4.15072e-08
-0.0927361 -4.14222e-08
-0.0926462 -4.1376e-08
-0.0925563 -4.12903e-08
-0.0924664 -4.11427e-08
-0.0923765 -4.09973e-08
-0.0922866 -4.09178e-08
-0.0921967 -4.08562e-08
-0.0921068 -4.08206e-08
-0.0920169 -4.07663e-08
-0.091927 -4.06647e-08
-0.0918371 -4.05812e-08
-0.0917472 -4.0536e-08
-0.0916572 -4.03839e-08
-0.0915673 -4.03176e-08
-0.0914774 -4.01595e-08
-0.0913875 -4.00844e-08
-0.0912976 -3.99774e-08
-0.0912077 -3.98836e-08
-0.0911178 -3.97213e-08
-0.0910279 -3.9558e-08
-0.090938 -3.94682e-08
-0.0908481 -3.94505e-08
-0.0907582 -3.93876e-08
-0.0906683 -3.9284e-08
-0.0905784 -3.91987e-08
-0.0904885 -3.91039e-08
-0.0903986 -3.90602e-08
-0.0903087 -3.88925e-08
-0.0902188 -3.87833e-08
-0.0901289 -3.8669e-08
-0.090039 -3.85951e-08
-0.0899491 -3.85017e-08
-0.0898592 -3.83963e-08
-0.0897693 -3.82681e-08
-0.0896794 -3.8176e-08
-0.0895895 -3.80506e-08
-0.0894995 -3.78957e-08
-0.0894096 -3.77538e-08
-0.0893197 -3.76635e-08
-0.0892298 -3.7575e-08
-0.0891399 -3.74392e-08
-0.08905 -3.73158e-08
-0.0889601 -3.72286e-08
-0.0888702 -3.71534e-08
-0.0887803 -3.70526e-08
-0.0886904 -3.70212e-08
-0.0886005 -3.69107e-08
-0.0885106 -3.69075e-08
-0.0884207 -3.68179e-08
-0.0883308 -3.67282e-08
-0.0882409 -3.668e-08
-0.088151 -3.6574e-08
-0.0880611 -3.64881e-08
-0.0879712 -3.637e-08
-0.0878813 -3.6222e-08
-0.0877914 -3.60366e-08
-0.0877015 -3.59291e-08
-0.0876116 -3.57542e-08
-0.0875217 -3.56697e-08
-0.0874318 -3.54994e-08
-0.0873418 -3.53948e-08
-0.0872519 -3.51913e-08
-0.087162 -3.51067e-08
-0.0870721 -3.49869e-08
-0.0869822 -3.49038e-08
-0.0868923 -3.47987e-08
-0.0868024 -3.4683e-08
-0.0867125 -3.45787e-08
-0.0866226 -3.44272e-08
-0.0865327 -3.43088e-08
-0.0864428 -3.4134e-08
-0.0863529 -3.40219e-08
-0.086263 -3.39545e-08
-0.0861731 -3.38134e-08
-0.0860832 -3.36733e-08
-0.0859933 -3.35448e-08
-0.0859034 -3.34267e-08
-0.0858135 -3.3308e-08
-0.0857236 -3.31853e-08
-0.0856337 -3.30599e-08
-0.0855438 -3.29027e-08
-0.0854539 -3.27587e-08
-0.085364 -3.26355e-08
-0.0852741 -3.24858e-08
-0.0851841 -3.23561e-08
-0.0850942 -3.2247e-08
-0.0850043 -3.21212e-08
-0.0849144 -3.19565e-08
-0.0848245 -3.18082e-08
-0.0847346 -3.1676e-08
-0.0846447 -3.15468e-08
-0.0845548 -3.13866e-08
-0.0844649 -3.1228e-08
-0.084375 -3.10428e-08
-0.0842851 -3.08362e-08
-0.0841952 -3.06366e-08
-0.0841053 -3.04909e-08
-0.0840154 -3.0306e-08
-0.0839255 -3.01649e-08
-0.0838356 -2.99819e-08
-0.0837457 -2.97942e-08
-0.0836558 -2.96058e-08
-0.0835659 -2.9457e-08
-0.083476 -2.93619e-08
-0.0833861 -2.92081e-08
-0.0832962 -2.91101e-08
-0.0832063 -2.89831e-08
-0.0831164 -2.8837e-08
-0.0830264 -2.87295e-08
-0.0829365 -2.8577e-08
-0.0828466 -2.84308e-08
-0.0827567 -2.82954e-08
-0.0826668 -2.81575e-08
-0.0825769 -2.8001e-08
-0.082487 -2.78422e-08
-0.0823971 -2.7736e-08
-0.0823072 -2.7667e-08
-0.0822173 -2.75681e-08
-0.0821274 -2.75052e-08
-0.0820375 -2.7427e-08
-0.0819476 -2.72892e-08
-0.0818577 -2.72188e-08
-0.0817678 -2.71362e-08
-0.0816779 -2.70741e-08
-0.081588 -2.69866e-08
-0.0814981 -2.68924e-08
-0.0814082 -2.68068e-08
-0.0813183 -2.67248e-08
-0.0812284 -2.66068e-08
-0.0811385 -2.65076e-08
-0.0810486 -2.64223e-08
-0.0809587 -2.63005e-08
-0.0808687 -2.62384e-08
-0.0807788 -2.61057e-08
-0.0806889 -2.59772e-08
-0.080599 -2.58513e-08
-0.0805091 -2.57464e-08
-0.0804192 -2.56432e-08
-0.0803293 -2.55205e-08
-0.0802394 -2.53911e-08
-0.0801495 -2.52259e-08
-0.0800596 -2.51227e-08
-0.0799697 -2.49386e-08
-0.0798798 -2.47941e-08
-0.0797899 -2.4666e-08
-0.0797 -2.45985e-08
-0.0796101 -2.44632e-08
-0.0795202 -2.43824e-08
-0.0794303 -2.42418e-08
-0.0793404 -2.41686e-08
-0.0792505 -2.4067e-08
-0.0791606 -2.39783e-08
-0.0790707 -2.38858e-08
-0.0789808 -2.37697e-08
-0.0788909 -2.36786e-08
-0.078801 -2.35923e-08
-0.078711 -2.34956e-08
-0.0786211 -2.34452e-08
-0.0785312 -2.33539e-08
-0.0784413 -2.3239e-08
-0.0783514 -2.31576e-08
-0.0782615 -2.30582e-08
-0.0781716 -2.29394e-08
-0.0780817 -2.28648e-08
-0.0779918 -2.27834e-08
-0.0779019 -2.26745e-08
-0.077812 -2.25752e-08
-0.0777221 -2.24897e-08
-0.0776322 -2.24027e-08
-0.0775423 -2.23161e-08
-0.0774524 -2.22287e-08
-0.0773625 -2.21517e-08
-0.0772726 -2.20687e-08
-0.0771827 -2.20005e-08
-0.0770928 -2.19238e-08
-0.0770029 -2.18468e-08
-0.076913 -2.17602e-08
-0.0768231 -2.16768e-08
-0.0767332 -2.15878e-08
-0.0766433 -2.14967e-08
-0.0765534 -2.14015e-08
-0.0764634 -2.13509e-08
-0.0763735 -2.12464e-08
-0.0762836 -2.1157e-08
-0.0761937 -2.10453e-08
-0.0761038 -2.09509e-08
-0.0760139 -2.08344e-08
-0.075924 -2.0704e-08
-0.0758341 -2.05963e-08
-0.0757442 -2.04688e-08
-0.0756543 -2.03376e-08
-0.0755644 -2.02173e-08
-0.0754745 -2.00939e-08
-0.0753846 -1.9979e-08
-0.0752947 -1.98625e-08
-0.0752048 -1.97644e-08
-0.0751149 -1.96503e-08
-0.075025 -1.95396e-08
-0.0749351 -1.9397e-08
-0.0748452 -1.92714e-08
-0.0747553 -1.91637e-08
-0.0746654 -1.90417e-08
-0.0745755 -1.89202e-08
-0.0744856 -1.88174e-08
-0.0743957 -1.86702e-08
-0.0743057 -1.85206e-08
-0.0742158 -1.83775e-08
-0.0741259 -1.82509e-08
-0.074036 -1.81117e-08
-0.0739461 -1.80026e-08
-0.0738562 -1.78712e-08
-0.0737663 -1.77398e-08
-0.0736764 -1.76112e-08
-0.0735865 -1.74858e-08
-0.0734966 -1.7374e-08
-0.0734067 -1.72397e-08
-0.0733168 -1.71393e-08
-0.0732269 -1.70257e-08
-0.073137 -1.69209e-08
-0.0730471 -1.68393e-08
-0.0729572 -1.67388e-08
-0.0728673 -1.66409e-08
-0.0727774 -1.65856e-08
-0.0726875 -1.64984e-08
-0.0725976 -1.64165e-08
-0.0725077 -1.63317e-08
-0.0724178 -1.62715e-08
-0.0723279 -1.61811e-08
-0.072238 -1.6084e-08
-0.072148 -1.59895e-08
-0.0720581 -1.58866e-08
-0.0719682 -1.57971e-08
-0.0718783 -1.57077e-08
-0.0717884 -1.56201e-08
-0.0716985 -1.552e-08
-0.0716086 -1.54018e-08
-0.0715187 -1.53053e-08
-0.0714288 -1.52113e-08
-0.0713389 -1.50836e-08
-0.071249 -1.49789e-08
-0.0711591 -1.4896e-08
-0.0710692 -1.4796e-08
-0.0709793 -1.47128e-08
-0.0708894 -1.4623e-08
-0.0707995 -1.45344e-08
-0.0707096 -1.44274e-08
-0.0706197 -1.43212e-08
-0.0705298 -1.42005e-08
-0.0704399 -1.41065e-08
-0.07035 -1.40006e-08
-0.0702601 -1.38842e-08
-0.0701702 -1.37745e-08
-0.0700803 -1.36628e-08
-0.0699903 -1.35391e-08
-0.0699004 -1.34063e-08
-0.0698105 -1.32625e-08
-0.0697206 -1.3145e-08
-0.0696307 -1.30388e-08
-0.0695408 -1.29391e-08
-0.0694509 -1.28246e-08
-0.069361 -1.27211e-08
-0.0692711 -1.2627e-08
-0.0691812 -1.25375e-08
-0.0690913 -1.24071e-08
-0.0690014 -1.23028e-08
-0.0689115 -1.21737e-08
-0.0688216 -1.20508e-08
-0.0687317 -1.19454e-08
-0.0686418 -1.18184e-08
-0.0685519 -1.17031e-08
-0.068462 -1.15996e-08
-0.0683721 -1.15179e-08
-0.0682822 -1.14323e-08
-0.0681923 -1.13287e-08
-0.0681024 -1.12266e-08
-0.0680125 -1.11256e-08
-0.0679226 -1.10361e-08
-0.0678326 -1.09262e-08
-0.0677427 -1.08175e-08
-0.0676528 -1.07264e-08
-0.0675629 -1.06441e-08
-0.067473 -1.05544e-08
-0.0673831 -1.04473e-08
-0.0672932 -1.03598e-08
-0.0672033 -1.02427e-08
-0.0671134 -1.01596e-08
-0.0670235 -1.00754e-08
-0.0669336 -9.97864e-09
-0.0668437 -9.89127e-09
-0.0667538 -9.82103e-09
-0.0666639 -9.72315e-09
-0.066574 -9.64823e-09
-0.0664841 -9.56794e-09
-0.0663942 -9.4904e-09
-0.0663043 -9.38177e-09
-0.0662144 -9.27373e-09
-0.0661245 -9.18141e-09
-0.0660346 -9.07488e-09
-0.0659447 -8.98135e-09
-0.0658548 -8.88724e-09
-0.0657649 -8.77017e-09
-0.0656749 -8.65999e-09
-0.065585 -8.56148e-09
-0.0654951 -8.47138e-09
-0.0654052 -8.3653e-09
-0.0653153 -8.25643e-09
-0.0652254 -8.1431e-09
-0.0651355 -8.03208e-09
-0.0650456 -7.93428e-09
-0.0649557 -7.83047e-09
-0.0648658 -7.73358e-09
-0.0647759 -7.60978e-09
-0.064686 -7.47714e-09
-0.0645961 -7.37624e-09
-0.0645062 -7.26029e-09
-0.0644163 -7.15794e-09
-0.0643264 -7.05169e-09
-0.0642365 -6.95138e-09
-0.0641466 -6.84736e-09
-0.0640567 -6.75788e-09
-0.0639668 -6.64238e-09
-0.0638769 -6.53856e-09
-0.063787 -6.43119e-09
-0.0636971 -6.30938e-09
-0.0636072 -6.19958e-09
-0.0635172 -6.09384e-09
-0.0634273 -5.98974e-09
-0.0633374 -5.8818e-09
-0.0632475 -5.79126e-09
-0.0631576 -5.69674e-09
-0.0630677 -5.58263e-09
-0.0629778 -5.4698e-09
-0.0628879 -5.37368e-09
-0.062798 -5.2802e-09
-0.0627081 -5.20213e-09
-0.0626182 -5.10421e-09
-0.0625283 -5.02611e-09
-0.0624384 -4.94898e-09
-0.0623485 -4.86447e-09
-0.0622586 -4.76706e-09
-0.0621687 -4.68849e-09
-0.0620788 -4.60559e-09
-0.0619889 -4.53131e-09
-0.061899 -4.46397e-09
-0.0618091 -4.3943e-09
-0.0617192 -4.34097e-09
-0.0616293 -4.27498e-09
-0.0615394 -4.2081e-09
-0.0614495 -4.11921e-09
-0.0613595 -4.04125e-09
-0.0612696 -3.96469e-09
-0.0611797 -3.88527e-09
-0.0610898 -3.81109e-09
-0.0609999 -3.74199e-09
-0.06091 -3.64979e-09
-0.0608201 -3.57418e-09
-0.0607302 -3.48876e-09
-0.0606403 -3.39978e-09
-0.0605504 -3.33157e-09
-0.0604605 -3.2574e-09
-0.0603706 -3.17692e-09
-0.0602807 -3.1087e-09
-0.0601908 -3.04041e-09
-0.0601009 -2.96621e-09
-0.060011 -2.87934e-09
-0.0599211 -2.80641e-09
-0.0598312 -2.7488e-09
-0.0597413 -2.66851e-09
-0.0596514 -2.5883e-09
-0.0595615 -2.52037e-09
-0.0594716 -2.45548e-09
-0.0593817 -2.38743e-09
-0.0592918 -2.30259e-09
-0.0592018 -2.24132e-09
-0.0591119 -2.18095e-09
-0.059022 -2.11567e-09
-0.0589321 -2.03365e-09
-0.0588422 -1.95871e-09
-0.0587523 -1.90464e-09
-0.0586624 -1.82207e-09
-0.0585725 -1.76321e-09
-0.0584826 -1.70284e-09
-0.0583927 -1.62989e-09
-0.0583028 -1.55496e-09
-0.0582129 -1.48419e-09
-0.058123 -1.40912e-09
-0.0580331 -1.35168e-09
-0.0579432 -1.27001e-09
-0.0578533 -1.20474e-09
-0.0577634 -1.12151e-09
-0.0576735 -1.04239e-09
-0.0575836 -9.56256e-10
-0.0574937 -8.81004e-10
-0.0574038 -8.06117e-10
-0.0573139 -7.24915e-10
-0.057224 -6.59501e-10
-0.0571341 -5.83051e-10
-0.0570442 -4.92554e-10
-0.0569542 -4.01891e-10
-0.0568643 -3.1165e-10
-0.0567744 -2.20591e-10
-0.0566845 -1.30445e-10
-0.0565946 -2.51567e-11
-0.0565047 6.74719e-11
-0.0564148 1.6469e-10
-0.0563249 2.57078e-10
-0.056235 3.5524e-10
-0.0561451 4.72989e-10
-0.0560552 5.75535e-10
-0.0559653 6.66781e-10
-0.0558754 7.69467e-10
-0.0557855 8.5538e-10
-0.0556956 9.58142e-10
-0.0556057 1.06953e-09
-0.0555158 1.17363e-09
-0.0554259 1.25691e-09
-0.055336 1.33929e-09
-0.0552461 1.41934e-09
-0.0551562 1.50249e-09
-0.0550663 1.60066e-09
-0.0549764 1.68926e-09
-0.0548865 1.77988e-09
-0.0547965 1.8649e-09
-0.0547066 1.94964e-09
-0.0546167 2.02696e-09
-0.0545268 2.09304e-09
-0.0544369 2.1561e-09
-0.054347 2.22812e-09
-0.0542571 2.29837e-09
-0.0541672 2.35828e-09
-0.0540773 2.42227e-09
-0.0539874 2.47997e-09
-0.0538975 2.56163e-09
-0.0538076 2.63472e-09
-0.0537177 2.70287e-09
-0.0536278 2.77845e-09
-0.0535379 2.84888e-09
-0.053448 2.92933e-09
-0.0533581 3.00494e-09
-0.0532682 3.09455e-09
-0.0531783 3.17353e-09
-0.0530884 3.25974e-09
-0.0529985 3.34637e-09
-0.0529086 3.43905e-09
-0.0528187 3.52348e-09
-0.0527288 3.61051e-09
-0.0526388 3.68503e-09
-0.0525489 3.76791e-09
-0.052459 3.853e-09
-0.0523691 3.93672e-09
-0.0522792 4.02601e-09
-0.0521893 4.11043e-09
-0.0520994 4.20817e-09
-0.0520095 4.29421e-09
-0.0519196 4.37856e-09
-0.0518297 4.4674e-09
-0.0517398 4.54787e-09
-0.0516499 4.63475e-09
-0.05156 4.71183e-09
-0.0514701 4.79829e-09
-0.0513802 4.8789e-09
-0.0512903 4.95524e-09
-0.0512004 5.03434e-09
-0.0511105 5.11985e-09
-0.0510206 5.19384e-09
-0.0509307 5.26739e-09
-0.0508408 5.33663e-09
-0.0507509 5.41386e-09
-0.050661 5.49056e-09
-0.0505711 5.56495e-09
-0.0504811 5.64393e-09
-0.0503912 5.72527e-09
-0.0503013 5.80314e-09
-0.0502114 5.88424e-09
-0.0501215 5.96211e-09
-0.0500316 6.03286e-09
-0.0499417 6.10168e-09
-0.0498518 6.17021e-09
-0.0497619 6.23683e-09
-0.049672 6.30159e-09
-0.0495821 6.35875e-09
-0.0494922 6.4229e-09
-0.0494023 6.48619e-09
-0.0493124 6.55872e-09
-0.0492225 6.62044e-09
-0.0491326 6.67941e-09
-0.0490427 6.73511e-09
-0.0489528 6.79782e-09
-0.0488629 6.85898e-09
-0.048773 6.92134e-09
-0.0486831 6.98439e-09
-0.0485932 7.03283e-09
-0.0485033 7.08237e-09
-0.0484134 7.13713e-09
-0.0483234 7.19935e-09
-0.0482335 7.25979e-09
-0.0481436 7.32351e-09
-0.0480537 7.3828e-09
-0.0479638 7.44596e-09
-0.0478739 7.51508e-09
-0.047784 7.58039e-09
-0.0476941 7.64027e-09
-0.0476042 7.69992e-09
-0.0475143 7.76291e-09
-0.0474244 7.82706e-09
-0.0473345 7.88981e-09
-0.0472446 7.94438e-09
-0.0471547 8.00235e-09
-0.0470648 8.06756e-09
-0.0469749 8.13491e-09
-0.046885 8.19381e-09
-0.0467951 8.25729e-09
-0.0467052 8.32022e-09
-0.0466153 8.37393e-09
-0.0465254 8.44131e-09
-0.0464355 8.49406e-09
-0.0463456 8.55842e-09
-0.0462557 8.61427e-09
-0.0461657 8.68165e-09
-0.0460758 8.73626e-09
-0.0459859 8.7907e-09
-0.045896 8.85109e-09
-0.0458061 8.89686e-09
-0.0457162 8.95144e-09
-0.0456263 8.9995e-09
-0.0455364 9.05504e-09
-0.0454465 9.109e-09
-0.0453566 9.15276e-09
-0.0452667 9.21346e-09
-0.0451768 9.27639e-09
-0.0450869 9.33393e-09
-0.044997 9.38467e-09
-0.0449071 9.42923e-09
-0.0448172 9.4808e-09
-0.0447273 9.53877e-09
-0.0446374 9.59505e-09
-0.0445475 9.64374e-09
-0.0444576 9.70353e-09
-0.0443677 9.75298e-09
-0.0442778 9.81521e-09
-0.0441879 9.8796e-09
-0.044098 9.93154e-09
-0.044008 9.98642e-09
-0.0439181 1.00392e-08
-0.0438282 1.00983e-08
-0.0437383 1.01478e-08
-0.0436484 1.02085e-08
-0.0435585 1.02755e-08
-0.0434686 1.03401e-08
-0.0433787 1.03962e-08
-0.0432888 1.04527e-08
-0.0431989 1.05117e-08
-0.043109 1.05673e-08
-0.0430191 1.06266e-08
-0.0429292 1.06756e-08
-0.0428393 1.07231e-08
-0.0427494 1.07842e-08
-0.0426595 1.08437e-08
-0.0425696 1.0907e-08
-0.0424797 1.09651e-08
-0.0423898 1.10197e-08
-0.0422999 1.10675e-08
-0.04221 1.11185e-08
-0.0421201 1.1169e-08
-0.0420302 1.12221e-08
-0.0419403 1.12674e-08
-0.0418503 1.13125e-08
-0.0417604 1.13496e-08
-0.0416705 1.14007e-08
-0.0415806 1.14529e-08
-0.0414907 1.14967e-08
-0.0414008 1.15373e-08
-0.0413109 1.15821e-08
-0.041221 1.1626e-08
-0.0411311 1.16717e-08
-0.0410412 1.17172e-08
-0.0409513 1.17571e-08
-0.0408614 1.17928e-08
-0.0407715 1.18321e-08
-0.0406816 1.18646e-08
-0.0405917 1.19019e-08
-0.0405018 1.19395e-08
-0.0404119 1.19767e-08
-0.040322 1.20186e-08
-0.0402321 1.20583e-08
-0.0401422 1.20997e-08
-0.0400523 1.2138e-08
-0.0399624 1.21794e-08
-0.0398725 1.22173e-08
-0.0397826 1.22538e-08
-0.0396927 1.22895e-08
-0.0396027 1.23269e-08
-0.0395128 1.23743e-08
-0.0394229 1.24174e-08
-0.039333 1.24566e-08
-0.0392431 1.24967e-08
-0.0391532 1.25307e-08
-0.0390633 1.25715e-08
-0.0389734 1.26111e-08
-0.0388835 1.26549e-08
-0.0387936 1.2694e-08
-0.0387037 1.2735e-08
-0.0386138 1.27727e-08
-0.0385239 1.28106e-08
-0.038434 1.28473e-08
-0.0383441 1.2875e-08
-0.0382542 1.2909e-08
-0.0381643 1.29406e-08
-0.0380744 1.29768e-08
-0.0379845 1.30108e-08
-0.0378946 1.30408e-08
-0.0378047 1.30726e-08
-0.0377148 1.30962e-08
-0.0376249 1.31298e-08
-0.037535 1.31637e-08
-0.037445 1.31893e-08
-0.0373551 1.32146e-08
-0.0372652 1.32353e-08
-0.0371753 1.32506e-08
-0.0370854 1.32767e-08
-0.0369955 1.33025e-08
-0.0369056 1.33243e-08
-0.0368157 1.33418e-08
-0.0367258 1.33637e-08
-0.0366359 1.33822e-08
-0.036546 1.3402e-08
-0.0364561 1.34206e-08
-0.0363662 1.34378e-08
-0.0362763 1.34565e-08
-0.0361864 1.34712e-08
-0.0360965 1.3487e-08
-0.0360066 1.35065e-08
-0.0359167 1.35214e-08
-0.0358268 1.35442e-08
-0.0357369 1.35664e-08
-0.035647 1.35946e-08
-0.0355571 1.36153e-08
-0.0354672 1.36335e-08
-0.0353773 1.3649e-08
-0.0352873 1.3661e-08
-0.0351974 1.36694e-08
-0.0351075 1.36891e-08
-0.0350176 1.36994e-08
-0.0349277 1.37209e-08
-0.0348378 1.37386e-08
-0.0347479 1.37587e-08
-0.034658 1.37812e-08
-0.0345681 1.38053e-08
-0.0344782 1.38299e-08
-0.0343883 1.38545e-08
-0.0342984 1.38716e-08
-0.0342085 1.38837e-08
-0.0341186 1.38988e-08
-0.0340287 1.39227e-08
-0.0339388 1.39425e-08
-0.0338489 1.39683e-08
-0.033759 1.39929e-08
-0.0336691 1.40188e-08
-0.0335792 1.40373e-08
-0.0334893 1.40527e-08
-0.0333994 1.40736e-08
-0.0333095 1.40922e-08
-0.0332196 1.41209e-08
-0.0331296 1.41407e-08
-0.0330397 1.41701e-08
-0.0329498 1.41997e-08
-0.0328599 1.42252e-08
-0.03277 1.42481e-08
-0.0326801 1.42765e-08
-0.0325902 1.43159e-08
-0.0325003 1.43342e-08
-0.0324104 1.43568e-08
-0.0323205 1.4382e-08
-0.0322306 1.44071e-08
-0.0321407 1.44365e-08
-0.0320508 1.4464e-08
-0.0319609 1.44929e-08
-0.031871 1.45118e-08
-0.0317811 1.45339e-08
-0.0316912 1.45523e-08
-0.0316013 1.45794e-08
-0.0315114 1.46009e-08
-0.0314215 1.46146e-08
-0.0313316 1.46346e-08
-0.0312417 1.46579e-08
-0.0311518 1.46747e-08
-0.0310619 1.46992e-08
-0.0309719 1.47203e-08
-0.030882 1.47338e-08
-0.0307921 1.47473e-08
-0.0307022 1.47565e-08
-0.0306123 1.47691e-08
-0.0305224 1.47806e-08
-0.0304325 1.47892e-08
-0.0303426 1.47958e-08
-0.0302527 1.48068e-08
-0.0301628 1.48129e-08
-0.0300729 1.48216e-08
-0.029983 1.48357e-08
-0.0298931 1.48429e-08
-0.0298032 1.48476e-08
-0.0297133 1.48526e-08
-0.0296234 1.48574e-08
-0.0295335 1.48594e-08
-0.0294436 1.48628e-08
-0.0293537 1.48617e-08
-0.0292638 1.4859e-08
-0.0291739 1.48627e-08
-0.029084 1.48657e-08
-0.0289941 1.48714e-08
-0.0289042 1.48734e-08
-0.0288142 1.48698e-08
-0.0287243 1.48683e-08
-0.0286344 1.48624e-08
-0.0285445 1.48572e-08
-0.0284546 1.48523e-08
-0.0283647 1.48465e-08
-0.0282748 1.48342e-08
-0.0281849 1.48228e-08
-0.028095 1.48174e-08
-0.0280051 1.4808e-08
-0.0279152 1.4802e-08
-0.0278253 1.47938e-08
-0.0277354 1.47812e-08
-0.0276455 1.47709e-08
-0.0275556 1.47575e-08
-0.0274657 1.47428e-08
-0.0273758 1.47334e-08
-0.0272859 1.4716e-08
-0.027196 1.47065e-08
-0.0271061 1.46963e-08
-0.0270162 1.468e-08
-0.0269263 1.46624e-08
-0.0268364 1.46466e-08
-0.0267465 1.46279e-08
-0.0266565 1.46045e-08
-0.0265666 1.45935e-08
-0.0264767 1.45717e-08
-0.0263868 1.45541e-08
-0.0262969 1.45368e-08
-0.026207 1.45169e-08
-0.0261171 1.45004e-08
-0.0260272 1.44878e-08
-0.0259373 1.44706e-08
-0.0258474 1.44533e-08
-0.0257575 1.44362e-08
-0.0256676 1.4408e-08
-0.0255777 1.43916e-08
-0.0254878 1.43694e-08
-0.0253979 1.4342e-08
-0.025308 1.43221e-08
-0.0252181 1.42982e-08
-0.0251282 1.42754e-08
-0.0250383 1.42484e-08
-0.0249484 1.42319e-08
-0.0248585 1.42059e-08
-0.0247686 1.41906e-08
-0.0246787 1.41648e-08
-0.0245888 1.41364e-08
-0.0244988 1.41163e-08
-0.0244089 1.40914e-08
-0.024319 1.40634e-08
-0.0242291 1.4036e-08
-0.0241392 1.40083e-08
-0.0240493 1.39795e-08
-0.0239594 1.39503e-08
-0.0238695 1.3924e-08
-0.0237796 1.38937e-08
-0.0236897 1.38717e-08
-0.0235998 1.38416e-08
-0.0235099 1.38083e-08
-0.02342 1.37774e-08
-0.0233301 1.37455e-08
-0.0232402 1.37097e-08
-0.0231503 1.36711e-08
-0.0230604 1.36338e-08
-0.0229705 1.35942e-08
-0.0228806 1.35528e-08
-0.0227907 1.35104e-08
-0.0227008 1.34756e-08
-0.0226109 1.34397e-08
-0.022521 1.33971e-08
-0.0224311 1.33538e-08
-0.0223411 1.33129e-08
-0.0222512 1.32689e-08
-0.0221613 1.32211e-08
-0.0220714 1.3168e-08
-0.0219815 1.31251e-08
-0.0218916 1.30763e-08
-0.0218017 1.30249e-08
-0.0217118 1.29745e-08
-0.0216219 1.29292e-08
-0.021532 1.28771e-08
-0.0214421 1.2818e-08
-0.0213522 1.27654e-08
-0.0212623 1.27132e-08
-0.0211724 1.2658e-08
-0.0210825 1.26025e-08
-0.0209926 1.2547e-08
-0.0209027 1.24999e-08
-0.0208128 1.24484e-08
-0.0207229 1.23984e-08
-0.020633 1.23417e-08
-0.0205431 1.22886e-08
-0.0204532 1.22325e-08
-0.0203633 1.2179e-08
-0.0202734 1.21268e-08
-0.0201835 1.20702e-08
-0.0200935 1.20153e-08
-0.0200036 1.19628e-08
-0.0199137 1.19122e-08
-0.0198238 1.18603e-08
-0.0197339 1.18113e-08
-0.019644 1.1762e-08
-0.0195541 1.17097e-08
-0.0194642 1.16575e-08
-0.0193743 1.16082e-08
-0.0192844 1.15653e-08
-0.0191945 1.15212e-08
-0.0191046 1.14827e-08
-0.0190147 1.14369e-08
-0.0189248 1.13907e-08
-0.0188349 1.13464e-08
-0.018745 1.13019e-08
-0.0186551 1.12595e-08
-0.0185652 1.12183e-08
-0.0184753 1.11711e-08
-0.0183854 1.11236e-08
-0.0182955 1.10805e-08
-0.0182056 1.10396e-08
-0.0181157 1.09998e-08
-0.0180258 1.09668e-08
-0.0179358 1.0926e-08
-0.0178459 1.08809e-08
-0.017756 1.08375e-08
-0.0176661 1.07998e-08
-0.0175762 1.07535e-08
-0.0174863 1.07119e-08
-0.0173964 1.06634e-08
-0.0173065 1.06219e-08
-0.0172166 1.05784e-08
-0.0171267 1.05366e-08
-0.0170368 1.04979e-08
-0.0169469 1.0456e-08
-0.016857 1.04153e-08
-0.0167671 1.03682e-08
-0.0166772 1.03236e-08
-0.0165873 1.02799e-08
-0.0164974 1.02394e-08
-0.0164075 1.01881e-08
-0.0163176 1.01412e-08
-0.0162277 1.00999e-08
-0.0161378 1.00485e-08
-0.0160479 1.00016e-08
-0.015958 9.95214e-09
-0.0158681 9.90554e-09
-0.0157781 9.86053e-09
-0.0156882 9.81346e-09
-0.0155983 9.76394e-09
-0.0155084 9.71281e-09
-0.0154185 9.65993e-09
-0.0153286 9.60477e-09
-0.0152387 9.55235e-09
-0.0151488 9.49769e-09
-0.0150589 9.44482e-09
-0.014969 9.39445e-09
-0.0148791 9.34128e-09
-0.0147892 9.28694e-09
-0.0146993 9.23711e-09
-0.0146094 9.18272e-09
-0.0145195 9.12888e-09
-0.0144296 9.06798e-09
-0.0143397 9.00873e-09
-0.0142498 8.95368e-09
-0.0141599 8.88879e-09
-0.01407 8.83319e-09
-0.0139801 8.78104e-09
-0.0138902 8.72396e-09
-0.0138003 8.66599e-09
-0.0137104 8.61104e-09
-0.0136204 8.55148e-09
-0.0135305 8.49733e-09
-0.0134406 8.44155e-09
-0.0133507 8.3783e-09
-0.0132608 8.32039e-09
-0.0131709 8.26185e-09
-0.013081 8.20254e-09
-0.0129911 8.14969e-09
-0.0129012 8.08915e-09
-0.0128113 8.0242e-09
-0.0127214 7.96237e-09
-0.0126315 7.90527e-09
-0.0125416 7.8433e-09
-0.0124517 7.78974e-09
-0.0123618 7.72962e-09
-0.0122719 7.66637e-09
-0.012182 7.60727e-09
-0.0120921 7.55056e-09
-0.0120022 7.4955e-09
-0.0119123 7.43473e-09
-0.0118224 7.37356e-09
-0.0117325 7.31039e-09
-0.0116426 7.24336e-09
-0.0115527 7.18714e-09
-0.0114627 7.12323e-09
-0.0113728 7.0609e-09
-0.0112829 7.00049e-09
-0.011193 6.93529e-09
-0.0111031 6.87705e-09
-0.0110132 6.82088e-09
-0.0109233 6.76222e-09
-0.0108334 6.69941e-09
-0.0107435 6.63825e-09
-0.0106536 6.57743e-09
-0.0105637 6.51351e-09
-0.0104738 6.45689e-09
-0.0103839 6.38757e-09
-0.010294 6.32292e-09
-0.0102041 6.25328e-09
-0.0101142 6.18865e-09
-0.0100243 6.12969e-09
-0.00993438 6.06586e-09
-0.00984447 6.0069e-09
-0.00975457 5.94021e-09
-0.00966466 5.88301e-09
-0.00957476 5.82489e-09
-0.00948486 5.7653e-09
-0.00939495 5.70457e-09
-0.00930505 5.63809e-09
-0.00921514 5.57559e-09
-0.00912524 5.51241e-09
-0.00903534 5.45368e-09
-0.00894543 5.39233e-09
-0.00885553 5.32811e-09
-0.00876562 5.26847e-09
-0.00867572 5.20159e-09
-0.00858582 5.14412e-09
-0.00849591 5.09096e-09
-0.00840601 5.02984e-09
-0.0083161 4.97097e-09
-0.0082262 4.91277e-09
-0.00813629 4.85519e-09
-0.00804639 4.79744e-09
-0.00795649 4.74379e-09
-0.00786658 4.68863e-09
-0.00777668 4.62983e-09
-0.00768677 4.57375e-09
-0.00759687 4.51478e-09
-0.00750697 4.45727e-09
-0.00741706 4.40098e-09
-0.00732716 4.34037e-09
-0.00723725 4.2871e-09
-0.00714735 4.23349e-09
-0.00705744 4.18156e-09
-0.00696754 4.12663e-09
-0.00687764 4.07401e-09
-0.00678773 4.02094e-09
-0.00669783 3.96703e-09
-0.00660792 3.91134e-09
-0.00651802 3.84696e-09
-0.00642812 3.78789e-09
-0.00633821 3.73032e-09
-0.00624831 3.67121e-09
-0.0061584 3.62047e-09
-0.0060685 3.56556e-09
-0.00597859 3.50968e-09
-0.00588869 3.45686e-09
-0.00579879 3.39979e-09
-0.00570888 3.34765e-09
-0.00561898 3.29102e-09
-0.00552907 3.23379e-09
-0.00543917 3.17239e-09
-0.00534927 3.11728e-09
-0.00525936 3.06088e-09
-0.00516946 3.00082e-09
-0.00507955 2.94521e-09
-0.00498965 2.8897e-09
-0.00489975 2.8415e-09
-0.00480984 2.78074e-09
-0.00471994 2.72594e-09
-0.00463003 2.67051e-09
-0.00454013 2.61268e-09
-0.00445022 2.54955e-09
-0.00436032 2.48741e-09
-0.00427042 2.43171e-09
-0.00418051 2.37288e-09
-0.00409061 2.31515e-09
-0.0040007 2.25356e-09
-0.0039108 2.19616e-09
-0.0038209 2.14665e-09
-0.00373099 2.08459e-09
-0.00364109 2.02926e-09
-0.00355118 1.97701e-09
-0.00346128 1.91854e-09
-0.00337137 1.86597e-09
-0.00328147 1.80842e-09
-0.00319157 1.74673e-09
-0.00310166 1.69415e-09
-0.00301176 1.64079e-09
-0.00292185 1.58434e-09
-0.00283195 1.53426e-09
-0.00274205 1.48301e-09
-0.00265214 1.42341e-09
-0.00256224 1.37127e-09
-0.00247233 1.32179e-09
-0.00238243 1.2663e-09
-0.00229252 1.21851e-09
-0.00220262 1.15876e-09
-0.00211272 1.10426e-09
-0.00202281 1.05765e-09
-0.00193291 1.00758e-09
-0.001843 9.56153e-10
-0.0017531 9.00347e-10
-0.0016632 8.49698e-10
-0.00157329 7.9831e-10
-0.00148339 7.51693e-10
-0.00139348 7.04702e-10
-0.00130358 6.61654e-10
-0.00121368 6.15158e-10
-0.00112377 5.61086e-10
-0.00103387 5.15956e-10
-0.000943963 4.68356e-10
-0.000854059 4.23931e-10
-0.000764154 3.77655e-10
-0.00067425 3.28921e-10
-0.000584346 2.8439e-10
-0.000494442 2.43951e-10
-0.000404538 2.0375e-10
-0.000314634 1.67952e-10
-0.00022473 1.27926e-10
-0.000134825 8.62477e-11
-4.49212e-05 4.50166e-11
4.49829e-05 0
0.000134887 -3.74644e-11
0.000224791 -7.40551e-11
0.000314695 -1.18849e-10
0.0004046 -1.52893e-10
0.000494504 -1.88942e-10
0.000584408 -2.18924e-10
0.000674312 -2.5036e-10
0.000764216 -2.80958e-10
0.00085412 -3.12117e-10
0.000944024 -3.43011e-10
0.00103393 -3.80279e-10
0.00112383 -4.14823e-10
0.00121374 -4.40423e-10
0.00130364 -4.74671e-10
0.00139355 -5.0438e-10
0.00148345 -5.32303e-10
0.00157335 -5.64567e-10
0.00166326 -5.86697e-10
0.00175316 -6.15089e-10
0.00184307 -6.50737e-10
0.00193297 -6.768e-10
0.00202287 -7.01736e-10
0.00211278 -7.3143e-10
0.00220268 -7.54324e-10
0.00229259 -7.81114e-10
0.00238249 -8.09677e-10
0.00247239 -8.35185e-10
0.0025623 -8.59834e-10
0.0026522 -8.88393e-10
0.00274211 -9.05344e-10
0.00283201 -9.33666e-10
0.00292192 -9.60266e-10
0.00301182 -9.77713e-10
0.00310172 -1.00019e-09
0.00319163 -1.01948e-09
0.00328153 -1.0453e-09
0.00337144 -1.06931e-09
0.00346134 -1.08394e-09
0.00355124 -1.10636e-09
0.00364115 -1.12698e-09
0.00373105 -1.15165e-09
0.00382096 -1.16915e-09
0.00391086 -1.1959e-09
0.00400077 -1.22028e-09
0.00409067 -1.24227e-09
0.00418057 -1.26268e-09
0.00427048 -1.27971e-09
0.00436038 -1.30612e-09
0.00445029 -1.32478e-09
0.00454019 -1.34373e-09
0.00463009 -1.36343e-09
0.00472 -1.38399e-09
0.0048099 -1.4036e-09
0.00489981 -1.42542e-09
0.00498971 -1.44573e-09
0.00507962 -1.46369e-09
0.00516952 -1.4875e-09
0.00525942 -1.50408e-09
0.00534933 -1.51785e-09
0.00543923 -1.53692e-09
0.00552914 -1.55085e-09
0.00561904 -1.56592e-09
0.00570894 -1.58661e-09
0.00579885 -1.60318e-09
0.00588875 -1.62607e-09
0.00597866 -1.64549e-09
0.00606856 -1.66463e-09
0.00615846 -1.68251e-09
0.00624837 -1.69883e-09
0.00633827 -1.71197e-09
0.00642818 -1.72581e-09
0.00651808 -1.74478e-09
0.00660799 -1.76252e-09
0.00669789 -1.77805e-09
0.00678779 -1.79331e-09
0.0068777 -1.8102e-09
0.0069676 -1.83341e-09
0.00705751 -1.85001e-09
0.00714741 -1.86611e-09
0.00723731 -1.88072e-09
0.00732722 -1.8932e-09
0.00741712 -1.90903e-09
0.00750703 -1.92902e-09
0.00759693 -1.95367e-09
0.00768684 -1.96894e-09
0.00777674 -1.98347e-09
0.00786664 -2.00107e-09
0.00795655 -2.01697e-09
0.00804645 -2.0379e-09
0.00813636 -2.05333e-09
0.00822626 -2.07168e-09
0.00831616 -2.08298e-09
0.00840607 -2.0989e-09
0.00849597 -2.121e-09
0.00858588 -2.13928e-09
0.00867578 -2.16561e-09
0.00876569 -2.18345e-09
0.00885559 -2.2019e-09
0.00894549 -2.2225e-09
0.0090354 -2.24029e-09
0.0091253 -2.25831e-09
0.00921521 -2.26873e-09
0.00930511 -2.28905e-09
0.00939501 -2.29909e-09
0.00948492 -2.31901e-09
0.00957482 -2.33907e-09
0.00966473 -2.35435e-09
0.00975463 -2.37524e-09
0.00984453 -2.39441e-09
0.00993444 -2.41533e-09
0.0100243 -2.43724e-09
0.0101142 -2.45823e-09
0.0102042 -2.47489e-09
0.0102941 -2.49314e-09
0.010384 -2.5142e-09
0.0104739 -2.52853e-09
0.0105638 -2.54739e-09
0.0106537 -2.56433e-09
0.0107436 -2.57803e-09
0.0108335 -2.59592e-09
0.0109234 -2.61624e-09
0.0110133 -2.64214e-09
0.0111032 -2.66355e-09
0.0111931 -2.68585e-09
0.011283 -2.70591e-09
0.0113729 -2.72161e-09
0.0114628 -2.74836e-09
0.0115527 -2.76751e-09
0.0116426 -2.78533e-09
0.0117325 -2.80675e-09
0.0118224 -2.82112e-09
0.0119123 -2.83867e-09
0.0120022 -2.86568e-09
0.0120921 -2.89064e-09
0.012182 -2.90894e-09
0.0122719 -2.9352e-09
0.0123619 -2.9523e-09
0.0124518 -2.97239e-09
0.0125417 -2.99826e-09
0.0126316 -3.01922e-09
0.0127215 -3.04023e-09
0.0128114 -3.06266e-09
0.0129013 -3.08464e-09
0.0129912 -3.10938e-09
0.0130811 -3.13245e-09
0.013171 -3.15095e-09
0.0132609 -3.17348e-09
0.0133508 -3.1989e-09
0.0134407 -3.21732e-09
0.0135306 -3.23858e-09
0.0136205 -3.26004e-09
0.0137104 -3.28635e-09
0.0138003 -3.30947e-09
0.0138902 -3.33421e-09
0.0139801 -3.36515e-09
0.01407 -3.38962e-09
0.0141599 -3.40873e-09
0.0142498 -3.43738e-09
0.0143397 -3.46125e-09
0.0144296 -3.48589e-09
0.0145196 -3.51027e-09
0.0146095 -3.5315e-09
0.0146994 -3.55514e-09
0.0147893 -3.57879e-09
0.0148792 -3.60819e-09
0.0149691 -3.63564e-09
0.015059 -3.66676e-09
0.0151489 -3.6919e-09
0.0152388 -3.71899e-09
0.0153287 -3.74915e-09
0.0154186 -3.76962e-09
0.0155085 -3.79907e-09
0.0155984 -3.82772e-09
0.0156883 -3.85e-09
0.0157782 -3.86799e-09
0.0158681 -3.89009e-09
0.015958 -3.9173e-09
0.0160479 -3.94624e-09
0.0161378 -3.97527e-09
0.0162277 -4.00039e-09
0.0163176 -4.02268e-09
0.0164075 -4.0392e-09
0.0164974 -4.06031e-09
0.0165873 -4.07822e-09
0.0166773 -4.09844e-09
0.0167672 -4.1155e-09
0.0168571 -4.13155e-09
0.016947 -4.14599e-09
0.0170369 -4.16963e-09
0.0171268 -4.1878e-09
0.0172167 -4.20619e-09
0.0173066 -4.22821e-09
0.0173965 -4.24219e-09
0.0174864 -4.25707e-09
0.0175763 -4.27463e-09
0.0176662 -4.29569e-09
0.0177561 -4.30651e-09
0.017846 -4.32312e-09
0.0179359 -4.3381e-09
0.0180258 -4.35099e-09
0.0181157 -4.3681e-09
0.0182056 -4.3852e-09
0.0182955 -4.40532e-09
0.0183854 -4.42586e-09
0.0184753 -4.44276e-09
0.0185652 -4.4603e-09
0.0186551 -4.47886e-09
0.018745 -4.49842e-09
0.0188349 -4.51816e-09
0.0189249 -4.53971e-09
0.0190148 -4.55571e-09
0.0191047 -4.57352e-09
0.0191946 -4.58613e-09
0.0192845 -4.60437e-09
0.0193744 -4.62362e-09
0.0194643 -4.64186e-09
0.0195542 -4.66639e-09
0.0196441 -4.68865e-09
0.019734 -4.71244e-09
0.0198239 -4.73738e-09
0.0199138 -4.76928e-09
0.0200037 -4.79448e-09
0.0200936 -4.81186e-09
0.0201835 -4.83692e-09
0.0202734 -4.8584e-09
0.0203633 -4.88093e-09
0.0204532 -4.89645e-09
0.0205431 -4.91778e-09
0.020633 -4.94694e-09
0.0207229 -4.97687e-09
0.0208128 -5.00261e-09
0.0209027 -5.02932e-09
0.0209926 -5.0593e-09
0.0210826 -5.08578e-09
0.0211725 -5.11062e-09
0.0212624 -5.14302e-09
0.0213523 -5.17357e-09
0.0214422 -5.20049e-09
0.0215321 -5.22382e-09
0.021622 -5.25399e-09
0.0217119 -5.28761e-09
0.0218018 -5.31778e-09
0.0218917 -5.34769e-09
0.0219816 -5.38129e-09
0.0220715 -5.41168e-09
0.0221614 -5.44714e-09
0.0222513 -5.47945e-09
0.0223412 -5.51216e-09
0.0224311 -5.54314e-09
0.022521 -5.57449e-09
0.0226109 -5.59659e-09
0.0227008 -5.63508e-09
0.0227907 -5.66524e-09
0.0228806 -5.69995e-09
0.0229705 -5.7347e-09
0.0230604 -5.76468e-09
0.0231503 -5.79893e-09
0.0232403 -5.83115e-09
0.0233302 -5.86088e-09
0.0234201 -5.88925e-09
0.02351 -5.92383e-09
0.0235999 -5.95155e-09
0.0236898 -5.9738e-09
0.0237797 -6.01003e-09
0.0238696 -6.03837e-09
0.0239595 -6.06601e-09
0.0240494 -6.09155e-09
0.0241393 -6.11354e-09
0.0242292 -6.14116e-09
0.0243191 -6.16906e-09
0.024409 -6.19423e-09
0.0244989 -6.22034e-09
0.0245888 -6.25594e-09
0.0246787 -6.27951e-09
0.0247686 -6.30769e-09
0.0248585 -6.33754e-09
0.0249484 -6.3709e-09
0.0250383 -6.40088e-09
0.0251282 -6.43476e-09
0.0252181 -6.45986e-09
0.025308 -6.48922e-09
0.025398 -6.52069e-09
0.0254879 -6.55061e-09
0.0255778 -6.58987e-09
0.0256677 -6.62401e-09
0.0257576 -6.65202e-09
0.0258475 -6.68385e-09
0.0259374 -6.7158e-09
0.0260273 -6.75318e-09
0.0261172 -6.7911e-09
0.0262071 -6.82835e-09
0.026297 -6.86069e-09
0.0263869 -6.89795e-09
0.0264768 -6.93811e-09
0.0265667 -6.97882e-09
0.0266566 -7.01977e-09
0.0267465 -7.06082e-09
0.0268364 -7.09807e-09
0.0269263 -7.14386e-09
0.0270162 -7.18442e-09
0.0271061 -7.22865e-09
0.027196 -7.269e-09
0.0272859 -7.30465e-09
0.0273758 -7.34745e-09
0.0274657 -7.38974e-09
0.0275557 -7.43459e-09
0.0276456 -7.47297e-09
0.0277355 -7.51667e-09
0.0278254 -7.55658e-09
0.0279153 -7.60357e-09
0.0280052 -7.65297e-09
0.0280951 -7.69438e-09
0.028185 -7.74291e-09
0.0282749 -7.78746e-09
0.0283648 -7.83069e-09
0.0284547 -7.87172e-09
0.0285446 -7.91543e-09
0.0286345 -7.95179e-09
0.0287244 -7.99386e-09
0.0288143 -8.02942e-09
0.0289042 -8.06974e-09
0.0289941 -8.1195e-09
0.029084 -8.16244e-09
0.0291739 -8.19447e-09
0.0292638 -8.23647e-09
0.0293537 -8.27629e-09
0.0294436 -8.31232e-09
0.0295335 -8.35437e-09
0.0296234 -8.39585e-09
0.0297134 -8.42718e-09
0.0298033 -8.46328e-09
0.0298932 -8.49782e-09
0.0299831 -8.53855e-09
0.030073 -8.58431e-09
0.0301629 -8.6243e-09
0.0302528 -8.66033e-09
0.0303427 -8.70101e-09
0.0304326 -8.73029e-09
0.0305225 -8.76777e-09
0.0306124 -8.81716e-09
0.0307023 -8.85161e-09
0.0307922 -8.88783e-09
0.0308821 -8.922e-09
0.030972 -8.96564e-09
0.0310619 -9.00728e-09
0.0311518 -9.0452e-09
0.0312417 -9.08671e-09
0.0313316 -9.12316e-09
0.0314215 -9.16214e-09
0.0315114 -9.19285e-09
0.0316013 -9.24331e-09
0.0316912 -9.28823e-09
0.0317811 -9.32996e-09
0.0318711 -9.37032e-09
0.031961 -9.41115e-09
0.0320509 -9.45713e-09
0.0321408 -9.48987e-09
0.0322307 -9.52549e-09
0.0323206 -9.56267e-09
0.0324105 -9.59952e-09
0.0325004 -9.64324e-09
0.0325903 -9.68452e-09
0.0326802 -9.72674e-09
0.0327701 -9.76997e-09
0.03286 -9.81596e-09
0.0329499 -9.84746e-09
0.0330398 -9.88516e-09
0.0331297 -9.92035e-09
0.0332196 -9.9491e-09
0.0333095 -9.97615e-09
0.0333994 -1.00137e-08
0.0334893 -1.00547e-08
0.0335792 -1.00987e-08
0.0336691 -1.01388e-08
0.033759 -1.01779e-08
0.0338489 -1.02089e-08
0.0339388 -1.02426e-08
0.0340288 -1.02704e-08
0.0341187 -1.03014e-08
0.0342086 -1.03314e-08
0.0342985 -1.03592e-08
0.0343884 -1.0389e-08
0.0344783 -1.04124e-08
0.0345682 -1.0441e-08
0.0346581 -1.04691e-08
0.034748 -1.04992e-08
0.0348379 -1.05261e-08
0.0349278 -1.05528e-08
0.0350177 -1.05813e-08
0.0351076 -1.06106e-08
0.0351975 -1.06286e-08
0.0352874 -1.0659e-08
0.0353773 -1.06869e-08
0.0354672 -1.07126e-08
0.0355571 -1.07384e-08
0.035647 -1.07619e-08
0.0357369 -1.078e-08
0.0358268 -1.08038e-08
0.0359167 -1.08239e-08
0.0360066 -1.08545e-08
0.0360965 -1.08828e-08
0.0361865 -1.09096e-08
0.0362764 -1.09325e-08
0.0363663 -1.09599e-08
0.0364562 -1.09847e-08
0.0365461 -1.10215e-08
0.036636 -1.10582e-08
0.0367259 -1.10853e-08
0.0368158 -1.11143e-08
0.0369057 -1.11493e-08
0.0369956 -1.11803e-08
0.0370855 -1.12184e-08
0.0371754 -1.12514e-08
0.0372653 -1.12939e-08
0.0373552 -1.13285e-08
0.0374451 -1.13656e-08
0.037535 -1.14092e-08
0.0376249 -1.14497e-08
0.0377148 -1.14932e-08
0.0378047 -1.15372e-08
0.0378946 -1.15805e-08
0.0379845 -1.16218e-08
0.0380744 -1.16618e-08
0.0381643 -1.16995e-08
0.0382542 -1.17388e-08
0.0383441 -1.17844e-08
0.0384341 -1.18279e-08
0.038524 -1.18828e-08
0.0386139 -1.19304e-08
0.0387038 -1.19758e-08
0.0387937 -1.2021e-08
0.0388836 -1.2063e-08
0.0389735 -1.21081e-08
0.0390634 -1.21523e-08
0.0391533 -1.21975e-08
0.0392432 -1.22403e-08
0.0393331 -1.22837e-08
0.039423 -1.23274e-08
0.0395129 -1.23663e-08
0.0396028 -1.24161e-08
0.0396927 -1.24598e-08
0.0397826 -1.25068e-08
0.0398725 -1.25491e-08
0.0399624 -1.25951e-08
0.0400523 -1.26454e-08
0.0401422 -1.2695e-08
0.0402321 -1.27464e-08
0.040322 -1.27945e-08
0.0404119 -1.28384e-08
0.0405018 -1.28856e-08
0.0405918 -1.29398e-08
0.0406817 -1.3001e-08
0.0407716 -1.30424e-08
0.0408615 -1.30846e-08
0.0409514 -1.31318e-08
0.0410413 -1.31866e-08
0.0411312 -1.32373e-08
0.0412211 -1.32894e-08
0.041311 -1.33402e-08
0.0414009 -1.33933e-08
0.0414908 -1.34515e-08
0.0415807 -1.35105e-08
0.0416706 -1.35688e-08
0.0417605 -1.36199e-08
0.0418504 -1.36659e-08
0.0419403 -1.37075e-08
0.0420302 -1.37584e-08
0.0421201 -1.38055e-08
0.04221 -1.38576e-08
0.0422999 -1.39062e-08
0.0423898 -1.39509e-08
0.0424797 -1.40024e-08
0.0425696 -1.40522e-08
0.0426595 -1.41016e-08
0.0427495 -1.41399e-08
0.0428394 -1.41767e-08
0.0429293 -1.42175e-08
0.0430192 -1.42585e-08
0.0431091 -1.42995e-08
0.043199 -1.43461e-08
0.0432889 -1.4394e-08
0.0433788 -1.44279e-08
0.0434687 -1.44692e-08
0.0435586 -1.45002e-08
0.0436485 -1.45333e-08
0.0437384 -1.45701e-08
0.0438283 -1.46049e-08
0.0439182 -1.4634e-08
0.0440081 -1.4664e-08
0.044098 -1.47076e-08
0.0441879 -1.47573e-08
0.0442778 -1.48075e-08
0.0443677 -1.48467e-08
0.0444576 -1.48863e-08
0.0445475 -1.49347e-08
0.0446374 -1.49745e-08
0.0447273 -1.50231e-08
0.0448172 -1.50587e-08
0.0449072 -1.51025e-08
0.0449971 -1.51524e-08
0.045087 -1.51906e-08
0.0451769 -1.52411e-08
0.0452668 -1.52832e-08
0.0453567 -1.53407e-08
0.0454466 -1.53924e-08
0.0455365 -1.54483e-08
0.0456264 -1.55085e-08
0.0457163 -1.55638e-08
0.0458062 -1.56305e-08
0.0458961 -1.56872e-08
0.045986 -1.575e-08
0.0460759 -1.58131e-08
0.0461658 -1.58726e-08
0.0462557 -1.59251e-08
0.0463456 -1.59904e-08
0.0464355 -1.60543e-08
0.0465254 -1.61197e-08
0.0466153 -1.61864e-08
0.0467052 -1.62578e-08
0.0467951 -1.63284e-08
0.046885 -1.64078e-08
0.0469749 -1.64857e-08
0.0470649 -1.65581e-08
0.0471548 -1.66314e-08
0.0472447 -1.67154e-08
0.0473346 -1.67996e-08
0.0474245 -1.68844e-08
0.0475144 -1.69584e-08
0.0476043 -1.7034e-08
0.0476942 -1.71198e-08
0.0477841 -1.72083e-08
0.047874 -1.72946e-08
0.0479639 -1.73818e-08
0.0480538 -1.74641e-08
0.0481437 -1.75506e-08
0.0482336 -1.76363e-08
0.0483235 -1.7734e-08
0.0484134 -1.78248e-08
0.0485033 -1.7918e-08
0.0485932 -1.79998e-08
0.0486831 -1.80813e-08
0.048773 -1.81612e-08
0.0488629 -1.82426e-08
0.0489528 -1.83252e-08
0.0490427 -1.8407e-08
0.0491326 -1.84996e-08
0.0492226 -1.85964e-08
0.0493125 -1.86831e-08
0.0494024 -1.87693e-08
0.0494923 -1.8857e-08
0.0495822 -1.89394e-08
0.0496721 -1.90159e-08
0.049762 -1.90915e-08
0.0498519 -1.91646e-08
0.0499418 -1.92384e-08
0.0500317 -1.93111e-08
0.0501216 -1.93902e-08
0.0502115 -1.94645e-08
0.0503014 -1.9537e-08
0.0503913 -1.961e-08
0.0504812 -1.96931e-08
0.0505711 -1.9766e-08
0.050661 -1.98441e-08
0.0507509 -1.9921e-08
0.0508408 -1.99992e-08
0.0509307 -2.00846e-08
0.0510206 -2.01636e-08
0.0511105 -2.02579e-08
0.0512004 -2.03383e-08
0.0512903 -2.04262e-08
0.0513803 -2.0519e-08
0.0514702 -2.06087e-08
0.0515601 -2.06999e-08
0.05165 -2.07825e-08
0.0517399 -2.0872e-08
0.0518298 -2.09603e-08
0.0519197 -2.10546e-08
0.0520096 -2.1145e-08
0.0520995 -2.12426e-08
0.0521894 -2.13373e-08
0.0522793 -2.14405e-08
0.0523692 -2.15424e-08
0.0524591 -2.16376e-08
0.052549 -2.17331e-08
0.0526389 -2.18287e-08
0.0527288 -2.19321e-08
0.0528187 -2.20306e-08
0.0529086 -2.21458e-08
0.0529985 -2.22405e-08
0.0530884 -2.23382e-08
0.0531783 -2.24389e-08
0.0532682 -2.25471e-08
0.0533581 -2.26576e-08
0.053448 -2.27609e-08
0.053538 -2.28593e-08
0.0536279 -2.29666e-08
0.0537178 -2.30779e-08
0.0538077 -2.31898e-08
0.0538976 -2.33125e-08
0.0539875 -2.34295e-08
0.0540774 -2.35581e-08
0.0541673 -2.36818e-08
0.0542572 -2.37895e-08
0.0543471 -2.39078e-08
0.054437 -2.40161e-08
0.0545269 -2.41351e-08
0.0546168 -2.4264e-08
0.0547067 -2.43878e-08
0.0547966 -2.44947e-08
0.0548865 -2.46084e-08
0.0549764 -2.47301e-08
0.0550663 -2.48493e-08
0.0551562 -2.49826e-08
0.0552461 -2.51065e-08
0.055336 -2.52193e-08
0.0554259 -2.53461e-08
0.0555158 -2.54705e-08
0.0556057 -2.5595e-08
0.0556956 -2.57235e-08
0.0557856 -2.58452e-08
0.0558755 -2.5973e-08
0.0559654 -2.61009e-08
0.0560553 -2.62337e-08
0.0561452 -2.63596e-08
0.0562351 -2.64718e-08
0.056325 -2.65967e-08
0.0564149 -2.6729e-08
0.0565048 -2.68481e-08
0.0565947 -2.6985e-08
0.0566846 -2.7115e-08
0.0567745 -2.72597e-08
0.0568644 -2.73855e-08
0.0569543 -2.75179e-08
0.0570442 -2.76416e-08
0.0571341 -2.77599e-08
0.057224 -2.789e-08
0.0573139 -2.80183e-08
0.0574038 -2.81474e-08
0.0574937 -2.82646e-08
0.0575836 -2.83614e-08
0.0576735 -2.8486e-08
0.0577634 -2.86018e-08
0.0578533 -2.8702e-08
0.0579433 -2.88386e-08
0.0580332 -2.89501e-08
0.0581231 -2.90715e-08
0.058213 -2.91786e-08
0.0583029 -2.93055e-08
0.0583928 -2.94235e-08
0.0584827 -2.95399e-08
0.0585726 -2.96519e-08
0.0586625 -2.97776e-08
0.0587524 -2.99092e-08
0.0588423 -3.00308e-08
0.0589322 -3.01476e-08
0.0590221 -3.02863e-08
0.059112 -3.04169e-08
0.0592019 -3.05333e-08
0.0592918 -3.06589e-08
0.0593817 -3.07935e-08
0.0594716 -3.09308e-08
0.0595615 -3.10577e-08
0.0596514 -3.11986e-08
0.0597413 -3.13524e-08
0.0598312 -3.14875e-08
0.0599211 -3.16341e-08
0.060011 -3.17766e-08
0.060101 -3.19083e-08
0.0601909 -3.20438e-08
0.0602808 -3.21699e-08
0.0603707 -3.23024e-08
0.0604606 -3.24547e-08
0.0605505 -3.25947e-08
0.0606404 -3.27266e-08
0.0607303 -3.28605e-08
0.0608202 -3.2999e-08
0.0609101 -3.31398e-08
0.061 -3.32731e-08
0.0610899 -3.34308e-08
0.0611798 -3.35691e-08
0.0612697 -3.37263e-08
0.0613596 -3.38761e-08
0.0614495 -3.40136e-08
0.0615394 -3.41524e-08
0.0616293 -3.43068e-08
0.0617192 -3.44547e-08
0.0618091 -3.46073e-08
0.061899 -3.47591e-08
0.0619889 -3.49203e-08
0.0620788 -3.50939e-08
0.0621687 -3.5238e-08
0.0622587 -3.53777e-08
0.0623486 -3.55339e-08
0.0624385 -3.56991e-08
0.0625284 -3.58528e-08
0.0626183 -3.6012e-08
0.0627082 -3.61718e-08
0.0627981 -3.63376e-08
0.062888 -3.64777e-08
0.0629779 -3.66419e-08
0.0630678 -3.67837e-08
0.0631577 -3.69323e-08
0.0632476 -3.70787e-08
0.0633375 -3.72337e-08
0.0634274 -3.7376e-08
0.0635173 -3.75198e-08
0.0636072 -3.76455e-08
0.0636971 -3.78017e-08
0.063787 -3.79614e-08
0.0638769 -3.80777e-08
0.0639668 -3.82052e-08
0.0640567 -3.83232e-08
0.0641466 -3.84456e-08
0.0642365 -3.85822e-08
0.0643264 -3.87079e-08
0.0644164 -3.88374e-08
0.0645063 -3.89595e-08
0.0645962 -3.90864e-08
0.0646861 -3.92275e-08
0.064776 -3.93774e-08
0.0648659 -3.95235e-08
0.0649558 -3.9652e-08
0.0650457 -3.97922e-08
0.0651356 -3.99263e-08
0.0652255 -4.00653e-08
0.0653154 -4.02243e-08
0.0654053 -4.03575e-08
0.0654952 -4.04913e-08
0.0655851 -4.06277e-08
0.065675 -4.07887e-08
0.0657649 -4.0925e-08
0.0658548 -4.10607e-08
0.0659447 -4.12139e-08
0.0660346 -4.13477e-08
0.0661245 -4.1482e-08
0.0662144 -4.16468e-08
0.0663043 -4.1795e-08
0.0663942 -4.19399e-08
0.0664841 -4.20962e-08
0.0665741 -4.22217e-08
0.066664 -4.23534e-08
0.0667539 -4.24798e-08
0.0668438 -4.26325e-08
0.0669337 -4.27529e-08
0.0670236 -4.28781e-08
0.0671135 -4.30082e-08
0.0672034 -4.31333e-08
0.0672933 -4.32515e-08
0.0673832 -4.33697e-08
0.0674731 -4.34885e-08
0.067563 -4.36105e-08
0.0676529 -4.37388e-08
0.0677428 -4.38635e-08
0.0678327 -4.39861e-08
0.0679226 -4.41301e-08
0.0680125 -4.42379e-08
0.0681024 -4.43725e-08
0.0681923 -4.44679e-08
0.0682822 -4.45461e-08
0.0683721 -4.4638e-08
0.068462 -4.47386e-08
0.0685519 -4.48395e-08
0.0686418 -4.49338e-08
0.0687318 -4.50359e-08
0.0688217 -4.51571e-08
0.0689116 -4.52781e-08
0.0690015 -4.53818e-08
0.0690914 -4.54796e-08
0.0691813 -4.55795e-08
0.0692712 -4.56942e-08
0.0693611 -4.58143e-08
0.069451 -4.59038e-08
0.0695409 -4.60235e-08
0.0696308 -4.61453e-08
0.0697207 -4.62726e-08
0.0698106 -4.63765e-08
0.0699005 -4.64777e-08
0.0699904 -4.65904e-08
0.0700803 -4.67092e-08
0.0701702 -4.6822e-08
0.0702601 -4.69423e-08
0.07035 -4.70938e-08
0.0704399 -4.72315e-08
0.0705298 -4.73634e-08
0.0706197 -4.75195e-08
0.0707096 -4.76593e-08
0.0707995 -4.77862e-08
0.0708895 -4.79263e-08
0.0709794 -4.8062e-08
0.0710693 -4.82003e-08
0.0711592 -4.83476e-08
0.0712491 -4.84727e-08
0.071339 -4.85982e-08
0.0714289 -4.86982e-08
0.0715188 -4.87925e-08
0.0716087 -4.88938e-08
0.0716986 -4.90011e-08
0.0717885 -4.90871e-08
0.0718784 -4.91837e-08
0.0719683 -4.92946e-08
0.0720582 -4.93827e-08
0.0721481 -4.94866e-08
0.072238 -4.96049e-08
0.0723279 -4.97179e-08
0.0724178 -4.98608e-08
0.0725077 -4.9995e-08
0.0725976 -5.01068e-08
0.0726875 -5.02446e-08
0.0727774 -5.03738e-08
0.0728673 -5.05162e-08
0.0729572 -5.06171e-08
0.0730472 -5.07581e-08
0.0731371 -5.08827e-08
0.073227 -5.1022e-08
0.0733169 -5.11597e-08
0.0734068 -5.13181e-08
0.0734967 -5.1424e-08
0.0735866 -5.15417e-08
0.0736765 -5.16737e-08
0.0737664 -5.17964e-08
0.0738563 -5.19283e-08
0.0739462 -5.20762e-08
0.0740361 -5.22078e-08
0.074126 -5.23314e-08
0.0742159 -5.24341e-08
0.0743058 -5.25569e-08
0.0743957 -5.26758e-08
0.0744856 -5.27993e-08
0.0745755 -5.29474e-08
0.0746654 -5.3093e-08
0.0747553 -5.32466e-08
0.0748452 -5.3373e-08
0.0749351 -5.35173e-08
0.075025 -5.36709e-08
0.0751149 -5.37779e-08
0.0752048 -5.3918e-08
0.0752948 -5.40408e-08
0.0753847 -5.41867e-08
0.0754746 -5.43072e-08
0.0755645 -5.4439e-08
0.0756544 -5.45716e-08
0.0757443 -5.47135e-08
0.0758342 -5.48529e-08
0.0759241 -5.497e-08
0.076014 -5.50918e-08
0.0761039 -5.52294e-08
0.0761938 -5.53484e-08
0.0762837 -5.54762e-08
0.0763736 -5.55823e-08
0.0764635 -5.57023e-08
0.0765534 -5.58092e-08
0.0766433 -5.59189e-08
0.0767332 -5.60096e-08
0.0768231 -5.61172e-08
0.076913 -5.62229e-08
0.0770029 -5.63279e-08
0.0770928 -5.64022e-08
0.0771827 -5.65155e-08
0.0772726 -5.66525e-08
0.0773625 -5.67625e-08
0.0774525 -5.68821e-08
0.0775424 -5.70024e-08
0.0776323 -5.70573e-08
0.0777222 -5.7164e-08
0.0778121 -5.72748e-08
0.077902 -5.73719e-08
0.0779919 -5.75027e-08
0.0780818 -5.7638e-08
0.0781717 -5.77395e-08
0.0782616 -5.78864e-08
0.0783515 -5.79759e-08
0.0784414 -5.81384e-08
0.0785313 -5.82543e-08
0.0786212 -5.84147e-08
0.0787111 -5.85498e-08
0.078801 -5.87047e-08
0.0788909 -5.89022e-08
0.0789808 -5.91321e-08
0.0790707 -5.9316e-08
0.0791606 -5.94799e-08
0.0792505 -5.96896e-08
0.0793404 -5.98406e-08
0.0794303 -6.00019e-08
0.0795202 -6.01369e-08
0.0796102 -6.03377e-08
0.0797001 -6.05041e-08
0.07979 -6.07003e-08
0.0798799 -6.08241e-08
0.0799698 -6.09706e-08
0.0800597 -6.11238e-08
0.0801496 -6.12653e-08
0.0802395 -6.14351e-08
0.0803294 -6.15817e-08
0.0804193 -6.17195e-08
0.0805092 -6.18537e-08
0.0805991 -6.19777e-08
0.080689 -6.20607e-08
0.0807789 -6.21557e-08
0.0808688 -6.22292e-08
0.0809587 -6.23456e-08
0.0810486 -6.24768e-08
0.0811385 -6.2534e-08
0.0812284 -6.26248e-08
0.0813183 -6.27019e-08
0.0814082 -6.27694e-08
0.0814981 -6.28875e-08
0.081588 -6.30191e-08
0.0816779 -6.3124e-08
0.0817679 -6.32353e-08
0.0818578 -6.33491e-08
0.0819477 -6.34839e-08
0.0820376 -6.35654e-08
0.0821275 -6.36634e-08
0.0822174 -6.37611e-08
0.0823073 -6.3835e-08
0.0823972 -6.391e-08
0.0824871 -6.39702e-08
0.082577 -6.40309e-08
0.0826669 -6.4169e-08
0.0827568 -6.42916e-08
0.0828467 -6.44411e-08
0.0829366 -6.45273e-08
0.0830265 -6.46538e-08
0.0831164 -6.47637e-08
0.0832063 -6.48591e-08
0.0832962 -6.49958e-08
0.0833861 -6.51342e-08
0.083476 -6.52681e-08
0.0835659 -6.5404e-08
0.0836558 -6.55495e-08
0.0837457 -6.57014e-08
0.0838356 -6.58541e-08
0.0839256 -6.60223e-08
0.0840155 -6.61731e-08
0.0841054 -6.6289e-08
0.0841953 -6.63983e-08
0.0842852 -6.65712e-08
0.0843751 -6.66833e-08
0.084465 -6.68099e-08
0.0845549 -6.69499e-08
0.0846448 -6.70542e-08
0.0847347 -6.71528e-08
0.0848246 -6.72513e-08
0.0849145 -6.73423e-08
0.0850044 -6.74435e-08
0.0850943 -6.75411e-08
0.0851842 -6.76692e-08
0.0852741 -6.77459e-08
0.085364 -6.78508e-08
0.0854539 -6.80083e-08
0.0855438 -6.81122e-08
0.0856337 -6.82032e-08
0.0857236 -6.83072e-08
0.0858135 -6.83458e-08
0.0859034 -6.84405e-08
0.0859933 -6.84703e-08
0.0860833 -6.85756e-08
0.0861732 -6.86062e-08
0.0862631 -6.87415e-08
0.086353 -6.87862e-08
0.0864429 -6.88988e-08
0.0865328 -6.89844e-08
0.0866227 -6.9128e-08
0.0867126 -6.92567e-08
0.0868025 -6.93736e-08
0.0868924 -6.95417e-08
0.0869823 -6.96272e-08
0.0870722 -6.9706e-08
0.0871621 -6.97959e-08
0.087252 -6.98947e-08
0.0873419 -7.00129e-08
0.0874318 -7.01439e-08
0.0875217 -7.01778e-08
0.0876116 -7.02703e-08
0.0877015 -7.03445e-08
0.0877914 -7.04303e-08
0.0878813 -7.05456e-08
0.0879712 -7.06299e-08
0.0880611 -7.0755e-08
0.088151 -7.08697e-08
0.088241 -7.09491e-08
0.0883309 -7.0999e-08
0.0884208 -7.11453e-08
0.0885107 -7.12816e-08
0.0886006 -7.1391e-08
0.0886905 -7.14692e-08
0.0887804 -7.1607e-08
0.0888703 -7.17105e-08
0.0889602 -7.18153e-08
0.0890501 -7.18703e-08
0.08914 -7.20169e-08
0.0892299 -7.21286e-08
0.0893198 -7.22904e-08
0.0894097 -7.23501e-08
0.0894996 -7.24228e-08
0.0895895 -7.25595e-08
0.0896794 -7.26838e-08
0.0897693 -7.28222e-08
0.0898592 -7.28327e-08
0.0899491 -7.29298e-08
0.090039 -7.30587e-08
0.0901289 -7.32559e-08
0.0902188 -7.33835e-08
0.0903087 -7.35475e-08
0.0903987 -7.36479e-08
0.0904886 -7.38141e-08
0.0905785 -7.39391e-08
0.0906684 -7.41067e-08
0.0907583 -7.42325e-08
0.0908482 -7.43091e-08
0.0909381 -7.44626e-08
0.091028 -7.45597e-08
0.0911179 -7.46731e-08
0.0912078 -7.47496e-08
0.0912977 -7.48124e-08
0.0913876 -7.49296e-08
0.0914775 -7.50681e-08
0.0915674 -7.51404e-08
0.0916573 -7.51675e-08
0.0917472 -7.51935e-08
0.0918371 -7.52622e-08
0.091927 -7.53072e-08
0.0920169 -7.53771e-08
0.0921068 -7.53978e-08
0.0921967 -7.54492e-08
0.0922866 -7.54698e-08
0.0923765 -7.55225e-08
0.0924664 -7.55424e-08
0.0925564 -7.56389e-08
0.0926463 -7.56253e-08
0.0927362 -7.56595e-08
0.0928261 -7.57096e-08
0.092916 -7.57897e-08
0.0930059 -7.58159e-08
0.0930958 -7.58741e-08
0.0931857 -7.59177e-08
0.0932756 -7.59126e-08
0.0933655 -7.59199e-08
0.0934554 -7.59697e-08
0.0935453 -7.59536e-08
0.0936352 -7.59385e-08
0.0937251 -7.59804e-08
0.093815 -7.59684e-08
0.0939049 -7.59924e-08
0.0939948 -7.60537e-08
0.0940847 -7.61263e-08
0.0941746 -7.6138e-08
0.0942645 -7.61834e-08
0.0943544 -7.62116e-08
0.0944443 -7.62701e-08
0.0945342 -7.63484e-08
0.0946241 -7.64297e-08
0.094714 -7.64913e-08
0.094804 -7.6562e-08
0.0948939 -7.65835e-08
0.0949838 -7.66484e-08
0.0950737 -7.66887e-08
0.0951636 -7.67694e-08
0.0952535 -7.68147e-08
0.0953434 -7.68812e-08
0.0954333 -7.69834e-08
0.0955232 -7.70244e-08
0.0956131 -7.70268e-08
0.095703 -7.70938e-08
0.0957929 -7.71847e-08
0.0958828 -7.72504e-08
0.0959727 -7.72789e-08
0.0960626 -7.72858e-08
0.0961525 -7.73548e-08
0.0962424 -7.7366e-08
0.0963323 -7.74483e-08
0.0964222 -7.74692e-08
0.0965121 -7.75159e-08
0.096602 -7.75697e-08
0.0966919 -7.76046e-08
0.0967818 -7.76802e-08
0.0968717 -7.76839e-08
0.0969617 -7.77011e-08
0.0970516 -7.78278e-08
0.0971415 -7.78828e-08
0.0972314 -7.79286e-08
0.0973213 -7.7987e-08
0.0974112 -7.80687e-08
0.0975011 -7.81893e-08
0.097591 -7.8363e-08
0.0976809 -7.8422e-08
0.0977708 -7.84732e-08
0.0978607 -7.85706e-08
0.0979506 -7.86411e-08
0.0980405 -7.87273e-08
0.0981304 -7.87229e-08
0.0982203 -7.87548e-08
0.0983102 -7.88657e-08
0.0984001 -7.89599e-08
0.09849 -7.89062e-08
0.0985799 -7.87882e-08
0.0986698 -7.87039e-08
0.0987597 -7.87074e-08
0.0988496 -7.86379e-08
0.0989395 -7.86407e-08
0.0990294 -7.86457e-08
0.0991194 -7.86484e-08
0.0992093 -7.87872e-08
0.0992992 -7.87603e-08
0.0993891 -7.87896e-08
0.099479 -7.87199e-08
0.0995689 -7.88538e-08
0.0996588 -7.89368e-08
0.0997487 -7.90149e-08
0.0998386 -7.91395e-08
0.0999285 -7.92339e-08
0.100018 -7.92949e-08
0.100108 -7.94568e-08
0.100198 -7.94737e-08
0.100288 -7.94815e-08
0.100378 -7.95066e-08
0.100468 -7.95182e-08
0.100558 -7.96323e-08
0.100648 -7.96134e-08
0.100738 -7.95797e-08
0.100828 -7.95807e-08
0.100917 -7.95013e-08
0.101007 -7.94241e-08
0.101097 -7.93244e-08
0.101187 -7.92484e-08
0.101277 -7.91705e-08
0.101367 -7.91465e-08
0.101457 -7.91372e-08
0.101547 -7.90597e-08
0.101637 -7.90936e-08
0.101727 -7.90895e-08
0.101816 -7.91243e-08
0.101906 -7.91561e-08
0.101996 -7.92138e-08
0.102086 -7.92637e-08
0.102176 -7.93317e-08
0.102266 -7.94148e-08
0.102356 -7.93706e-08
0.102446 -7.92667e-08
0.102536 -7.92938e-08
0.102626 -7.92733e-08
0.102716 -7.91473e-08
0.102805 -7.91014e-08
0.102895 -7.90221e-08
0.102985 -7.90222e-08
0.103075 -7.89458e-08
0.103165 -7.88516e-08
0.103255 -7.87895e-08
0.103345 -7.87236e-08
0.103435 -7.87704e-08
0.103525 -7.88646e-08
0.103615 -7.88282e-08
0.103704 -7.87624e-08
0.103794 -7.87315e-08
0.103884 -7.86688e-08
0.103974 -7.86464e-08
0.104064 -7.8522e-08
0.104154 -7.8505e-08
0.104244 -7.84806e-08
0.104334 -7.83903e-08
0.104424 -7.83759e-08
0.104514 -7.83437e-08
0.104604 -7.82988e-08
0.104693 -7.83281e-08
0.104783 -7.84343e-08
0.104873 -7.83994e-08
0.104963 -7.84879e-08
0.105053 -7.85096e-08
0.105143 -7.84912e-08
0.105233 -7.85323e-08
0.105323 -7.84936e-08
0.105413 -7.84768e-08
0.105503 -7.84727e-08
0.105592 -7.85483e-08
0.105682 -7.84909e-08
0.105772 -7.84752e-08
0.105862 -7.84841e-08
0.105952 -7.84976e-08
0.106042 -7.84083e-08
0.106132 -7.83335e-08
0.106222 -7.83149e-08
0.106312 -7.82635e-08
0.106402 -7.81897e-08
0.106491 -7.81369e-08
0.106581 -7.80252e-08
0.106671 -7.78433e-08
0.106761 -7.77985e-08
0.106851 -7.75919e-08
0.106941 -7.74968e-08
0.107031 -7.74795e-08
0.107121 -7.73782e-08
0.107211 -7.73627e-08
0.107301 -7.73413e-08
0.107391 -7.72415e-08
0.10748 -7.72756e-08
0.10757 -7.71508e-08
0.10766 -7.71031e-08
0.10775 -7.70976e-08
0.10784 -7.71087e-08
0.10793 -7.70734e-08
0.10802 -7.69661e-08
0.10811 -7.69037e-08
0.1082 -7.68273e-08
0.10829 -7.67949e-08
0.108379 -7.67444e-08
0.108469 -7.66592e-08
0.108559 -7.65517e-08
0.108649 -7.66047e-08
0.108739 -7.64416e-08
0.108829 -7.63791e-08
0.108919 -7.62292e-08
0.109009 -7.6124e-08
0.109099 -7.60473e-08
0.109189 -7.59429e-08
0.109279 -7.59333e-08
0.109368 -7.56414e-08
0.109458 -7.56124e-08
0.109548 -7.55953e-08
0.109638 -7.55553e-08
0.109728 -7.5496e-08
0.109818 -7.54884e-08
0.109908 -7.52991e-08
0.109998 -7.52644e-08
0.110088 -7.52879e-08
0.110178 -7.5136e-08
0.110267 -7.49984e-08
0.110357 -7.49618e-08
0.110447 -7.48701e-08
0.110537 -7.46005e-08
0.110627 -7.44698e-08
0.110717 -7.42069e-08
0.110807 -7.41714e-08
0.110897 -7.39507e-08
0.110987 -7.3833e-08
0.111077 -7.36801e-08
0.111167 -7.35503e-08
0.111256 -7.33909e-08
0.111346 -7.33619e-08
0.111436 -7.31705e-08
0.111526 -7.31792e-08
0.111616 -7.32148e-08
0.111706 -7.31671e-08
0.111796 -7.31242e-08
0.111886 -7.31675e-08
0.111976 -7.32507e-08
0.112066 -7.32229e-08
0.112155 -7.31239e-08
0.112245 -7.309e-08
0.112335 -7.30909e-08
0.112425 -7.29918e-08
0.112515 -7.30624e-08
0.112605 -7.29591e-08
0.112695 -7.28801e-08
0.112785 -7.27724e-08
0.112875 -7.25226e-08
0.112965 -7.22808e-08
0.113054 -7.22208e-08
0.113144 -7.22015e-08
0.113234 -7.20939e-08
0.113324 -7.19273e-08
0.113414 -7.16959e-08
0.113504 -7.16643e-08
0.113594 -7.16078e-08
0.113684 -7.15165e-08
0.113774 -7.13568e-08
0.113864 -7.12497e-08
0.113954 -7.12523e-08
0.114043 -7.11501e-08
0.114133 -7.10041e-08
0.114223 -7.08289e-08
0.114313 -7.06741e-08
0.114403 -7.05411e-08
0.114493 -7.0445e-08
0.114583 -7.02355e-08
0.114673 -6.99048e-08
0.114763 -6.9816e-08
0.114853 -6.97383e-08
0.114942 -6.95036e-08
0.115032 -6.94439e-08
0.115122 -6.93191e-08
0.115212 -6.91492e-08
0.115302 -6.90353e-08
0.115392 -6.90047e-08
0.115482 -6.91395e-08
0.115572 -6.90962e-08
0.115662 -6.91546e-08
0.115752 -6.91219e-08
0.115842 -6.89394e-08
0.115931 -6.89589e-08
0.116021 -6.8788e-08
0.116111 -6.86474e-08
0.116201 -6.85172e-08
0.116291 -6.85292e-08
0.116381 -6.8497e-08
0.116471 -6.85282e-08
0.116561 -6.84702e-08
0.116651 -6.8493e-08
0.116741 -6.84905e-08
0.11683 -6.85895e-08
0.11692 -6.84872e-08
0.11701 -6.85378e-08
0.1171 -6.85685e-08
0.11719 -6.85717e-08
0.11728 -6.86735e-08
0.11737 -6.86807e-08
0.11746 -6.86198e-08
0.11755 -6.85093e-08
0.11764 -6.82678e-08
0.11773 -6.78671e-08
0.117819 -6.75377e-08
0.117909 -6.73307e-08
0.117999 -6.71511e-08
0.118089 -6.69369e-08
0.118179 -6.68511e-08
0.118269 -6.66447e-08
0.118359 -6.6474e-08
0.118449 -6.61313e-08
0.118539 -6.6144e-08
0.118629 -6.62209e-08
0.118718 -6.64571e-08
0.118808 -6.65887e-08
0.118898 -6.66389e-08
0.118988 -6.65325e-08
0.119078 -6.65828e-08
0.119168 -6.65899e-08
0.119258 -6.65818e-08
0.119348 -6.64668e-08
0.119438 -6.64289e-08
0.119528 -6.64618e-08
0.119617 -6.61961e-08
0.119707 -6.58895e-08
0.119797 -6.57329e-08
0.119887 -6.55893e-08
0.119977 -6.55449e-08
0.120067 -6.55004e-08
0.120157 -6.53912e-08
0.120247 -6.52423e-08
0.120337 -6.51038e-08
0.120427 -6.50601e-08
0.120517 -6.50113e-08
0.120606 -6.4942e-08
0.120696 -6.50019e-08
0.120786 -6.50047e-08
0.120876 -6.48483e-08
0.120966 -6.48579e-08
0.121056 -6.49237e-08
0.121146 -6.48911e-08
0.121236 -6.47284e-08
0.121326 -6.46796e-08
0.121416 -6.47143e-08
0.121505 -6.45817e-08
0.121595 -6.43718e-08
0.121685 -6.43815e-08
0.121775 -6.43173e-08
0.121865 -6.44166e-08
0.121955 -6.43975e-08
0.122045 -6.42915e-08
0.122135 -6.37313e-08
0.122225 -6.37676e-08
0.122315 -6.40254e-08
0.122405 -6.39816e-08
0.122494 -6.37096e-08
0.122584 -6.3779e-08
0.122674 -6.38638e-08
0.122764 -6.37537e-08
0.122854 -6.34546e-08
0.122944 -6.31062e-08
0.123034 -6.27358e-08
0.123124 -6.2808e-08
0.123214 -6.30533e-08
0.123304 -6.3091e-08
0.123393 -6.30447e-08
0.123483 -6.29508e-08
0.123573 -6.28014e-08
0.123663 -6.24256e-08
0.123753 -6.21094e-08
0.123843 -6.15896e-08
0.123933 -6.15793e-08
0.124023 -6.19858e-08
0.124113 -6.17908e-08
0.124203 -6.15136e-08
0.124293 -6.1212e-08
0.124382 -6.09043e-08
0.124472 -6.05306e-08
0.124562 -6.03969e-08
0.124652 -6.05099e-08
0.124742 -6.05491e-08
0.124832 -6.05575e-08
0.124922 -6.05445e-08
0.125012 -6.01382e-08
0.125102 -5.98327e-08
0.125192 -5.9737e-08
0.125281 -5.96093e-08
0.125371 -5.95958e-08
0.125461 -5.96767e-08
0.125551 -5.97651e-08
0.125641 -5.99097e-08
0.125731 -5.93543e-08
0.125821 -5.91909e-08
0.125911 -5.86491e-08
0.126001 -5.84447e-08
0.126091 -5.7946e-08
0.126181 -5.81178e-08
0.12627 -5.77696e-08
0.12636 -5.78484e-08
0.12645 -5.74946e-08
0.12654 -5.76627e-08
0.12663 -5.70597e-08
0.12672 -5.67899e-08
0.12681 -5.66335e-08
0.1269 -5.67958e-08
0.12699 -5.65776e-08
0.12708 -5.68308e-08
0.127169 -5.67233e-08
0.127259 -5.6835e-08
0.127349 -5.71629e-08
0.127439 -5.71486e-08
0.127529 -5.69357e-08
0.127619 -5.6489e-08
0.127709 -5.65985e-08
0.127799 -5.68481e-08
0.127889 -5.68095e-08
0.127979 -5.66228e-08
0.128068 -5.62821e-08
0.128158 -5.59464e-08
0.128248 -5.58845e-08
0.128338 -5.49586e-08
0.128428 -5.45203e-08
0.128518 -5.39804e-08
0.128608 -5.38647e-08
0.128698 -5.39096e-08
0.128788 -5.35461e-08
0.128878 -5.31291e-08
0.128968 -5.30264e-08
0.129057 -5.28671e-08
0.129147 -5.26842e-08
0.129237 -5.26067e-08
0.129327 -5.26382e-08
0.129417 -5.24726e-08
0.129507 -5.23579e-08
0.129597 -5.22254e-08
0.129687 -5.18519e-08
0.129777 -5.19419e-08
0.129867 -5.17447e-08
0.129956 -5.12373e-08
0.130046 -5.08917e-08
0.130136 -5.0595e-08
0.130226 -5.05682e-08
0.130316 -4.99561e-08
0.130406 -4.99314e-08
0.130496 -5.01227e-08
0.130586 -5.00345e-08
0.130676 -4.95706e-08
0.130766 -4.91758e-08
0.130856 -4.92397e-08
0.130945 -4.93317e-08
0.131035 -4.96776e-08
0.131125 -4.9492e-08
0.131215 -4.9226e-08
0.131305 -4.89422e-08
0.131395 -4.92487e-08
0.131485 -4.86903e-08
0.131575 -4.82859e-08
0.131665 -4.77598e-08
0.131755 -4.7994e-08
0.131844 -4.77851e-08
0.131934 -4.72379e-08
0.132024 -4.70585e-08
0.132114 -4.6889e-08
0.132204 -4.70593e-08
0.132294 -4.72015e-08
0.132384 -4.75759e-08
0.132474 -4.76265e-08
0.132564 -4.7799e-08
0.132654 -4.78011e-08
0.132744 -4.81826e-08
0.132833 -4.75447e-08
0.132923 -4.80526e-08
0.133013 -4.82197e-08
0.133103 -4.82333e-08
0.133193 -4.81494e-08
0.133283 -4.80095e-08
0.133373 -4.74816e-08
0.133463 -4.68922e-08
0.133553 -4.65379e-08
0.133643 -4.65409e-08
0.133732 -4.64159e-08
0.133822 -4.55957e-08
0.133912 -4.54701e-08
0.134002 -4.46864e-08
0.134092 -4.41829e-08
0.134182 -4.38996e-08
0.134272 -4.35164e-08
0.134362 -4.34394e-08
0.134452 -4.3245e-08
0.134542 -4.32121e-08
0.134631 -4.32707e-08
0.134721 -4.303e-08
0.134811 -4.33432e-08
