-0.134811 -6.45677e-08
-0.134721 -6.43301e-08
-0.134631 -6.48015e-08
-0.134542 -6.4906e-08
-0.134452 -6.48794e-08
-0.134362 -6.48602e-08
-0.134272 -6.50953e-08
-0.134182 -6.52949e-08
-0.134092 -6.53756e-08
-0.134002 -6.56133e-08
-0.133912 -6.6147e-08
-0.133822 -6.5791e-08
-0.133732 -6.60409e-08
-0.133642 -6.59165e-08
-0.133553 -6.54405e-08
-0.133463 -6.54758e-08
-0.133373 -6.56083e-08
-0.133283 -6.5896e-08
-0.133193 -6.55772e-08
-0.133103 -6.54069e-08
-0.133013 -6.51107e-08
-0.132923 -6.48081e-08
-0.132833 -6.42233e-08
-0.132743 -6.47314e-08
-0.132654 -6.44259e-08
-0.132564 -6.44857e-08
-0.132474 -6.42702e-08
-0.132384 -6.45629e-08
-0.132294 -6.45261e-08
-0.132204 -6.44419e-08
-0.132114 -6.43791e-08
-0.132024 -6.47118e-08
-0.131934 -6.49996e-08
-0.131844 -6.54842e-08
-0.131754 -6.58062e-08
-0.131665 -6.54907e-08
-0.131575 -6.56369e-08
-0.131485 -6.61033e-08
-0.131395 -6.6349e-08
-0.131305 -6.58829e-08
-0.131215 -6.58625e-08
-0.131125 -6.61989e-08
-0.131035 -6.65235e-08
-0.130945 -6.63223e-08
-0.130855 -6.62636e-08
-0.130766 -6.65402e-08
-0.130676 -6.65475e-08
-0.130586 -6.67829e-08
-0.130496 -6.68447e-08
-0.130406 -6.6727e-08
-0.130316 -6.67485e-08
-0.130226 -6.71602e-08
-0.130136 -6.71777e-08
-0.130046 -6.70197e-08
-0.129956 -6.68578e-08
-0.129867 -6.70833e-08
-0.129777 -6.68175e-08
-0.129687 -6.648e-08
-0.129597 -6.67161e-08
-0.129507 -6.65325e-08
-0.129417 -6.6499e-08
-0.129327 -6.61861e-08
-0.129237 -6.64583e-08
-0.129147 -6.63663e-08
-0.129057 -6.64794e-08
-0.128967 -6.65982e-08
-0.128878 -6.67635e-08
-0.128788 -6.70871e-08
-0.128698 -6.74984e-08
-0.128608 -6.72418e-08
-0.128518 -6.722e-08
-0.128428 -6.75707e-08
-0.128338 -6.8014e-08
-0.128248 -6.87107e-08
-0.128158 -6.83902e-08
-0.128068 -6.852e-08
-0.127979 -6.85858e-08
-0.127889 -6.88582e-08
-0.127799 -6.87447e-08
-0.127709 -6.8479e-08
-0.127619 -6.84828e-08
-0.127529 -6.88496e-08
-0.127439 -6.88523e-08
-0.127349 -6.88914e-08
-0.127259 -6.87211e-08
-0.127169 -6.86328e-08
-0.127079 -6.90015e-08
-0.12699 -6.88558e-08
-0.1269 -6.89266e-08
-0.12681 -6.8618e-08
-0.12672 -6.87451e-08
-0.12663 -6.87311e-08
-0.12654 -6.92186e-08
-0.12645 -6.91239e-08
-0.12636 -6.93851e-08
-0.12627 -6.93323e-08
-0.12618 -6.94401e-08
-0.126091 -6.91924e-08
-0.126001 -6.94992e-08
-0.125911 -6.95435e-08
-0.125821 -6.98939e-08
-0.125731 -7.01785e-08
-0.125641 -7.10267e-08
-0.125551 -7.10317e-08
-0.125461 -7.10348e-08
-0.125371 -7.10386e-08
-0.125281 -7.11912e-08
-0.125191 -7.13281e-08
-0.125102 -7.17109e-08
-0.125012 -7.20284e-08
-0.124922 -7.25597e-08
-0.124832 -7.23782e-08
-0.124742 -7.24785e-08
-0.124652 -7.22322e-08
-0.124562 -7.18822e-08
-0.124472 -7.18221e-08
-0.124382 -7.19476e-08
-0.124292 -7.2106e-08
-0.124203 -7.22328e-08
-0.124113 -7.2371e-08
-0.124023 -7.24479e-08
-0.123933 -7.19505e-08
-0.123843 -7.1816e-08
-0.123753 -7.23057e-08
-0.123663 -7.24704e-08
-0.123573 -7.27548e-08
-0.123483 -7.26921e-08
-0.123393 -7.28932e-08
-0.123304 -7.28448e-08
-0.123214 -7.29332e-08
-0.123124 -7.27132e-08
-0.123034 -7.25417e-08
-0.122944 -7.26648e-08
-0.122854 -7.29138e-08
-0.122764 -7.28983e-08
-0.122674 -7.28284e-08
-0.122584 -7.27311e-08
-0.122494 -7.2808e-08
-0.122404 -7.31137e-08
-0.122315 -7.32723e-08
-0.122225 -7.30675e-08
-0.122135 -7.29049e-08
-0.122045 -7.34262e-08
-0.121955 -7.36503e-08
-0.121865 -7.37765e-08
-0.121775 -7.40851e-08
-0.121685 -7.40248e-08
-0.121595 -7.40505e-08
-0.121505 -7.41207e-08
-0.121416 -7.42598e-08
-0.121326 -7.41455e-08
-0.121236 -7.41732e-08
-0.121146 -7.44865e-08
-0.121056 -7.45889e-08
-0.120966 -7.45842e-08
-0.120876 -7.45364e-08
-0.120786 -7.44113e-08
-0.120696 -7.42127e-08
-0.120606 -7.42664e-08
-0.120516 -7.44573e-08
-0.120427 -7.45453e-08
-0.120337 -7.45159e-08
-0.120247 -7.44691e-08
-0.120157 -7.44399e-08
-0.120067 -7.46898e-08
-0.119977 -7.44612e-08
-0.119887 -7.43272e-08
-0.119797 -7.44347e-08
-0.119707 -7.4574e-08
-0.119617 -7.48306e-08
-0.119528 -7.49648e-08
-0.119438 -7.48604e-08
-0.119348 -7.4951e-08
-0.119258 -7.49905e-08
-0.119168 -7.50892e-08
-0.119078 -7.50556e-08
-0.118988 -7.50103e-08
-0.118898 -7.51666e-08
-0.118808 -7.51692e-08
-0.118718 -7.51094e-08
-0.118628 -7.49734e-08
-0.118539 -7.50108e-08
-0.118449 -7.49235e-08
-0.118359 -7.50757e-08
-0.118269 -7.50668e-08
-0.118179 -7.51766e-08
-0.118089 -7.51882e-08
-0.117999 -7.52174e-08
-0.117909 -7.52058e-08
-0.117819 -7.53237e-08
-0.117729 -7.53592e-08
-0.11764 -7.55219e-08
-0.11755 -7.54862e-08
-0.11746 -7.54708e-08
-0.11737 -7.54858e-08
-0.11728 -7.53551e-08
-0.11719 -7.53253e-08
-0.1171 -7.53357e-08
-0.11701 -7.52661e-08
-0.11692 -7.5416e-08
-0.11683 -7.54493e-08
-0.116741 -7.54046e-08
-0.116651 -7.55087e-08
-0.116561 -7.56071e-08
-0.116471 -7.56625e-08
-0.116381 -7.56985e-08
-0.116291 -7.56875e-08
-0.116201 -7.57412e-08
-0.116111 -7.57774e-08
-0.116021 -7.57423e-08
-0.115931 -7.58191e-08
-0.115841 -7.56835e-08
-0.115752 -7.57856e-08
-0.115662 -7.57393e-08
-0.115572 -7.56e-08
-0.115482 -7.54343e-08
-0.115392 -7.54445e-08
-0.115302 -7.53513e-08
-0.115212 -7.54781e-08
-0.115122 -7.55295e-08
-0.115032 -7.55325e-08
-0.114942 -7.56071e-08
-0.114853 -7.56934e-08
-0.114763 -7.56521e-08
-0.114673 -7.57213e-08
-0.114583 -7.58385e-08
-0.114493 -7.59525e-08
-0.114403 -7.59812e-08
-0.114313 -7.60651e-08
-0.114223 -7.6262e-08
-0.114133 -7.62736e-08
-0.114043 -7.63454e-08
-0.113953 -7.651e-08
-0.113864 -7.64669e-08
-0.113774 -7.64805e-08
-0.113684 -7.65502e-08
-0.113594 -7.6466e-08
-0.113504 -7.65273e-08
-0.113414 -7.6499e-08
-0.113324 -7.66495e-08
-0.113234 -7.66241e-08
-0.113144 -7.65739e-08
-0.113054 -7.6474e-08
-0.112965 -7.62596e-08
-0.112875 -7.61689e-08
-0.112785 -7.61935e-08
-0.112695 -7.6126e-08
-0.112605 -7.62799e-08
-0.112515 -7.62461e-08
-0.112425 -7.61063e-08
-0.112335 -7.62248e-08
-0.112245 -7.61222e-08
-0.112155 -7.61281e-08
-0.112065 -7.61374e-08
-0.111976 -7.62298e-08
-0.111886 -7.63403e-08
-0.111796 -7.63205e-08
-0.111706 -7.64467e-08
-0.111616 -7.64206e-08
-0.111526 -7.62935e-08
-0.111436 -7.64087e-08
-0.111346 -7.64488e-08
-0.111256 -7.63333e-08
-0.111166 -7.63699e-08
-0.111077 -7.63663e-08
-0.110987 -7.6412e-08
-0.110897 -7.64479e-08
-0.110807 -7.65323e-08
-0.110717 -7.64474e-08
-0.110627 -7.64735e-08
-0.110537 -7.65903e-08
-0.110447 -7.6697e-08
-0.110357 -7.67582e-08
-0.110267 -7.67641e-08
-0.110178 -7.67955e-08
-0.110088 -7.69635e-08
-0.109998 -7.69338e-08
-0.109908 -7.70084e-08
-0.109818 -7.70063e-08
-0.109728 -7.70078e-08
-0.109638 -7.70078e-08
-0.109548 -7.70196e-08
-0.109458 -7.69544e-08
-0.109368 -7.70098e-08
-0.109278 -7.70898e-08
-0.109189 -7.71742e-08
-0.109099 -7.72007e-08
-0.109009 -7.70558e-08
-0.108919 -7.7087e-08
-0.108829 -7.705e-08
-0.108739 -7.71169e-08
-0.108649 -7.72225e-08
-0.108559 -7.73225e-08
-0.108469 -7.73677e-08
-0.108379 -7.73944e-08
-0.10829 -7.73331e-08
-0.1082 -7.73587e-08
-0.10811 -7.73551e-08
-0.10802 -7.73933e-08
-0.10793 -7.74847e-08
-0.10784 -7.76411e-08
-0.10775 -7.76455e-08
-0.10766 -7.7669e-08
-0.10757 -7.76545e-08
-0.10748 -7.77284e-08
-0.10739 -7.77277e-08
-0.107301 -7.78144e-08
-0.107211 -7.77235e-08
-0.107121 -7.7594e-08
-0.107031 -7.76395e-08
-0.106941 -7.75776e-08
-0.106851 -7.75136e-08
-0.106761 -7.7448e-08
-0.106671 -7.74209e-08
-0.106581 -7.73593e-08
-0.106491 -7.72864e-08
-0.106402 -7.72024e-08
-0.106312 -7.71698e-08
-0.106222 -7.70477e-08
-0.106132 -7.70908e-08
-0.106042 -7.71474e-08
-0.105952 -7.71224e-08
-0.105862 -7.72387e-08
-0.105772 -7.71665e-08
-0.105682 -7.71606e-08
-0.105592 -7.7198e-08
-0.105502 -7.72136e-08
-0.105413 -7.72051e-08
-0.105323 -7.72769e-08
-0.105233 -7.73169e-08
-0.105143 -7.73939e-08
-0.105053 -7.73991e-08
-0.104963 -7.74095e-08
-0.104873 -7.73509e-08
-0.104783 -7.73859e-08
-0.104693 -7.73786e-08
-0.104603 -7.74537e-08
-0.104514 -7.74102e-08
-0.104424 -7.73977e-08
-0.104334 -7.73835e-08
-0.104244 -7.74206e-08
-0.104154 -7.74241e-08
-0.104064 -7.74132e-08
-0.103974 -7.74231e-08
-0.103884 -7.73486e-08
-0.103794 -7.73636e-08
-0.103704 -7.73537e-08
-0.103614 -7.73767e-08
-0.103525 -7.72745e-08
-0.103435 -7.72805e-08
-0.103345 -7.72938e-08
-0.103255 -7.7272e-08
-0.103165 -7.72229e-08
-0.103075 -7.72824e-08
-0.102985 -7.73071e-08
-0.102895 -7.73687e-08
-0.102805 -7.74288e-08
-0.102715 -7.74225e-08
-0.102626 -7.7474e-08
-0.102536 -7.75241e-08
-0.102446 -7.75384e-08
-0.102356 -7.75471e-08
-0.102266 -7.75733e-08
-0.102176 -7.75471e-08
-0.102086 -7.7482e-08
-0.101996 -7.74899e-08
-0.101906 -7.73997e-08
-0.101816 -7.7283e-08
-0.101727 -7.72585e-08
-0.101637 -7.72181e-08
-0.101547 -7.71331e-08
-0.101457 -7.71149e-08
-0.101367 -7.71172e-08
-0.101277 -7.71616e-08
-0.101187 -7.72138e-08
-0.101097 -7.72304e-08
-0.101007 -7.726e-08
-0.100917 -7.72403e-08
-0.100827 -7.73274e-08
-0.100738 -7.73023e-08
-0.100648 -7.73308e-08
-0.100558 -7.73691e-08
-0.100468 -7.73295e-08
-0.100378 -7.73889e-08
-0.100288 -7.74018e-08
-0.100198 -7.73162e-08
-0.100108 -7.73638e-08
-0.100018 -7.73677e-08
-0.0999284 -7.744e-08
-0.0998385 -7.754e-08
-0.0997486 -7.7569e-08
-0.0996587 -7.76371e-08
-0.0995688 -7.76698e-08
-0.0994789 -7.76957e-08
-0.099389 -7.77999e-08
-0.0992991 -7.77135e-08
-0.0992092 -7.77966e-08
-0.0991193 -7.77965e-08
-0.0990294 -7.78208e-08
-0.0989395 -7.77535e-08
-0.0988496 -7.76263e-08
-0.0987597 -7.74943e-08
-0.0986698 -7.74615e-08
-0.0985799 -7.74191e-08
-0.09849 -7.7423e-08
-0.0984001 -7.7375e-08
-0.0983102 -7.73038e-08
-0.0982202 -7.7265e-08
-0.0981303 -7.72205e-08
-0.0980404 -7.71862e-08
-0.0979505 -7.70751e-08
-0.0978606 -7.71095e-08
-0.0977707 -7.70899e-08
-0.0976808 -7.71878e-08
-0.0975909 -7.71637e-08
-0.097501 -7.71329e-08
-0.0974111 -7.70972e-08
-0.0973212 -7.70679e-08
-0.0972313 -7.69773e-08
-0.0971414 -7.69791e-08
-0.0970515 -7.69967e-08
-0.0969616 -7.7006e-08
-0.0968717 -7.70511e-08
-0.0967818 -7.70832e-08
-0.0966919 -7.70048e-08
-0.096602 -7.69816e-08
-0.0965121 -7.69821e-08
-0.0964222 -7.69494e-08
-0.0963323 -7.69508e-08
-0.0962424 -7.69858e-08
-0.0961525 -7.70992e-08
-0.0960626 -7.70161e-08
-0.0959726 -7.69685e-08
-0.0958827 -7.69584e-08
-0.0957928 -7.69575e-08
-0.0957029 -7.69339e-08
-0.095613 -7.69797e-08
-0.0955231 -7.69674e-08
-0.0954332 -7.69891e-08
-0.0953433 -7.69537e-08
-0.0952534 -7.69486e-08
-0.0951635 -7.69102e-08
-0.0950736 -7.68674e-08
-0.0949837 -7.69416e-08
-0.0948938 -7.69574e-08
-0.0948039 -7.69931e-08
-0.094714 -7.69889e-08
-0.0946241 -7.69957e-08
-0.0945342 -7.69718e-08
-0.0944443 -7.69424e-08
-0.0943544 -7.69282e-08
-0.0942645 -7.69615e-08
-0.0941746 -7.69574e-08
-0.0940847 -7.7005e-08
-0.0939948 -7.69363e-08
-0.0939049 -7.68549e-08
-0.0938149 -7.68227e-08
-0.093725 -7.68304e-08
-0.0936351 -7.68367e-08
-0.0935452 -7.68558e-08
-0.0934553 -7.68691e-08
-0.0933654 -7.68533e-08
-0.0932755 -7.68213e-08
-0.0931856 -7.68552e-08
-0.0930957 -7.68076e-08
-0.0930058 -7.6741e-08
-0.0929159 -7.67822e-08
-0.092826 -7.67721e-08
-0.0927361 -7.67211e-08
-0.0926462 -7.66937e-08
-0.0925563 -7.66783e-08
-0.0924664 -7.65802e-08
-0.0923765 -7.65312e-08
-0.0922866 -7.65057e-08
-0.0921967 -7.6507e-08
-0.0921068 -7.64402e-08
-0.0920169 -7.64488e-08
-0.091927 -7.64432e-08
-0.0918371 -7.64079e-08
-0.0917472 -7.63839e-08
-0.0916572 -7.63809e-08
-0.0915673 -7.63475e-08
-0.0914774 -7.63624e-08
-0.0913875 -7.63451e-08
-0.0912976 -7.63393e-08
-0.0912077 -7.63651e-08
-0.0911178 -7.63441e-08
-0.0910279 -7.6343e-08
-0.090938 -7.63423e-08
-0.0908481 -7.63181e-08
-0.0907582 -7.63566e-08
-0.0906683 -7.63415e-08
-0.0905784 -7.62853e-08
-0.0904885 -7.62247e-08
-0.0903986 -7.61595e-08
-0.0903087 -7.6191e-08
-0.0902188 -7.61244e-08
-0.0901289 -7.60786e-08
-0.090039 -7.6004e-08
-0.0899491 -7.59118e-08
-0.0898592 -7.58659e-08
-0.0897693 -7.58889e-08
-0.0896794 -7.58259e-08
-0.0895895 -7.5806e-08
-0.0894995 -7.57738e-08
-0.0894096 -7.57634e-08
-0.0893197 -7.57736e-08
-0.0892298 -7.56723e-08
-0.0891399 -7.56462e-08
-0.08905 -7.55889e-08
-0.0889601 -7.56112e-08
-0.0888702 -7.55917e-08
-0.0887803 -7.55569e-08
-0.0886904 -7.54925e-08
-0.0886005 -7.54596e-08
-0.0885106 -7.54098e-08
-0.0884207 -7.53732e-08
-0.0883308 -7.53068e-08
-0.0882409 -7.53221e-08
-0.088151 -7.53549e-08
-0.0880611 -7.53028e-08
-0.0879712 -7.52859e-08
-0.0878813 -7.52446e-08
-0.0877914 -7.5226e-08
-0.0877015 -7.51725e-08
-0.0876116 -7.51306e-08
-0.0875217 -7.50926e-08
-0.0874318 -7.50993e-08
-0.0873418 -7.5056e-08
-0.0872519 -7.5009e-08
-0.087162 -7.49606e-08
-0.0870721 -7.49442e-08
-0.0869822 -7.49392e-08
-0.0868923 -7.49507e-08
-0.0868024 -7.48937e-08
-0.0867125 -7.48632e-08
-0.0866226 -7.48561e-08
-0.0865327 -7.48298e-08
-0.0864428 -7.48311e-08
-0.0863529 -7.47865e-08
-0.086263 -7.48259e-08
-0.0861731 -7.47752e-08
-0.0860832 -7.47841e-08
-0.0859933 -7.47383e-08
-0.0859034 -7.47248e-08
-0.0858135 -7.46571e-08
-0.0857236 -7.4663e-08
-0.0856337 -7.46417e-08
-0.0855438 -7.45896e-08
-0.0854539 -7.45505e-08
-0.085364 -7.44849e-08
-0.0852741 -7.44544e-08
-0.0851841 -7.44415e-08
-0.0850942 -7.43905e-08
-0.0850043 -7.43531e-08
-0.0849144 -7.43254e-08
-0.0848245 -7.42946e-08
-0.0847346 -7.42724e-08
-0.0846447 -7.42413e-08
-0.0845548 -7.42209e-08
-0.0844649 -7.41996e-08
-0.084375 -7.41526e-08
-0.0842851 -7.41209e-08
-0.0841952 -7.40257e-08
-0.0841053 -7.40021e-08
-0.0840154 -7.39519e-08
-0.0839255 -7.38919e-08
-0.0838356 -7.38113e-08
-0.0837457 -7.37448e-08
-0.0836558 -7.36881e-08
-0.0835659 -7.36292e-08
-0.083476 -7.35915e-08
-0.0833861 -7.35393e-08
-0.0832962 -7.34837e-08
-0.0832063 -7.34296e-08
-0.0831164 -7.33952e-08
-0.0830264 -7.33764e-08
-0.0829365 -7.33526e-08
-0.0828466 -7.33504e-08
-0.0827567 -7.33268e-08
-0.0826668 -7.32849e-08
-0.0825769 -7.32247e-08
-0.082487 -7.32027e-08
-0.0823971 -7.32185e-08
-0.0823072 -7.32059e-08
-0.0822173 -7.32053e-08
-0.0821274 -7.31966e-08
-0.0820375 -7.31446e-08
-0.0819476 -7.30995e-08
-0.0818577 -7.30477e-08
-0.0817678 -7.29839e-08
-0.0816779 -7.29187e-08
-0.081588 -7.28591e-08
-0.0814981 -7.27915e-08
-0.0814082 -7.27364e-08
-0.0813183 -7.2702e-08
-0.0812284 -7.26606e-08
-0.0811385 -7.26199e-08
-0.0810486 -7.2612e-08
-0.0809587 -7.25615e-08
-0.0808687 -7.25219e-08
-0.0807788 -7.25057e-08
-0.0806889 -7.24951e-08
-0.080599 -7.24899e-08
-0.0805091 -7.24686e-08
-0.0804192 -7.24297e-08
-0.0803293 -7.23832e-08
-0.0802394 -7.23463e-08
-0.0801495 -7.23102e-08
-0.0800596 -7.22836e-08
-0.0799697 -7.22498e-08
-0.0798798 -7.21937e-08
-0.0797899 -7.21929e-08
-0.0797 -7.21385e-08
-0.0796101 -7.21068e-08
-0.0795202 -7.20459e-08
-0.0794303 -7.20456e-08
-0.0793404 -7.202e-08
-0.0792505 -7.19855e-08
-0.0791606 -7.1908e-08
-0.0790707 -7.18879e-08
-0.0789808 -7.18389e-08
-0.0788909 -7.17528e-08
-0.078801 -7.17047e-08
-0.078711 -7.16706e-08
-0.0786211 -7.1647e-08
-0.0785312 -7.15953e-08
-0.0784413 -7.15716e-08
-0.0783514 -7.15183e-08
-0.0782615 -7.15123e-08
-0.0781716 -7.14666e-08
-0.0780817 -7.14388e-08
-0.0779918 -7.13828e-08
-0.0779019 -7.13131e-08
-0.077812 -7.12691e-08
-0.0777221 -7.12123e-08
-0.0776322 -7.11551e-08
-0.0775423 -7.11605e-08
-0.0774524 -7.11103e-08
-0.0773625 -7.10419e-08
-0.0772726 -7.10022e-08
-0.0771827 -7.09439e-08
-0.0770928 -7.08851e-08
-0.0770029 -7.08604e-08
-0.076913 -7.08112e-08
-0.0768231 -7.07759e-08
-0.0767332 -7.07399e-08
-0.0766433 -7.07078e-08
-0.0765534 -7.06702e-08
-0.0764634 -7.06223e-08
-0.0763735 -7.0564e-08
-0.0762836 -7.05208e-08
-0.0761937 -7.04594e-08
-0.0761038 -7.03872e-08
-0.0760139 -7.03382e-08
-0.075924 -7.02561e-08
-0.0758341 -7.01887e-08
-0.0757442 -7.0115e-08
-0.0756543 -7.00456e-08
-0.0755644 -6.99732e-08
-0.0754745 -6.98994e-08
-0.0753846 -6.98442e-08
-0.0752947 -6.97758e-08
-0.0752048 -6.97285e-08
-0.0751149 -6.96643e-08
-0.075025 -6.96289e-08
-0.0749351 -6.95463e-08
-0.0748452 -6.94677e-08
-0.0747553 -6.94049e-08
-0.0746654 -6.93244e-08
-0.0745755 -6.92576e-08
-0.0744856 -6.91798e-08
-0.0743957 -6.91095e-08
-0.0743057 -6.90479e-08
-0.0742158 -6.898e-08
-0.0741259 -6.89236e-08
-0.074036 -6.88585e-08
-0.0739461 -6.87943e-08
-0.0738562 -6.87263e-08
-0.0737663 -6.86773e-08
-0.0736764 -6.86135e-08
-0.0735865 -6.85408e-08
-0.0734966 -6.84767e-08
-0.0734067 -6.84182e-08
-0.0733168 -6.83205e-08
-0.0732269 -6.8246e-08
-0.073137 -6.81686e-08
-0.0730471 -6.81073e-08
-0.0729572 -6.80482e-08
-0.0728673 -6.8005e-08
-0.0727774 -6.7921e-08
-0.0726875 -6.78626e-08
-0.0725976 -6.78011e-08
-0.0725077 -6.77555e-08
-0.0724178 -6.76864e-08
-0.0723279 -6.76238e-08
-0.072238 -6.75823e-08
-0.072148 -6.75284e-08
-0.0720581 -6.74803e-08
-0.0719682 -6.74345e-08
-0.0718783 -6.73554e-08
-0.0717884 -6.73154e-08
-0.0716985 -6.72659e-08
-0.0716086 -6.71974e-08
-0.0715187 -6.71329e-08
-0.0714288 -6.70924e-08
-0.0713389 -6.70444e-08
-0.071249 -6.69673e-08
-0.0711591 -6.68899e-08
-0.0710692 -6.68038e-08
-0.0709793 -6.67172e-08
-0.0708894 -6.66418e-08
-0.0707995 -6.65677e-08
-0.0707096 -6.65146e-08
-0.0706197 -6.64476e-08
-0.0705298 -6.63711e-08
-0.0704399 -6.63033e-08
-0.07035 -6.62377e-08
-0.0702601 -6.61541e-08
-0.0701702 -6.60851e-08
-0.0700803 -6.60193e-08
-0.0699903 -6.59471e-08
-0.0699004 -6.58736e-08
-0.0698105 -6.58245e-08
-0.0697206 -6.57544e-08
-0.0696307 -6.56919e-08
-0.0695408 -6.56067e-08
-0.0694509 -6.55372e-08
-0.069361 -6.5497e-08
-0.0692711 -6.54228e-08
-0.0691812 -6.53503e-08
-0.0690913 -6.52976e-08
-0.0690014 -6.52332e-08
-0.0689115 -6.51596e-08
-0.0688216 -6.5067e-08
-0.0687317 -6.49778e-08
-0.0686418 -6.48977e-08
-0.0685519 -6.48293e-08
-0.068462 -6.47491e-08
-0.0683721 -6.46625e-08
-0.0682822 -6.45853e-08
-0.0681923 -6.451e-08
-0.0681024 -6.44425e-08
-0.0680125 -6.43528e-08
-0.0679226 -6.42745e-08
-0.0678326 -6.4177e-08
-0.0677427 -6.40868e-08
-0.0676528 -6.3995e-08
-0.0675629 -6.38951e-08
-0.067473 -6.38071e-08
-0.0673831 -6.37279e-08
-0.0672932 -6.36515e-08
-0.0672033 -6.35822e-08
-0.0671134 -6.35022e-08
-0.0670235 -6.34153e-08
-0.0669336 -6.33437e-08
-0.0668437 -6.32652e-08
-0.0667538 -6.31534e-08
-0.0666639 -6.3083e-08
-0.066574 -6.30049e-08
-0.0664841 -6.29247e-08
-0.0663942 -6.2827e-08
-0.0663043 -6.27499e-08
-0.0662144 -6.26617e-08
-0.0661245 -6.25595e-08
-0.0660346 -6.24875e-08
-0.0659447 -6.23956e-08
-0.0658548 -6.22933e-08
-0.0657649 -6.22095e-08
-0.0656749 -6.21176e-08
-0.065585 -6.20192e-08
-0.0654951 -6.19336e-08
-0.0654052 -6.18564e-08
-0.0653153 -6.17708e-08
-0.0652254 -6.16732e-08
-0.0651355 -6.15744e-08
-0.0650456 -6.14812e-08
-0.0649557 -6.13885e-08
-0.0648658 -6.12961e-08
-0.0647759 -6.12046e-08
-0.064686 -6.11159e-08
-0.0645961 -6.10198e-08
-0.0645062 -6.09373e-08
-0.0644163 -6.0862e-08
-0.0643264 -6.07808e-08
-0.0642365 -6.06908e-08
-0.0641466 -6.05829e-08
-0.0640567 -6.04924e-08
-0.0639668 -6.04131e-08
-0.0638769 -6.03343e-08
-0.063787 -6.02658e-08
-0.0636971 -6.01667e-08
-0.0636072 -6.00797e-08
-0.0635172 -6.00003e-08
-0.0634273 -5.99217e-08
-0.0633374 -5.98523e-08
-0.0632475 -5.97666e-08
-0.0631576 -5.96838e-08
-0.0630677 -5.95927e-08
-0.0629778 -5.95271e-08
-0.0628879 -5.94295e-08
-0.062798 -5.93645e-08
-0.0627081 -5.9277e-08
-0.0626182 -5.91774e-08
-0.0625283 -5.90828e-08
-0.0624384 -5.89968e-08
-0.0623485 -5.89065e-08
-0.0622586 -5.88278e-08
-0.0621687 -5.87522e-08
-0.0620788 -5.86759e-08
-0.0619889 -5.85724e-08
-0.061899 -5.84779e-08
-0.0618091 -5.839e-08
-0.0617192 -5.82949e-08
-0.0616293 -5.82001e-08
-0.0615394 -5.81013e-08
-0.0614495 -5.80298e-08
-0.0613595 -5.79477e-08
-0.0612696 -5.78531e-08
-0.0611797 -5.77504e-08
-0.0610898 -5.76702e-08
-0.0609999 -5.75671e-08
-0.06091 -5.74956e-08
-0.0608201 -5.74013e-08
-0.0607302 -5.73087e-08
-0.0606403 -5.72285e-08
-0.0605504 -5.71323e-08
-0.0604605 -5.70287e-08
-0.0603706 -5.6918e-08
-0.0602807 -5.68134e-08
-0.0601908 -5.67082e-08
-0.0601009 -5.65997e-08
-0.060011 -5.65057e-08
-0.0599211 -5.63964e-08
-0.0598312 -5.6275e-08
-0.0597413 -5.61786e-08
-0.0596514 -5.60697e-08
-0.0595615 -5.59691e-08
-0.0594716 -5.58675e-08
-0.0593817 -5.5759e-08
-0.0592918 -5.56581e-08
-0.0592018 -5.55528e-08
-0.0591119 -5.54444e-08
-0.059022 -5.53283e-08
-0.0589321 -5.52116e-08
-0.0588422 -5.51078e-08
-0.0587523 -5.49896e-08
-0.0586624 -5.4868e-08
-0.0585725 -5.47471e-08
-0.0584826 -5.46418e-08
-0.0583927 -5.45415e-08
-0.0583028 -5.44209e-08
-0.0582129 -5.42971e-08
-0.058123 -5.41999e-08
-0.0580331 -5.40804e-08
-0.0579432 -5.39741e-08
-0.0578533 -5.38441e-08
-0.0577634 -5.37428e-08
-0.0576735 -5.36293e-08
-0.0575836 -5.35035e-08
-0.0574937 -5.33983e-08
-0.0574038 -5.32945e-08
-0.0573139 -5.31801e-08
-0.057224 -5.30494e-08
-0.0571341 -5.29177e-08
-0.0570442 -5.28155e-08
-0.0569542 -5.26992e-08
-0.0568643 -5.25679e-08
-0.0567744 -5.24441e-08
-0.0566845 -5.23271e-08
-0.0565946 -5.22091e-08
-0.0565047 -5.2079e-08
-0.0564148 -5.19735e-08
-0.0563249 -5.18533e-08
-0.056235 -5.17391e-08
-0.0561451 -5.1644e-08
-0.0560552 -5.15362e-08
-0.0559653 -5.14217e-08
-0.0558754 -5.13096e-08
-0.0557855 -5.11803e-08
-0.0556956 -5.10644e-08
-0.0556057 -5.09499e-08
-0.0555158 -5.08304e-08
-0.0554259 -5.07162e-08
-0.055336 -5.05986e-08
-0.0552461 -5.0486e-08
-0.0551562 -5.03704e-08
-0.0550663 -5.02576e-08
-0.0549764 -5.01428e-08
-0.0548865 -5.00347e-08
-0.0547965 -4.99264e-08
-0.0547066 -4.98239e-08
-0.0546167 -4.96972e-08
-0.0545268 -4.9563e-08
-0.0544369 -4.94405e-08
-0.054347 -4.93313e-08
-0.0542571 -4.92218e-08
-0.0541672 -4.91131e-08
-0.0540773 -4.89971e-08
-0.0539874 -4.88646e-08
-0.0538975 -4.87449e-08
-0.0538076 -4.86226e-08
-0.0537177 -4.85126e-08
-0.0536278 -4.84004e-08
-0.0535379 -4.82796e-08
-0.053448 -4.81712e-08
-0.0533581 -4.80621e-08
-0.0532682 -4.7943e-08
-0.0531783 -4.78275e-08
-0.0530884 -4.7721e-08
-0.0529985 -4.76013e-08
-0.0529086 -4.74882e-08
-0.0528187 -4.73627e-08
-0.0527288 -4.7252e-08
-0.0526388 -4.71304e-08
-0.0525489 -4.70129e-08
-0.052459 -4.68965e-08
-0.0523691 -4.67807e-08
-0.0522792 -4.6663e-08
-0.0521893 -4.65303e-08
-0.0520994 -4.64168e-08
-0.0520095 -4.62972e-08
-0.0519196 -4.61712e-08
-0.0518297 -4.60437e-08
-0.0517398 -4.5912e-08
-0.0516499 -4.57897e-08
-0.05156 -4.56616e-08
-0.0514701 -4.55359e-08
-0.0513802 -4.54104e-08
-0.0512903 -4.52869e-08
-0.0512004 -4.51627e-08
-0.0511105 -4.50393e-08
-0.0510206 -4.49105e-08
-0.0509307 -4.47903e-08
-0.0508408 -4.46624e-08
-0.0507509 -4.45371e-08
-0.050661 -4.44142e-08
-0.0505711 -4.42967e-08
-0.0504811 -4.41787e-08
-0.0503912 -4.40568e-08
-0.0503013 -4.39398e-08
-0.0502114 -4.38279e-08
-0.0501215 -4.37079e-08
-0.0500316 -4.35838e-08
-0.0499417 -4.3464e-08
-0.0498518 -4.3354e-08
-0.0497619 -4.32359e-08
-0.049672 -4.3125e-08
-0.0495821 -4.30067e-08
-0.0494922 -4.28947e-08
-0.0494023 -4.27781e-08
-0.0493124 -4.26658e-08
-0.0492225 -4.25507e-08
-0.0491326 -4.24258e-08
-0.0490427 -4.2303e-08
-0.0489528 -4.21798e-08
-0.0488629 -4.20578e-08
-0.048773 -4.1944e-08
-0.0486831 -4.18265e-08
-0.0485932 -4.17057e-08
-0.0485033 -4.15856e-08
-0.0484134 -4.14659e-08
-0.0483234 -4.1346e-08
-0.0482335 -4.12117e-08
-0.0481436 -4.10898e-08
-0.0480537 -4.09634e-08
-0.0479638 -4.08379e-08
-0.0478739 -4.07113e-08
-0.047784 -4.05845e-08
-0.0476941 -4.04584e-08
-0.0476042 -4.03346e-08
-0.0475143 -4.02136e-08
-0.0474244 -4.01012e-08
-0.0473345 -3.99704e-08
-0.0472446 -3.98322e-08
-0.0471547 -3.97016e-08
-0.0470648 -3.9573e-08
-0.0469749 -3.94517e-08
-0.046885 -3.93242e-08
-0.0467951 -3.91897e-08
-0.0467052 -3.90687e-08
-0.0466153 -3.89431e-08
-0.0465254 -3.88278e-08
-0.0464355 -3.87057e-08
-0.0463456 -3.85829e-08
-0.0462557 -3.84592e-08
-0.0461657 -3.83446e-08
-0.0460758 -3.82203e-08
-0.0459859 -3.80889e-08
-0.045896 -3.79637e-08
-0.0458061 -3.78413e-08
-0.0457162 -3.77031e-08
-0.0456263 -3.75707e-08
-0.0455364 -3.74387e-08
-0.0454465 -3.73141e-08
-0.0453566 -3.71911e-08
-0.0452667 -3.70692e-08
-0.0451768 -3.69516e-08
-0.0450869 -3.68252e-08
-0.044997 -3.67089e-08
-0.0449071 -3.65793e-08
-0.0448172 -3.6455e-08
-0.0447273 -3.6338e-08
-0.0446374 -3.6208e-08
-0.0445475 -3.6088e-08
-0.0444576 -3.59601e-08
-0.0443677 -3.58354e-08
-0.0442778 -3.57183e-08
-0.0441879 -3.55906e-08
-0.044098 -3.54641e-08
-0.044008 -3.53416e-08
-0.0439181 -3.52256e-08
-0.0438282 -3.51051e-08
-0.0437383 -3.49884e-08
-0.0436484 -3.48732e-08
-0.0435585 -3.47587e-08
-0.0434686 -3.46474e-08
-0.0433787 -3.45212e-08
-0.0432888 -3.44106e-08
-0.0431989 -3.42775e-08
-0.043109 -3.41564e-08
-0.0430191 -3.40382e-08
-0.0429292 -3.39201e-08
-0.0428393 -3.38037e-08
-0.0427494 -3.36884e-08
-0.0426595 -3.35792e-08
-0.0425696 -3.34576e-08
-0.0424797 -3.33362e-08
-0.0423898 -3.32115e-08
-0.0422999 -3.30905e-08
-0.04221 -3.2973e-08
-0.0421201 -3.28472e-08
-0.0420302 -3.27277e-08
-0.0419403 -3.26066e-08
-0.0418503 -3.24991e-08
-0.0417604 -3.23907e-08
-0.0416705 -3.22724e-08
-0.0415806 -3.2148e-08
-0.0414907 -3.20234e-08
-0.0414008 -3.19092e-08
-0.0413109 -3.17923e-08
-0.041221 -3.16794e-08
-0.0411311 -3.15621e-08
-0.0410412 -3.14406e-08
-0.0409513 -3.13208e-08
-0.0408614 -3.12061e-08
-0.0407715 -3.10981e-08
-0.0406816 -3.09873e-08
-0.0405917 -3.08693e-08
-0.0405018 -3.07517e-08
-0.0404119 -3.0641e-08
-0.040322 -3.05273e-08
-0.0402321 -3.04133e-08
-0.0401422 -3.02985e-08
-0.0400523 -3.01815e-08
-0.0399624 -3.0065e-08
-0.0398725 -2.99516e-08
-0.0397826 -2.98404e-08
-0.0396927 -2.97278e-08
-0.0396027 -2.96139e-08
-0.0395128 -2.94924e-08
-0.0394229 -2.93747e-08
-0.039333 -2.92583e-08
-0.0392431 -2.91439e-08
-0.0391532 -2.90287e-08
-0.0390633 -2.89112e-08
-0.0389734 -2.87949e-08
-0.0388835 -2.86797e-08
-0.0387936 -2.8562e-08
-0.0387037 -2.84459e-08
-0.0386138 -2.83324e-08
-0.0385239 -2.82104e-08
-0.038434 -2.80812e-08
-0.0383441 -2.7964e-08
-0.0382542 -2.78434e-08
-0.0381643 -2.77309e-08
-0.0380744 -2.76159e-08
-0.0379845 -2.74977e-08
-0.0378946 -2.73781e-08
-0.0378047 -2.72597e-08
-0.0377148 -2.71407e-08
-0.0376249 -2.70239e-08
-0.037535 -2.69039e-08
-0.037445 -2.67865e-08
-0.0373551 -2.66744e-08
-0.0372652 -2.65626e-08
-0.0371753 -2.64416e-08
-0.0370854 -2.63332e-08
-0.0369955 -2.62127e-08
-0.0369056 -2.60976e-08
-0.0368157 -2.59791e-08
-0.0367258 -2.58689e-08
-0.0366359 -2.57591e-08
-0.036546 -2.56418e-08
-0.0364561 -2.55245e-08
-0.0363662 -2.54101e-08
-0.0362763 -2.52952e-08
-0.0361864 -2.51904e-08
-0.0360965 -2.50822e-08
-0.0360066 -2.49672e-08
-0.0359167 -2.48522e-08
-0.0358268 -2.47441e-08
-0.0357369 -2.46313e-08
-0.035647 -2.45266e-08
-0.0355571 -2.44197e-08
-0.0354672 -2.43104e-08
-0.0353773 -2.42e-08
-0.0352873 -2.40849e-08
-0.0351974 -2.39739e-08
-0.0351075 -2.38683e-08
-0.0350176 -2.37572e-08
-0.0349277 -2.36456e-08
-0.0348378 -2.35391e-08
-0.0347479 -2.34256e-08
-0.034658 -2.33089e-08
-0.0345681 -2.31953e-08
-0.0344782 -2.30823e-08
-0.0343883 -2.29712e-08
-0.0342984 -2.2864e-08
-0.0342085 -2.2756e-08
-0.0341186 -2.26488e-08
-0.0340287 -2.25424e-08
-0.0339388 -2.24371e-08
-0.0338489 -2.23249e-08
-0.033759 -2.22162e-08
-0.0336691 -2.21108e-08
-0.0335792 -2.19986e-08
-0.0334893 -2.18789e-08
-0.0333994 -2.17667e-08
-0.0333095 -2.16567e-08
-0.0332196 -2.15544e-08
-0.0331296 -2.1451e-08
-0.0330397 -2.13448e-08
-0.0329498 -2.12336e-08
-0.0328599 -2.11252e-08
-0.03277 -2.10084e-08
-0.0326801 -2.09003e-08
-0.0325902 -2.07916e-08
-0.0325003 -2.06825e-08
-0.0324104 -2.05766e-08
-0.0323205 -2.04712e-08
-0.0322306 -2.03623e-08
-0.0321407 -2.02586e-08
-0.0320508 -2.01615e-08
-0.0319609 -2.00472e-08
-0.031871 -1.99418e-08
-0.0317811 -1.98361e-08
-0.0316912 -1.97316e-08
-0.0316013 -1.96214e-08
-0.0315114 -1.95058e-08
-0.0314215 -1.94083e-08
-0.0313316 -1.93028e-08
-0.0312417 -1.91982e-08
-0.0311518 -1.90904e-08
-0.0310619 -1.89917e-08
-0.0309719 -1.88894e-08
-0.030882 -1.8784e-08
-0.0307921 -1.86852e-08
-0.0307022 -1.85838e-08
-0.0306123 -1.84811e-08
-0.0305224 -1.837e-08
-0.0304325 -1.82687e-08
-0.0303426 -1.81728e-08
-0.0302527 -1.80689e-08
-0.0301628 -1.79727e-08
-0.0300729 -1.78721e-08
-0.029983 -1.77728e-08
-0.0298931 -1.76719e-08
-0.0298032 -1.75767e-08
-0.0297133 -1.74781e-08
-0.0296234 -1.73819e-08
-0.0295335 -1.72814e-08
-0.0294436 -1.71754e-08
-0.0293537 -1.70775e-08
-0.0292638 -1.69776e-08
-0.0291739 -1.68754e-08
-0.029084 -1.67812e-08
-0.0289941 -1.66815e-08
-0.0289042 -1.65801e-08
-0.0288142 -1.6484e-08
-0.0287243 -1.63927e-08
-0.0286344 -1.63007e-08
-0.0285445 -1.62063e-08
-0.0284546 -1.61064e-08
-0.0283647 -1.60064e-08
-0.0282748 -1.59158e-08
-0.0281849 -1.58246e-08
-0.028095 -1.57271e-08
-0.0280051 -1.56342e-08
-0.0279152 -1.55297e-08
-0.0278253 -1.54319e-08
-0.0277354 -1.53361e-08
-0.0276455 -1.5245e-08
-0.0275556 -1.5152e-08
-0.0274657 -1.50552e-08
-0.0273758 -1.49602e-08
-0.0272859 -1.48675e-08
-0.027196 -1.47802e-08
-0.0271061 -1.4688e-08
-0.0270162 -1.45966e-08
-0.0269263 -1.45078e-08
-0.0268364 -1.44129e-08
-0.0267465 -1.4319e-08
-0.0266565 -1.42296e-08
-0.0265666 -1.41386e-08
-0.0264767 -1.4047e-08
-0.0263868 -1.39569e-08
-0.0262969 -1.38656e-08
-0.026207 -1.37837e-08
-0.0261171 -1.36895e-08
-0.0260272 -1.3602e-08
-0.0259373 -1.35135e-08
-0.0258474 -1.34269e-08
-0.0257575 -1.33374e-08
-0.0256676 -1.32544e-08
-0.0255777 -1.3169e-08
-0.0254878 -1.30817e-08
-0.0253979 -1.30021e-08
-0.025308 -1.29163e-08
-0.0252181 -1.28367e-08
-0.0251282 -1.27599e-08
-0.0250383 -1.26822e-08
-0.0249484 -1.25982e-08
-0.0248585 -1.25176e-08
-0.0247686 -1.24332e-08
-0.0246787 -1.23547e-08
-0.0245888 -1.22787e-08
-0.0244988 -1.21941e-08
-0.0244089 -1.21177e-08
-0.024319 -1.20422e-08
-0.0242291 -1.19608e-08
-0.0241392 -1.18843e-08
-0.0240493 -1.18101e-08
-0.0239594 -1.17361e-08
-0.0238695 -1.16528e-08
-0.0237796 -1.15823e-08
-0.0236897 -1.15014e-08
-0.0235998 -1.14331e-08
-0.0235099 -1.13586e-08
-0.02342 -1.12788e-08
-0.0233301 -1.1204e-08
-0.0232402 -1.11281e-08
-0.0231503 -1.10489e-08
-0.0230604 -1.09756e-08
-0.0229705 -1.09038e-08
-0.0228806 -1.08292e-08
-0.0227907 -1.0754e-08
-0.0227008 -1.06773e-08
-0.0226109 -1.05978e-08
-0.022521 -1.05266e-08
-0.0224311 -1.0451e-08
-0.0223411 -1.03728e-08
-0.0222512 -1.02945e-08
-0.0221613 -1.02196e-08
-0.0220714 -1.01464e-08
-0.0219815 -1.00739e-08
-0.0218916 -1.00027e-08
-0.0218017 -9.93039e-09
-0.0217118 -9.85424e-09
-0.0216219 -9.77142e-09
-0.021532 -9.69537e-09
-0.0214421 -9.62917e-09
-0.0213522 -9.55591e-09
-0.0212623 -9.48202e-09
-0.0211724 -9.40837e-09
-0.0210825 -9.33662e-09
-0.0209926 -9.26572e-09
-0.0209027 -9.18681e-09
-0.0208128 -9.11674e-09
-0.0207229 -9.04517e-09
-0.020633 -8.97426e-09
-0.0205431 -8.89603e-09
-0.0204532 -8.8256e-09
-0.0203633 -8.76328e-09
-0.0202734 -8.69293e-09
-0.0201835 -8.62926e-09
-0.0200935 -8.56376e-09
-0.0200036 -8.49502e-09
-0.0199137 -8.42314e-09
-0.0198238 -8.353e-09
-0.0197339 -8.28362e-09
-0.019644 -8.21682e-09
-0.0195541 -8.15248e-09
-0.0194642 -8.08147e-09
-0.0193743 -8.01801e-09
-0.0192844 -7.94954e-09
-0.0191945 -7.88405e-09
-0.0191046 -7.82288e-09
-0.0190147 -7.76334e-09
-0.0189248 -7.69851e-09
-0.0188349 -7.62981e-09
-0.018745 -7.56636e-09
-0.0186551 -7.49881e-09
-0.0185652 -7.43473e-09
-0.0184753 -7.3689e-09
-0.0183854 -7.30713e-09
-0.0182955 -7.24907e-09
-0.0182056 -7.1825e-09
-0.0181157 -7.12178e-09
-0.0180258 -7.05534e-09
-0.0179358 -6.99958e-09
-0.0178459 -6.94239e-09
-0.017756 -6.88e-09
-0.0176661 -6.81567e-09
-0.0175762 -6.75794e-09
-0.0174863 -6.69585e-09
-0.0173964 -6.63565e-09
-0.0173065 -6.57798e-09
-0.0172166 -6.51907e-09
-0.0171267 -6.45841e-09
-0.0170368 -6.39775e-09
-0.0169469 -6.33796e-09
-0.016857 -6.28481e-09
-0.0167671 -6.23387e-09
-0.0166772 -6.17792e-09
-0.0165873 -6.12237e-09
-0.0164974 -6.0653e-09
-0.0164075 -6.01165e-09
-0.0163176 -5.95862e-09
-0.0162277 -5.89656e-09
-0.0161378 -5.84442e-09
-0.0160479 -5.78803e-09
-0.015958 -5.73226e-09
-0.0158681 -5.67636e-09
-0.0157781 -5.62435e-09
-0.0156882 -5.56962e-09
-0.0155983 -5.51852e-09
-0.0155084 -5.4669e-09
-0.0154185 -5.41096e-09
-0.0153286 -5.36384e-09
-0.0152387 -5.3094e-09
-0.0151488 -5.25347e-09
-0.0150589 -5.2053e-09
-0.014969 -5.15098e-09
-0.0148791 -5.09602e-09
-0.0147892 -5.04343e-09
-0.0146993 -4.98786e-09
-0.0146094 -4.93263e-09
-0.0145195 -4.88155e-09
-0.0144296 -4.83156e-09
-0.0143397 -4.77985e-09
-0.0142498 -4.728e-09
-0.0141599 -4.68131e-09
-0.01407 -4.62906e-09
-0.0139801 -4.57529e-09
-0.0138902 -4.52351e-09
-0.0138003 -4.47142e-09
-0.0137104 -4.41673e-09
-0.0136204 -4.36714e-09
-0.0135305 -4.31438e-09
-0.0134406 -4.26403e-09
-0.0133507 -4.21447e-09
-0.0132608 -4.16384e-09
-0.0131709 -4.11472e-09
-0.013081 -4.07042e-09
-0.0129911 -4.01707e-09
-0.0129012 -3.96629e-09
-0.0128113 -3.92239e-09
-0.0127214 -3.8722e-09
-0.0126315 -3.82162e-09
-0.0125416 -3.78034e-09
-0.0124517 -3.72958e-09
-0.0123618 -3.68379e-09
-0.0122719 -3.63705e-09
-0.012182 -3.59671e-09
-0.0120921 -3.55047e-09
-0.0120022 -3.50743e-09
-0.0119123 -3.46138e-09
-0.0118224 -3.41653e-09
-0.0117325 -3.37658e-09
-0.0116426 -3.33814e-09
-0.0115527 -3.29319e-09
-0.0114627 -3.25659e-09
-0.0113728 -3.21416e-09
-0.0112829 -3.17257e-09
-0.011193 -3.1352e-09
-0.0111031 -3.09781e-09
-0.0110132 -3.0525e-09
-0.0109233 -3.01417e-09
-0.0108334 -2.97576e-09
-0.0107435 -2.93406e-09
-0.0106536 -2.89926e-09
-0.0105637 -2.86591e-09
-0.0104738 -2.82331e-09
-0.0103839 -2.78977e-09
-0.010294 -2.75044e-09
-0.0102041 -2.71824e-09
-0.0101142 -2.681e-09
-0.0100243 -2.63954e-09
-0.00993438 -2.6001e-09
-0.00984447 -2.56266e-09
-0.00975457 -2.53197e-09
-0.00966466 -2.49364e-09
-0.00957476 -2.46077e-09
-0.00948486 -2.42346e-09
-0.00939495 -2.38571e-09
-0.00930505 -2.35039e-09
-0.00921514 -2.31455e-09
-0.00912524 -2.28564e-09
-0.00903534 -2.24276e-09
-0.00894543 -2.20821e-09
-0.00885553 -2.17437e-09
-0.00876562 -2.14031e-09
-0.00867572 -2.11274e-09
-0.00858582 -2.07569e-09
-0.00849591 -2.04138e-09
-0.00840601 -2.00838e-09
-0.0083161 -1.97842e-09
-0.0082262 -1.94544e-09
-0.00813629 -1.91213e-09
-0.00804639 -1.88193e-09
-0.00795649 -1.84483e-09
-0.00786658 -1.81323e-09
-0.00777668 -1.78231e-09
-0.00768677 -1.74921e-09
-0.00759687 -1.72041e-09
-0.00750697 -1.68787e-09
-0.00741706 -1.65847e-09
-0.00732716 -1.63249e-09
-0.00723725 -1.60703e-09
-0.00714735 -1.57926e-09
-0.00705744 -1.54849e-09
-0.00696754 -1.52162e-09
-0.00687764 -1.488e-09
-0.00678773 -1.45618e-09
-0.00669783 -1.42632e-09
-0.00660792 -1.39804e-09
-0.00651802 -1.37332e-09
-0.00642812 -1.34738e-09
-0.00633821 -1.32241e-09
-0.00624831 -1.29804e-09
-0.0061584 -1.27318e-09
-0.0060685 -1.24923e-09
-0.00597859 -1.22497e-09
-0.00588869 -1.19591e-09
-0.00579879 -1.16772e-09
-0.00570888 -1.13887e-09
-0.00561898 -1.11354e-09
-0.00552907 -1.09242e-09
-0.00543917 -1.06815e-09
-0.00534927 -1.04395e-09
-0.00525936 -1.01884e-09
-0.00516946 -9.97042e-10
-0.00507955 -9.73045e-10
-0.00498965 -9.53088e-10
-0.00489975 -9.30028e-10
-0.00480984 -9.08675e-10
-0.00471994 -8.84442e-10
-0.00463003 -8.62938e-10
-0.00454013 -8.4295e-10
-0.00445022 -8.28494e-10
-0.00436032 -8.07113e-10
-0.00427042 -7.83561e-10
-0.00418051 -7.63107e-10
-0.00409061 -7.4374e-10
-0.0040007 -7.2565e-10
-0.0039108 -7.05758e-10
-0.0038209 -6.87074e-10
-0.00373099 -6.7528e-10
-0.00364109 -6.53977e-10
-0.00355118 -6.38511e-10
-0.00346128 -6.23622e-10
-0.00337137 -6.1363e-10
-0.00328147 -5.93891e-10
-0.00319157 -5.77162e-10
-0.00310166 -5.60882e-10
-0.00301176 -5.44561e-10
-0.00292185 -5.26944e-10
-0.00283195 -5.07932e-10
-0.00274205 -4.93174e-10
-0.00265214 -4.85e-10
-0.00256224 -4.67368e-10
-0.00247233 -4.55275e-10
-0.00238243 -4.41165e-10
-0.00229252 -4.27843e-10
-0.00220262 -4.1201e-10
-0.00211272 -3.99839e-10
-0.00202281 -3.8265e-10
-0.00193291 -3.65349e-10
-0.001843 -3.48411e-10
-0.0017531 -3.33318e-10
-0.0016632 -3.16523e-10
-0.00157329 -3.08213e-10
-0.00148339 -2.91774e-10
-0.00139348 -2.75236e-10
-0.00130358 -2.55435e-10
-0.00121368 -2.39553e-10
-0.00112377 -2.24826e-10
-0.00103387 -2.08378e-10
-0.000943963 -1.88583e-10
-0.000854059 -1.73604e-10
-0.000764154 -1.60089e-10
-0.00067425 -1.44327e-10
-0.000584346 -1.29336e-10
-0.000494442 -1.19844e-10
-0.000404538 -9.62695e-11
-0.000314634 -7.61159e-11
-0.00022473 -5.38427e-11
-0.000134825 -3.5131e-11
-4.49212e-05 -1.70601e-11
4.49829e-05 0
0.000134887 1.72386e-11
0.000224791 3.01051e-11
0.000314695 4.31305e-11
0.0004046 5.74146e-11
0.000494504 6.82216e-11
0.000584408 8.7362e-11
0.000674312 1.09641e-10
0.000764216 1.28828e-10
0.00085412 1.51432e-10
0.000944024 1.68477e-10
0.00103393 1.82025e-10
0.00112383 1.95096e-10
0.00121374 2.12029e-10
0.00130364 2.23681e-10
0.00139355 2.33512e-10
0.00148345 2.42418e-10
0.00157335 2.54762e-10
0.00166326 2.73679e-10
0.00175316 2.85554e-10
0.00184307 3.00461e-10
0.00193297 3.14443e-10
0.00202287 3.23106e-10
0.00211278 3.32277e-10
0.00220268 3.44567e-10
0.00229259 3.57741e-10
0.00238249 3.65493e-10
0.00247239 3.73354e-10
0.0025623 3.81605e-10
0.0026522 3.90018e-10
0.00274211 4.04354e-10
0.00283201 4.10957e-10
0.00292192 4.16901e-10
0.00301182 4.2226e-10
0.00310172 4.27749e-10
0.00319163 4.35158e-10
0.00328153 4.43553e-10
0.00337144 4.50093e-10
0.00346134 4.60132e-10
0.00355124 4.66893e-10
0.00364115 4.72505e-10
0.00373105 4.75241e-10
0.00382096 4.86559e-10
0.00391086 4.89258e-10
0.00400077 4.89034e-10
0.00409067 4.93069e-10
0.00418057 4.95864e-10
0.00427048 5.00595e-10
0.00436038 5.02381e-10
0.00445029 5.06482e-10
0.00454019 5.16739e-10
0.00463009 5.20597e-10
0.00472 5.24189e-10
0.0048099 5.24495e-10
0.00489981 5.30577e-10
0.00498971 5.298e-10
0.00507962 5.31983e-10
0.00516952 5.3253e-10
0.00525942 5.3494e-10
0.00534933 5.35567e-10
0.00543923 5.35778e-10
0.00552914 5.39773e-10
0.00561904 5.47321e-10
0.00570894 5.49926e-10
0.00579885 5.4826e-10
0.00588875 5.47421e-10
0.00597866 5.44708e-10
0.00606856 5.44916e-10
0.00615846 5.48095e-10
0.00624837 5.48659e-10
0.00633827 5.51098e-10
0.00642818 5.52243e-10
0.00651808 5.55463e-10
0.00660799 5.59782e-10
0.00669789 5.63882e-10
0.00678779 5.63644e-10
0.0068777 5.59852e-10
0.0069676 5.55585e-10
0.00705751 5.55925e-10
0.00714741 5.55359e-10
0.00723731 5.57012e-10
0.00732722 5.59113e-10
0.00741712 5.62291e-10
0.00750703 5.63753e-10
0.00759693 5.64465e-10
0.00768684 5.67011e-10
0.00777674 5.65707e-10
0.00786664 5.66869e-10
0.00795655 5.64596e-10
0.00804645 5.62163e-10
0.00813636 5.63999e-10
0.00822626 5.60263e-10
0.00831616 5.5994e-10
0.00840607 5.6251e-10
0.00849597 5.63204e-10
0.00858588 5.60493e-10
0.00867578 5.56326e-10
0.00876569 5.58981e-10
0.00885559 5.56072e-10
0.00894549 5.57424e-10
0.0090354 5.54935e-10
0.0091253 5.47469e-10
0.00921521 5.4997e-10
0.00930511 5.46827e-10
0.00939501 5.43156e-10
0.00948492 5.40077e-10
0.00957482 5.33653e-10
0.00966473 5.2855e-10
0.00975463 5.22926e-10
0.00984453 5.24587e-10
0.00993444 5.1453e-10
0.0100243 5.09096e-10
0.0101142 4.95997e-10
0.0102042 4.8633e-10
0.0102941 4.85261e-10
0.010384 4.76504e-10
0.0104739 4.69247e-10
0.0105638 4.56311e-10
0.0106537 4.49538e-10
0.0107436 4.41238e-10
0.0108335 4.28504e-10
0.0109234 4.21366e-10
0.0110133 4.06819e-10
0.0111032 3.92138e-10
0.0111931 3.78153e-10
0.011283 3.71112e-10
0.0113729 3.59877e-10
0.0114628 3.46579e-10
0.0115527 3.36565e-10
0.0116426 3.18442e-10
0.0117325 3.13071e-10
0.0118224 3.00558e-10
0.0119123 2.84814e-10
0.0120022 2.71316e-10
0.0120921 2.55134e-10
0.012182 2.37446e-10
0.0122719 2.28846e-10
0.0123619 2.15405e-10
0.0124518 1.99286e-10
0.0125417 1.82657e-10
0.0126316 1.71817e-10
0.0127215 1.54372e-10
0.0128114 1.4184e-10
0.0129013 1.29821e-10
0.0129912 1.13064e-10
0.0130811 9.55945e-11
0.013171 8.1262e-11
0.0132609 6.5796e-11
0.0133508 5.29672e-11
0.0134407 3.64586e-11
0.0135306 2.13415e-11
0.0136205 4.07684e-12
0.0137104 -5.57413e-12
0.0138003 -2.5e-11
0.0138902 -3.79456e-11
0.0139801 -5.01423e-11
0.01407 -7.05408e-11
0.0141599 -8.74281e-11
0.0142498 -9.5739e-11
0.0143397 -1.12186e-10
0.0144296 -1.27531e-10
0.0145196 -1.42633e-10
0.0146095 -1.60994e-10
0.0146994 -1.79431e-10
0.0147893 -1.97748e-10
0.0148792 -2.15411e-10
0.0149691 -2.31561e-10
0.015059 -2.49427e-10
0.0151489 -2.66018e-10
0.0152388 -2.83456e-10
0.0153287 -2.96875e-10
0.0154186 -3.12376e-10
0.0155085 -3.31099e-10
0.0155984 -3.5022e-10
0.0156883 -3.699e-10
0.0157782 -3.95905e-10
0.0158681 -4.1793e-10
0.015958 -4.40605e-10
0.0160479 -4.65017e-10
0.0161378 -4.86703e-10
0.0162277 -5.0444e-10
0.0163176 -5.32391e-10
0.0164075 -5.51326e-10
0.0164974 -5.70051e-10
0.0165873 -5.96111e-10
0.0166773 -6.15895e-10
0.0167672 -6.38444e-10
0.0168571 -6.60348e-10
0.016947 -6.84433e-10
0.0170369 -7.11665e-10
0.0171268 -7.41061e-10
0.0172167 -7.67762e-10
0.0173066 -7.93688e-10
0.0173965 -8.24089e-10
0.0174864 -8.46916e-10
0.0175763 -8.75233e-10
0.0176662 -8.9884e-10
0.0177561 -9.29163e-10
0.017846 -9.5542e-10
0.0179359 -9.76274e-10
0.0180258 -1.00223e-09
0.0181157 -1.03616e-09
0.0182056 -1.06654e-09
0.0182955 -1.09801e-09
0.0183854 -1.12301e-09
0.0184753 -1.14971e-09
0.0185652 -1.18008e-09
0.0186551 -1.20916e-09
0.018745 -1.24004e-09
0.0188349 -1.27247e-09
0.0189249 -1.30545e-09
0.0190148 -1.33362e-09
0.0191047 -1.36132e-09
0.0191946 -1.39466e-09
0.0192845 -1.42577e-09
0.0193744 -1.46293e-09
0.0194643 -1.49018e-09
0.0195542 -1.52313e-09
0.0196441 -1.55317e-09
0.019734 -1.58699e-09
0.0198239 -1.62212e-09
0.0199138 -1.65433e-09
0.0200037 -1.69258e-09
0.0200936 -1.72627e-09
0.0201835 -1.75584e-09
0.0202734 -1.78763e-09
0.0203633 -1.82322e-09
0.0204532 -1.85633e-09
0.0205431 -1.89253e-09
0.020633 -1.93239e-09
0.0207229 -1.96452e-09
0.0208128 -2.00025e-09
0.0209027 -2.03511e-09
0.0209926 -2.07755e-09
0.0210826 -2.11405e-09
0.0211725 -2.15034e-09
0.0212624 -2.18261e-09
0.0213523 -2.21897e-09
0.0214422 -2.25679e-09
0.0215321 -2.28634e-09
0.021622 -2.32813e-09
0.0217119 -2.37411e-09
0.0218018 -2.41129e-09
0.0218917 -2.44718e-09
0.0219816 -2.48325e-09
0.0220715 -2.52537e-09
0.0221614 -2.55836e-09
0.0222513 -2.59612e-09
0.0223412 -2.63423e-09
0.0224311 -2.67606e-09
0.022521 -2.71398e-09
0.0226109 -2.75078e-09
0.0227008 -2.79604e-09
0.0227907 -2.8435e-09
0.0228806 -2.88244e-09
0.0229705 -2.92294e-09
0.0230604 -2.96071e-09
0.0231503 -3.00168e-09
0.0232403 -3.04381e-09
0.0233302 -3.08698e-09
0.0234201 -3.1319e-09
0.02351 -3.17939e-09
0.0235999 -3.22153e-09
0.0236898 -3.2627e-09
0.0237797 -3.31255e-09
0.0238696 -3.35738e-09
0.0239595 -3.40879e-09
0.0240494 -3.45768e-09
0.0241393 -3.50461e-09
0.0242292 -3.55396e-09
0.0243191 -3.60839e-09
0.024409 -3.65674e-09
0.0244989 -3.70815e-09
0.0245888 -3.76581e-09
0.0246787 -3.81357e-09
0.0247686 -3.86222e-09
0.0248585 -3.91751e-09
0.0249484 -3.96636e-09
0.0250383 -4.02628e-09
0.0251282 -4.07245e-09
0.0252181 -4.12365e-09
0.025308 -4.17462e-09
0.025398 -4.23192e-09
0.0254879 -4.28082e-09
0.0255778 -4.33792e-09
0.0256677 -4.3957e-09
0.0257576 -4.44429e-09
0.0258475 -4.50002e-09
0.0259374 -4.55568e-09
0.0260273 -4.60814e-09
0.0261172 -4.66239e-09
0.0262071 -4.71758e-09
0.026297 -4.76741e-09
0.0263869 -4.82156e-09
0.0264768 -4.87734e-09
0.0265667 -4.92797e-09
0.0266566 -4.98607e-09
0.0267465 -5.03646e-09
0.0268364 -5.09335e-09
0.0269263 -5.14802e-09
0.0270162 -5.20099e-09
0.0271061 -5.25471e-09
0.027196 -5.3133e-09
0.0272859 -5.37012e-09
0.0273758 -5.42234e-09
0.0274657 -5.48117e-09
0.0275557 -5.53813e-09
0.0276456 -5.59634e-09
0.0277355 -5.65158e-09
0.0278254 -5.71022e-09
0.0279153 -5.77139e-09
0.0280052 -5.83448e-09
0.0280951 -5.8902e-09
0.028185 -5.95073e-09
0.0282749 -6.00491e-09
0.0283648 -6.05786e-09
0.0284547 -6.11911e-09
0.0285446 -6.18118e-09
0.0286345 -6.24428e-09
0.0287244 -6.30251e-09
0.0288143 -6.36398e-09
0.0289042 -6.42691e-09
0.0289941 -6.49553e-09
0.029084 -6.5653e-09
0.0291739 -6.62741e-09
0.0292638 -6.69563e-09
0.0293537 -6.75722e-09
0.0294436 -6.82126e-09
0.0295335 -6.89193e-09
0.0296234 -6.95813e-09
0.0297134 -7.02067e-09
0.0298033 -7.08479e-09
0.0298932 -7.14946e-09
0.0299831 -7.21805e-09
0.030073 -7.28999e-09
0.0301629 -7.35817e-09
0.0302528 -7.42236e-09
0.0303427 -7.49391e-09
0.0304326 -7.55977e-09
0.0305225 -7.62853e-09
0.0306124 -7.7054e-09
0.0307023 -7.77691e-09
0.0307922 -7.84509e-09
0.0308821 -7.91373e-09
0.030972 -7.98213e-09
0.0310619 -8.05472e-09
0.0311518 -8.12398e-09
0.0312417 -8.19526e-09
0.0313316 -8.26672e-09
0.0314215 -8.34251e-09
0.0315114 -8.40931e-09
0.0316013 -8.48718e-09
0.0316912 -8.568e-09
0.0317811 -8.64044e-09
0.0318711 -8.71412e-09
0.031961 -8.78665e-09
0.0320509 -8.87137e-09
0.0321408 -8.94428e-09
0.0322307 -9.02207e-09
0.0323206 -9.10445e-09
0.0324105 -9.18359e-09
0.0325004 -9.2603e-09
0.0325903 -9.33734e-09
0.0326802 -9.42774e-09
0.0327701 -9.50618e-09
0.03286 -9.58669e-09
0.0329499 -9.666e-09
0.0330398 -9.75344e-09
0.0331297 -9.83717e-09
0.0332196 -9.90953e-09
0.0333095 -9.991e-09
0.0333994 -1.0071e-08
0.0334893 -1.01505e-08
0.0335792 -1.02344e-08
0.0336691 -1.03169e-08
0.033759 -1.03925e-08
0.0338489 -1.04737e-08
0.0339388 -1.05607e-08
0.0340288 -1.06395e-08
0.0341187 -1.07174e-08
0.0342086 -1.07927e-08
0.0342985 -1.08673e-08
0.0343884 -1.09412e-08
0.0344783 -1.10234e-08
0.0345682 -1.1108e-08
0.0346581 -1.11984e-08
0.034748 -1.12812e-08
0.0348379 -1.1361e-08
0.0349278 -1.14394e-08
0.0350177 -1.15195e-08
0.0351076 -1.15958e-08
0.0351975 -1.16751e-08
0.0352874 -1.17543e-08
0.0353773 -1.18341e-08
0.0354672 -1.19139e-08
0.0355571 -1.19992e-08
0.035647 -1.20807e-08
0.0357369 -1.2167e-08
0.0358268 -1.2255e-08
0.0359167 -1.23407e-08
0.0360066 -1.24218e-08
0.0360965 -1.25123e-08
0.0361865 -1.25962e-08
0.0362764 -1.26785e-08
0.0363663 -1.27705e-08
0.0364562 -1.28637e-08
0.0365461 -1.29509e-08
0.036636 -1.3041e-08
0.0367259 -1.31234e-08
0.0368158 -1.32099e-08
0.0369057 -1.3301e-08
0.0369956 -1.33912e-08
0.0370855 -1.34889e-08
0.0371754 -1.35808e-08
0.0372653 -1.36719e-08
0.0373552 -1.37613e-08
0.0374451 -1.38533e-08
0.037535 -1.39469e-08
0.0376249 -1.40428e-08
0.0377148 -1.41379e-08
0.0378047 -1.42266e-08
0.0378946 -1.43218e-08
0.0379845 -1.44172e-08
0.0380744 -1.45135e-08
0.0381643 -1.46069e-08
0.0382542 -1.46952e-08
0.0383441 -1.47952e-08
0.0384341 -1.4879e-08
0.038524 -1.4974e-08
0.0386139 -1.50665e-08
0.0387038 -1.51588e-08
0.0387937 -1.525e-08
0.0388836 -1.53442e-08
0.0389735 -1.54346e-08
0.0390634 -1.55269e-08
0.0391533 -1.56159e-08
0.0392432 -1.57025e-08
0.0393331 -1.57916e-08
0.039423 -1.58854e-08
0.0395129 -1.5982e-08
0.0396028 -1.60854e-08
0.0396927 -1.61749e-08
0.0397826 -1.62631e-08
0.0398725 -1.63531e-08
0.0399624 -1.64445e-08
0.0400523 -1.65368e-08
0.0401422 -1.66293e-08
0.0402321 -1.67254e-08
0.040322 -1.68242e-08
0.0404119 -1.69228e-08
0.0405018 -1.70195e-08
0.0405918 -1.71191e-08
0.0406817 -1.72178e-08
0.0407716 -1.73105e-08
0.0408615 -1.74055e-08
0.0409514 -1.74994e-08
0.0410413 -1.75979e-08
0.0411312 -1.76985e-08
0.0412211 -1.77992e-08
0.041311 -1.7891e-08
0.0414009 -1.79899e-08
0.0414908 -1.80841e-08
0.0415807 -1.81859e-08
0.0416706 -1.82886e-08
0.0417605 -1.83904e-08
0.0418504 -1.84795e-08
0.0419403 -1.8569e-08
0.0420302 -1.86656e-08
0.0421201 -1.87654e-08
0.04221 -1.88628e-08
0.0422999 -1.89578e-08
0.0423898 -1.90529e-08
0.0424797 -1.91519e-08
0.0425696 -1.92511e-08
0.0426595 -1.93559e-08
0.0427495 -1.94518e-08
0.0428394 -1.95467e-08
0.0429293 -1.96353e-08
0.0430192 -1.97297e-08
0.0431091 -1.98331e-08
0.043199 -1.99317e-08
0.0432889 -2.00374e-08
0.0433788 -2.01266e-08
0.0434687 -2.02269e-08
0.0435586 -2.03233e-08
0.0436485 -2.04234e-08
0.0437384 -2.05175e-08
0.0438283 -2.0605e-08
0.0439182 -2.07027e-08
0.0440081 -2.07975e-08
0.044098 -2.08972e-08
0.0441879 -2.09926e-08
0.0442778 -2.10998e-08
0.0443677 -2.11991e-08
0.0444576 -2.12916e-08
0.0445475 -2.13938e-08
0.0446374 -2.14777e-08
0.0447273 -2.15746e-08
0.0448172 -2.16708e-08
0.0449072 -2.17706e-08
0.0449971 -2.18673e-08
0.045087 -2.19618e-08
0.0451769 -2.2066e-08
0.0452668 -2.2176e-08
0.0453567 -2.22781e-08
0.0454466 -2.23716e-08
0.0455365 -2.2475e-08
0.0456264 -2.25795e-08
0.0457163 -2.26848e-08
0.0458062 -2.27946e-08
0.0458961 -2.28865e-08
0.045986 -2.29936e-08
0.0460759 -2.30976e-08
0.0461658 -2.31977e-08
0.0462557 -2.32948e-08
0.0463456 -2.33849e-08
0.0464355 -2.34883e-08
0.0465254 -2.35871e-08
0.0466153 -2.36853e-08
0.0467052 -2.37873e-08
0.0467951 -2.38896e-08
0.046885 -2.39997e-08
0.0469749 -2.40973e-08
0.0470649 -2.41904e-08
0.0471548 -2.42964e-08
0.0472447 -2.43922e-08
0.0473346 -2.44926e-08
0.0474245 -2.45956e-08
0.0475144 -2.46843e-08
0.0476043 -2.47765e-08
0.0476942 -2.48692e-08
0.0477841 -2.49733e-08
0.047874 -2.50708e-08
0.0479639 -2.51805e-08
0.0480538 -2.52835e-08
0.0481437 -2.53868e-08
0.0482336 -2.54916e-08
0.0483235 -2.56116e-08
0.0484134 -2.57237e-08
0.0485033 -2.58295e-08
0.0485932 -2.5926e-08
0.0486831 -2.60333e-08
0.048773 -2.61402e-08
0.0488629 -2.62496e-08
0.0489528 -2.63588e-08
0.0490427 -2.6468e-08
0.0491326 -2.6577e-08
0.0492226 -2.66879e-08
0.0493125 -2.67946e-08
0.0494024 -2.691e-08
0.0494923 -2.70142e-08
0.0495822 -2.71218e-08
0.0496721 -2.72272e-08
0.049762 -2.7332e-08
0.0498519 -2.74339e-08
0.0499418 -2.75378e-08
0.0500317 -2.76446e-08
0.0501216 -2.77567e-08
0.0502115 -2.78707e-08
0.0503014 -2.79815e-08
0.0503913 -2.80827e-08
0.0504812 -2.81836e-08
0.0505711 -2.82833e-08
0.050661 -2.83832e-08
0.0507509 -2.84847e-08
0.0508408 -2.85863e-08
0.0509307 -2.86927e-08
0.0510206 -2.87922e-08
0.0511105 -2.89007e-08
0.0512004 -2.9008e-08
0.0512903 -2.91083e-08
0.0513803 -2.92077e-08
0.0514702 -2.93129e-08
0.0515601 -2.94251e-08
0.05165 -2.95249e-08
0.0517399 -2.96285e-08
0.0518298 -2.97344e-08
0.0519197 -2.98435e-08
0.0520096 -2.99461e-08
0.0520995 -3.00483e-08
0.0521894 -3.01528e-08
0.0522793 -3.02586e-08
0.0523692 -3.03648e-08
0.0524591 -3.04687e-08
0.052549 -3.05711e-08
0.0526389 -3.06731e-08
0.0527288 -3.07765e-08
0.0528187 -3.08716e-08
0.0529086 -3.0982e-08
0.0529985 -3.10787e-08
0.0530884 -3.11825e-08
0.0531783 -3.12709e-08
0.0532682 -3.13643e-08
0.0533581 -3.14737e-08
0.053448 -3.15673e-08
0.053538 -3.16671e-08
0.0536279 -3.17675e-08
0.0537178 -3.18728e-08
0.0538077 -3.19733e-08
0.0538976 -3.2081e-08
0.0539875 -3.21891e-08
0.0540774 -3.22911e-08
0.0541673 -3.23953e-08
0.0542572 -3.2491e-08
0.0543471 -3.25929e-08
0.054437 -3.26922e-08
0.0545269 -3.27972e-08
0.0546168 -3.29075e-08
0.0547067 -3.30293e-08
0.0547966 -3.31281e-08
0.0548865 -3.32375e-08
0.0549764 -3.33446e-08
0.0550663 -3.34594e-08
0.0551562 -3.35862e-08
0.0552461 -3.36919e-08
0.055336 -3.37963e-08
0.0554259 -3.38978e-08
0.0555158 -3.40033e-08
0.0556057 -3.41254e-08
0.0556956 -3.42525e-08
0.0557856 -3.43593e-08
0.0558755 -3.44608e-08
0.0559654 -3.45613e-08
0.0560553 -3.4665e-08
0.0561452 -3.47624e-08
0.0562351 -3.48599e-08
0.056325 -3.49692e-08
0.0564149 -3.50755e-08
0.0565048 -3.51781e-08
0.0565947 -3.5286e-08
0.0566846 -3.53911e-08
0.0567745 -3.54895e-08
0.0568644 -3.56078e-08
0.0569543 -3.57364e-08
0.0570442 -3.58438e-08
0.0571341 -3.59483e-08
0.057224 -3.60564e-08
0.0573139 -3.61532e-08
0.0574038 -3.62648e-08
0.0574937 -3.63666e-08
0.0575836 -3.64644e-08
0.0576735 -3.65837e-08
0.0577634 -3.66894e-08
0.0578533 -3.68003e-08
0.0579433 -3.6915e-08
0.0580332 -3.70261e-08
0.0581231 -3.71259e-08
0.058213 -3.7221e-08
0.0583029 -3.73519e-08
0.0583928 -3.74765e-08
0.0584827 -3.75687e-08
0.0585726 -3.7662e-08
0.0586625 -3.77643e-08
0.0587524 -3.78865e-08
0.0588423 -3.798e-08
0.0589322 -3.80761e-08
0.0590221 -3.81871e-08
0.059112 -3.8284e-08
0.0592019 -3.83898e-08
0.0592918 -3.84781e-08
0.0593817 -3.85826e-08
0.0594716 -3.86808e-08
0.0595615 -3.87754e-08
0.0596514 -3.88802e-08
0.0597413 -3.89908e-08
0.0598312 -3.90841e-08
0.0599211 -3.92e-08
0.060011 -3.92905e-08
0.060101 -3.93889e-08
0.0601909 -3.94838e-08
0.0602808 -3.95836e-08
0.0603707 -3.96798e-08
0.0604606 -3.97765e-08
0.0605505 -3.98781e-08
0.0606404 -3.99659e-08
0.0607303 -4.00496e-08
0.0608202 -4.0148e-08
0.0609101 -4.02464e-08
0.061 -4.03516e-08
0.0610899 -4.04594e-08
0.0611798 -4.05499e-08
0.0612697 -4.06642e-08
0.0613596 -4.07703e-08
0.0614495 -4.08767e-08
0.0615394 -4.0983e-08
0.0616293 -4.10844e-08
0.0617192 -4.11863e-08
0.0618091 -4.12771e-08
0.061899 -4.13779e-08
0.0619889 -4.1472e-08
0.0620788 -4.15703e-08
0.0621687 -4.16757e-08
0.0622587 -4.17703e-08
0.0623486 -4.1884e-08
0.0624385 -4.19926e-08
0.0625284 -4.20828e-08
0.0626183 -4.21801e-08
0.0627082 -4.23071e-08
0.0627981 -4.24163e-08
0.062888 -4.2526e-08
0.0629779 -4.26415e-08
0.0630678 -4.27643e-08
0.0631577 -4.28873e-08
0.0632476 -4.29924e-08
0.0633375 -4.30977e-08
0.0634274 -4.32006e-08
0.0635173 -4.33143e-08
0.0636072 -4.34358e-08
0.0636971 -4.35551e-08
0.063787 -4.36836e-08
0.0638769 -4.37815e-08
0.0639668 -4.38808e-08
0.0640567 -4.39937e-08
0.0641466 -4.40825e-08
0.0642365 -4.42084e-08
0.0643264 -4.43225e-08
0.0644164 -4.44398e-08
0.0645063 -4.4536e-08
0.0645962 -4.46414e-08
0.0646861 -4.47389e-08
0.064776 -4.48572e-08
0.0648659 -4.49588e-08
0.0649558 -4.50512e-08
0.0650457 -4.51463e-08
0.0651356 -4.52443e-08
0.0652255 -4.5359e-08
0.0653154 -4.54707e-08
0.0654053 -4.55654e-08
0.0654952 -4.56514e-08
0.0655851 -4.57381e-08
0.065675 -4.5843e-08
0.0657649 -4.59495e-08
0.0658548 -4.60376e-08
0.0659447 -4.61471e-08
0.0660346 -4.62488e-08
0.0661245 -4.63427e-08
0.0662144 -4.64457e-08
0.0663043 -4.65422e-08
0.0663942 -4.66346e-08
0.0664841 -4.67256e-08
0.0665741 -4.68076e-08
0.066664 -4.68988e-08
0.0667539 -4.69899e-08
0.0668438 -4.70943e-08
0.0669337 -4.71853e-08
0.0670236 -4.72788e-08
0.0671135 -4.73622e-08
0.0672034 -4.74377e-08
0.0672933 -4.75277e-08
0.0673832 -4.7598e-08
0.0674731 -4.76932e-08
0.067563 -4.77988e-08
0.0676529 -4.79028e-08
0.0677428 -4.79988e-08
0.0678327 -4.80972e-08
0.0679226 -4.82232e-08
0.0680125 -4.83085e-08
0.0681024 -4.84082e-08
0.0681923 -4.85056e-08
0.0682822 -4.85976e-08
0.0683721 -4.86838e-08
0.068462 -4.87889e-08
0.0685519 -4.88683e-08
0.0686418 -4.89605e-08
0.0687318 -4.90644e-08
0.0688217 -4.9174e-08
0.0689116 -4.92816e-08
0.0690015 -4.93773e-08
0.0690914 -4.94687e-08
0.0691813 -4.95589e-08
0.0692712 -4.96445e-08
0.0693611 -4.97426e-08
0.069451 -4.9822e-08
0.0695409 -4.99307e-08
0.0696308 -5.00364e-08
0.0697207 -5.01192e-08
0.0698106 -5.02165e-08
0.0699005 -5.03198e-08
0.0699904 -5.04197e-08
0.0700803 -5.05178e-08
0.0701702 -5.06008e-08
0.0702601 -5.06803e-08
0.07035 -5.0791e-08
0.0704399 -5.08818e-08
0.0705298 -5.09466e-08
0.0706197 -5.10381e-08
0.0707096 -5.11321e-08
0.0707995 -5.12194e-08
0.0708895 -5.1294e-08
0.0709794 -5.13652e-08
0.0710693 -5.14629e-08
0.0711592 -5.15597e-08
0.0712491 -5.1657e-08
0.071339 -5.17718e-08
0.0714289 -5.18669e-08
0.0715188 -5.19558e-08
0.0716087 -5.20642e-08
0.0716986 -5.21726e-08
0.0717885 -5.225e-08
0.0718784 -5.23212e-08
0.0719683 -5.24461e-08
0.0720582 -5.25458e-08
0.0721481 -5.26478e-08
0.072238 -5.27492e-08
0.0723279 -5.28387e-08
0.0724178 -5.29267e-08
0.0725077 -5.30016e-08
0.0725976 -5.30734e-08
0.0726875 -5.31574e-08
0.0727774 -5.32462e-08
0.0728673 -5.33534e-08
0.0729572 -5.34334e-08
0.0730472 -5.3516e-08
0.0731371 -5.35798e-08
0.073227 -5.36624e-08
0.0733169 -5.37568e-08
0.0734068 -5.3859e-08
0.0734967 -5.39708e-08
0.0735866 -5.40752e-08
0.0736765 -5.41818e-08
0.0737664 -5.42814e-08
0.0738563 -5.4379e-08
0.0739462 -5.44951e-08
0.0740361 -5.45805e-08
0.074126 -5.46949e-08
0.0742159 -5.4791e-08
0.0743058 -5.48934e-08
0.0743957 -5.49873e-08
0.0744856 -5.50824e-08
0.0745755 -5.51327e-08
0.0746654 -5.52105e-08
0.0747553 -5.52782e-08
0.0748452 -5.53377e-08
0.0749351 -5.5393e-08
0.075025 -5.54888e-08
0.0751149 -5.55419e-08
0.0752048 -5.55987e-08
0.0752948 -5.56505e-08
0.0753847 -5.57173e-08
0.0754746 -5.57697e-08
0.0755645 -5.58564e-08
0.0756544 -5.59616e-08
0.0757443 -5.60407e-08
0.0758342 -5.61483e-08
0.0759241 -5.62322e-08
0.076014 -5.63396e-08
0.0761039 -5.63951e-08
0.0761938 -5.64795e-08
0.0762837 -5.6568e-08
0.0763736 -5.66374e-08
0.0764635 -5.67363e-08
0.0765534 -5.68148e-08
0.0766433 -5.68792e-08
0.0767332 -5.69354e-08
0.0768231 -5.70049e-08
0.076913 -5.70634e-08
0.0770029 -5.71407e-08
0.0770928 -5.71975e-08
0.0771827 -5.73032e-08
0.0772726 -5.73914e-08
0.0773625 -5.74744e-08
0.0774525 -5.75661e-08
0.0775424 -5.76547e-08
0.0776323 -5.77101e-08
0.0777222 -5.78071e-08
0.0778121 -5.79132e-08
0.077902 -5.80104e-08
0.0779919 -5.81281e-08
0.0780818 -5.8223e-08
0.0781717 -5.8293e-08
0.0782616 -5.83909e-08
0.0783515 -5.84725e-08
0.0784414 -5.85797e-08
0.0785313 -5.86938e-08
0.0786212 -5.87968e-08
0.0787111 -5.88636e-08
0.078801 -5.89618e-08
0.0788909 -5.90473e-08
0.0789808 -5.91671e-08
0.0790707 -5.92693e-08
0.0791606 -5.93531e-08
0.0792505 -5.94684e-08
0.0793404 -5.95362e-08
0.0794303 -5.95808e-08
0.0795202 -5.96397e-08
0.0796102 -5.97005e-08
0.0797001 -5.97869e-08
0.07979 -5.98626e-08
0.0798799 -5.99215e-08
0.0799698 -6.00502e-08
0.0800597 -6.01593e-08
0.0801496 -6.02161e-08
0.0802395 -6.03051e-08
0.0803294 -6.03871e-08
0.0804193 -6.04844e-08
0.0805092 -6.05737e-08
0.0805991 -6.0638e-08
0.080689 -6.07226e-08
0.0807789 -6.07771e-08
0.0808688 -6.08711e-08
0.0809587 -6.09213e-08
0.0810486 -6.09853e-08
0.0811385 -6.10138e-08
0.0812284 -6.1098e-08
0.0813183 -6.11559e-08
0.0814082 -6.12227e-08
0.0814981 -6.12833e-08
0.081588 -6.13931e-08
0.0816779 -6.14612e-08
0.0817679 -6.15404e-08
0.0818578 -6.16259e-08
0.0819477 -6.16824e-08
0.0820376 -6.18009e-08
0.0821275 -6.18954e-08
0.0822174 -6.1938e-08
0.0823073 -6.19887e-08
0.0823972 -6.20492e-08
0.0824871 -6.20936e-08
0.082577 -6.21856e-08
0.0826669 -6.2274e-08
0.0827568 -6.23726e-08
0.0828467 -6.24371e-08
0.0829366 -6.25005e-08
0.0830265 -6.25565e-08
0.0831164 -6.25638e-08
0.0832063 -6.26265e-08
0.0832962 -6.27e-08
0.0833861 -6.2744e-08
0.083476 -6.28081e-08
0.0835659 -6.28213e-08
0.0836558 -6.28686e-08
0.0837457 -6.29351e-08
0.0838356 -6.29923e-08
0.0839256 -6.308e-08
0.0840155 -6.31201e-08
0.0841054 -6.32109e-08
0.0841953 -6.32559e-08
0.0842852 -6.3355e-08
0.0843751 -6.34419e-08
0.084465 -6.35416e-08
0.0845549 -6.36019e-08
0.0846448 -6.36994e-08
0.0847347 -6.37635e-08
0.0848246 -6.38443e-08
0.0849145 -6.39134e-08
0.0850044 -6.4011e-08
0.0850943 -6.40967e-08
0.0851842 -6.41507e-08
0.0852741 -6.42197e-08
0.085364 -6.42972e-08
0.0854539 -6.43716e-08
0.0855438 -6.44573e-08
0.0856337 -6.45634e-08
0.0857236 -6.46092e-08
0.0858135 -6.46502e-08
0.0859034 -6.47333e-08
0.0859933 -6.47809e-08
0.0860833 -6.48379e-08
0.0861732 -6.49089e-08
0.0862631 -6.50215e-08
0.086353 -6.50183e-08
0.0864429 -6.51067e-08
0.0865328 -6.51884e-08
0.0866227 -6.52504e-08
0.0867126 -6.53227e-08
0.0868025 -6.54166e-08
0.0868924 -6.55348e-08
0.0869823 -6.55987e-08
0.0870722 -6.56771e-08
0.0871621 -6.57657e-08
0.087252 -6.58222e-08
0.0873419 -6.59467e-08
0.0874318 -6.60462e-08
0.0875217 -6.61021e-08
0.0876116 -6.61523e-08
0.0877015 -6.62728e-08
0.0877914 -6.63498e-08
0.0878813 -6.64302e-08
0.0879712 -6.64993e-08
0.0880611 -6.65628e-08
0.088151 -6.66285e-08
0.088241 -6.66523e-08
0.0883309 -6.6675e-08
0.0884208 -6.67538e-08
0.0885107 -6.68254e-08
0.0886006 -6.68832e-08
0.0886905 -6.69721e-08
0.0887804 -6.70118e-08
0.0888703 -6.70808e-08
0.0889602 -6.70968e-08
0.0890501 -6.71277e-08
0.08914 -6.72109e-08
0.0892299 -6.72849e-08
0.0893198 -6.73793e-08
0.0894097 -6.7413e-08
0.0894996 -6.74523e-08
0.0895895 -6.75198e-08
0.0896794 -6.75621e-08
0.0897693 -6.76146e-08
0.0898592 -6.76308e-08
0.0899491 -6.76947e-08
0.090039 -6.78121e-08
0.0901289 -6.78713e-08
0.0902188 -6.79384e-08
0.0903087 -6.80098e-08
0.0903987 -6.80544e-08
0.0904886 -6.81095e-08
0.0905785 -6.82057e-08
0.0906684 -6.82814e-08
0.0907583 -6.83737e-08
0.0908482 -6.83841e-08
0.0909381 -6.84234e-08
0.091028 -6.84453e-08
0.0911179 -6.85039e-08
0.0912078 -6.85741e-08
0.0912977 -6.85879e-08
0.0913876 -6.86432e-08
0.0914775 -6.86808e-08
0.0915674 -6.87495e-08
0.0916573 -6.87975e-08
0.0917472 -6.88732e-08
0.0918371 -6.88674e-08
0.091927 -6.89302e-08
0.0920169 -6.89705e-08
0.0921068 -6.89946e-08
0.0921967 -6.90246e-08
0.0922866 -6.90391e-08
0.0923765 -6.907e-08
0.0924664 -6.91796e-08
0.0925564 -6.92979e-08
0.0926463 -6.93307e-08
0.0927362 -6.93693e-08
0.0928261 -6.94327e-08
0.092916 -6.95469e-08
0.0930059 -6.95775e-08
0.0930958 -6.96829e-08
0.0931857 -6.97846e-08
0.0932756 -6.98363e-08
0.0933655 -6.99317e-08
0.0934554 -7.00069e-08
0.0935453 -7.00249e-08
0.0936352 -7.0083e-08
0.0937251 -7.01057e-08
0.093815 -7.01593e-08
0.0939049 -7.02162e-08
0.0939948 -7.03325e-08
0.0940847 -7.04425e-08
0.0941746 -7.04844e-08
0.0942645 -7.05238e-08
0.0943544 -7.05547e-08
0.0944443 -7.06172e-08
0.0945342 -7.07144e-08
0.0946241 -7.07516e-08
0.094714 -7.08171e-08
0.094804 -7.09011e-08
0.0948939 -7.09342e-08
0.0949838 -7.09975e-08
0.0950737 -7.10365e-08
0.0951636 -7.11454e-08
0.0952535 -7.12271e-08
0.0953434 -7.13328e-08
0.0954333 -7.14516e-08
0.0955232 -7.15127e-08
0.0956131 -7.15873e-08
0.095703 -7.16779e-08
0.0957929 -7.1757e-08
0.0958828 -7.18162e-08
0.0959727 -7.18827e-08
0.0960626 -7.19812e-08
0.0961525 -7.20827e-08
0.0962424 -7.20649e-08
0.0963323 -7.20773e-08
0.0964222 -7.21232e-08
0.0965121 -7.22131e-08
0.096602 -7.22728e-08
0.0966919 -7.22998e-08
0.0967818 -7.24026e-08
0.0968717 -7.2414e-08
0.0969617 -7.2426e-08
0.0970516 -7.24608e-08
0.0971415 -7.2449e-08
0.0972314 -7.24629e-08
0.0973213 -7.25772e-08
0.0974112 -7.26538e-08
0.0975011 -7.2668e-08
0.097591 -7.26855e-08
0.0976809 -7.27094e-08
0.0977708 -7.26329e-08
0.0978607 -7.26629e-08
0.0979506 -7.26521e-08
0.0980405 -7.2763e-08
0.0981304 -7.28382e-08
0.0982203 -7.28664e-08
0.0983102 -7.2932e-08
0.0984001 -7.29754e-08
0.09849 -7.30147e-08
0.0985799 -7.30583e-08
0.0986698 -7.31084e-08
0.0987597 -7.31785e-08
0.0988496 -7.33416e-08
0.0989395 -7.34638e-08
0.0990294 -7.36064e-08
0.0991194 -7.35903e-08
0.0992093 -7.36482e-08
0.0992992 -7.36617e-08
0.0993891 -7.37919e-08
0.099479 -7.37805e-08
0.0995689 -7.38108e-08
0.0996588 -7.37726e-08
0.0997487 -7.37847e-08
0.0998386 -7.38224e-08
0.0999285 -7.37506e-08
0.100018 -7.37388e-08
0.100108 -7.37702e-08
0.100198 -7.37973e-08
0.100288 -7.39272e-08
0.100378 -7.39284e-08
0.100468 -7.388e-08
0.100558 -7.398e-08
0.100648 -7.40519e-08
0.100738 -7.41308e-08
0.100828 -7.42563e-08
0.100917 -7.42988e-08
0.101007 -7.44249e-08
0.101097 -7.4469e-08
0.101187 -7.45844e-08
0.101277 -7.45543e-08
0.101367 -7.45756e-08
0.101457 -7.46899e-08
0.101547 -7.48152e-08
0.101637 -7.49468e-08
0.101727 -7.50427e-08
0.101816 -7.51156e-08
0.101906 -7.52417e-08
0.101996 -7.53532e-08
0.102086 -7.53479e-08
0.102176 -7.54504e-08
0.102266 -7.54835e-08
0.102356 -7.55268e-08
0.102446 -7.55329e-08
0.102536 -7.5554e-08
0.102626 -7.54585e-08
0.102716 -7.54087e-08
0.102805 -7.54309e-08
0.102895 -7.54098e-08
0.102985 -7.53252e-08
0.103075 -7.53242e-08
0.103165 -7.52952e-08
0.103255 -7.53418e-08
0.103345 -7.54177e-08
0.103435 -7.54532e-08
0.103525 -7.55111e-08
0.103615 -7.56885e-08
0.103704 -7.57753e-08
0.103794 -7.583e-08
0.103884 -7.58815e-08
0.103974 -7.60425e-08
0.104064 -7.6102e-08
0.104154 -7.6181e-08
0.104244 -7.62508e-08
0.104334 -7.62259e-08
0.104424 -7.63125e-08
0.104514 -7.64476e-08
0.104604 -7.65515e-08
0.104693 -7.64767e-08
0.104783 -7.65833e-08
0.104873 -7.6591e-08
0.104963 -7.66908e-08
0.105053 -7.67024e-08
0.105143 -7.67511e-08
0.105233 -7.67632e-08
0.105323 -7.67927e-08
0.105413 -7.68046e-08
0.105503 -7.68569e-08
0.105592 -7.68007e-08
0.105682 -7.67632e-08
0.105772 -7.68382e-08
0.105862 -7.6931e-08
0.105952 -7.68642e-08
0.106042 -7.68459e-08
0.106132 -7.67771e-08
0.106222 -7.6753e-08
0.106312 -7.67928e-08
0.106402 -7.6771e-08
0.106491 -7.67715e-08
0.106581 -7.67839e-08
0.106671 -7.68537e-08
0.106761 -7.68771e-08
0.106851 -7.68367e-08
0.106941 -7.68129e-08
0.107031 -7.68896e-08
0.107121 -7.68029e-08
0.107211 -7.69952e-08
0.107301 -7.70798e-08
0.107391 -7.70405e-08
0.10748 -7.70561e-08
0.10757 -7.70364e-08
0.10766 -7.70292e-08
0.10775 -7.70319e-08
0.10784 -7.70955e-08
0.10793 -7.69948e-08
0.10802 -7.69911e-08
0.10811 -7.70221e-08
0.1082 -7.71154e-08
0.10829 -7.70878e-08
0.108379 -7.71885e-08
0.108469 -7.73162e-08
0.108559 -7.73945e-08
0.108649 -7.73733e-08
0.108739 -7.73836e-08
0.108829 -7.73606e-08
0.108919 -7.746e-08
0.109009 -7.76063e-08
0.109099 -7.77756e-08
0.109189 -7.77918e-08
0.109279 -7.77907e-08
0.109368 -7.77634e-08
0.109458 -7.77149e-08
0.109548 -7.77843e-08
0.109638 -7.77795e-08
0.109728 -7.79409e-08
0.109818 -7.8006e-08
0.109908 -7.80824e-08
0.109998 -7.79923e-08
0.110088 -7.80857e-08
0.110178 -7.79195e-08
0.110267 -7.80403e-08
0.110357 -7.80827e-08
0.110447 -7.80652e-08
0.110537 -7.80104e-08
0.110627 -7.79669e-08
0.110717 -7.7904e-08
0.110807 -7.79955e-08
0.110897 -7.78954e-08
0.110987 -7.78254e-08
0.111077 -7.78377e-08
0.111167 -7.78012e-08
0.111256 -7.7873e-08
0.111346 -7.78664e-08
0.111436 -7.78886e-08
0.111526 -7.78517e-08
0.111616 -7.79573e-08
0.111706 -7.80128e-08
0.111796 -7.78604e-08
0.111886 -7.78254e-08
0.111976 -7.78565e-08
0.112066 -7.78484e-08
0.112155 -7.77727e-08
0.112245 -7.77349e-08
0.112335 -7.77312e-08
0.112425 -7.7581e-08
0.112515 -7.76683e-08
0.112605 -7.77209e-08
0.112695 -7.74787e-08
0.112785 -7.75457e-08
0.112875 -7.75742e-08
0.112965 -7.76318e-08
0.113054 -7.78604e-08
0.113144 -7.7982e-08
0.113234 -7.80681e-08
0.113324 -7.81241e-08
0.113414 -7.80338e-08
0.113504 -7.81777e-08
0.113594 -7.80943e-08
0.113684 -7.82214e-08
0.113774 -7.8346e-08
0.113864 -7.83319e-08
0.113954 -7.84184e-08
0.114043 -7.81982e-08
0.114133 -7.80317e-08
0.114223 -7.80164e-08
0.114313 -7.78503e-08
0.114403 -7.78638e-08
0.114493 -7.7958e-08
0.114583 -7.78784e-08
0.114673 -7.78828e-08
0.114763 -7.77136e-08
0.114853 -7.77931e-08
0.114942 -7.77307e-08
0.115032 -7.77248e-08
0.115122 -7.78907e-08
0.115212 -7.78555e-08
0.115302 -7.78066e-08
0.115392 -7.80335e-08
0.115482 -7.80523e-08
0.115572 -7.82086e-08
0.115662 -7.83091e-08
0.115752 -7.83804e-08
0.115842 -7.83473e-08
0.115931 -7.8411e-08
0.116021 -7.83963e-08
0.116111 -7.84282e-08
0.116201 -7.84028e-08
0.116291 -7.84782e-08
0.116381 -7.84946e-08
0.116471 -7.84073e-08
0.116561 -7.83796e-08
0.116651 -7.81502e-08
0.116741 -7.80456e-08
0.11683 -7.80899e-08
0.11692 -7.80723e-08
0.11701 -7.79324e-08
0.1171 -7.80673e-08
0.11719 -7.79903e-08
0.11728 -7.80874e-08
0.11737 -7.81259e-08
0.11746 -7.81778e-08
0.11755 -7.82123e-08
0.11764 -7.83364e-08
0.11773 -7.83221e-08
0.117819 -7.82999e-08
0.117909 -7.81855e-08
0.117999 -7.8243e-08
0.118089 -7.82875e-08
0.118179 -7.8259e-08
0.118269 -7.82299e-08
0.118359 -7.81817e-08
0.118449 -7.80697e-08
0.118539 -7.81761e-08
0.118629 -7.81104e-08
0.118718 -7.82634e-08
0.118808 -7.84386e-08
0.118898 -7.85102e-08
0.118988 -7.85472e-08
0.119078 -7.85416e-08
0.119168 -7.85469e-08
0.119258 -7.85468e-08
0.119348 -7.85344e-08
0.119438 -7.8465e-08
0.119528 -7.85436e-08
0.119617 -7.83422e-08
0.119707 -7.82057e-08
0.119797 -7.80123e-08
0.119887 -7.79505e-08
0.119977 -7.8105e-08
0.120067 -7.83334e-08
0.120157 -7.80972e-08
0.120247 -7.81188e-08
0.120337 -7.81879e-08
0.120427 -7.82354e-08
0.120517 -7.81474e-08
0.120606 -7.79747e-08
0.120696 -7.79966e-08
0.120786 -7.81426e-08
0.120876 -7.81448e-08
0.120966 -7.81117e-08
0.121056 -7.77337e-08
0.121146 -7.75118e-08
0.121236 -7.74114e-08
0.121326 -7.72092e-08
0.121416 -7.70572e-08
0.121505 -7.67749e-08
0.121595 -7.67048e-08
0.121685 -7.67723e-08
0.121775 -7.67641e-08
0.121865 -7.63839e-08
0.121955 -7.61872e-08
0.122045 -7.60025e-08
0.122135 -7.57293e-08
0.122225 -7.60079e-08
0.122315 -7.63642e-08
0.122405 -7.62329e-08
0.122494 -7.59884e-08
0.122584 -7.5971e-08
0.122674 -7.59404e-08
0.122764 -7.57481e-08
0.122854 -7.55572e-08
0.122944 -7.57105e-08
0.123034 -7.5531e-08
0.123124 -7.57642e-08
0.123214 -7.59153e-08
0.123304 -7.55504e-08
0.123393 -7.53754e-08
0.123483 -7.54324e-08
0.123573 -7.57281e-08
0.123663 -7.56854e-08
0.123753 -7.55504e-08
0.123843 -7.53552e-08
0.123933 -7.54594e-08
0.124023 -7.59241e-08
0.124113 -7.58257e-08
0.124203 -7.55179e-08
0.124293 -7.53693e-08
0.124382 -7.53659e-08
0.124472 -7.52102e-08
0.124562 -7.53241e-08
0.124652 -7.5241e-08
0.124742 -7.53768e-08
0.124832 -7.51478e-08
0.124922 -7.5409e-08
0.125012 -7.45348e-08
0.125102 -7.40506e-08
0.125192 -7.38208e-08
0.125281 -7.3857e-08
0.125371 -7.36907e-08
0.125461 -7.38127e-08
0.125551 -7.37532e-08
0.125641 -7.37115e-08
0.125731 -7.29105e-08
0.125821 -7.27724e-08
0.125911 -7.24271e-08
0.126001 -7.23629e-08
0.126091 -7.24925e-08
0.126181 -7.28257e-08
0.12627 -7.29451e-08
0.12636 -7.29771e-08
0.12645 -7.26769e-08
0.12654 -7.25237e-08
0.12663 -7.19157e-08
0.12672 -7.19306e-08
0.12681 -7.21807e-08
0.1269 -7.23039e-08
0.12699 -7.23294e-08
0.12708 -7.23336e-08
0.127169 -7.22044e-08
0.127259 -7.18771e-08
0.127349 -7.18002e-08
0.127439 -7.16214e-08
0.127529 -7.16712e-08
0.127619 -7.14877e-08
0.127709 -7.17434e-08
0.127799 -7.1731e-08
0.127889 -7.1747e-08
0.127979 -7.13375e-08
0.128068 -7.11678e-08
0.128158 -7.08423e-08
0.128248 -7.10837e-08
0.128338 -7.03563e-08
0.128428 -7.00478e-08
0.128518 -6.96679e-08
0.128608 -6.96098e-08
0.128698 -6.98464e-08
0.128788 -6.96398e-08
0.128878 -6.90706e-08
0.128968 -6.89541e-08
0.129057 -6.88921e-08
0.129147 -6.88456e-08
0.129237 -6.86631e-08
0.129327 -6.83651e-08
0.129417 -6.89185e-08
0.129507 -6.89917e-08
0.129597 -6.91368e-08
0.129687 -6.86927e-08
0.129777 -6.87037e-08
0.129867 -6.89231e-08
0.129956 -6.88645e-08
0.130046 -6.88645e-08
0.130136 -6.88686e-08
0.130226 -6.89135e-08
0.130316 -6.8832e-08
0.130406 -6.88787e-08
0.130496 -6.86009e-08
0.130586 -6.84072e-08
0.130676 -6.82485e-08
0.130766 -6.84074e-08
0.130856 -6.7852e-08
0.130945 -6.78123e-08
0.131035 -6.78662e-08
0.131125 -6.76022e-08
0.131215 -6.71501e-08
0.131305 -6.71208e-08
0.131395 -6.73266e-08
0.131485 -6.70468e-08
0.131575 -6.65856e-08
0.131665 -6.65511e-08
0.131755 -6.66141e-08
0.131844 -6.64091e-08
0.131934 -6.62767e-08
0.132024 -6.59948e-08
0.132114 -6.57468e-08
0.132204 -6.60504e-08
0.132294 -6.62177e-08
0.132384 -6.60739e-08
0.132474 -6.57102e-08
0.132564 -6.61526e-08
0.132654 -6.63571e-08
0.132744 -6.63627e-08
0.132833 -6.57498e-08
0.132923 -6.6242e-08
0.133013 -6.62449e-08
0.133103 -6.65029e-08
0.133193 -6.64177e-08
0.133283 -6.63499e-08
0.133373 -6.58918e-08
0.133463 -6.58098e-08
0.133553 -6.57428e-08
0.133643 -6.58796e-08
0.133732 -6.59534e-08
0.133822 -6.58877e-08
0.133912 -6.62831e-08
0.134002 -6.57925e-08
0.134092 -6.57702e-08
0.134182 -6.56333e-08
0.134272 -6.54346e-08
0.134362 -6.52114e-08
0.134452 -6.54436e-08
0.134542 -6.53942e-08
0.134631 -6.52542e-08
0.134721 -6.46233e-08
0.134811 -6.47652e-08
