-0.134811 -1.76697e-08
-0.134721 -1.8414e-08
-0.134631 -1.92573e-08
-0.134542 -1.97464e-08
-0.134452 -1.97115e-08
-0.134362 -1.91286e-08
-0.134272 -1.96086e-08
-0.134182 -2.03287e-08
-0.134092 -2.06939e-08
-0.134002 -2.05819e-08
-0.133912 -2.05143e-08
-0.133822 -2.02947e-08
-0.133732 -1.99607e-08
-0.133642 -1.95181e-08
-0.133553 -1.95567e-08
-0.133463 -1.93765e-08
-0.133373 -1.97973e-08
-0.133283 -1.97803e-08
-0.133193 -1.97669e-08
-0.133103 -1.94755e-08
-0.133013 -1.96003e-08
-0.132923 -1.93731e-08
-0.132833 -1.94295e-08
-0.132743 -1.857e-08
-0.132654 -1.75977e-08
-0.132564 -1.68834e-08
-0.132474 -1.60267e-08
-0.132384 -1.5452e-08
-0.132294 -1.41139e-08
-0.132204 -1.47348e-08
-0.132114 -1.3953e-08
-0.132024 -1.32929e-08
-0.131934 -1.25145e-08
-0.131844 -1.2317e-08
-0.131754 -1.17359e-08
-0.131665 -1.14864e-08
-0.131575 -1.19803e-08
-0.131485 -1.2148e-08
-0.131395 -1.2488e-08
-0.131305 -1.27699e-08
-0.131215 -1.2941e-08
-0.131125 -1.29902e-08
-0.131035 -1.32107e-08
-0.130945 -1.30628e-08
-0.130855 -1.27984e-08
-0.130766 -1.27562e-08
-0.130676 -1.30347e-08
-0.130586 -1.21115e-08
-0.130496 -1.14857e-08
-0.130406 -1.08149e-08
-0.130316 -1.00906e-08
-0.130226 -1.04372e-08
-0.130136 -1.00773e-08
-0.130046 -1.0181e-08
-0.129956 -1.0159e-08
-0.129867 -1.08393e-08
-0.129777 -1.13408e-08
-0.129687 -1.18994e-08
-0.129597 -1.1123e-08
-0.129507 -1.1257e-08
-0.129417 -1.15814e-08
-0.129327 -1.23645e-08
-0.129237 -1.19523e-08
-0.129147 -1.17791e-08
-0.129057 -1.23036e-08
-0.128967 -1.23876e-08
-0.128878 -1.18501e-08
-0.128788 -1.15172e-08
-0.128698 -1.01722e-08
-0.128608 -9.92343e-09
-0.128518 -9.1408e-09
-0.128428 -8.83601e-09
-0.128338 -8.32404e-09
-0.128248 -8.16519e-09
-0.128158 -8.69469e-09
-0.128068 -8.10963e-09
-0.127979 -8.16897e-09
-0.127889 -8.05096e-09
-0.127799 -8.12248e-09
-0.127709 -8.06731e-09
-0.127619 -8.7939e-09
-0.127529 -8.77309e-09
-0.127439 -8.77955e-09
-0.127349 -8.67378e-09
-0.127259 -8.84174e-09
-0.127169 -8.54986e-09
-0.127079 -8.28823e-09
-0.12699 -8.1063e-09
-0.1269 -8.40871e-09
-0.12681 -7.95866e-09
-0.12672 -8.22236e-09
-0.12663 -8.01294e-09
-0.12654 -7.60855e-09
-0.12645 -6.68233e-09
-0.12636 -5.91658e-09
-0.12627 -5.86292e-09
-0.12618 -5.5774e-09
-0.126091 -5.58094e-09
-0.126001 -5.93082e-09
-0.125911 -5.67314e-09
-0.125821 -5.63763e-09
-0.125731 -5.51506e-09
-0.125641 -5.21238e-09
-0.125551 -5.25858e-09
-0.125461 -5.16794e-09
-0.125371 -5.11373e-09
-0.125281 -4.81221e-09
-0.125191 -4.96656e-09
-0.125102 -4.75155e-09
-0.125012 -4.20699e-09
-0.124922 -3.67455e-09
-0.124832 -3.69157e-09
-0.124742 -3.13162e-09
-0.124652 -3.19665e-09
-0.124562 -2.68992e-09
-0.124472 -2.13598e-09
-0.124382 -2.00096e-09
-0.124292 -1.4223e-09
-0.124203 -1.38381e-09
-0.124113 -6.78363e-10
-0.124023 -8.27512e-10
-0.123933 -8.26271e-10
-0.123843 -8.10766e-10
-0.123753 -1.17375e-09
-0.123663 -1.28255e-09
-0.123573 -1.22673e-09
-0.123483 -1.68802e-09
-0.123393 -2.09825e-09
-0.123304 -1.92358e-09
-0.123214 -1.50111e-09
-0.123124 -1.79216e-09
-0.123034 -2.33758e-09
-0.122944 -2.30847e-09
-0.122854 -2.58887e-09
-0.122764 -2.32933e-09
-0.122674 -1.71883e-09
-0.122584 -1.59283e-09
-0.122494 -1.47767e-09
-0.122404 -9.83396e-10
-0.122315 -8.32881e-10
-0.122225 -2.82139e-10
-0.122135 -2.54896e-12
-0.122045 1.31593e-10
-0.121955 6.16996e-10
-0.121865 7.36844e-10
-0.121775 1.01602e-09
-0.121685 8.92719e-10
-0.121595 6.09478e-10
-0.121505 6.88427e-10
-0.121416 7.14149e-10
-0.121326 5.89593e-10
-0.121236 5.86961e-10
-0.121146 4.35596e-10
-0.121056 4.1958e-10
-0.120966 2.7875e-10
-0.120876 1.04015e-10
-0.120786 -1.52277e-11
-0.120696 -6.48817e-11
-0.120606 2.91134e-10
-0.120516 4.35552e-10
-0.120427 2.69529e-10
-0.120337 2.48841e-10
-0.120247 2.62712e-10
-0.120157 3.91503e-10
-0.120067 9.46906e-10
-0.119977 1.11072e-09
-0.119887 1.36594e-09
-0.119797 1.67751e-09
-0.119707 1.84633e-09
-0.119617 1.97288e-09
-0.119528 2.03746e-09
-0.119438 1.87462e-09
-0.119348 1.91336e-09
-0.119258 1.92422e-09
-0.119168 1.90882e-09
-0.119078 1.8422e-09
-0.118988 1.62225e-09
-0.118898 1.54295e-09
-0.118808 1.37976e-09
-0.118718 1.2772e-09
-0.118628 1.38668e-09
-0.118539 1.58598e-09
-0.118449 1.743e-09
-0.118359 1.78656e-09
-0.118269 1.85544e-09
-0.118179 1.82217e-09
-0.118089 2.01444e-09
-0.117999 2.10099e-09
-0.117909 2.12219e-09
-0.117819 2.2818e-09
-0.117729 2.4908e-09
-0.11764 2.37174e-09
-0.11755 2.22663e-09
-0.11746 2.55279e-09
-0.11737 2.69276e-09
-0.11728 2.90115e-09
-0.11719 3.04695e-09
-0.1171 3.35576e-09
-0.11701 3.27237e-09
-0.11692 3.33695e-09
-0.11683 3.33748e-09
-0.116741 3.24428e-09
-0.116651 3.14854e-09
-0.116561 3.30708e-09
-0.116471 3.41064e-09
-0.116381 3.51673e-09
-0.116291 3.30813e-09
-0.116201 2.97045e-09
-0.116111 2.68889e-09
-0.116021 2.52783e-09
-0.115931 2.35963e-09
-0.115841 2.25345e-09
-0.115752 2.35035e-09
-0.115662 2.35409e-09
-0.115572 2.34491e-09
-0.115482 2.36287e-09
-0.115392 2.43645e-09
-0.115302 2.38987e-09
-0.115212 2.67304e-09
-0.115122 3.03984e-09
-0.115032 3.07029e-09
-0.114942 3.34272e-09
-0.114853 3.48594e-09
-0.114763 3.56834e-09
-0.114673 3.7062e-09
-0.114583 3.81518e-09
-0.114493 4.07765e-09
-0.114403 3.99644e-09
-0.114313 4.27679e-09
-0.114223 4.35195e-09
-0.114133 4.2435e-09
-0.114043 4.31394e-09
-0.113953 4.56514e-09
-0.113864 4.26485e-09
-0.113774 4.05588e-09
-0.113684 3.8728e-09
-0.113594 3.88468e-09
-0.113504 3.83439e-09
-0.113414 3.72431e-09
-0.113324 3.76055e-09
-0.113234 3.74229e-09
-0.113144 3.66281e-09
-0.113054 3.73244e-09
-0.112965 3.65142e-09
-0.112875 3.59941e-09
-0.112785 3.6305e-09
-0.112695 3.60927e-09
-0.112605 3.83725e-09
-0.112515 3.80639e-09
-0.112425 4.07477e-09
-0.112335 4.13403e-09
-0.112245 4.10981e-09
-0.112155 3.87962e-09
-0.112065 4.04114e-09
-0.111976 4.0047e-09
-0.111886 3.99838e-09
-0.111796 4.22293e-09
-0.111706 4.26807e-09
-0.111616 4.17934e-09
-0.111526 4.272e-09
-0.111436 4.14945e-09
-0.111346 4.04463e-09
-0.111256 4.24218e-09
-0.111166 4.17144e-09
-0.111077 4.43776e-09
-0.110987 4.50277e-09
-0.110897 4.64729e-09
-0.110807 4.80643e-09
-0.110717 4.84877e-09
-0.110627 5.00665e-09
-0.110537 5.02467e-09
-0.110447 5.17858e-09
-0.110357 5.28151e-09
-0.110267 5.36998e-09
-0.110178 5.32325e-09
-0.110088 5.26538e-09
-0.109998 5.19014e-09
-0.109908 5.36251e-09
-0.109818 5.33847e-09
-0.109728 5.39186e-09
-0.109638 5.32701e-09
-0.109548 5.38841e-09
-0.109458 5.503e-09
-0.109368 5.39346e-09
-0.109278 5.46184e-09
-0.109189 5.59015e-09
-0.109099 5.49821e-09
-0.109009 5.6367e-09
-0.108919 5.60018e-09
-0.108829 5.54778e-09
-0.108739 5.66023e-09
-0.108649 5.59813e-09
-0.108559 5.84312e-09
-0.108469 6.02102e-09
-0.108379 6.14716e-09
-0.10829 6.50665e-09
-0.1082 6.70088e-09
-0.10811 6.97399e-09
-0.10802 7.01386e-09
-0.10793 7.13499e-09
-0.10784 7.39276e-09
-0.10775 7.59604e-09
-0.10766 7.78609e-09
-0.10757 8.10009e-09
-0.10748 8.31708e-09
-0.10739 8.46033e-09
-0.107301 8.48366e-09
-0.107211 8.51719e-09
-0.107121 8.42439e-09
-0.107031 8.44258e-09
-0.106941 8.59258e-09
-0.106851 8.70209e-09
-0.106761 8.82353e-09
-0.106671 8.7748e-09
-0.106581 8.77161e-09
-0.106491 8.89936e-09
-0.106402 9.14107e-09
-0.106312 9.17181e-09
-0.106222 9.41472e-09
-0.106132 9.57312e-09
-0.106042 9.79994e-09
-0.105952 1.00877e-08
-0.105862 1.03126e-08
-0.105772 1.04392e-08
-0.105682 1.06102e-08
-0.105592 1.09687e-08
-0.105502 1.12048e-08
-0.105413 1.14544e-08
-0.105323 1.16199e-08
-0.105233 1.17196e-08
-0.105143 1.18017e-08
-0.105053 1.19498e-08
-0.104963 1.19746e-08
-0.104873 1.21383e-08
-0.104783 1.22464e-08
-0.104693 1.2148e-08
-0.104603 1.21516e-08
-0.104514 1.20917e-08
-0.104424 1.20016e-08
-0.104334 1.19384e-08
-0.104244 1.19952e-08
-0.104154 1.19664e-08
-0.104064 1.19657e-08
-0.103974 1.20028e-08
-0.103884 1.20926e-08
-0.103794 1.22224e-08
-0.103704 1.23238e-08
-0.103614 1.24299e-08
-0.103525 1.24188e-08
-0.103435 1.24937e-08
-0.103345 1.2484e-08
-0.103255 1.23637e-08
-0.103165 1.23944e-08
-0.103075 1.24126e-08
-0.102985 1.24184e-08
-0.102895 1.24555e-08
-0.102805 1.25128e-08
-0.102715 1.25706e-08
-0.102626 1.26065e-08
-0.102536 1.27016e-08
-0.102446 1.26583e-08
-0.102356 1.2771e-08
-0.102266 1.27307e-08
-0.102176 1.26535e-08
-0.102086 1.26799e-08
-0.101996 1.2586e-08
-0.101906 1.25324e-08
-0.101816 1.25421e-08
-0.101727 1.24076e-08
-0.101637 1.24042e-08
-0.101547 1.23387e-08
-0.101457 1.23221e-08
-0.101367 1.2381e-08
-0.101277 1.24001e-08
-0.101187 1.25388e-08
-0.101097 1.26039e-08
-0.101007 1.28282e-08
-0.100917 1.2991e-08
-0.100827 1.31259e-08
-0.100738 1.3202e-08
-0.100648 1.3184e-08
-0.100558 1.31207e-08
-0.100468 1.32769e-08
-0.100378 1.33787e-08
-0.100288 1.34877e-08
-0.100198 1.34647e-08
-0.100108 1.3513e-08
-0.100018 1.35992e-08
-0.0999284 1.36218e-08
-0.0998385 1.36826e-08
-0.0997486 1.37161e-08
-0.0996587 1.37965e-08
-0.0995688 1.3832e-08
-0.0994789 1.39658e-08
-0.099389 1.40346e-08
-0.0992991 1.41402e-08
-0.0992092 1.41643e-08
-0.0991193 1.42509e-08
-0.0990294 1.43576e-08
-0.0989395 1.43048e-08
-0.0988496 1.43693e-08
-0.0987597 1.44354e-08
-0.0986698 1.44795e-08
-0.0985799 1.45459e-08
-0.09849 1.45638e-08
-0.0984001 1.45941e-08
-0.0983102 1.45519e-08
-0.0982202 1.4513e-08
-0.0981303 1.45486e-08
-0.0980404 1.45759e-08
-0.0979505 1.46108e-08
-0.0978606 1.46546e-08
-0.0977707 1.4673e-08
-0.0976808 1.46803e-08
-0.0975909 1.47486e-08
-0.097501 1.48516e-08
-0.0974111 1.50249e-08
-0.0973212 1.51001e-08
-0.0972313 1.52806e-08
-0.0971414 1.54363e-08
-0.0970515 1.55502e-08
-0.0969616 1.57452e-08
-0.0968717 1.58447e-08
-0.0967818 1.59809e-08
-0.0966919 1.61214e-08
-0.096602 1.62572e-08
-0.0965121 1.63582e-08
-0.0964222 1.64961e-08
-0.0963323 1.6497e-08
-0.0962424 1.65623e-08
-0.0961525 1.65557e-08
-0.0960626 1.67045e-08
-0.0959726 1.67763e-08
-0.0958827 1.68936e-08
-0.0957928 1.69452e-08
-0.0957029 1.70161e-08
-0.095613 1.70361e-08
-0.0955231 1.71021e-08
-0.0954332 1.72268e-08
-0.0953433 1.73261e-08
-0.0952534 1.73852e-08
-0.0951635 1.75492e-08
-0.0950736 1.7631e-08
-0.0949837 1.76417e-08
-0.0948938 1.76804e-08
-0.0948039 1.76554e-08
-0.094714 1.76615e-08
-0.0946241 1.76745e-08
-0.0945342 1.78184e-08
-0.0944443 1.77806e-08
-0.0943544 1.7745e-08
-0.0942645 1.7678e-08
-0.0941746 1.76475e-08
-0.0940847 1.75223e-08
-0.0939948 1.75361e-08
-0.0939049 1.75078e-08
-0.0938149 1.74084e-08
-0.093725 1.73507e-08
-0.0936351 1.73483e-08
-0.0935452 1.72539e-08
-0.0934553 1.71832e-08
-0.0933654 1.71403e-08
-0.0932755 1.70854e-08
-0.0931856 1.71045e-08
-0.0930957 1.7101e-08
-0.0930058 1.71144e-08
-0.0929159 1.70202e-08
-0.092826 1.69666e-08
-0.0927361 1.6993e-08
-0.0926462 1.70278e-08
-0.0925563 1.70496e-08
-0.0924664 1.70433e-08
-0.0923765 1.70373e-08
-0.0922866 1.70623e-08
-0.0921967 1.70241e-08
-0.0921068 1.70532e-08
-0.0920169 1.70555e-08
-0.091927 1.70142e-08
-0.0918371 1.70084e-08
-0.0917472 1.70522e-08
-0.0916572 1.70093e-08
-0.0915673 1.70072e-08
-0.0914774 1.69483e-08
-0.0913875 1.69424e-08
-0.0912976 1.6948e-08
-0.0912077 1.69654e-08
-0.0911178 1.69654e-08
-0.0910279 1.69506e-08
-0.090938 1.69945e-08
-0.0908481 1.70701e-08
-0.0907582 1.71029e-08
-0.0906683 1.72211e-08
-0.0905784 1.73091e-08
-0.0904885 1.73782e-08
-0.0903986 1.74935e-08
-0.0903087 1.74819e-08
-0.0902188 1.7535e-08
-0.0901289 1.75703e-08
-0.090039 1.76099e-08
-0.0899491 1.76359e-08
-0.0898592 1.76321e-08
-0.0897693 1.76407e-08
-0.0896794 1.76658e-08
-0.0895895 1.76301e-08
-0.0894995 1.76103e-08
-0.0894096 1.75782e-08
-0.0893197 1.75776e-08
-0.0892298 1.75727e-08
-0.0891399 1.75574e-08
-0.08905 1.75503e-08
-0.0889601 1.75188e-08
-0.0888702 1.75297e-08
-0.0887803 1.75053e-08
-0.0886904 1.75319e-08
-0.0886005 1.74711e-08
-0.0885106 1.74684e-08
-0.0884207 1.74322e-08
-0.0883308 1.7394e-08
-0.0882409 1.73861e-08
-0.088151 1.73273e-08
-0.0880611 1.73281e-08
-0.0879712 1.73173e-08
-0.0878813 1.73087e-08
-0.0877914 1.72495e-08
-0.0877015 1.72326e-08
-0.0876116 1.72099e-08
-0.0875217 1.71962e-08
-0.0874318 1.71412e-08
-0.0873418 1.71354e-08
-0.0872519 1.70455e-08
-0.087162 1.70542e-08
-0.0870721 1.70211e-08
-0.0869822 1.69725e-08
-0.0868923 1.69249e-08
-0.0868024 1.68992e-08
-0.0867125 1.68793e-08
-0.0866226 1.68373e-08
-0.0865327 1.68106e-08
-0.0864428 1.67794e-08
-0.0863529 1.67895e-08
-0.086263 1.68055e-08
-0.0861731 1.67797e-08
-0.0860832 1.67481e-08
-0.0859933 1.67593e-08
-0.0859034 1.67455e-08
-0.0858135 1.67584e-08
-0.0857236 1.67507e-08
-0.0856337 1.67309e-08
-0.0855438 1.66766e-08
-0.0854539 1.6662e-08
-0.085364 1.66652e-08
-0.0852741 1.66319e-08
-0.0851841 1.66079e-08
-0.0850942 1.65984e-08
-0.0850043 1.65793e-08
-0.0849144 1.65317e-08
-0.0848245 1.65239e-08
-0.0847346 1.65294e-08
-0.0846447 1.65563e-08
-0.0845548 1.65183e-08
-0.0844649 1.64742e-08
-0.084375 1.64607e-08
-0.0842851 1.64311e-08
-0.0841952 1.63744e-08
-0.0841053 1.63764e-08
-0.0840154 1.63374e-08
-0.0839255 1.63338e-08
-0.0838356 1.63439e-08
-0.0837457 1.63269e-08
-0.0836558 1.62908e-08
-0.0835659 1.62761e-08
-0.083476 1.62822e-08
-0.0833861 1.62578e-08
-0.0832962 1.62441e-08
-0.0832063 1.62018e-08
-0.0831164 1.61624e-08
-0.0830264 1.61529e-08
-0.0829365 1.60878e-08
-0.0828466 1.60148e-08
-0.0827567 1.59647e-08
-0.0826668 1.58793e-08
-0.0825769 1.57877e-08
-0.082487 1.56911e-08
-0.0823971 1.56036e-08
-0.0823072 1.55303e-08
-0.0822173 1.5375e-08
-0.0821274 1.53089e-08
-0.0820375 1.52493e-08
-0.0819476 1.51462e-08
-0.0818577 1.50596e-08
-0.0817678 1.49869e-08
-0.0816779 1.49253e-08
-0.081588 1.48925e-08
-0.0814981 1.48244e-08
-0.0814082 1.478e-08
-0.0813183 1.4752e-08
-0.0812284 1.47294e-08
-0.0811385 1.46836e-08
-0.0810486 1.46906e-08
-0.0809587 1.46802e-08
-0.0808687 1.46946e-08
-0.0807788 1.46434e-08
-0.0806889 1.45861e-08
-0.080599 1.45501e-08
-0.0805091 1.45615e-08
-0.0804192 1.45343e-08
-0.0803293 1.45187e-08
-0.0802394 1.44998e-08
-0.0801495 1.44968e-08
-0.0800596 1.45213e-08
-0.0799697 1.45117e-08
-0.0798798 1.44733e-08
-0.0797899 1.44621e-08
-0.0797 1.44558e-08
-0.0796101 1.44115e-08
-0.0795202 1.44282e-08
-0.0794303 1.43899e-08
-0.0793404 1.43795e-08
-0.0792505 1.43498e-08
-0.0791606 1.42961e-08
-0.0790707 1.42542e-08
-0.0789808 1.41769e-08
-0.0788909 1.41138e-08
-0.078801 1.40715e-08
-0.078711 1.40005e-08
-0.0786211 1.39535e-08
-0.0785312 1.39152e-08
-0.0784413 1.38449e-08
-0.0783514 1.37918e-08
-0.0782615 1.37463e-08
-0.0781716 1.37018e-08
-0.0780817 1.36825e-08
-0.0779918 1.36906e-08
-0.0779019 1.36807e-08
-0.077812 1.37048e-08
-0.0777221 1.37049e-08
-0.0776322 1.37429e-08
-0.0775423 1.37561e-08
-0.0774524 1.379e-08
-0.0773625 1.38006e-08
-0.0772726 1.38115e-08
-0.0771827 1.38227e-08
-0.0770928 1.38383e-08
-0.0770029 1.38494e-08
-0.076913 1.38403e-08
-0.0768231 1.38591e-08
-0.0767332 1.38706e-08
-0.0766433 1.38724e-08
-0.0765534 1.38734e-08
-0.0764634 1.38594e-08
-0.0763735 1.38236e-08
-0.0762836 1.37984e-08
-0.0761937 1.37413e-08
-0.0761038 1.36875e-08
-0.0760139 1.36538e-08
-0.075924 1.35947e-08
-0.0758341 1.35397e-08
-0.0757442 1.34689e-08
-0.0756543 1.34103e-08
-0.0755644 1.33396e-08
-0.0754745 1.32819e-08
-0.0753846 1.32203e-08
-0.0752947 1.3192e-08
-0.0752048 1.31412e-08
-0.0751149 1.31121e-08
-0.075025 1.30731e-08
-0.0749351 1.30209e-08
-0.0748452 1.30113e-08
-0.0747553 1.29829e-08
-0.0746654 1.29644e-08
-0.0745755 1.29131e-08
-0.0744856 1.28988e-08
-0.0743957 1.28654e-08
-0.0743057 1.28335e-08
-0.0742158 1.28003e-08
-0.0741259 1.27587e-08
-0.074036 1.27181e-08
-0.0739461 1.27012e-08
-0.0738562 1.26603e-08
-0.0737663 1.26374e-08
-0.0736764 1.26012e-08
-0.0735865 1.2548e-08
-0.0734966 1.24844e-08
-0.0734067 1.2437e-08
-0.0733168 1.24302e-08
-0.0732269 1.23949e-08
-0.073137 1.23736e-08
-0.0730471 1.23576e-08
-0.0729572 1.2307e-08
-0.0728673 1.22528e-08
-0.0727774 1.21871e-08
-0.0726875 1.21639e-08
-0.0725976 1.21318e-08
-0.0725077 1.2086e-08
-0.0724178 1.20745e-08
-0.0723279 1.20384e-08
-0.072238 1.19805e-08
-0.072148 1.19308e-08
-0.0720581 1.18752e-08
-0.0719682 1.18281e-08
-0.0718783 1.1765e-08
-0.0717884 1.17197e-08
-0.0716985 1.16576e-08
-0.0716086 1.16225e-08
-0.0715187 1.15673e-08
-0.0714288 1.15115e-08
-0.0713389 1.14661e-08
-0.071249 1.14041e-08
-0.0711591 1.13447e-08
-0.0710692 1.13131e-08
-0.0709793 1.12946e-08
-0.0708894 1.13048e-08
-0.0707995 1.12924e-08
-0.0707096 1.12774e-08
-0.0706197 1.1261e-08
-0.0705298 1.12493e-08
-0.0704399 1.1233e-08
-0.07035 1.11942e-08
-0.0702601 1.11489e-08
-0.0701702 1.11188e-08
-0.0700803 1.10736e-08
-0.0699903 1.1038e-08
-0.0699004 1.10181e-08
-0.0698105 1.09654e-08
-0.0697206 1.09223e-08
-0.0696307 1.0903e-08
-0.0695408 1.08617e-08
-0.0694509 1.08041e-08
-0.069361 1.07652e-08
-0.0692711 1.07387e-08
-0.0691812 1.07062e-08
-0.0690913 1.0686e-08
-0.0690014 1.06529e-08
-0.0689115 1.0627e-08
-0.0688216 1.0602e-08
-0.0687317 1.05667e-08
-0.0686418 1.05192e-08
-0.0685519 1.04422e-08
-0.068462 1.04088e-08
-0.0683721 1.03523e-08
-0.0682822 1.03143e-08
-0.0681923 1.02629e-08
-0.0681024 1.02065e-08
-0.0680125 1.01636e-08
-0.0679226 1.01146e-08
-0.0678326 1.00511e-08
-0.0677427 1.00056e-08
-0.0676528 9.95648e-09
-0.0675629 9.88979e-09
-0.067473 9.81875e-09
-0.0673831 9.77601e-09
-0.0672932 9.75074e-09
-0.0672033 9.70695e-09
-0.0671134 9.66076e-09
-0.0670235 9.59861e-09
-0.0669336 9.54158e-09
-0.0668437 9.52749e-09
-0.0667538 9.49588e-09
-0.0666639 9.47094e-09
-0.066574 9.43225e-09
-0.0664841 9.40978e-09
-0.0663942 9.38803e-09
-0.0663043 9.36956e-09
-0.0662144 9.35788e-09
-0.0661245 9.33532e-09
-0.0660346 9.33371e-09
-0.0659447 9.31715e-09
-0.0658548 9.31582e-09
-0.0657649 9.35042e-09
-0.0656749 9.36215e-09
-0.065585 9.37451e-09
-0.0654951 9.38592e-09
-0.0654052 9.40667e-09
-0.0653153 9.40179e-09
-0.0652254 9.40421e-09
-0.0651355 9.41299e-09
-0.0650456 9.41834e-09
-0.0649557 9.43261e-09
-0.0648658 9.46013e-09
-0.0647759 9.47864e-09
-0.064686 9.4915e-09
-0.0645961 9.49584e-09
-0.0645062 9.50808e-09
-0.0644163 9.51585e-09
-0.0643264 9.51315e-09
-0.0642365 9.51019e-09
-0.0641466 9.52261e-09
-0.0640567 9.53794e-09
-0.0639668 9.54925e-09
-0.0638769 9.56361e-09
-0.063787 9.5741e-09
-0.0636971 9.5981e-09
-0.0636072 9.62697e-09
-0.0635172 9.63589e-09
-0.0634273 9.65226e-09
-0.0633374 9.67925e-09
-0.0632475 9.70438e-09
-0.0631576 9.72618e-09
-0.0630677 9.75802e-09
-0.0629778 9.77205e-09
-0.0628879 9.79466e-09
-0.062798 9.80097e-09
-0.0627081 9.81582e-09
-0.0626182 9.83353e-09
-0.0625283 9.85907e-09
-0.0624384 9.89266e-09
-0.0623485 9.92198e-09
-0.0622586 9.97747e-09
-0.0621687 1.00242e-08
-0.0620788 1.0069e-08
-0.0619889 1.01273e-08
-0.061899 1.01864e-08
-0.0618091 1.02461e-08
-0.0617192 1.02952e-08
-0.0616293 1.03296e-08
-0.0615394 1.0363e-08
-0.0614495 1.04259e-08
-0.0613595 1.04718e-08
-0.0612696 1.05194e-08
-0.0611797 1.05693e-08
-0.0610898 1.06214e-08
-0.0609999 1.06643e-08
-0.06091 1.07151e-08
-0.0608201 1.07606e-08
-0.0607302 1.08263e-08
-0.0606403 1.08871e-08
-0.0605504 1.09261e-08
-0.0604605 1.09702e-08
-0.0603706 1.10229e-08
-0.0602807 1.10766e-08
-0.0601908 1.11027e-08
-0.0601009 1.11475e-08
-0.060011 1.12046e-08
-0.0599211 1.12627e-08
-0.0598312 1.12751e-08
-0.0597413 1.13404e-08
-0.0596514 1.13718e-08
-0.0595615 1.13941e-08
-0.0594716 1.14235e-08
-0.0593817 1.14603e-08
-0.0592918 1.14991e-08
-0.0592018 1.15408e-08
-0.0591119 1.15634e-08
-0.059022 1.16132e-08
-0.0589321 1.16663e-08
-0.0588422 1.1729e-08
-0.0587523 1.17842e-08
-0.0586624 1.18209e-08
-0.0585725 1.18447e-08
-0.0584826 1.18713e-08
-0.0583927 1.19055e-08
-0.0583028 1.19159e-08
-0.0582129 1.19253e-08
-0.058123 1.19552e-08
-0.0580331 1.19879e-08
-0.0579432 1.20144e-08
-0.0578533 1.20424e-08
-0.0577634 1.20627e-08
-0.0576735 1.21003e-08
-0.0575836 1.21316e-08
-0.0574937 1.21562e-08
-0.0574038 1.21765e-08
-0.0573139 1.2196e-08
-0.057224 1.22274e-08
-0.0571341 1.22626e-08
-0.0570442 1.22831e-08
-0.0569542 1.22991e-08
-0.0568643 1.22953e-08
-0.0567744 1.23079e-08
-0.0566845 1.23326e-08
-0.0565946 1.23515e-08
-0.0565047 1.23581e-08
-0.0564148 1.23651e-08
-0.0563249 1.23632e-08
-0.056235 1.23655e-08
-0.0561451 1.23796e-08
-0.0560552 1.24017e-08
-0.0559653 1.23915e-08
-0.0558754 1.23951e-08
-0.0557855 1.23917e-08
-0.0556956 1.23955e-08
-0.0556057 1.23968e-08
-0.0555158 1.23844e-08
-0.0554259 1.23699e-08
-0.055336 1.23663e-08
-0.0552461 1.2344e-08
-0.0551562 1.23208e-08
-0.0550663 1.22922e-08
-0.0549764 1.22728e-08
-0.0548865 1.22705e-08
-0.0547965 1.2239e-08
-0.0547066 1.22242e-08
-0.0546167 1.21947e-08
-0.0545268 1.21722e-08
-0.0544369 1.21481e-08
-0.054347 1.21421e-08
-0.0542571 1.21305e-08
-0.0541672 1.21077e-08
-0.0540773 1.2097e-08
-0.0539874 1.20829e-08
-0.0538975 1.20708e-08
-0.0538076 1.20579e-08
-0.0537177 1.20436e-08
-0.0536278 1.20323e-08
-0.0535379 1.20249e-08
-0.053448 1.20167e-08
-0.0533581 1.20123e-08
-0.0532682 1.20003e-08
-0.0531783 1.19937e-08
-0.0530884 1.19927e-08
-0.0529985 1.19811e-08
-0.0529086 1.19893e-08
-0.0528187 1.19643e-08
-0.0527288 1.19569e-08
-0.0526388 1.19473e-08
-0.0525489 1.19407e-08
-0.052459 1.1928e-08
-0.0523691 1.1911e-08
-0.0522792 1.18927e-08
-0.0521893 1.18863e-08
-0.0520994 1.18898e-08
-0.0520095 1.18847e-08
-0.0519196 1.18696e-08
-0.0518297 1.18556e-08
-0.0517398 1.18392e-08
-0.0516499 1.18204e-08
-0.05156 1.18013e-08
-0.0514701 1.17865e-08
-0.0513802 1.17747e-08
-0.0512903 1.17651e-08
-0.0512004 1.17619e-08
-0.0511105 1.17606e-08
-0.0510206 1.17504e-08
-0.0509307 1.17481e-08
-0.0508408 1.17353e-08
-0.0507509 1.17307e-08
-0.050661 1.17242e-08
-0.0505711 1.17094e-08
-0.0504811 1.16987e-08
-0.0503912 1.1696e-08
-0.0503013 1.16894e-08
-0.0502114 1.16915e-08
-0.0501215 1.16899e-08
-0.0500316 1.16781e-08
-0.0499417 1.16798e-08
-0.0498518 1.16762e-08
-0.0497619 1.16786e-08
-0.049672 1.16667e-08
-0.0495821 1.1657e-08
-0.0494922 1.16557e-08
-0.0494023 1.16612e-08
-0.0493124 1.16642e-08
-0.0492225 1.16583e-08
-0.0491326 1.16447e-08
-0.0490427 1.16339e-08
-0.0489528 1.16327e-08
-0.0488629 1.16328e-08
-0.048773 1.163e-08
-0.0486831 1.16265e-08
-0.0485932 1.16174e-08
-0.0485033 1.1614e-08
-0.0484134 1.16167e-08
-0.0483234 1.16185e-08
-0.0482335 1.16101e-08
-0.0481436 1.16152e-08
-0.0480537 1.16129e-08
-0.0479638 1.16076e-08
-0.0478739 1.15994e-08
-0.047784 1.15979e-08
-0.0476941 1.15807e-08
-0.0476042 1.15762e-08
-0.0475143 1.15684e-08
-0.0474244 1.1563e-08
-0.0473345 1.15502e-08
-0.0472446 1.15398e-08
-0.0471547 1.15312e-08
-0.0470648 1.15257e-08
-0.0469749 1.15343e-08
-0.046885 1.15223e-08
-0.0467951 1.15208e-08
-0.0467052 1.15235e-08
-0.0466153 1.15258e-08
-0.0465254 1.15313e-08
-0.0464355 1.15201e-08
-0.0463456 1.15218e-08
-0.0462557 1.15177e-08
-0.0461657 1.15228e-08
-0.0460758 1.15156e-08
-0.0459859 1.15037e-08
-0.045896 1.1504e-08
-0.0458061 1.15034e-08
-0.0457162 1.15063e-08
-0.0456263 1.15052e-08
-0.0455364 1.15083e-08
-0.0454465 1.15116e-08
-0.0453566 1.15106e-08
-0.0452667 1.15202e-08
-0.0451768 1.15194e-08
-0.0450869 1.15112e-08
-0.044997 1.15021e-08
-0.0449071 1.14867e-08
-0.0448172 1.14786e-08
-0.0447273 1.14783e-08
-0.0446374 1.14777e-08
-0.0445475 1.14723e-08
-0.0444576 1.14733e-08
-0.0443677 1.14775e-08
-0.0442778 1.14831e-08
-0.0441879 1.14869e-08
-0.044098 1.14789e-08
-0.044008 1.14765e-08
-0.0439181 1.14691e-08
-0.0438282 1.14779e-08
-0.0437383 1.1471e-08
-0.0436484 1.14725e-08
-0.0435585 1.1469e-08
-0.0434686 1.14701e-08
-0.0433787 1.1458e-08
-0.0432888 1.14511e-08
-0.0431989 1.14458e-08
-0.043109 1.14483e-08
-0.0430191 1.14512e-08
-0.0429292 1.14451e-08
-0.0428393 1.14278e-08
-0.0427494 1.14202e-08
-0.0426595 1.14272e-08
-0.0425696 1.14232e-08
-0.0424797 1.14108e-08
-0.0423898 1.1405e-08
-0.0422999 1.13978e-08
-0.04221 1.13951e-08
-0.0421201 1.13916e-08
-0.0420302 1.13896e-08
-0.0419403 1.13844e-08
-0.0418503 1.13854e-08
-0.0417604 1.13744e-08
-0.0416705 1.13749e-08
-0.0415806 1.13788e-08
-0.0414907 1.13806e-08
-0.0414008 1.13873e-08
-0.0413109 1.13863e-08
-0.041221 1.13913e-08
-0.0411311 1.13918e-08
-0.0410412 1.13919e-08
-0.0409513 1.13898e-08
-0.0408614 1.13894e-08
-0.0407715 1.13914e-08
-0.0406816 1.1398e-08
-0.0405917 1.14e-08
-0.0405018 1.14055e-08
-0.0404119 1.14082e-08
-0.040322 1.1417e-08
-0.0402321 1.14081e-08
-0.0401422 1.14113e-08
-0.0400523 1.1412e-08
-0.0399624 1.14161e-08
-0.0398725 1.14165e-08
-0.0397826 1.142e-08
-0.0396927 1.14192e-08
-0.0396027 1.14259e-08
-0.0395128 1.14387e-08
-0.0394229 1.14402e-08
-0.039333 1.14398e-08
-0.0392431 1.14359e-08
-0.0391532 1.14371e-08
-0.0390633 1.14447e-08
-0.0389734 1.1448e-08
-0.0388835 1.14535e-08
-0.0387936 1.1446e-08
-0.0387037 1.1446e-08
-0.0386138 1.14455e-08
-0.0385239 1.14425e-08
-0.038434 1.14344e-08
-0.0383441 1.14183e-08
-0.0382542 1.14022e-08
-0.0381643 1.13877e-08
-0.0380744 1.13884e-08
-0.0379845 1.13732e-08
-0.0378946 1.13561e-08
-0.0378047 1.13407e-08
-0.0377148 1.13132e-08
-0.0376249 1.12945e-08
-0.037535 1.12754e-08
-0.037445 1.12484e-08
-0.0373551 1.12288e-08
-0.0372652 1.12025e-08
-0.0371753 1.1169e-08
-0.0370854 1.11435e-08
-0.0369955 1.11132e-08
-0.0369056 1.10892e-08
-0.0368157 1.10637e-08
-0.0367258 1.10448e-08
-0.0366359 1.10253e-08
-0.036546 1.09978e-08
-0.0364561 1.09598e-08
-0.0363662 1.09347e-08
-0.0362763 1.09023e-08
-0.0361864 1.08789e-08
-0.0360965 1.08526e-08
-0.0360066 1.08343e-08
-0.0359167 1.08189e-08
-0.0358268 1.08068e-08
-0.0357369 1.07978e-08
-0.035647 1.07954e-08
-0.0355571 1.0789e-08
-0.0354672 1.07818e-08
-0.0353773 1.07703e-08
-0.0352873 1.07476e-08
-0.0351974 1.07223e-08
-0.0351075 1.0713e-08
-0.0350176 1.06921e-08
-0.0349277 1.06811e-08
-0.0348378 1.06757e-08
-0.0347479 1.06668e-08
-0.034658 1.06609e-08
-0.0345681 1.06523e-08
-0.0344782 1.06426e-08
-0.0343883 1.06376e-08
-0.0342984 1.06319e-08
-0.0342085 1.06195e-08
-0.0341186 1.0609e-08
-0.0340287 1.06032e-08
-0.0339388 1.05914e-08
-0.0338489 1.05808e-08
-0.033759 1.05725e-08
-0.0336691 1.05703e-08
-0.0335792 1.05616e-08
-0.0334893 1.05458e-08
-0.0333994 1.05354e-08
-0.0333095 1.05192e-08
-0.0332196 1.05221e-08
-0.0331296 1.05115e-08
-0.0330397 1.05148e-08
-0.0329498 1.05067e-08
-0.0328599 1.05034e-08
-0.03277 1.0498e-08
-0.0326801 1.04938e-08
-0.0325902 1.05062e-08
-0.0325003 1.04992e-08
-0.0324104 1.0496e-08
-0.0323205 1.05058e-08
-0.0322306 1.05073e-08
-0.0321407 1.05106e-08
-0.0320508 1.05158e-08
-0.0319609 1.05145e-08
-0.031871 1.05056e-08
-0.0317811 1.05025e-08
-0.0316912 1.05058e-08
-0.0316013 1.05195e-08
-0.0315114 1.05305e-08
-0.0314215 1.05403e-08
-0.0313316 1.05555e-08
-0.0312417 1.05668e-08
-0.0311518 1.05743e-08
-0.0310619 1.05955e-08
-0.0309719 1.06164e-08
-0.030882 1.06277e-08
-0.0307921 1.06456e-08
-0.0307022 1.06668e-08
-0.0306123 1.06926e-08
-0.0305224 1.07165e-08
-0.0304325 1.07373e-08
-0.0303426 1.07546e-08
-0.0302527 1.07747e-08
-0.0301628 1.0791e-08
-0.0300729 1.08104e-08
-0.029983 1.08326e-08
-0.0298931 1.08548e-08
-0.0298032 1.08728e-08
-0.0297133 1.0893e-08
-0.0296234 1.09133e-08
-0.0295335 1.09273e-08
-0.0294436 1.09414e-08
-0.0293537 1.09473e-08
-0.0292638 1.09537e-08
-0.0291739 1.09709e-08
-0.029084 1.09845e-08
-0.0289941 1.09875e-08
-0.0289042 1.09959e-08
-0.0288142 1.09963e-08
-0.0287243 1.10051e-08
-0.0286344 1.10005e-08
-0.0285445 1.09991e-08
-0.0284546 1.09995e-08
-0.0283647 1.09911e-08
-0.0282748 1.0981e-08
-0.0281849 1.09795e-08
-0.028095 1.09737e-08
-0.0280051 1.09681e-08
-0.0279152 1.0962e-08
-0.0278253 1.0955e-08
-0.0277354 1.09476e-08
-0.0276455 1.09516e-08
-0.0275556 1.09547e-08
-0.0274657 1.09523e-08
-0.0273758 1.09548e-08
-0.0272859 1.09503e-08
-0.027196 1.09506e-08
-0.0271061 1.09567e-08
-0.0270162 1.0967e-08
-0.0269263 1.09702e-08
-0.0268364 1.09743e-08
-0.0267465 1.09745e-08
-0.0266565 1.09776e-08
-0.0265666 1.0988e-08
-0.0264767 1.09876e-08
-0.0263868 1.09965e-08
-0.0262969 1.10059e-08
-0.026207 1.10127e-08
-0.0261171 1.10159e-08
-0.0260272 1.10272e-08
-0.0259373 1.1042e-08
-0.0258474 1.10618e-08
-0.0257575 1.10826e-08
-0.0256676 1.10895e-08
-0.0255777 1.11085e-08
-0.0254878 1.11204e-08
-0.0253979 1.11302e-08
-0.025308 1.11424e-08
-0.0252181 1.11555e-08
-0.0251282 1.11663e-08
-0.0250383 1.11727e-08
-0.0249484 1.11899e-08
-0.0248585 1.12037e-08
-0.0247686 1.12262e-08
-0.0246787 1.1243e-08
-0.0245888 1.12552e-08
-0.0244988 1.12698e-08
-0.0244089 1.12888e-08
-0.024319 1.12998e-08
-0.0242291 1.13143e-08
-0.0241392 1.13275e-08
-0.0240493 1.13425e-08
-0.0239594 1.13584e-08
-0.0238695 1.13792e-08
-0.0237796 1.13967e-08
-0.0236897 1.14175e-08
-0.0235998 1.14326e-08
-0.0235099 1.14434e-08
-0.02342 1.14602e-08
-0.0233301 1.14717e-08
-0.0232402 1.14873e-08
-0.0231503 1.14986e-08
-0.0230604 1.15124e-08
-0.0229705 1.15262e-08
-0.0228806 1.1536e-08
-0.0227907 1.15395e-08
-0.0227008 1.15617e-08
-0.0226109 1.15777e-08
-0.022521 1.15877e-08
-0.0224311 1.15962e-08
-0.0223411 1.16141e-08
-0.0222512 1.16244e-08
-0.0221613 1.16319e-08
-0.0220714 1.16366e-08
-0.0219815 1.16515e-08
-0.0218916 1.16558e-08
-0.0218017 1.16658e-08
-0.0217118 1.16664e-08
-0.0216219 1.1676e-08
-0.021532 1.16798e-08
-0.0214421 1.16768e-08
-0.0213522 1.16816e-08
-0.0212623 1.16748e-08
-0.0211724 1.16673e-08
-0.0210825 1.16605e-08
-0.0209926 1.16559e-08
-0.0209027 1.16549e-08
-0.0208128 1.16455e-08
-0.0207229 1.16343e-08
-0.020633 1.16203e-08
-0.0205431 1.16124e-08
-0.0204532 1.16004e-08
-0.0203633 1.15917e-08
-0.0202734 1.15804e-08
-0.0201835 1.15674e-08
-0.0200935 1.1549e-08
-0.0200036 1.15261e-08
-0.0199137 1.15057e-08
-0.0198238 1.14829e-08
-0.0197339 1.14625e-08
-0.019644 1.14411e-08
-0.0195541 1.14182e-08
-0.0194642 1.13914e-08
-0.0193743 1.13696e-08
-0.0192844 1.13492e-08
-0.0191945 1.13248e-08
-0.0191046 1.13053e-08
-0.0190147 1.12789e-08
-0.0189248 1.12472e-08
-0.0188349 1.12225e-08
-0.018745 1.11986e-08
-0.0186551 1.11737e-08
-0.0185652 1.11493e-08
-0.0184753 1.11155e-08
-0.0183854 1.10852e-08
-0.0182955 1.10544e-08
-0.0182056 1.10253e-08
-0.0181157 1.09938e-08
-0.0180258 1.09655e-08
-0.0179358 1.09365e-08
-0.0178459 1.09024e-08
-0.017756 1.08754e-08
-0.0176661 1.08497e-08
-0.0175762 1.08147e-08
-0.0174863 1.07816e-08
-0.0173964 1.07421e-08
-0.0173065 1.07112e-08
-0.0172166 1.06758e-08
-0.0171267 1.06444e-08
-0.0170368 1.06149e-08
-0.0169469 1.05763e-08
-0.016857 1.05421e-08
-0.0167671 1.05024e-08
-0.0166772 1.04601e-08
-0.0165873 1.04155e-08
-0.0164974 1.03802e-08
-0.0164075 1.03313e-08
-0.0163176 1.02854e-08
-0.0162277 1.02394e-08
-0.0161378 1.01968e-08
-0.0160479 1.01542e-08
-0.015958 1.01077e-08
-0.0158681 1.0065e-08
-0.0157781 1.00212e-08
-0.0156882 9.97591e-09
-0.0155983 9.92535e-09
-0.0155084 9.87134e-09
-0.0154185 9.81577e-09
-0.0153286 9.76358e-09
-0.0152387 9.70544e-09
-0.0151488 9.65024e-09
-0.0150589 9.59882e-09
-0.014969 9.55063e-09
-0.0148791 9.50082e-09
-0.0147892 9.44929e-09
-0.0146993 9.39769e-09
-0.0146094 9.3442e-09
-0.0145195 9.2975e-09
-0.0144296 9.24921e-09
-0.0143397 9.19755e-09
-0.0142498 9.14483e-09
-0.0141599 9.08854e-09
-0.01407 9.0359e-09
-0.0139801 8.98349e-09
-0.0138902 8.92112e-09
-0.0138003 8.86211e-09
-0.0137104 8.80956e-09
-0.0136204 8.75145e-09
-0.0135305 8.69786e-09
-0.0134406 8.64811e-09
-0.0133507 8.59161e-09
-0.0132608 8.54095e-09
-0.0131709 8.49244e-09
-0.013081 8.44563e-09
-0.0129911 8.39123e-09
-0.0129012 8.33788e-09
-0.0128113 8.28728e-09
-0.0127214 8.23212e-09
-0.0126315 8.18335e-09
-0.0125416 8.13231e-09
-0.0124517 8.08275e-09
-0.0123618 8.03704e-09
-0.0122719 7.98972e-09
-0.012182 7.94285e-09
-0.0120921 7.90023e-09
-0.0120022 7.8525e-09
-0.0119123 7.79902e-09
-0.0118224 7.74585e-09
-0.0117325 7.69882e-09
-0.0116426 7.64669e-09
-0.0115527 7.60879e-09
-0.0114627 7.56196e-09
-0.0113728 7.51866e-09
-0.0112829 7.47249e-09
-0.011193 7.42542e-09
-0.0111031 7.38804e-09
-0.0110132 7.34309e-09
-0.0109233 7.3006e-09
-0.0108334 7.25377e-09
-0.0107435 7.21356e-09
-0.0106536 7.17446e-09
-0.0105637 7.13108e-09
-0.0104738 7.09292e-09
-0.0103839 7.04849e-09
-0.010294 7.00717e-09
-0.0102041 6.96398e-09
-0.0101142 6.92278e-09
-0.0100243 6.88336e-09
-0.00993438 6.83874e-09
-0.00984447 6.79898e-09
-0.00975457 6.75118e-09
-0.00966466 6.7062e-09
-0.00957476 6.66746e-09
-0.00948486 6.62538e-09
-0.00939495 6.58047e-09
-0.00930505 6.53803e-09
-0.00921514 6.49043e-09
-0.00912524 6.44312e-09
-0.00903534 6.39868e-09
-0.00894543 6.35577e-09
-0.00885553 6.30711e-09
-0.00876562 6.26129e-09
-0.00867572 6.20973e-09
-0.00858582 6.16286e-09
-0.00849591 6.1165e-09
-0.00840601 6.06673e-09
-0.0083161 6.01721e-09
-0.0082262 5.97191e-09
-0.00813629 5.92309e-09
-0.00804639 5.87159e-09
-0.00795649 5.82366e-09
-0.00786658 5.77692e-09
-0.00777668 5.72672e-09
-0.00768677 5.67705e-09
-0.00759687 5.62506e-09
-0.00750697 5.5735e-09
-0.00741706 5.52175e-09
-0.00732716 5.46797e-09
-0.00723725 5.41744e-09
-0.00714735 5.36901e-09
-0.00705744 5.31842e-09
-0.00696754 5.26318e-09
-0.00687764 5.21176e-09
-0.00678773 5.16407e-09
-0.00669783 5.11303e-09
-0.00660792 5.05798e-09
-0.00651802 4.99592e-09
-0.00642812 4.94251e-09
-0.00633821 4.88952e-09
-0.00624831 4.83129e-09
-0.0061584 4.77571e-09
-0.0060685 4.71765e-09
-0.00597859 4.65877e-09
-0.00588869 4.6011e-09
-0.00579879 4.54081e-09
-0.00570888 4.48911e-09
-0.00561898 4.42738e-09
-0.00552907 4.36481e-09
-0.00543917 4.30236e-09
-0.00534927 4.24733e-09
-0.00525936 4.18807e-09
-0.00516946 4.12294e-09
-0.00507955 4.05871e-09
-0.00498965 3.99367e-09
-0.00489975 3.93315e-09
-0.00480984 3.8654e-09
-0.00471994 3.80014e-09
-0.00463003 3.73863e-09
-0.00454013 3.67466e-09
-0.00445022 3.6095e-09
-0.00436032 3.54681e-09
-0.00427042 3.48446e-09
-0.00418051 3.4196e-09
-0.00409061 3.35634e-09
-0.0040007 3.28757e-09
-0.0039108 3.21771e-09
-0.0038209 3.15234e-09
-0.00373099 3.08415e-09
-0.00364109 3.0154e-09
-0.00355118 2.95504e-09
-0.00346128 2.89192e-09
-0.00337137 2.8344e-09
-0.00328147 2.76919e-09
-0.00319157 2.70071e-09
-0.00310166 2.63951e-09
-0.00301176 2.57468e-09
-0.00292185 2.50519e-09
-0.00283195 2.44001e-09
-0.00274205 2.37218e-09
-0.00265214 2.3023e-09
-0.00256224 2.23464e-09
-0.00247233 2.17533e-09
-0.00238243 2.109e-09
-0.00229252 2.04609e-09
-0.00220262 1.97469e-09
-0.00211272 1.90662e-09
-0.00202281 1.83661e-09
-0.00193291 1.76673e-09
-0.001843 1.69244e-09
-0.0017531 1.6135e-09
-0.0016632 1.53959e-09
-0.00157329 1.46461e-09
-0.00148339 1.3924e-09
-0.00139348 1.32103e-09
-0.00130358 1.25175e-09
-0.00121368 1.17684e-09
-0.00112377 1.09672e-09
-0.00103387 1.01807e-09
-0.000943963 9.36464e-10
-0.000854059 8.58876e-10
-0.000764154 7.75237e-10
-0.00067425 6.91434e-10
-0.000584346 6.06119e-10
-0.000494442 5.24832e-10
-0.000404538 4.411e-10
-0.000314634 3.58791e-10
-0.00022473 2.68093e-10
-0.000134825 1.79377e-10
-4.49212e-05 9.05793e-11
4.49829e-05 0
0.000134887 -8.59684e-11
0.000224791 -1.7432e-10
0.000314695 -2.69327e-10
0.0004046 -3.55709e-10
0.000494504 -4.51405e-10
0.000584408 -5.38015e-10
0.000674312 -6.27966e-10
0.000764216 -7.23239e-10
0.00085412 -8.17439e-10
0.000944024 -9.0931e-10
0.00103393 -1.0075e-09
0.00112383 -1.10129e-09
0.00121374 -1.1939e-09
0.00130364 -1.28906e-09
0.00139355 -1.3796e-09
0.00148345 -1.47328e-09
0.00157335 -1.56926e-09
0.00166326 -1.66025e-09
0.00175316 -1.75269e-09
0.00184307 -1.85228e-09
0.00193297 -1.94541e-09
0.00202287 -2.03942e-09
0.00211278 -2.13684e-09
0.00220268 -2.23125e-09
0.00229259 -2.33032e-09
0.00238249 -2.42274e-09
0.00247239 -2.51459e-09
0.0025623 -2.60328e-09
0.0026522 -2.69873e-09
0.00274211 -2.78671e-09
0.00283201 -2.87981e-09
0.00292192 -2.96901e-09
0.00301182 -3.05748e-09
0.00310172 -3.14773e-09
0.00319163 -3.23407e-09
0.00328153 -3.3286e-09
0.00337144 -3.41899e-09
0.00346134 -3.49834e-09
0.00355124 -3.57988e-09
0.00364115 -3.66284e-09
0.00373105 -3.75163e-09
0.00382096 -3.83349e-09
0.00391086 -3.91648e-09
0.00400077 -3.99816e-09
0.00409067 -4.08234e-09
0.00418057 -4.16314e-09
0.00427048 -4.24248e-09
0.00436038 -4.32582e-09
0.00445029 -4.40276e-09
0.00454019 -4.47566e-09
0.00463009 -4.55389e-09
0.00472 -4.63067e-09
0.0048099 -4.7148e-09
0.00489981 -4.79291e-09
0.00498971 -4.86948e-09
0.00507962 -4.95311e-09
0.00516952 -5.03777e-09
0.00525942 -5.1178e-09
0.00534933 -5.19635e-09
0.00543923 -5.27936e-09
0.00552914 -5.36393e-09
0.00561904 -5.44692e-09
0.00570894 -5.53318e-09
0.00579885 -5.61416e-09
0.00588875 -5.70478e-09
0.00597866 -5.79159e-09
0.00606856 -5.87673e-09
0.00615846 -5.96737e-09
0.00624837 -6.0598e-09
0.00633827 -6.14863e-09
0.00642818 -6.23912e-09
0.00651808 -6.33562e-09
0.00660799 -6.43244e-09
0.00669789 -6.52532e-09
0.00678779 -6.62442e-09
0.0068777 -6.71904e-09
0.0069676 -6.82219e-09
0.00705751 -6.92077e-09
0.00714741 -7.01873e-09
0.00723731 -7.11526e-09
0.00732722 -7.21174e-09
0.00741712 -7.31149e-09
0.00750703 -7.41034e-09
0.00759693 -7.51441e-09
0.00768684 -7.61923e-09
0.00777674 -7.71676e-09
0.00786664 -7.81942e-09
0.00795655 -7.91909e-09
0.00804645 -8.02362e-09
0.00813636 -8.1165e-09
0.00822626 -8.21671e-09
0.00831616 -8.3098e-09
0.00840607 -8.40609e-09
0.00849597 -8.50805e-09
0.00858588 -8.60267e-09
0.00867578 -8.70195e-09
0.00876569 -8.79864e-09
0.00885559 -8.89494e-09
0.00894549 -8.99253e-09
0.0090354 -9.09055e-09
0.0091253 -9.18744e-09
0.00921521 -9.28773e-09
0.00930511 -9.39336e-09
0.00939501 -9.48631e-09
0.00948492 -9.58498e-09
0.00957482 -9.68412e-09
0.00966473 -9.77438e-09
0.00975463 -9.87404e-09
0.00984453 -9.96899e-09
0.00993444 -1.00649e-08
0.0100243 -1.01627e-08
0.0101142 -1.02589e-08
0.0102042 -1.0358e-08
0.0102941 -1.04526e-08
0.010384 -1.05551e-08
0.0104739 -1.06549e-08
0.0105638 -1.07495e-08
0.0106537 -1.08494e-08
0.0107436 -1.09384e-08
0.0108335 -1.10244e-08
0.0109234 -1.11224e-08
0.0110133 -1.12215e-08
0.0111032 -1.13158e-08
0.0111931 -1.14137e-08
0.011283 -1.15157e-08
0.0113729 -1.16182e-08
0.0114628 -1.17225e-08
0.0115527 -1.18237e-08
0.0116426 -1.19207e-08
0.0117325 -1.20176e-08
0.0118224 -1.21149e-08
0.0119123 -1.22197e-08
0.0120022 -1.23195e-08
0.0120921 -1.24184e-08
0.012182 -1.25106e-08
0.0122719 -1.26136e-08
0.0123619 -1.2705e-08
0.0124518 -1.28016e-08
0.0125417 -1.29051e-08
0.0126316 -1.30073e-08
0.0127215 -1.31055e-08
0.0128114 -1.32011e-08
0.0129013 -1.32982e-08
0.0129912 -1.33968e-08
0.0130811 -1.34924e-08
0.013171 -1.35874e-08
0.0132609 -1.36827e-08
0.0133508 -1.37747e-08
0.0134407 -1.38767e-08
0.0135306 -1.39672e-08
0.0136205 -1.40595e-08
0.0137104 -1.41533e-08
0.0138003 -1.42473e-08
0.0138902 -1.43392e-08
0.0139801 -1.44418e-08
0.01407 -1.4537e-08
0.0141599 -1.4627e-08
0.0142498 -1.47226e-08
0.0143397 -1.4811e-08
0.0144296 -1.49e-08
0.0145196 -1.4988e-08
0.0146095 -1.50749e-08
0.0146994 -1.51578e-08
0.0147893 -1.5242e-08
0.0148792 -1.53313e-08
0.0149691 -1.54196e-08
0.015059 -1.55118e-08
0.0151489 -1.56037e-08
0.0152388 -1.5691e-08
0.0153287 -1.57802e-08
0.0154186 -1.58646e-08
0.0155085 -1.59513e-08
0.0155984 -1.60392e-08
0.0156883 -1.61254e-08
0.0157782 -1.62087e-08
0.0158681 -1.62882e-08
0.015958 -1.63752e-08
0.0160479 -1.64661e-08
0.0161378 -1.65543e-08
0.0162277 -1.66495e-08
0.0163176 -1.67378e-08
0.0164075 -1.68253e-08
0.0164974 -1.69123e-08
0.0165873 -1.70093e-08
0.0166773 -1.71017e-08
0.0167672 -1.71899e-08
0.0168571 -1.72857e-08
0.016947 -1.73753e-08
0.0170369 -1.74699e-08
0.0171268 -1.75701e-08
0.0172167 -1.7672e-08
0.0173066 -1.77815e-08
0.0173965 -1.7883e-08
0.0174864 -1.79812e-08
0.0175763 -1.80782e-08
0.0176662 -1.81765e-08
0.0177561 -1.82761e-08
0.017846 -1.83818e-08
0.0179359 -1.84862e-08
0.0180258 -1.85907e-08
0.0181157 -1.86925e-08
0.0182056 -1.8794e-08
0.0182955 -1.89076e-08
0.0183854 -1.90162e-08
0.0184753 -1.91312e-08
0.0185652 -1.92414e-08
0.0186551 -1.9354e-08
0.018745 -1.9464e-08
0.0188349 -1.9576e-08
0.0189249 -1.96936e-08
0.0190148 -1.97957e-08
0.0191047 -1.99048e-08
0.0191946 -2.00145e-08
0.0192845 -2.01307e-08
0.0193744 -2.02349e-08
0.0194643 -2.03412e-08
0.0195542 -2.04524e-08
0.0196441 -2.05692e-08
0.019734 -2.0666e-08
0.0198239 -2.07682e-08
0.0199138 -2.08762e-08
0.0200037 -2.09804e-08
0.0200936 -2.10774e-08
0.0201835 -2.11825e-08
0.0202734 -2.1279e-08
0.0203633 -2.13794e-08
0.0204532 -2.14725e-08
0.0205431 -2.15701e-08
0.020633 -2.16713e-08
0.0207229 -2.17682e-08
0.0208128 -2.18656e-08
0.0209027 -2.19626e-08
0.0209926 -2.20544e-08
0.0210826 -2.2149e-08
0.0211725 -2.22429e-08
0.0212624 -2.23365e-08
0.0213523 -2.24358e-08
0.0214422 -2.25264e-08
0.0215321 -2.26084e-08
0.021622 -2.26985e-08
0.0217119 -2.27886e-08
0.0218018 -2.28729e-08
0.0218917 -2.29616e-08
0.0219816 -2.30422e-08
0.0220715 -2.31234e-08
0.0221614 -2.32072e-08
0.0222513 -2.3292e-08
0.0223412 -2.33724e-08
0.0224311 -2.34582e-08
0.022521 -2.35402e-08
0.0226109 -2.36123e-08
0.0227008 -2.36943e-08
0.0227907 -2.37752e-08
0.0228806 -2.38472e-08
0.0229705 -2.39181e-08
0.0230604 -2.39777e-08
0.0231503 -2.40456e-08
0.0232403 -2.41135e-08
0.0233302 -2.41825e-08
0.0234201 -2.42406e-08
0.02351 -2.43116e-08
0.0235999 -2.43719e-08
0.0236898 -2.44291e-08
0.0237797 -2.44917e-08
0.0238696 -2.45556e-08
0.0239595 -2.46172e-08
0.0240494 -2.46755e-08
0.0241393 -2.47278e-08
0.0242292 -2.47785e-08
0.0243191 -2.48343e-08
0.024409 -2.48867e-08
0.0244989 -2.49471e-08
0.0245888 -2.5003e-08
0.0246787 -2.50523e-08
0.0247686 -2.50997e-08
0.0248585 -2.51475e-08
0.0249484 -2.51955e-08
0.0250383 -2.5239e-08
0.0251282 -2.52879e-08
0.0252181 -2.53286e-08
0.025308 -2.53733e-08
0.025398 -2.54243e-08
0.0254879 -2.54752e-08
0.0255778 -2.55201e-08
0.0256677 -2.55784e-08
0.0257576 -2.56231e-08
0.0258475 -2.56737e-08
0.0259374 -2.57209e-08
0.0260273 -2.57781e-08
0.0261172 -2.58343e-08
0.0262071 -2.58755e-08
0.026297 -2.59182e-08
0.0263869 -2.59648e-08
0.0264768 -2.60169e-08
0.0265667 -2.60709e-08
0.0266566 -2.61243e-08
0.0267465 -2.61766e-08
0.0268364 -2.62244e-08
0.0269263 -2.62779e-08
0.0270162 -2.6328e-08
0.0271061 -2.63812e-08
0.027196 -2.64342e-08
0.0272859 -2.64804e-08
0.0273758 -2.65245e-08
0.0274657 -2.6572e-08
0.0275557 -2.66215e-08
0.0276456 -2.6668e-08
0.0277355 -2.67187e-08
0.0278254 -2.67641e-08
0.0279153 -2.68177e-08
0.0280052 -2.68722e-08
0.0280951 -2.69162e-08
0.028185 -2.69659e-08
0.0282749 -2.7016e-08
0.0283648 -2.70636e-08
0.0284547 -2.71091e-08
0.0285446 -2.7163e-08
0.0286345 -2.72094e-08
0.0287244 -2.72508e-08
0.0288143 -2.72942e-08
0.0289042 -2.73414e-08
0.0289941 -2.74034e-08
0.029084 -2.74539e-08
0.0291739 -2.75086e-08
0.0292638 -2.7571e-08
0.0293537 -2.76264e-08
0.0294436 -2.76759e-08
0.0295335 -2.77375e-08
0.0296234 -2.77876e-08
0.0297134 -2.78377e-08
0.0298033 -2.78875e-08
0.0298932 -2.7934e-08
0.0299831 -2.79974e-08
0.030073 -2.80516e-08
0.0301629 -2.81134e-08
0.0302528 -2.81618e-08
0.0303427 -2.82218e-08
0.0304326 -2.82715e-08
0.0305225 -2.8332e-08
0.0306124 -2.8396e-08
0.0307023 -2.84483e-08
0.0307922 -2.84985e-08
0.0308821 -2.85536e-08
0.030972 -2.86138e-08
0.0310619 -2.86682e-08
0.0311518 -2.87224e-08
0.0312417 -2.87832e-08
0.0313316 -2.88441e-08
0.0314215 -2.89034e-08
0.0315114 -2.89582e-08
0.0316013 -2.90156e-08
0.0316912 -2.90686e-08
0.0317811 -2.91321e-08
0.0318711 -2.91928e-08
0.031961 -2.9245e-08
0.0320509 -2.93005e-08
0.0321408 -2.93518e-08
0.0322307 -2.9403e-08
0.0323206 -2.94595e-08
0.0324105 -2.9519e-08
0.0325004 -2.95784e-08
0.0325903 -2.96369e-08
0.0326802 -2.96916e-08
0.0327701 -2.97425e-08
0.03286 -2.97939e-08
0.0329499 -2.9838e-08
0.0330398 -2.98787e-08
0.0331297 -2.99226e-08
0.0332196 -2.99597e-08
0.0333095 -3.00021e-08
0.0333994 -3.00386e-08
0.0334893 -3.00768e-08
0.0335792 -3.01181e-08
0.0336691 -3.01593e-08
0.033759 -3.01965e-08
0.0338489 -3.02318e-08
0.0339388 -3.02552e-08
0.0340288 -3.0283e-08
0.0341187 -3.03024e-08
0.0342086 -3.03257e-08
0.0342985 -3.0356e-08
0.0343884 -3.03854e-08
0.0344783 -3.0419e-08
0.0345682 -3.04458e-08
0.0346581 -3.04638e-08
0.034748 -3.0491e-08
0.0348379 -3.05164e-08
0.0349278 -3.05447e-08
0.0350177 -3.05856e-08
0.0351076 -3.06112e-08
0.0351975 -3.0636e-08
0.0352874 -3.06625e-08
0.0353773 -3.06945e-08
0.0354672 -3.0726e-08
0.0355571 -3.07567e-08
0.035647 -3.07866e-08
0.0357369 -3.08072e-08
0.0358268 -3.08438e-08
0.0359167 -3.08743e-08
0.0360066 -3.09112e-08
0.0360965 -3.09414e-08
0.0361865 -3.09726e-08
0.0362764 -3.10014e-08
0.0363663 -3.10265e-08
0.0364562 -3.106e-08
0.0365461 -3.10932e-08
0.036636 -3.11299e-08
0.0367259 -3.11662e-08
0.0368158 -3.12022e-08
0.0369057 -3.12409e-08
0.0369956 -3.12736e-08
0.0370855 -3.12989e-08
0.0371754 -3.13177e-08
0.0372653 -3.1342e-08
0.0373552 -3.13651e-08
0.0374451 -3.13929e-08
0.037535 -3.14226e-08
0.0376249 -3.14624e-08
0.0377148 -3.14972e-08
0.0378047 -3.15323e-08
0.0378946 -3.1569e-08
0.0379845 -3.16045e-08
0.0380744 -3.1641e-08
0.0381643 -3.16907e-08
0.0382542 -3.17264e-08
0.0383441 -3.17665e-08
0.0384341 -3.17987e-08
0.038524 -3.18348e-08
0.0386139 -3.18689e-08
0.0387038 -3.1904e-08
0.0387937 -3.19457e-08
0.0388836 -3.19864e-08
0.0389735 -3.20279e-08
0.0390634 -3.20728e-08
0.0391533 -3.212e-08
0.0392432 -3.21609e-08
0.0393331 -3.2205e-08
0.039423 -3.22446e-08
0.0395129 -3.22861e-08
0.0396028 -3.23368e-08
0.0396927 -3.23816e-08
0.0397826 -3.24217e-08
0.0398725 -3.24656e-08
0.0399624 -3.25132e-08
0.0400523 -3.25625e-08
0.0401422 -3.2605e-08
0.0402321 -3.2653e-08
0.040322 -3.26906e-08
0.0404119 -3.2735e-08
0.0405018 -3.27717e-08
0.0405918 -3.28185e-08
0.0406817 -3.2866e-08
0.0407716 -3.29113e-08
0.0408615 -3.2946e-08
0.0409514 -3.29887e-08
0.0410413 -3.30377e-08
0.0411312 -3.30827e-08
0.0412211 -3.31313e-08
0.041311 -3.3186e-08
0.0414009 -3.32346e-08
0.0414908 -3.32868e-08
0.0415807 -3.33359e-08
0.0416706 -3.33821e-08
0.0417605 -3.34244e-08
0.0418504 -3.34611e-08
0.0419403 -3.35012e-08
0.0420302 -3.35406e-08
0.0421201 -3.35791e-08
0.04221 -3.36342e-08
0.0422999 -3.36785e-08
0.0423898 -3.37223e-08
0.0424797 -3.3773e-08
0.0425696 -3.38134e-08
0.0426595 -3.3866e-08
0.0427495 -3.39214e-08
0.0428394 -3.39653e-08
0.0429293 -3.40026e-08
0.0430192 -3.40446e-08
0.0431091 -3.40922e-08
0.043199 -3.41466e-08
0.0432889 -3.41941e-08
0.0433788 -3.42306e-08
0.0434687 -3.42749e-08
0.0435586 -3.4313e-08
0.0436485 -3.43533e-08
0.0437384 -3.43956e-08
0.0438283 -3.4441e-08
0.0439182 -3.44984e-08
0.0440081 -3.45346e-08
0.044098 -3.45836e-08
0.0441879 -3.46268e-08
0.0442778 -3.46728e-08
0.0443677 -3.47251e-08
0.0444576 -3.47809e-08
0.0445475 -3.48411e-08
0.0446374 -3.48903e-08
0.0447273 -3.4954e-08
0.0448172 -3.50033e-08
0.0449072 -3.50591e-08
0.0449971 -3.51128e-08
0.045087 -3.51708e-08
0.0451769 -3.52257e-08
0.0452668 -3.52817e-08
0.0453567 -3.53458e-08
0.0454466 -3.54099e-08
0.0455365 -3.54646e-08
0.0456264 -3.55339e-08
0.0457163 -3.56002e-08
0.0458062 -3.56786e-08
0.0458961 -3.57459e-08
0.045986 -3.58171e-08
0.0460759 -3.5892e-08
0.0461658 -3.59646e-08
0.0462557 -3.60371e-08
0.0463456 -3.61168e-08
0.0464355 -3.61908e-08
0.0465254 -3.626e-08
0.0466153 -3.63357e-08
0.0467052 -3.64163e-08
0.0467951 -3.64947e-08
0.046885 -3.65766e-08
0.0469749 -3.66456e-08
0.0470649 -3.673e-08
0.0471548 -3.68113e-08
0.0472447 -3.68966e-08
0.0473346 -3.69867e-08
0.0474245 -3.70743e-08
0.0475144 -3.7155e-08
0.0476043 -3.72442e-08
0.0476942 -3.73353e-08
0.0477841 -3.74111e-08
0.047874 -3.75007e-08
0.0479639 -3.75798e-08
0.0480538 -3.76586e-08
0.0481437 -3.77401e-08
0.0482336 -3.78248e-08
0.0483235 -3.79025e-08
0.0484134 -3.79802e-08
0.0485033 -3.80564e-08
0.0485932 -3.81323e-08
0.0486831 -3.82103e-08
0.048773 -3.82937e-08
0.0488629 -3.83753e-08
0.0489528 -3.84639e-08
0.0490427 -3.85495e-08
0.0491326 -3.86328e-08
0.0492226 -3.87081e-08
0.0493125 -3.87811e-08
0.0494024 -3.88587e-08
0.0494923 -3.89346e-08
0.0495822 -3.90071e-08
0.0496721 -3.90796e-08
0.049762 -3.91468e-08
0.0498519 -3.92297e-08
0.0499418 -3.93013e-08
0.0500317 -3.93894e-08
0.0501216 -3.94679e-08
0.0502115 -3.95458e-08
0.0503014 -3.96281e-08
0.0503913 -3.97011e-08
0.0504812 -3.9785e-08
0.0505711 -3.98579e-08
0.050661 -3.99334e-08
0.0507509 -4.00151e-08
0.0508408 -4.00923e-08
0.0509307 -4.01704e-08
0.0510206 -4.02413e-08
0.0511105 -4.03161e-08
0.0512004 -4.03888e-08
0.0512903 -4.04577e-08
0.0513803 -4.05368e-08
0.0514702 -4.06258e-08
0.0515601 -4.07058e-08
0.05165 -4.07876e-08
0.0517399 -4.08577e-08
0.0518298 -4.0933e-08
0.0519197 -4.10028e-08
0.0520096 -4.10677e-08
0.0520995 -4.11379e-08
0.0521894 -4.12043e-08
0.0522793 -4.12819e-08
0.0523692 -4.13415e-08
0.0524591 -4.14e-08
0.052549 -4.14599e-08
0.0526389 -4.15296e-08
0.0527288 -4.16039e-08
0.0528187 -4.1666e-08
0.0529086 -4.1726e-08
0.0529985 -4.17926e-08
0.0530884 -4.18545e-08
0.0531783 -4.19115e-08
0.0532682 -4.19697e-08
0.0533581 -4.20364e-08
0.053448 -4.21059e-08
0.053538 -4.21619e-08
0.0536279 -4.22335e-08
0.0537178 -4.22825e-08
0.0538077 -4.23282e-08
0.0538976 -4.23916e-08
0.0539875 -4.24568e-08
0.0540774 -4.25359e-08
0.0541673 -4.26176e-08
0.0542572 -4.26754e-08
0.0543471 -4.27462e-08
0.054437 -4.28151e-08
0.0545269 -4.28783e-08
0.0546168 -4.29475e-08
0.0547067 -4.30049e-08
0.0547966 -4.30557e-08
0.0548865 -4.30971e-08
0.0549764 -4.31723e-08
0.0550663 -4.32378e-08
0.0551562 -4.32946e-08
0.0552461 -4.33552e-08
0.055336 -4.34204e-08
0.0554259 -4.34894e-08
0.0555158 -4.35378e-08
0.0556057 -4.35959e-08
0.0556956 -4.36655e-08
0.0557856 -4.37266e-08
0.0558755 -4.37935e-08
0.0559654 -4.38559e-08
0.0560553 -4.38997e-08
0.0561452 -4.39688e-08
0.0562351 -4.40061e-08
0.056325 -4.40652e-08
0.0564149 -4.41279e-08
0.0565048 -4.41883e-08
0.0565947 -4.42545e-08
0.0566846 -4.43188e-08
0.0567745 -4.43902e-08
0.0568644 -4.44758e-08
0.0569543 -4.45459e-08
0.0570442 -4.46142e-08
0.0571341 -4.4669e-08
0.057224 -4.47455e-08
0.0573139 -4.48145e-08
0.0574038 -4.48712e-08
0.0574937 -4.49236e-08
0.0575836 -4.49849e-08
0.0576735 -4.50725e-08
0.0577634 -4.5144e-08
0.0578533 -4.51877e-08
0.0579433 -4.5277e-08
0.0580332 -4.53442e-08
0.0581231 -4.54343e-08
0.058213 -4.55011e-08
0.0583029 -4.55681e-08
0.0583928 -4.56237e-08
0.0584827 -4.56811e-08
0.0585726 -4.57404e-08
0.0586625 -4.58137e-08
0.0587524 -4.58907e-08
0.0588423 -4.59709e-08
0.0589322 -4.60434e-08
0.0590221 -4.6109e-08
0.059112 -4.61787e-08
0.0592019 -4.6228e-08
0.0592918 -4.62867e-08
0.0593817 -4.63575e-08
0.0594716 -4.64284e-08
0.0595615 -4.64735e-08
0.0596514 -4.65123e-08
0.0597413 -4.65598e-08
0.0598312 -4.66374e-08
0.0599211 -4.66849e-08
0.060011 -4.67496e-08
0.060101 -4.68192e-08
0.0601909 -4.68852e-08
0.0602808 -4.69292e-08
0.0603707 -4.70044e-08
0.0604606 -4.70807e-08
0.0605505 -4.71524e-08
0.0606404 -4.7207e-08
0.0607303 -4.72814e-08
0.0608202 -4.73568e-08
0.0609101 -4.74184e-08
0.061 -4.75001e-08
0.0610899 -4.75783e-08
0.0611798 -4.7649e-08
0.0612697 -4.77299e-08
0.0613596 -4.78067e-08
0.0614495 -4.78687e-08
0.0615394 -4.79581e-08
0.0616293 -4.80445e-08
0.0617192 -4.8135e-08
0.0618091 -4.82327e-08
0.061899 -4.83311e-08
0.0619889 -4.84218e-08
0.0620788 -4.85163e-08
0.0621687 -4.85963e-08
0.0622587 -4.86811e-08
0.0623486 -4.87862e-08
0.0624385 -4.88725e-08
0.0625284 -4.89549e-08
0.0626183 -4.90369e-08
0.0627082 -4.91274e-08
0.0627981 -4.92084e-08
0.062888 -4.92677e-08
0.0629779 -4.9349e-08
0.0630678 -4.94141e-08
0.0631577 -4.94943e-08
0.0632476 -4.95519e-08
0.0633375 -4.96207e-08
0.0634274 -4.96788e-08
0.0635173 -4.97421e-08
0.0636072 -4.97939e-08
0.0636971 -4.98708e-08
0.063787 -4.99407e-08
0.0638769 -4.99639e-08
0.0639668 -5.00086e-08
0.0640567 -5.00518e-08
0.0641466 -5.00768e-08
0.0642365 -5.01349e-08
0.0643264 -5.0166e-08
0.0644164 -5.01928e-08
0.0645063 -5.02264e-08
0.0645962 -5.02886e-08
0.0646861 -5.03286e-08
0.064776 -5.03688e-08
0.0648659 -5.04084e-08
0.0649558 -5.04494e-08
0.0650457 -5.04737e-08
0.0651356 -5.04986e-08
0.0652255 -5.05346e-08
0.0653154 -5.05739e-08
0.0654053 -5.05714e-08
0.0654952 -5.05754e-08
0.0655851 -5.05758e-08
0.065675 -5.0598e-08
0.0657649 -5.06087e-08
0.0658548 -5.06221e-08
0.0659447 -5.06438e-08
0.0660346 -5.06606e-08
0.0661245 -5.06867e-08
0.0662144 -5.07285e-08
0.0663043 -5.07577e-08
0.0663942 -5.07886e-08
0.0664841 -5.08368e-08
0.0665741 -5.08792e-08
0.066664 -5.09014e-08
0.0667539 -5.09221e-08
0.0668438 -5.09627e-08
0.0669337 -5.1008e-08
0.0670236 -5.10359e-08
0.0671135 -5.10536e-08
0.0672034 -5.10903e-08
0.0672933 -5.11299e-08
0.0673832 -5.1166e-08
0.0674731 -5.11844e-08
0.067563 -5.12012e-08
0.0676529 -5.12123e-08
0.0677428 -5.12278e-08
0.0678327 -5.12414e-08
0.0679226 -5.12724e-08
0.0680125 -5.12697e-08
0.0681024 -5.12942e-08
0.0681923 -5.13087e-08
0.0682822 -5.13137e-08
0.0683721 -5.13447e-08
0.068462 -5.13871e-08
0.0685519 -5.14304e-08
0.0686418 -5.14469e-08
0.0687318 -5.14923e-08
0.0688217 -5.15776e-08
0.0689116 -5.16488e-08
0.0690015 -5.16993e-08
0.0690914 -5.17441e-08
0.0691813 -5.1806e-08
0.0692712 -5.18458e-08
0.0693611 -5.191e-08
0.069451 -5.19439e-08
0.0695409 -5.19978e-08
0.0696308 -5.2064e-08
0.0697207 -5.2158e-08
0.0698106 -5.22155e-08
0.0699005 -5.2258e-08
0.0699904 -5.23238e-08
0.0700803 -5.23758e-08
0.0701702 -5.24194e-08
0.0702601 -5.24754e-08
0.07035 -5.25251e-08
0.0704399 -5.25702e-08
0.0705298 -5.26013e-08
0.0706197 -5.26575e-08
0.0707096 -5.27012e-08
0.0707995 -5.27435e-08
0.0708895 -5.27714e-08
0.0709794 -5.28153e-08
0.0710693 -5.28595e-08
0.0711592 -5.29004e-08
0.0712491 -5.29018e-08
0.071339 -5.29094e-08
0.0714289 -5.29037e-08
0.0715188 -5.28736e-08
0.0716087 -5.28509e-08
0.0716986 -5.28523e-08
0.0717885 -5.28302e-08
0.0718784 -5.2819e-08
0.0719683 -5.28011e-08
0.0720582 -5.27689e-08
0.0721481 -5.27436e-08
0.072238 -5.27129e-08
0.0723279 -5.26496e-08
0.0724178 -5.26251e-08
0.0725077 -5.25984e-08
0.0725976 -5.25432e-08
0.0726875 -5.25109e-08
0.0727774 -5.24712e-08
0.0728673 -5.23892e-08
0.0729572 -5.23162e-08
0.0730472 -5.22907e-08
0.0731371 -5.22532e-08
0.073227 -5.22214e-08
0.0733169 -5.21924e-08
0.0734068 -5.21958e-08
0.0734967 -5.21537e-08
0.0735866 -5.2113e-08
0.0736765 -5.20734e-08
0.0737664 -5.20381e-08
0.0738563 -5.20093e-08
0.0739462 -5.19863e-08
0.0740361 -5.19972e-08
0.074126 -5.19866e-08
0.0742159 -5.19852e-08
0.0743058 -5.19929e-08
0.0743957 -5.20012e-08
0.0744856 -5.20123e-08
0.0745755 -5.20178e-08
0.0746654 -5.2023e-08
0.0747553 -5.20351e-08
0.0748452 -5.20304e-08
0.0749351 -5.20429e-08
0.075025 -5.2045e-08
0.0751149 -5.20163e-08
0.0752048 -5.20122e-08
0.0752948 -5.19947e-08
0.0753847 -5.20157e-08
0.0754746 -5.20183e-08
0.0755645 -5.20469e-08
0.0756544 -5.20529e-08
0.0757443 -5.20498e-08
0.0758342 -5.20534e-08
0.0759241 -5.20424e-08
0.076014 -5.20628e-08
0.0761039 -5.20624e-08
0.0761938 -5.20358e-08
0.0762837 -5.2013e-08
0.0763736 -5.19788e-08
0.0764635 -5.1951e-08
0.0765534 -5.19251e-08
0.0766433 -5.19155e-08
0.0767332 -5.18809e-08
0.0768231 -5.1879e-08
0.076913 -5.18508e-08
0.0770029 -5.18248e-08
0.0770928 -5.17964e-08
0.0771827 -5.17883e-08
0.0772726 -5.17999e-08
0.0773625 -5.18073e-08
0.0774525 -5.18029e-08
0.0775424 -5.18177e-08
0.0776323 -5.17844e-08
0.0777222 -5.18195e-08
0.0778121 -5.18049e-08
0.077902 -5.17967e-08
0.0779919 -5.1803e-08
0.0780818 -5.18402e-08
0.0781717 -5.18282e-08
0.0782616 -5.18585e-08
0.0783515 -5.18507e-08
0.0784414 -5.18969e-08
0.0785313 -5.19023e-08
0.0786212 -5.19431e-08
0.0787111 -5.19321e-08
0.078801 -5.19557e-08
0.0788909 -5.20064e-08
0.0789808 -5.20532e-08
0.0790707 -5.20798e-08
0.0791606 -5.21136e-08
0.0792505 -5.21453e-08
0.0793404 -5.21767e-08
0.0794303 -5.21956e-08
0.0795202 -5.22179e-08
0.0796102 -5.22617e-08
0.0797001 -5.22716e-08
0.07979 -5.22643e-08
0.0798799 -5.22429e-08
0.0799698 -5.22032e-08
0.0800597 -5.22219e-08
0.0801496 -5.21951e-08
0.0802395 -5.21661e-08
0.0803294 -5.21401e-08
0.0804193 -5.20881e-08
0.0805092 -5.20194e-08
0.0805991 -5.19753e-08
0.080689 -5.19201e-08
0.0807789 -5.18797e-08
0.0808688 -5.18266e-08
0.0809587 -5.18138e-08
0.0810486 -5.18067e-08
0.0811385 -5.1781e-08
0.0812284 -5.17588e-08
0.0813183 -5.17783e-08
0.0814082 -5.17728e-08
0.0814981 -5.1798e-08
0.081588 -5.17698e-08
0.0816779 -5.17794e-08
0.0817679 -5.17377e-08
0.0818578 -5.17454e-08
0.0819477 -5.17304e-08
0.0820376 -5.17227e-08
0.0821275 -5.17433e-08
0.0822174 -5.17312e-08
0.0823073 -5.1671e-08
0.0823972 -5.16498e-08
0.0824871 -5.15959e-08
0.082577 -5.15559e-08
0.0826669 -5.15327e-08
0.0827568 -5.15067e-08
0.0828467 -5.14696e-08
0.0829366 -5.14193e-08
0.0830265 -5.14002e-08
0.0831164 -5.13974e-08
0.0832063 -5.13485e-08
0.0832962 -5.13186e-08
0.0833861 -5.1286e-08
0.083476 -5.12529e-08
0.0835659 -5.12226e-08
0.0836558 -5.12307e-08
0.0837457 -5.12313e-08
0.0838356 -5.12299e-08
0.0839256 -5.1248e-08
0.0840155 -5.12264e-08
0.0841054 -5.1184e-08
0.0841953 -5.12059e-08
0.0842852 -5.12231e-08
0.0843751 -5.12359e-08
0.084465 -5.12365e-08
0.0845549 -5.12656e-08
0.0846448 -5.12706e-08
0.0847347 -5.13457e-08
0.0848246 -5.13533e-08
0.0849145 -5.14283e-08
0.0850044 -5.14675e-08
0.0850943 -5.1563e-08
0.0851842 -5.16034e-08
0.0852741 -5.16581e-08
0.085364 -5.17225e-08
0.0854539 -5.18119e-08
0.0855438 -5.1912e-08
0.0856337 -5.19267e-08
0.0857236 -5.19704e-08
0.0858135 -5.19692e-08
0.0859034 -5.20315e-08
0.0859933 -5.20568e-08
0.0860833 -5.20951e-08
0.0861732 -5.20822e-08
0.0862631 -5.21007e-08
0.086353 -5.20639e-08
0.0864429 -5.21057e-08
0.0865328 -5.21302e-08
0.0866227 -5.21271e-08
0.0867126 -5.21225e-08
0.0868025 -5.21073e-08
0.0868924 -5.21316e-08
0.0869823 -5.21231e-08
0.0870722 -5.20878e-08
0.0871621 -5.21005e-08
0.087252 -5.21472e-08
0.0873419 -5.21262e-08
0.0874318 -5.21223e-08
0.0875217 -5.21142e-08
0.0876116 -5.20937e-08
0.0877015 -5.21192e-08
0.0877914 -5.20962e-08
0.0878813 -5.20887e-08
0.0879712 -5.21298e-08
0.0880611 -5.21067e-08
0.088151 -5.21112e-08
0.088241 -5.21191e-08
0.0883309 -5.21495e-08
0.0884208 -5.22834e-08
0.0885107 -5.23315e-08
0.0886006 -5.24183e-08
0.0886905 -5.24389e-08
0.0887804 -5.25954e-08
0.0888703 -5.2714e-08
0.0889602 -5.28028e-08
0.0890501 -5.28194e-08
0.08914 -5.29156e-08
0.0892299 -5.29479e-08
0.0893198 -5.30223e-08
0.0894097 -5.30592e-08
0.0894996 -5.30772e-08
0.0895895 -5.31101e-08
0.0896794 -5.30961e-08
0.0897693 -5.3207e-08
0.0898592 -5.32628e-08
0.0899491 -5.33067e-08
0.090039 -5.33808e-08
0.0901289 -5.34519e-08
0.0902188 -5.35952e-08
0.0903087 -5.36782e-08
0.0903987 -5.36848e-08
0.0904886 -5.37483e-08
0.0905785 -5.37945e-08
0.0906684 -5.38484e-08
0.0907583 -5.38731e-08
0.0908482 -5.38046e-08
0.0909381 -5.37601e-08
0.091028 -5.38324e-08
0.0911179 -5.38211e-08
0.0912078 -5.38703e-08
0.0912977 -5.39039e-08
0.0913876 -5.39521e-08
0.0914775 -5.38995e-08
0.0915674 -5.39369e-08
0.0916573 -5.39879e-08
0.0917472 -5.40608e-08
0.0918371 -5.41222e-08
0.091927 -5.41533e-08
0.0920169 -5.41277e-08
0.0921068 -5.40502e-08
0.0921967 -5.40846e-08
0.0922866 -5.40414e-08
0.0923765 -5.40212e-08
0.0924664 -5.40556e-08
0.0925564 -5.41446e-08
0.0926463 -5.41625e-08
0.0927362 -5.41939e-08
0.0928261 -5.4258e-08
0.092916 -5.4281e-08
0.0930059 -5.42416e-08
0.0930958 -5.43704e-08
0.0931857 -5.44389e-08
0.0932756 -5.45436e-08
0.0933655 -5.44863e-08
0.0934554 -5.45154e-08
0.0935453 -5.44868e-08
0.0936352 -5.44519e-08
0.0937251 -5.43988e-08
0.093815 -5.43993e-08
0.0939049 -5.4329e-08
0.0939948 -5.43386e-08
0.0940847 -5.42916e-08
0.0941746 -5.4179e-08
0.0942645 -5.41335e-08
0.0943544 -5.39955e-08
0.0944443 -5.39441e-08
0.0945342 -5.39124e-08
0.0946241 -5.39469e-08
0.094714 -5.39223e-08
0.094804 -5.38788e-08
0.0948939 -5.38051e-08
0.0949838 -5.3789e-08
0.0950737 -5.37649e-08
0.0951636 -5.38057e-08
0.0952535 -5.38528e-08
0.0953434 -5.38086e-08
0.0954333 -5.37971e-08
0.0955232 -5.37788e-08
0.0956131 -5.37319e-08
0.095703 -5.36151e-08
0.0957929 -5.36012e-08
0.0958828 -5.36071e-08
0.0959727 -5.35651e-08
0.0960626 -5.35384e-08
0.0961525 -5.35545e-08
0.0962424 -5.34472e-08
0.0963323 -5.3391e-08
0.0964222 -5.33078e-08
0.0965121 -5.33142e-08
0.096602 -5.32465e-08
0.0966919 -5.32354e-08
0.0967818 -5.32201e-08
0.0968717 -5.31784e-08
0.0969617 -5.30163e-08
0.0970516 -5.28971e-08
0.0971415 -5.27935e-08
0.0972314 -5.27248e-08
0.0973213 -5.26526e-08
0.0974112 -5.25308e-08
0.0975011 -5.25889e-08
0.097591 -5.25934e-08
0.0976809 -5.25263e-08
0.0977708 -5.24683e-08
0.0978607 -5.2398e-08
0.0979506 -5.23198e-08
0.0980405 -5.23814e-08
0.0981304 -5.24172e-08
0.0982203 -5.24746e-08
0.0983102 -5.24473e-08
0.0984001 -5.25015e-08
0.09849 -5.25785e-08
0.0985799 -5.26019e-08
0.0986698 -5.27634e-08
0.0987597 -5.27489e-08
0.0988496 -5.2798e-08
0.0989395 -5.29381e-08
0.0990294 -5.29119e-08
0.0991194 -5.31048e-08
0.0992093 -5.32098e-08
0.0992992 -5.32289e-08
0.0993891 -5.33706e-08
0.099479 -5.34191e-08
0.0995689 -5.3468e-08
0.0996588 -5.34086e-08
0.0997487 -5.34057e-08
0.0998386 -5.34928e-08
0.0999285 -5.35074e-08
0.100018 -5.35344e-08
0.100108 -5.35473e-08
0.100198 -5.35422e-08
0.100288 -5.34662e-08
0.100378 -5.33791e-08
0.100468 -5.32837e-08
0.100558 -5.30963e-08
0.100648 -5.29411e-08
0.100738 -5.27595e-08
0.100828 -5.26298e-08
0.100917 -5.25243e-08
0.101007 -5.24219e-08
0.101097 -5.23757e-08
0.101187 -5.23058e-08
0.101277 -5.22539e-08
0.101367 -5.22284e-08
0.101457 -5.22128e-08
0.101547 -5.22763e-08
0.101637 -5.23696e-08
0.101727 -5.23104e-08
0.101816 -5.2208e-08
0.101906 -5.22131e-08
0.101996 -5.20832e-08
0.102086 -5.20564e-08
0.102176 -5.19918e-08
0.102266 -5.18591e-08
0.102356 -5.17286e-08
0.102446 -5.18132e-08
0.102536 -5.17188e-08
0.102626 -5.17541e-08
0.102716 -5.18399e-08
0.102805 -5.19598e-08
0.102895 -5.2082e-08
0.102985 -5.22442e-08
0.103075 -5.23664e-08
0.103165 -5.24068e-08
0.103255 -5.2604e-08
0.103345 -5.26442e-08
0.103435 -5.26932e-08
0.103525 -5.27495e-08
0.103615 -5.28282e-08
0.103704 -5.28437e-08
0.103794 -5.28102e-08
0.103884 -5.27828e-08
0.103974 -5.27646e-08
0.104064 -5.273e-08
0.104154 -5.26907e-08
0.104244 -5.27145e-08
0.104334 -5.27087e-08
0.104424 -5.25857e-08
0.104514 -5.24728e-08
0.104604 -5.24287e-08
0.104693 -5.23534e-08
0.104783 -5.22237e-08
0.104873 -5.22478e-08
0.104963 -5.23217e-08
0.105053 -5.22117e-08
0.105143 -5.22367e-08
0.105233 -5.21075e-08
0.105323 -5.19579e-08
0.105413 -5.18332e-08
0.105503 -5.18079e-08
0.105592 -5.17385e-08
0.105682 -5.17382e-08
0.105772 -5.16335e-08
0.105862 -5.15302e-08
0.105952 -5.13876e-08
0.106042 -5.13683e-08
0.106132 -5.11894e-08
0.106222 -5.09568e-08
0.106312 -5.08833e-08
0.106402 -5.06994e-08
0.106491 -5.06173e-08
0.106581 -5.05212e-08
0.106671 -5.0363e-08
0.106761 -5.01059e-08
0.106851 -5.00424e-08
0.106941 -4.99709e-08
0.107031 -4.99629e-08
0.107121 -4.98577e-08
0.107211 -4.97326e-08
0.107301 -4.96272e-08
0.107391 -4.95002e-08
0.10748 -4.94173e-08
0.10757 -4.94541e-08
0.10766 -4.94102e-08
0.10775 -4.94079e-08
0.10784 -4.9392e-08
0.10793 -4.93523e-08
0.10802 -4.92892e-08
0.10811 -4.91048e-08
0.1082 -4.91139e-08
0.10829 -4.91095e-08
0.108379 -4.91681e-08
0.108469 -4.90346e-08
0.108559 -4.90623e-08
0.108649 -4.90675e-08
0.108739 -4.90786e-08
0.108829 -4.90412e-08
0.108919 -4.9056e-08
0.109009 -4.89514e-08
0.109099 -4.88889e-08
0.109189 -4.87209e-08
0.109279 -4.86689e-08
0.109368 -4.86346e-08
0.109458 -4.86249e-08
0.109548 -4.86567e-08
0.109638 -4.85774e-08
0.109728 -4.83865e-08
0.109818 -4.81127e-08
0.109908 -4.79319e-08
0.109998 -4.77401e-08
0.110088 -4.75924e-08
0.110178 -4.74722e-08
0.110267 -4.7374e-08
0.110357 -4.72179e-08
0.110447 -4.70789e-08
0.110537 -4.69452e-08
0.110627 -4.67476e-08
0.110717 -4.67186e-08
0.110807 -4.67124e-08
0.110897 -4.69685e-08
0.110987 -4.70501e-08
0.111077 -4.71459e-08
0.111167 -4.72807e-08
0.111256 -4.71225e-08
0.111346 -4.71951e-08
0.111436 -4.73565e-08
0.111526 -4.72131e-08
0.111616 -4.7454e-08
0.111706 -4.73813e-08
0.111796 -4.73283e-08
0.111886 -4.73485e-08
0.111976 -4.69939e-08
0.112066 -4.68698e-08
0.112155 -4.68046e-08
0.112245 -4.64914e-08
0.112335 -4.64847e-08
0.112425 -4.63785e-08
0.112515 -4.62457e-08
0.112605 -4.6168e-08
0.112695 -4.61114e-08
0.112785 -4.59902e-08
0.112875 -4.58469e-08
0.112965 -4.59274e-08
0.113054 -4.59306e-08
0.113144 -4.58111e-08
0.113234 -4.58184e-08
0.113324 -4.59128e-08
0.113414 -4.58214e-08
0.113504 -4.58691e-08
0.113594 -4.58424e-08
0.113684 -4.57083e-08
0.113774 -4.55433e-08
0.113864 -4.52304e-08
0.113954 -4.49125e-08
0.114043 -4.47359e-08
0.114133 -4.46054e-08
0.114223 -4.45023e-08
0.114313 -4.42072e-08
0.114403 -4.41658e-08
0.114493 -4.38256e-08
0.114583 -4.36861e-08
0.114673 -4.37209e-08
0.114763 -4.37581e-08
0.114853 -4.36776e-08
0.114942 -4.36579e-08
0.115032 -4.37401e-08
0.115122 -4.3698e-08
0.115212 -4.38568e-08
0.115302 -4.38911e-08
0.115392 -4.40086e-08
0.115482 -4.41123e-08
0.115572 -4.41795e-08
0.115662 -4.40813e-08
0.115752 -4.38465e-08
0.115842 -4.37256e-08
0.115931 -4.36835e-08
0.116021 -4.35554e-08
0.116111 -4.35276e-08
0.116201 -4.34711e-08
0.116291 -4.33632e-08
0.116381 -4.31904e-08
0.116471 -4.32311e-08
0.116561 -4.32686e-08
0.116651 -4.33371e-08
0.116741 -4.34845e-08
0.11683 -4.35315e-08
0.11692 -4.34631e-08
0.11701 -4.35238e-08
0.1171 -4.33564e-08
0.11719 -4.32322e-08
0.11728 -4.3062e-08
0.11737 -4.28775e-08
0.11746 -4.28866e-08
0.11755 -4.30285e-08
0.11764 -4.28811e-08
0.11773 -4.26053e-08
0.117819 -4.23958e-08
0.117909 -4.22305e-08
0.117999 -4.2191e-08
0.118089 -4.21432e-08
0.118179 -4.22211e-08
0.118269 -4.21395e-08
0.118359 -4.22508e-08
0.118449 -4.23406e-08
0.118539 -4.2198e-08
0.118629 -4.22508e-08
0.118718 -4.23497e-08
0.118808 -4.22354e-08
0.118898 -4.23489e-08
0.118988 -4.22203e-08
0.119078 -4.21258e-08
0.119168 -4.22058e-08
0.119258 -4.19682e-08
0.119348 -4.19911e-08
0.119438 -4.16667e-08
0.119528 -4.14493e-08
0.119617 -4.15294e-08
0.119707 -4.13563e-08
0.119797 -4.11003e-08
0.119887 -4.09322e-08
0.119977 -4.04862e-08
0.120067 -4.03332e-08
0.120157 -4.0433e-08
0.120247 -4.04089e-08
0.120337 -4.01015e-08
0.120427 -3.98393e-08
0.120517 -3.98424e-08
0.120606 -3.9797e-08
0.120696 -3.95705e-08
0.120786 -3.97358e-08
0.120876 -3.99665e-08
0.120966 -4.02186e-08
0.121056 -4.09504e-08
0.121146 -4.0996e-08
0.121236 -4.13578e-08
0.121326 -4.15428e-08
0.121416 -4.2196e-08
0.121505 -4.2423e-08
0.121595 -4.25793e-08
0.121685 -4.26848e-08
0.121775 -4.25101e-08
0.121865 -4.25018e-08
0.121955 -4.25334e-08
0.122045 -4.22584e-08
0.122135 -4.19709e-08
0.122225 -4.205e-08
0.122315 -4.19732e-08
0.122405 -4.17685e-08
0.122494 -4.13035e-08
0.122584 -4.11544e-08
0.122674 -4.08497e-08
0.122764 -4.06204e-08
0.122854 -4.05946e-08
0.122944 -4.01016e-08
0.123034 -3.98173e-08
0.123124 -3.95706e-08
0.123214 -3.9206e-08
0.123304 -3.93137e-08
0.123393 -3.94025e-08
0.123483 -3.9495e-08
0.123573 -3.96489e-08
0.123663 -3.95812e-08
0.123753 -4.02347e-08
0.123843 -4.00304e-08
0.123933 -4.03054e-08
0.124023 -4.09426e-08
0.124113 -4.13987e-08
0.124203 -4.18471e-08
0.124293 -4.21442e-08
0.124382 -4.28357e-08
0.124472 -4.29298e-08
0.124562 -4.25212e-08
0.124652 -4.26208e-08
0.124742 -4.23946e-08
0.124832 -4.22326e-08
0.124922 -4.1571e-08
0.125012 -4.14843e-08
0.125102 -4.10124e-08
0.125192 -4.05751e-08
0.125281 -4.03671e-08
0.125371 -4.02923e-08
0.125461 -3.97467e-08
0.125551 -3.98692e-08
0.125641 -3.99669e-08
0.125731 -4.02268e-08
0.125821 -4.02445e-08
0.125911 -3.99279e-08
0.126001 -3.95145e-08
0.126091 -3.97299e-08
0.126181 -4.01531e-08
0.12627 -3.99302e-08
0.12636 -3.98094e-08
0.12645 -3.99674e-08
0.12654 -4.02153e-08
0.12663 -4.0385e-08
0.12672 -4.03594e-08
0.12681 -3.98097e-08
0.1269 -3.9785e-08
0.12699 -3.94647e-08
0.12708 -3.93517e-08
0.127169 -3.84766e-08
0.127259 -3.84365e-08
0.127349 -3.88008e-08
0.127439 -3.87015e-08
0.127529 -3.83079e-08
0.127619 -3.80179e-08
0.127709 -3.78836e-08
0.127799 -3.7743e-08
0.127889 -3.77145e-08
0.127979 -3.76977e-08
0.128068 -3.68658e-08
0.128158 -3.70406e-08
0.128248 -3.73096e-08
0.128338 -3.70384e-08
0.128428 -3.69058e-08
0.128518 -3.67925e-08
0.128608 -3.65718e-08
0.128698 -3.65553e-08
0.128788 -3.6065e-08
0.128878 -3.67711e-08
0.128968 -3.6712e-08
0.129057 -3.6381e-08
0.129147 -3.59948e-08
0.129237 -3.59411e-08
0.129327 -3.5846e-08
0.129417 -3.54217e-08
0.129507 -3.53514e-08
0.129597 -3.52091e-08
0.129687 -3.48006e-08
0.129777 -3.51901e-08
0.129867 -3.50209e-08
0.129956 -3.43467e-08
0.130046 -3.42443e-08
0.130136 -3.41271e-08
0.130226 -3.41283e-08
0.130316 -3.42184e-08
0.130406 -3.37301e-08
0.130496 -3.3849e-08
0.130586 -3.32306e-08
0.130676 -3.22736e-08
0.130766 -3.16779e-08
0.130856 -3.16111e-08
0.130945 -3.08225e-08
0.131035 -3.07549e-08
0.131125 -3.06468e-08
0.131215 -2.96961e-08
0.131305 -2.84163e-08
0.131395 -2.83189e-08
0.131485 -2.85955e-08
0.131575 -2.88964e-08
0.131665 -2.9597e-08
0.131755 -2.91669e-08
0.131844 -2.91854e-08
0.131934 -2.92985e-08
0.132024 -2.94589e-08
0.132114 -2.92174e-08
0.132204 -2.83541e-08
0.132294 -2.88604e-08
0.132384 -2.9054e-08
0.132474 -2.90497e-08
0.132564 -2.81242e-08
0.132654 -2.73034e-08
0.132744 -2.63809e-08
0.132833 -2.62317e-08
0.132923 -2.62548e-08
0.133013 -2.6688e-08
0.133103 -2.6888e-08
0.133193 -2.79097e-08
0.133283 -2.81469e-08
0.133373 -2.81426e-08
0.133463 -2.8735e-08
0.133553 -2.86351e-08
0.133643 -2.91519e-08
0.133732 -2.90357e-08
0.133822 -2.82614e-08
0.133912 -2.70252e-08
0.134002 -2.57725e-08
0.134092 -2.40195e-08
0.134182 -2.33913e-08
0.134272 -2.23287e-08
0.134362 -2.22653e-08
0.134452 -2.03069e-08
0.134542 -1.92111e-08
0.134631 -1.84833e-08
0.134721 -1.87637e-08
0.134811 -1.87294e-08
