-0.134811 -5.88808e-08
-0.134721 -5.86649e-08
-0.134631 -5.91878e-08
-0.134542 -5.93688e-08
-0.134452 -5.94033e-08
-0.134362 -5.93902e-08
-0.134272 -5.96558e-08
-0.134182 -5.98067e-08
-0.134092 -5.98834e-08
-0.134002 -6.00953e-08
-0.133912 -6.06301e-08
-0.133822 -6.02e-08
-0.133732 -6.03426e-08
-0.133642 -6.02104e-08
-0.133553 -5.96976e-08
-0.133463 -5.97297e-08
-0.133373 -5.98149e-08
-0.133283 -6.00952e-08
-0.133193 -5.97776e-08
-0.133103 -5.95514e-08
-0.133013 -5.92715e-08
-0.132923 -5.89505e-08
-0.132833 -5.84133e-08
-0.132743 -5.88621e-08
-0.132654 -5.85122e-08
-0.132564 -5.85534e-08
-0.132474 -5.82394e-08
-0.132384 -5.84675e-08
-0.132294 -5.8403e-08
-0.132204 -5.83403e-08
-0.132114 -5.82666e-08
-0.132024 -5.85869e-08
-0.131934 -5.8852e-08
-0.131844 -5.92636e-08
-0.131754 -5.94799e-08
-0.131665 -5.90648e-08
-0.131575 -5.91405e-08
-0.131485 -5.96538e-08
-0.131395 -5.99262e-08
-0.131305 -5.95245e-08
-0.131215 -5.9552e-08
-0.131125 -5.98497e-08
-0.131035 -6.01139e-08
-0.130945 -5.98564e-08
-0.130855 -5.97303e-08
-0.130766 -5.99406e-08
-0.130676 -5.9883e-08
-0.130586 -5.99025e-08
-0.130496 -5.98687e-08
-0.130406 -5.95861e-08
-0.130316 -5.95334e-08
-0.130226 -5.97134e-08
-0.130136 -5.96131e-08
-0.130046 -5.94326e-08
-0.129956 -5.92317e-08
-0.129867 -5.94405e-08
-0.129777 -5.91747e-08
-0.129687 -5.88926e-08
-0.129597 -5.90328e-08
-0.129507 -5.88937e-08
-0.129417 -5.88914e-08
-0.129327 -5.86403e-08
-0.129237 -5.89399e-08
-0.129147 -5.88738e-08
-0.129057 -5.89558e-08
-0.128967 -5.90291e-08
-0.128878 -5.91929e-08
-0.128788 -5.94467e-08
-0.128698 -5.98052e-08
-0.128608 -5.9626e-08
-0.128518 -5.95549e-08
-0.128428 -5.9884e-08
-0.128338 -6.03177e-08
-0.128248 -6.09481e-08
-0.128158 -6.07214e-08
-0.128068 -6.08616e-08
-0.127979 -6.09541e-08
-0.127889 -6.1255e-08
-0.127799 -6.11538e-08
-0.127709 -6.09328e-08
-0.127619 -6.09353e-08
-0.127529 -6.12305e-08
-0.127439 -6.11585e-08
-0.127349 -6.11295e-08
-0.127259 -6.09716e-08
-0.127169 -6.08205e-08
-0.127079 -6.12008e-08
-0.12699 -6.10271e-08
-0.1269 -6.10012e-08
-0.12681 -6.07069e-08
-0.12672 -6.08768e-08
-0.12663 -6.08801e-08
-0.12654 -6.13859e-08
-0.12645 -6.12709e-08
-0.12636 -6.14589e-08
-0.12627 -6.15077e-08
-0.12618 -6.16594e-08
-0.126091 -6.14283e-08
-0.126001 -6.16722e-08
-0.125911 -6.17872e-08
-0.125821 -6.20986e-08
-0.125731 -6.23711e-08
-0.125641 -6.31144e-08
-0.125551 -6.30397e-08
-0.125461 -6.29989e-08
-0.125371 -6.29458e-08
-0.125281 -6.29968e-08
-0.125191 -6.30872e-08
-0.125102 -6.34227e-08
-0.125012 -6.37876e-08
-0.124922 -6.42167e-08
-0.124832 -6.39265e-08
-0.124742 -6.39802e-08
-0.124652 -6.37665e-08
-0.124562 -6.34485e-08
-0.124472 -6.35578e-08
-0.124382 -6.36664e-08
-0.124292 -6.37954e-08
-0.124203 -6.38691e-08
-0.124113 -6.40574e-08
-0.124023 -6.40787e-08
-0.123933 -6.3591e-08
-0.123843 -6.3436e-08
-0.123753 -6.3855e-08
-0.123663 -6.39571e-08
-0.123573 -6.42598e-08
-0.123483 -6.41766e-08
-0.123393 -6.42947e-08
-0.123304 -6.4223e-08
-0.123214 -6.43616e-08
-0.123124 -6.42423e-08
-0.123034 -6.40395e-08
-0.122944 -6.42363e-08
-0.122854 -6.45811e-08
-0.122764 -6.46089e-08
-0.122674 -6.46279e-08
-0.122584 -6.46521e-08
-0.122494 -6.47638e-08
-0.122404 -6.51796e-08
-0.122315 -6.53872e-08
-0.122225 -6.53405e-08
-0.122135 -6.52419e-08
-0.122045 -6.578e-08
-0.121955 -6.60725e-08
-0.121865 -6.61588e-08
-0.121775 -6.64803e-08
-0.121685 -6.63348e-08
-0.121595 -6.63115e-08
-0.121505 -6.64449e-08
-0.121416 -6.66011e-08
-0.121326 -6.64718e-08
-0.121236 -6.65556e-08
-0.121146 -6.69182e-08
-0.121056 -6.70725e-08
-0.120966 -6.69822e-08
-0.120876 -6.69714e-08
-0.120786 -6.68883e-08
-0.120696 -6.67323e-08
-0.120606 -6.68545e-08
-0.120516 -6.71174e-08
-0.120427 -6.71733e-08
-0.120337 -6.72173e-08
-0.120247 -6.72288e-08
-0.120157 -6.72545e-08
-0.120067 -6.75835e-08
-0.119977 -6.7431e-08
-0.119887 -6.7404e-08
-0.119797 -6.75391e-08
-0.119707 -6.77336e-08
-0.119617 -6.7996e-08
-0.119528 -6.80998e-08
-0.119438 -6.80479e-08
-0.119348 -6.82059e-08
-0.119258 -6.82432e-08
-0.119168 -6.83338e-08
-0.119078 -6.83454e-08
-0.118988 -6.83639e-08
-0.118898 -6.85062e-08
-0.118808 -6.85216e-08
-0.118718 -6.84734e-08
-0.118628 -6.83544e-08
-0.118539 -6.8381e-08
-0.118449 -6.83148e-08
-0.118359 -6.8439e-08
-0.118269 -6.84063e-08
-0.118179 -6.85309e-08
-0.118089 -6.85977e-08
-0.117999 -6.86947e-08
-0.117909 -6.87254e-08
-0.117819 -6.89114e-08
-0.117729 -6.90236e-08
-0.11764 -6.92243e-08
-0.11755 -6.92364e-08
-0.11746 -6.92842e-08
-0.11737 -6.93456e-08
-0.11728 -6.92672e-08
-0.11719 -6.93091e-08
-0.1171 -6.93878e-08
-0.11701 -6.93752e-08
-0.11692 -6.95629e-08
-0.11683 -6.96076e-08
-0.116741 -6.95722e-08
-0.116651 -6.96626e-08
-0.116561 -6.97855e-08
-0.116471 -6.99036e-08
-0.116381 -7.00215e-08
-0.116291 -7.00666e-08
-0.116201 -7.01437e-08
-0.116111 -7.02263e-08
-0.116021 -7.02092e-08
-0.115931 -7.03348e-08
-0.115841 -7.0249e-08
-0.115752 -7.03747e-08
-0.115662 -7.03868e-08
-0.115572 -7.02906e-08
-0.115482 -7.01443e-08
-0.115392 -7.01994e-08
-0.115302 -7.01301e-08
-0.115212 -7.02706e-08
-0.115122 -7.03511e-08
-0.115032 -7.03494e-08
-0.114942 -7.04366e-08
-0.114853 -7.05496e-08
-0.114763 -7.05636e-08
-0.114673 -7.06489e-08
-0.114583 -7.07812e-08
-0.114493 -7.09143e-08
-0.114403 -7.09687e-08
-0.114313 -7.11162e-08
-0.114223 -7.13452e-08
-0.114133 -7.13753e-08
-0.114043 -7.14854e-08
-0.113953 -7.16914e-08
-0.113864 -7.16673e-08
-0.113774 -7.16686e-08
-0.113684 -7.17418e-08
-0.113594 -7.1687e-08
-0.113504 -7.17699e-08
-0.113414 -7.17484e-08
-0.113324 -7.19277e-08
-0.113234 -7.19423e-08
-0.113144 -7.19055e-08
-0.113054 -7.18533e-08
-0.112965 -7.16736e-08
-0.112875 -7.16283e-08
-0.112785 -7.16783e-08
-0.112695 -7.16421e-08
-0.112605 -7.18366e-08
-0.112515 -7.1846e-08
-0.112425 -7.17922e-08
-0.112335 -7.19648e-08
-0.112245 -7.19405e-08
-0.112155 -7.20228e-08
-0.112065 -7.20957e-08
-0.111976 -7.22291e-08
-0.111886 -7.23736e-08
-0.111796 -7.23935e-08
-0.111706 -7.25276e-08
-0.111616 -7.2524e-08
-0.111526 -7.24336e-08
-0.111436 -7.25502e-08
-0.111346 -7.26069e-08
-0.111256 -7.25066e-08
-0.111166 -7.25422e-08
-0.111077 -7.25307e-08
-0.110987 -7.25862e-08
-0.110897 -7.26339e-08
-0.110807 -7.27279e-08
-0.110717 -7.26621e-08
-0.110627 -7.26787e-08
-0.110537 -7.28072e-08
-0.110447 -7.29504e-08
-0.110357 -7.30236e-08
-0.110267 -7.30473e-08
-0.110178 -7.30769e-08
-0.110088 -7.32223e-08
-0.109998 -7.32024e-08
-0.109908 -7.32916e-08
-0.109818 -7.32998e-08
-0.109728 -7.33158e-08
-0.109638 -7.33164e-08
-0.109548 -7.33414e-08
-0.109458 -7.32937e-08
-0.109368 -7.3355e-08
-0.109278 -7.34645e-08
-0.109189 -7.35797e-08
-0.109099 -7.3617e-08
-0.109009 -7.34951e-08
-0.108919 -7.35486e-08
-0.108829 -7.35373e-08
-0.108739 -7.36372e-08
-0.108649 -7.37792e-08
-0.108559 -7.39104e-08
-0.108469 -7.39832e-08
-0.108379 -7.40391e-08
-0.10829 -7.40059e-08
-0.1082 -7.40386e-08
-0.10811 -7.40587e-08
-0.10802 -7.40961e-08
-0.10793 -7.42105e-08
-0.10784 -7.44002e-08
-0.10775 -7.44462e-08
-0.10766 -7.4492e-08
-0.10757 -7.45102e-08
-0.10748 -7.46401e-08
-0.10739 -7.4676e-08
-0.107301 -7.47934e-08
-0.107211 -7.47627e-08
-0.107121 -7.46975e-08
-0.107031 -7.47949e-08
-0.106941 -7.47643e-08
-0.106851 -7.47636e-08
-0.106761 -7.47404e-08
-0.106671 -7.47384e-08
-0.106581 -7.4732e-08
-0.106491 -7.47278e-08
-0.106402 -7.47288e-08
-0.106312 -7.47513e-08
-0.106222 -7.46941e-08
-0.106132 -7.47571e-08
-0.106042 -7.48416e-08
-0.105952 -7.48598e-08
-0.105862 -7.50037e-08
-0.105772 -7.49462e-08
-0.105682 -7.4968e-08
-0.105592 -7.50289e-08
-0.105502 -7.50412e-08
-0.105413 -7.5044e-08
-0.105323 -7.51199e-08
-0.105233 -7.51541e-08
-0.105143 -7.52285e-08
-0.105053 -7.52374e-08
-0.104963 -7.52448e-08
-0.104873 -7.52174e-08
-0.104783 -7.52825e-08
-0.104693 -7.5276e-08
-0.104603 -7.53669e-08
-0.104514 -7.5357e-08
-0.104424 -7.53775e-08
-0.104334 -7.53915e-08
-0.104244 -7.5451e-08
-0.104154 -7.5477e-08
-0.104064 -7.54939e-08
-0.103974 -7.55606e-08
-0.103884 -7.55123e-08
-0.103794 -7.55811e-08
-0.103704 -7.55953e-08
-0.103614 -7.56353e-08
-0.103525 -7.55613e-08
-0.103435 -7.55705e-08
-0.103345 -7.55825e-08
-0.103255 -7.55731e-08
-0.103165 -7.556e-08
-0.103075 -7.56396e-08
-0.102985 -7.5686e-08
-0.102895 -7.57514e-08
-0.102805 -7.58356e-08
-0.102715 -7.58608e-08
-0.102626 -7.59444e-08
-0.102536 -7.60209e-08
-0.102446 -7.60365e-08
-0.102356 -7.60873e-08
-0.102266 -7.61371e-08
-0.102176 -7.6116e-08
-0.102086 -7.60793e-08
-0.101996 -7.61137e-08
-0.101906 -7.60533e-08
-0.101816 -7.59745e-08
-0.101727 -7.59659e-08
-0.101637 -7.59314e-08
-0.101547 -7.58776e-08
-0.101457 -7.58973e-08
-0.101367 -7.59215e-08
-0.101277 -7.59865e-08
-0.101187 -7.60276e-08
-0.101097 -7.60429e-08
-0.101007 -7.60886e-08
-0.100917 -7.60825e-08
-0.100827 -7.61883e-08
-0.100738 -7.61872e-08
-0.100648 -7.62258e-08
-0.100558 -7.62881e-08
-0.100468 -7.62488e-08
-0.100378 -7.63151e-08
-0.100288 -7.63446e-08
-0.100198 -7.62796e-08
-0.100108 -7.6347e-08
-0.100018 -7.63511e-08
-0.0999284 -7.64274e-08
-0.0998385 -7.6514e-08
-0.0997486 -7.65319e-08
-0.0996587 -7.6577e-08
-0.0995688 -7.65844e-08
-0.0994789 -7.6601e-08
-0.099389 -7.672e-08
-0.0992991 -7.66694e-08
-0.0992092 -7.67648e-08
-0.0991193 -7.67762e-08
-0.0990294 -7.68498e-08
-0.0989395 -7.68249e-08
-0.0988496 -7.67522e-08
-0.0987597 -7.66821e-08
-0.0986698 -7.66983e-08
-0.0985799 -7.67168e-08
-0.09849 -7.67793e-08
-0.0984001 -7.68048e-08
-0.0983102 -7.6783e-08
-0.0982202 -7.67848e-08
-0.0981303 -7.67812e-08
-0.0980404 -7.68066e-08
-0.0979505 -7.67407e-08
-0.0978606 -7.67835e-08
-0.0977707 -7.67921e-08
-0.0976808 -7.69089e-08
-0.0975909 -7.69178e-08
-0.097501 -7.69056e-08
-0.0974111 -7.68792e-08
-0.0973212 -7.68493e-08
-0.0972313 -7.67505e-08
-0.0971414 -7.67509e-08
-0.0970515 -7.67714e-08
-0.0969616 -7.67723e-08
-0.0968717 -7.68131e-08
-0.0967818 -7.68462e-08
-0.0966919 -7.67645e-08
-0.096602 -7.67462e-08
-0.0965121 -7.67526e-08
-0.0964222 -7.67436e-08
-0.0963323 -7.67599e-08
-0.0962424 -7.67905e-08
-0.0961525 -7.69176e-08
-0.0960626 -7.68482e-08
-0.0959726 -7.68283e-08
-0.0958827 -7.68335e-08
-0.0957928 -7.68507e-08
-0.0957029 -7.68336e-08
-0.095613 -7.68827e-08
-0.0955231 -7.68722e-08
-0.0954332 -7.68904e-08
-0.0953433 -7.68564e-08
-0.0952534 -7.68384e-08
-0.0951635 -7.68059e-08
-0.0950736 -7.67532e-08
-0.0949837 -7.68159e-08
-0.0948938 -7.67976e-08
-0.0948039 -7.6806e-08
-0.094714 -7.67882e-08
-0.0946241 -7.67765e-08
-0.0945342 -7.6737e-08
-0.0944443 -7.66982e-08
-0.0943544 -7.66764e-08
-0.0942645 -7.66947e-08
-0.0941746 -7.66822e-08
-0.0940847 -7.67301e-08
-0.0939948 -7.66498e-08
-0.0939049 -7.65672e-08
-0.0938149 -7.65294e-08
-0.093725 -7.65543e-08
-0.0936351 -7.65614e-08
-0.0935452 -7.65976e-08
-0.0934553 -7.66199e-08
-0.0933654 -7.66106e-08
-0.0932755 -7.65731e-08
-0.0931856 -7.66135e-08
-0.0930957 -7.65692e-08
-0.0930058 -7.65032e-08
-0.0929159 -7.65504e-08
-0.092826 -7.65525e-08
-0.0927361 -7.65164e-08
-0.0926462 -7.65045e-08
-0.0925563 -7.65089e-08
-0.0924664 -7.64222e-08
-0.0923765 -7.6391e-08
-0.0922866 -7.63675e-08
-0.0921967 -7.63703e-08
-0.0921068 -7.6327e-08
-0.0920169 -7.6349e-08
-0.091927 -7.63536e-08
-0.0918371 -7.63162e-08
-0.0917472 -7.62892e-08
-0.0916572 -7.62883e-08
-0.0915673 -7.62485e-08
-0.0914774 -7.62561e-08
-0.0913875 -7.62102e-08
-0.0912976 -7.61871e-08
-0.0912077 -7.62019e-08
-0.0911178 -7.61785e-08
-0.0910279 -7.61691e-08
-0.090938 -7.61533e-08
-0.0908481 -7.61151e-08
-0.0907582 -7.61393e-08
-0.0906683 -7.61232e-08
-0.0905784 -7.60471e-08
-0.0904885 -7.59805e-08
-0.0903986 -7.58995e-08
-0.0903087 -7.59303e-08
-0.0902188 -7.58647e-08
-0.0901289 -7.58371e-08
-0.090039 -7.57538e-08
-0.0899491 -7.56698e-08
-0.0898592 -7.56344e-08
-0.0897693 -7.568e-08
-0.0896794 -7.56314e-08
-0.0895895 -7.56278e-08
-0.0894995 -7.56067e-08
-0.0894096 -7.56088e-08
-0.0893197 -7.5633e-08
-0.0892298 -7.55281e-08
-0.0891399 -7.55105e-08
-0.08905 -7.54659e-08
-0.0889601 -7.54796e-08
-0.0888702 -7.54543e-08
-0.0887803 -7.54134e-08
-0.0886904 -7.53473e-08
-0.0886005 -7.53054e-08
-0.0885106 -7.52414e-08
-0.0884207 -7.51913e-08
-0.0883308 -7.51175e-08
-0.0882409 -7.51332e-08
-0.088151 -7.51587e-08
-0.0880611 -7.50975e-08
-0.0879712 -7.50714e-08
-0.0878813 -7.50318e-08
-0.0877914 -7.50172e-08
-0.0877015 -7.49631e-08
-0.0876116 -7.49277e-08
-0.0875217 -7.48644e-08
-0.0874318 -7.48655e-08
-0.0873418 -7.48072e-08
-0.0872519 -7.47547e-08
-0.087162 -7.46942e-08
-0.0870721 -7.46731e-08
-0.0869822 -7.46407e-08
-0.0868923 -7.46408e-08
-0.0868024 -7.45652e-08
-0.0867125 -7.45172e-08
-0.0866226 -7.44908e-08
-0.0865327 -7.44423e-08
-0.0864428 -7.44326e-08
-0.0863529 -7.43774e-08
-0.086263 -7.43954e-08
-0.0861731 -7.43278e-08
-0.0860832 -7.43331e-08
-0.0859933 -7.42661e-08
-0.0859034 -7.42302e-08
-0.0858135 -7.41459e-08
-0.0857236 -7.41308e-08
-0.0856337 -7.40875e-08
-0.0855438 -7.4012e-08
-0.0854539 -7.39616e-08
-0.085364 -7.38803e-08
-0.0852741 -7.38412e-08
-0.0851841 -7.38161e-08
-0.0850942 -7.374e-08
-0.0850043 -7.3689e-08
-0.0849144 -7.36435e-08
-0.0848245 -7.36004e-08
-0.0847346 -7.35571e-08
-0.0846447 -7.35102e-08
-0.0845548 -7.34769e-08
-0.0844649 -7.34305e-08
-0.084375 -7.33795e-08
-0.0842851 -7.33388e-08
-0.0841952 -7.32367e-08
-0.0841053 -7.3208e-08
-0.0840154 -7.31496e-08
-0.0839255 -7.30736e-08
-0.0838356 -7.29964e-08
-0.0837457 -7.29293e-08
-0.0836558 -7.28731e-08
-0.0835659 -7.28149e-08
-0.083476 -7.27681e-08
-0.0833861 -7.27101e-08
-0.0832962 -7.26455e-08
-0.0832063 -7.25746e-08
-0.0831164 -7.25265e-08
-0.0830264 -7.24985e-08
-0.0829365 -7.24631e-08
-0.0828466 -7.24574e-08
-0.0827567 -7.24258e-08
-0.0826668 -7.23763e-08
-0.0825769 -7.23031e-08
-0.082487 -7.22751e-08
-0.0823971 -7.22822e-08
-0.0823072 -7.22554e-08
-0.0822173 -7.2234e-08
-0.0821274 -7.22089e-08
-0.0820375 -7.21494e-08
-0.0819476 -7.21067e-08
-0.0818577 -7.20402e-08
-0.0817678 -7.19674e-08
-0.0816779 -7.18869e-08
-0.081588 -7.1814e-08
-0.0814981 -7.17292e-08
-0.0814082 -7.16577e-08
-0.0813183 -7.16128e-08
-0.0812284 -7.15531e-08
-0.0811385 -7.14956e-08
-0.0810486 -7.14758e-08
-0.0809587 -7.14028e-08
-0.0808687 -7.13369e-08
-0.0807788 -7.13028e-08
-0.0806889 -7.1262e-08
-0.080599 -7.1235e-08
-0.0805091 -7.1197e-08
-0.0804192 -7.11367e-08
-0.0803293 -7.10815e-08
-0.0802394 -7.10348e-08
-0.0801495 -7.09883e-08
-0.0800596 -7.09478e-08
-0.0799697 -7.09077e-08
-0.0798798 -7.08386e-08
-0.0797899 -7.08217e-08
-0.0797 -7.07427e-08
-0.0796101 -7.06898e-08
-0.0795202 -7.06054e-08
-0.0794303 -7.05854e-08
-0.0793404 -7.05333e-08
-0.0792505 -7.0478e-08
-0.0791606 -7.03779e-08
-0.0790707 -7.03413e-08
-0.0789808 -7.02704e-08
-0.0788909 -7.01519e-08
-0.078801 -7.0072e-08
-0.078711 -7.00133e-08
-0.0786211 -6.99611e-08
-0.0785312 -6.98873e-08
-0.0784413 -6.98383e-08
-0.0783514 -6.9755e-08
-0.0782615 -6.97228e-08
-0.0781716 -6.96484e-08
-0.0780817 -6.95928e-08
-0.0779918 -6.95137e-08
-0.0779019 -6.94177e-08
-0.077812 -6.9347e-08
-0.0777221 -6.9263e-08
-0.0776322 -6.91828e-08
-0.0775423 -6.91675e-08
-0.0774524 -6.90935e-08
-0.0773625 -6.89961e-08
-0.0772726 -6.89346e-08
-0.0771827 -6.88479e-08
-0.0770928 -6.8764e-08
-0.0770029 -6.871e-08
-0.076913 -6.86353e-08
-0.0768231 -6.85721e-08
-0.0767332 -6.85117e-08
-0.0766433 -6.8456e-08
-0.0765534 -6.8395e-08
-0.0764634 -6.83252e-08
-0.0763735 -6.82452e-08
-0.0762836 -6.81825e-08
-0.0761937 -6.81078e-08
-0.0761038 -6.80195e-08
-0.0760139 -6.7953e-08
-0.075924 -6.78572e-08
-0.0758341 -6.77749e-08
-0.0757442 -6.76883e-08
-0.0756543 -6.76091e-08
-0.0755644 -6.75298e-08
-0.0754745 -6.74523e-08
-0.0753846 -6.73814e-08
-0.0752947 -6.7307e-08
-0.0752048 -6.72491e-08
-0.0751149 -6.718e-08
-0.075025 -6.71387e-08
-0.0749351 -6.70553e-08
-0.0748452 -6.69741e-08
-0.0747553 -6.69078e-08
-0.0746654 -6.68265e-08
-0.0745755 -6.67555e-08
-0.0744856 -6.66689e-08
-0.0743957 -6.6594e-08
-0.0743057 -6.65221e-08
-0.0742158 -6.64479e-08
-0.0741259 -6.63776e-08
-0.074036 -6.62955e-08
-0.0739461 -6.62096e-08
-0.0738562 -6.6123e-08
-0.0737663 -6.6055e-08
-0.0736764 -6.59721e-08
-0.0735865 -6.58767e-08
-0.0734966 -6.57919e-08
-0.0734067 -6.57125e-08
-0.0733168 -6.55945e-08
-0.0732269 -6.54948e-08
-0.073137 -6.53953e-08
-0.0730471 -6.53091e-08
-0.0729572 -6.5222e-08
-0.0728673 -6.51538e-08
-0.0727774 -6.504e-08
-0.0726875 -6.49565e-08
-0.0725976 -6.48655e-08
-0.0725077 -6.47891e-08
-0.0724178 -6.46908e-08
-0.0723279 -6.45998e-08
-0.072238 -6.45372e-08
-0.072148 -6.44565e-08
-0.0720581 -6.43862e-08
-0.0719682 -6.43186e-08
-0.0718783 -6.42226e-08
-0.0717884 -6.41595e-08
-0.0716985 -6.40854e-08
-0.0716086 -6.39998e-08
-0.0715187 -6.39168e-08
-0.0714288 -6.38569e-08
-0.0713389 -6.37923e-08
-0.071249 -6.36934e-08
-0.0711591 -6.35962e-08
-0.0710692 -6.3492e-08
-0.0709793 -6.3388e-08
-0.0708894 -6.32943e-08
-0.0707995 -6.32027e-08
-0.0707096 -6.31298e-08
-0.0706197 -6.30411e-08
-0.0705298 -6.29455e-08
-0.0704399 -6.28603e-08
-0.07035 -6.27742e-08
-0.0702601 -6.26747e-08
-0.0701702 -6.25864e-08
-0.0700803 -6.25045e-08
-0.0699903 -6.24207e-08
-0.0699004 -6.23348e-08
-0.0698105 -6.227e-08
-0.0697206 -6.21869e-08
-0.0696307 -6.21171e-08
-0.0695408 -6.202e-08
-0.0694509 -6.19339e-08
-0.069361 -6.18791e-08
-0.0692711 -6.17879e-08
-0.0691812 -6.16974e-08
-0.0690913 -6.16322e-08
-0.0690014 -6.15532e-08
-0.0689115 -6.14633e-08
-0.0688216 -6.1357e-08
-0.0687317 -6.1249e-08
-0.0686418 -6.11516e-08
-0.0685519 -6.10693e-08
-0.068462 -6.09723e-08
-0.0683721 -6.08666e-08
-0.0682822 -6.0771e-08
-0.0681923 -6.06771e-08
-0.0681024 -6.05889e-08
-0.0680125 -6.04818e-08
-0.0679226 -6.03784e-08
-0.0678326 -6.02593e-08
-0.0677427 -6.01483e-08
-0.0676528 -6.00367e-08
-0.0675629 -5.99138e-08
-0.067473 -5.9806e-08
-0.0673831 -5.97106e-08
-0.0672932 -5.96208e-08
-0.0672033 -5.95384e-08
-0.0671134 -5.94466e-08
-0.0670235 -5.93465e-08
-0.0669336 -5.92602e-08
-0.0668437 -5.91681e-08
-0.0667538 -5.90426e-08
-0.0666639 -5.89601e-08
-0.066574 -5.88726e-08
-0.0664841 -5.8779e-08
-0.0663942 -5.86727e-08
-0.0663043 -5.85898e-08
-0.0662144 -5.84991e-08
-0.0661245 -5.83908e-08
-0.0660346 -5.83151e-08
-0.0659447 -5.82129e-08
-0.0658548 -5.81063e-08
-0.0657649 -5.80207e-08
-0.0656749 -5.79232e-08
-0.065585 -5.78163e-08
-0.0654951 -5.77241e-08
-0.0654052 -5.76411e-08
-0.0653153 -5.75459e-08
-0.0652254 -5.74371e-08
-0.0651355 -5.73302e-08
-0.0650456 -5.72276e-08
-0.0649557 -5.7127e-08
-0.0648658 -5.70277e-08
-0.0647759 -5.69286e-08
-0.064686 -5.6828e-08
-0.0645961 -5.6723e-08
-0.0645062 -5.66322e-08
-0.0644163 -5.65521e-08
-0.0643264 -5.64653e-08
-0.0642365 -5.63654e-08
-0.0641466 -5.62492e-08
-0.0640567 -5.61488e-08
-0.0639668 -5.60575e-08
-0.0638769 -5.59668e-08
-0.063787 -5.58857e-08
-0.0636971 -5.57667e-08
-0.0636072 -5.56603e-08
-0.0635172 -5.55603e-08
-0.0634273 -5.54625e-08
-0.0633374 -5.53681e-08
-0.0632475 -5.52602e-08
-0.0631576 -5.51578e-08
-0.0630677 -5.50477e-08
-0.0629778 -5.49624e-08
-0.0628879 -5.48457e-08
-0.062798 -5.47623e-08
-0.0627081 -5.46564e-08
-0.0626182 -5.45418e-08
-0.0625283 -5.44328e-08
-0.0624384 -5.43293e-08
-0.0623485 -5.42198e-08
-0.0622586 -5.41187e-08
-0.0621687 -5.40242e-08
-0.0620788 -5.39276e-08
-0.0619889 -5.38058e-08
-0.061899 -5.36964e-08
-0.0618091 -5.35953e-08
-0.0617192 -5.34837e-08
-0.0616293 -5.33784e-08
-0.0615394 -5.32695e-08
-0.0614495 -5.3189e-08
-0.0613595 -5.3097e-08
-0.0612696 -5.29945e-08
-0.0611797 -5.28878e-08
-0.0610898 -5.28009e-08
-0.0609999 -5.26915e-08
-0.06091 -5.26133e-08
-0.0608201 -5.25139e-08
-0.0607302 -5.24195e-08
-0.0606403 -5.2339e-08
-0.0605504 -5.22428e-08
-0.0604605 -5.21369e-08
-0.0603706 -5.20266e-08
-0.0602807 -5.1922e-08
-0.0601908 -5.18191e-08
-0.0601009 -5.17129e-08
-0.060011 -5.16189e-08
-0.0599211 -5.15094e-08
-0.0598312 -5.13833e-08
-0.0597413 -5.12814e-08
-0.0596514 -5.11732e-08
-0.0595615 -5.10703e-08
-0.0594716 -5.09645e-08
-0.0593817 -5.08535e-08
-0.0592918 -5.07473e-08
-0.0592018 -5.06404e-08
-0.0591119 -5.05268e-08
-0.059022 -5.0411e-08
-0.0589321 -5.02953e-08
-0.0588422 -5.01927e-08
-0.0587523 -5.00774e-08
-0.0586624 -4.99562e-08
-0.0585725 -4.98326e-08
-0.0584826 -4.97257e-08
-0.0583927 -4.96229e-08
-0.0583028 -4.94995e-08
-0.0582129 -4.93718e-08
-0.058123 -4.92701e-08
-0.0580331 -4.91441e-08
-0.0579432 -4.90332e-08
-0.0578533 -4.88963e-08
-0.0577634 -4.87911e-08
-0.0576735 -4.86719e-08
-0.0575836 -4.85379e-08
-0.0574937 -4.84221e-08
-0.0574038 -4.83109e-08
-0.0573139 -4.81864e-08
-0.057224 -4.80507e-08
-0.0571341 -4.79105e-08
-0.0570442 -4.78029e-08
-0.0569542 -4.76821e-08
-0.0568643 -4.75416e-08
-0.0567744 -4.7408e-08
-0.0566845 -4.72797e-08
-0.0565946 -4.7152e-08
-0.0565047 -4.70163e-08
-0.0564148 -4.69036e-08
-0.0563249 -4.67738e-08
-0.056235 -4.66485e-08
-0.0561451 -4.65423e-08
-0.0560552 -4.64245e-08
-0.0559653 -4.6301e-08
-0.0558754 -4.61784e-08
-0.0557855 -4.60413e-08
-0.0556956 -4.59159e-08
-0.0556057 -4.57899e-08
-0.0555158 -4.56616e-08
-0.0554259 -4.55415e-08
-0.055336 -4.54161e-08
-0.0552461 -4.52963e-08
-0.0551562 -4.51714e-08
-0.0550663 -4.50475e-08
-0.0549764 -4.49249e-08
-0.0548865 -4.48049e-08
-0.0547965 -4.46897e-08
-0.0547066 -4.45808e-08
-0.0546167 -4.44483e-08
-0.0545268 -4.431e-08
-0.0544369 -4.41803e-08
-0.054347 -4.40628e-08
-0.0542571 -4.39493e-08
-0.0541672 -4.38357e-08
-0.0540773 -4.37139e-08
-0.0539874 -4.35779e-08
-0.0538975 -4.34567e-08
-0.0538076 -4.33309e-08
-0.0537177 -4.32165e-08
-0.0536278 -4.30993e-08
-0.0535379 -4.29767e-08
-0.053448 -4.2867e-08
-0.0533581 -4.27569e-08
-0.0532682 -4.26378e-08
-0.0531783 -4.25238e-08
-0.0530884 -4.24181e-08
-0.0529985 -4.23018e-08
-0.0529086 -4.21898e-08
-0.0528187 -4.20662e-08
-0.0527288 -4.19566e-08
-0.0526388 -4.18349e-08
-0.0525489 -4.17179e-08
-0.052459 -4.16027e-08
-0.0523691 -4.14865e-08
-0.0522792 -4.13718e-08
-0.0521893 -4.12425e-08
-0.0520994 -4.11309e-08
-0.0520095 -4.10136e-08
-0.0519196 -4.08922e-08
-0.0518297 -4.07667e-08
-0.0517398 -4.06344e-08
-0.0516499 -4.05129e-08
-0.05156 -4.03869e-08
-0.0514701 -4.02604e-08
-0.0513802 -4.01357e-08
-0.0512903 -4.00123e-08
-0.0512004 -3.98875e-08
-0.0511105 -3.97643e-08
-0.0510206 -3.96338e-08
-0.0509307 -3.95118e-08
-0.0508408 -3.93815e-08
-0.0507509 -3.92537e-08
-0.050661 -3.91284e-08
-0.0505711 -3.90087e-08
-0.0504811 -3.88891e-08
-0.0503912 -3.8763e-08
-0.0503013 -3.86432e-08
-0.0502114 -3.85264e-08
-0.0501215 -3.84001e-08
-0.0500316 -3.8273e-08
-0.0499417 -3.81506e-08
-0.0498518 -3.80363e-08
-0.0497619 -3.79135e-08
-0.049672 -3.78013e-08
-0.0495821 -3.76814e-08
-0.0494922 -3.75662e-08
-0.0494023 -3.74455e-08
-0.0493124 -3.73274e-08
-0.0492225 -3.72063e-08
-0.0491326 -3.70786e-08
-0.0490427 -3.69509e-08
-0.0489528 -3.6823e-08
-0.0488629 -3.66976e-08
-0.048773 -3.65771e-08
-0.0486831 -3.64545e-08
-0.0485932 -3.63271e-08
-0.0485033 -3.62031e-08
-0.0484134 -3.60783e-08
-0.0483234 -3.59544e-08
-0.0482335 -3.58151e-08
-0.0481436 -3.56888e-08
-0.0480537 -3.55602e-08
-0.0479638 -3.54329e-08
-0.0478739 -3.53042e-08
-0.047784 -3.51753e-08
-0.0476941 -3.50452e-08
-0.0476042 -3.49181e-08
-0.0475143 -3.47932e-08
-0.0474244 -3.46797e-08
-0.0473345 -3.45471e-08
-0.0472446 -3.44077e-08
-0.0471547 -3.42754e-08
-0.0470648 -3.41431e-08
-0.0469749 -3.40184e-08
-0.046885 -3.38897e-08
-0.0467951 -3.37522e-08
-0.0467052 -3.36303e-08
-0.0466153 -3.35022e-08
-0.0465254 -3.33872e-08
-0.0464355 -3.32651e-08
-0.0463456 -3.31404e-08
-0.0462557 -3.30169e-08
-0.0461657 -3.29025e-08
-0.0460758 -3.27766e-08
-0.0459859 -3.26461e-08
-0.045896 -3.25207e-08
-0.0458061 -3.23982e-08
-0.0457162 -3.22596e-08
-0.0456263 -3.21274e-08
-0.0455364 -3.1994e-08
-0.0454465 -3.1867e-08
-0.0453566 -3.17417e-08
-0.0452667 -3.16157e-08
-0.0451768 -3.14941e-08
-0.0450869 -3.13644e-08
-0.044997 -3.12456e-08
-0.0449071 -3.1116e-08
-0.0448172 -3.09898e-08
-0.0447273 -3.08711e-08
-0.0446374 -3.07397e-08
-0.0445475 -3.06186e-08
-0.0444576 -3.04872e-08
-0.0443677 -3.03571e-08
-0.0442778 -3.02367e-08
-0.0441879 -3.01031e-08
-0.044098 -2.99712e-08
-0.044008 -2.98433e-08
-0.0439181 -2.97222e-08
-0.0438282 -2.95951e-08
-0.0437383 -2.94745e-08
-0.0436484 -2.93536e-08
-0.0435585 -2.92348e-08
-0.0434686 -2.91192e-08
-0.0433787 -2.8992e-08
-0.0432888 -2.88795e-08
-0.0431989 -2.87419e-08
-0.043109 -2.86148e-08
-0.0430191 -2.8489e-08
-0.0429292 -2.83645e-08
-0.0428393 -2.82426e-08
-0.0427494 -2.81219e-08
-0.0426595 -2.80061e-08
-0.0425696 -2.78777e-08
-0.0424797 -2.77502e-08
-0.0423898 -2.76206e-08
-0.0422999 -2.74968e-08
-0.04221 -2.73752e-08
-0.0421201 -2.72476e-08
-0.0420302 -2.71246e-08
-0.0419403 -2.69989e-08
-0.0418503 -2.68854e-08
-0.0417604 -2.67718e-08
-0.0416705 -2.66468e-08
-0.0415806 -2.65166e-08
-0.0414907 -2.63854e-08
-0.0414008 -2.62653e-08
-0.0413109 -2.61432e-08
-0.041221 -2.60245e-08
-0.0411311 -2.59033e-08
-0.0410412 -2.57792e-08
-0.0409513 -2.56561e-08
-0.0408614 -2.55379e-08
-0.0407715 -2.54252e-08
-0.0406816 -2.5308e-08
-0.0405917 -2.51869e-08
-0.0405018 -2.50662e-08
-0.0404119 -2.49523e-08
-0.040322 -2.48356e-08
-0.0402321 -2.47198e-08
-0.0401422 -2.46042e-08
-0.0400523 -2.44854e-08
-0.0399624 -2.43671e-08
-0.0398725 -2.42523e-08
-0.0397826 -2.41391e-08
-0.0396927 -2.40256e-08
-0.0396027 -2.39117e-08
-0.0395128 -2.37891e-08
-0.0394229 -2.36708e-08
-0.039333 -2.35533e-08
-0.0392431 -2.34382e-08
-0.0391532 -2.33229e-08
-0.0390633 -2.32064e-08
-0.0389734 -2.30905e-08
-0.0388835 -2.29761e-08
-0.0387936 -2.28601e-08
-0.0387037 -2.27439e-08
-0.0386138 -2.26319e-08
-0.0385239 -2.25119e-08
-0.038434 -2.23826e-08
-0.0383441 -2.22663e-08
-0.0382542 -2.21443e-08
-0.0381643 -2.20313e-08
-0.0380744 -2.19147e-08
-0.0379845 -2.17971e-08
-0.0378946 -2.16775e-08
-0.0378047 -2.1559e-08
-0.0377148 -2.14414e-08
-0.0376249 -2.13247e-08
-0.037535 -2.12033e-08
-0.037445 -2.10876e-08
-0.0373551 -2.09746e-08
-0.0372652 -2.08631e-08
-0.0371753 -2.07416e-08
-0.0370854 -2.06332e-08
-0.0369955 -2.05144e-08
-0.0369056 -2.03994e-08
-0.0368157 -2.02813e-08
-0.0367258 -2.01702e-08
-0.0366359 -2.00608e-08
-0.036546 -1.99454e-08
-0.0364561 -1.98308e-08
-0.0363662 -1.9718e-08
-0.0362763 -1.96033e-08
-0.0361864 -1.94997e-08
-0.0360965 -1.9392e-08
-0.0360066 -1.92769e-08
-0.0359167 -1.9163e-08
-0.0358268 -1.90567e-08
-0.0357369 -1.89462e-08
-0.035647 -1.88416e-08
-0.0355571 -1.87369e-08
-0.0354672 -1.86298e-08
-0.0353773 -1.85223e-08
-0.0352873 -1.84113e-08
-0.0351974 -1.83038e-08
-0.0351075 -1.82017e-08
-0.0350176 -1.80952e-08
-0.0349277 -1.79873e-08
-0.0348378 -1.78852e-08
-0.0347479 -1.77766e-08
-0.034658 -1.7664e-08
-0.0345681 -1.75522e-08
-0.0344782 -1.74424e-08
-0.0343883 -1.73317e-08
-0.0342984 -1.72288e-08
-0.0342085 -1.71263e-08
-0.0341186 -1.70236e-08
-0.0340287 -1.6921e-08
-0.0339388 -1.68201e-08
-0.0338489 -1.67135e-08
-0.033759 -1.66085e-08
-0.0336691 -1.65062e-08
-0.0335792 -1.63979e-08
-0.0334893 -1.62822e-08
-0.0333994 -1.6175e-08
-0.0333095 -1.60706e-08
-0.0332196 -1.59719e-08
-0.0331296 -1.58748e-08
-0.0330397 -1.57721e-08
-0.0329498 -1.56659e-08
-0.0328599 -1.55614e-08
-0.03277 -1.54497e-08
-0.0326801 -1.5346e-08
-0.0325902 -1.52393e-08
-0.0325003 -1.51354e-08
-0.0324104 -1.50348e-08
-0.0323205 -1.49349e-08
-0.0322306 -1.48312e-08
-0.0321407 -1.47327e-08
-0.0320508 -1.46409e-08
-0.0319609 -1.4533e-08
-0.031871 -1.44353e-08
-0.0317811 -1.43379e-08
-0.0316912 -1.42426e-08
-0.0316013 -1.41399e-08
-0.0315114 -1.4033e-08
-0.0314215 -1.39442e-08
-0.0313316 -1.38479e-08
-0.0312417 -1.37519e-08
-0.0311518 -1.36537e-08
-0.0310619 -1.35631e-08
-0.0309719 -1.34694e-08
-0.030882 -1.33743e-08
-0.0307921 -1.3285e-08
-0.0307022 -1.31961e-08
-0.0306123 -1.31039e-08
-0.0305224 -1.30048e-08
-0.0304325 -1.29158e-08
-0.0303426 -1.28315e-08
-0.0302527 -1.27397e-08
-0.0301628 -1.26563e-08
-0.0300729 -1.25665e-08
-0.029983 -1.24769e-08
-0.0298931 -1.23864e-08
-0.0298032 -1.23018e-08
-0.0297133 -1.22126e-08
-0.0296234 -1.21262e-08
-0.0295335 -1.20372e-08
-0.0294436 -1.19445e-08
-0.0293537 -1.18584e-08
-0.0292638 -1.17699e-08
-0.0291739 -1.16781e-08
-0.029084 -1.15932e-08
-0.0289941 -1.1504e-08
-0.0289042 -1.14122e-08
-0.0288142 -1.13258e-08
-0.0287243 -1.12419e-08
-0.0286344 -1.11602e-08
-0.0285445 -1.10758e-08
-0.0284546 -1.09874e-08
-0.0283647 -1.08992e-08
-0.0282748 -1.08193e-08
-0.0281849 -1.07389e-08
-0.028095 -1.06524e-08
-0.0280051 -1.05701e-08
-0.0279152 -1.04767e-08
-0.0278253 -1.03902e-08
-0.0277354 -1.03043e-08
-0.0276455 -1.02233e-08
-0.0275556 -1.01415e-08
-0.0274657 -1.00569e-08
-0.0273758 -9.97472e-09
-0.0272859 -9.89493e-09
-0.027196 -9.82014e-09
-0.0271061 -9.74001e-09
-0.0270162 -9.66054e-09
-0.0269263 -9.58359e-09
-0.0268364 -9.50183e-09
-0.0267465 -9.42131e-09
-0.0266565 -9.3458e-09
-0.0265666 -9.26786e-09
-0.0264767 -9.18978e-09
-0.0263868 -9.11404e-09
-0.0262969 -9.03668e-09
-0.026207 -8.9682e-09
-0.0261171 -8.88821e-09
-0.0260272 -8.81405e-09
-0.0259373 -8.73885e-09
-0.0258474 -8.66705e-09
-0.0257575 -8.59165e-09
-0.0256676 -8.52423e-09
-0.0255777 -8.45242e-09
-0.0254878 -8.37999e-09
-0.0253979 -8.31467e-09
-0.025308 -8.24213e-09
-0.0252181 -8.1755e-09
-0.0251282 -8.11042e-09
-0.0250383 -8.04524e-09
-0.0249484 -7.97609e-09
-0.0248585 -7.90976e-09
-0.0247686 -7.83824e-09
-0.0246787 -7.77285e-09
-0.0245888 -7.71006e-09
-0.0244988 -7.63744e-09
-0.0244089 -7.5712e-09
-0.024319 -7.50782e-09
-0.0242291 -7.43875e-09
-0.0241392 -7.37394e-09
-0.0240493 -7.3106e-09
-0.0239594 -7.24862e-09
-0.0238695 -7.17717e-09
-0.0237796 -7.1194e-09
-0.0236897 -7.05034e-09
-0.0235998 -6.99434e-09
-0.0235099 -6.93201e-09
-0.02342 -6.86489e-09
-0.0233301 -6.8039e-09
-0.0232402 -6.74111e-09
-0.0231503 -6.67492e-09
-0.0230604 -6.61368e-09
-0.0229705 -6.55513e-09
-0.0228806 -6.4944e-09
-0.0227907 -6.43447e-09
-0.0227008 -6.37207e-09
-0.0226109 -6.30662e-09
-0.022521 -6.24937e-09
-0.0224311 -6.1874e-09
-0.0223411 -6.12408e-09
-0.0222512 -6.06045e-09
-0.0221613 -6.00085e-09
-0.0220714 -5.94239e-09
-0.0219815 -5.8845e-09
-0.0218916 -5.8286e-09
-0.0218017 -5.77263e-09
-0.0217118 -5.71311e-09
-0.0216219 -5.64619e-09
-0.021532 -5.58589e-09
-0.0214421 -5.53439e-09
-0.0213522 -5.4765e-09
-0.0212623 -5.41745e-09
-0.0211724 -5.35975e-09
-0.0210825 -5.30529e-09
-0.0209926 -5.25173e-09
-0.0209027 -5.18987e-09
-0.0208128 -5.13705e-09
-0.0207229 -5.0832e-09
-0.020633 -5.03007e-09
-0.0205431 -4.96974e-09
-0.0204532 -4.91625e-09
-0.0203633 -4.87064e-09
-0.0202734 -4.81787e-09
-0.0201835 -4.77259e-09
-0.0200935 -4.72518e-09
-0.0200036 -4.67598e-09
-0.0199137 -4.62346e-09
-0.0198238 -4.57229e-09
-0.0197339 -4.52297e-09
-0.019644 -4.47724e-09
-0.0195541 -4.43249e-09
-0.0194642 -4.38227e-09
-0.0193743 -4.33726e-09
-0.0192844 -4.28958e-09
-0.0191945 -4.24345e-09
-0.0191046 -4.20137e-09
-0.0190147 -4.16243e-09
-0.0189248 -4.11813e-09
-0.0188349 -4.06997e-09
-0.018745 -4.02791e-09
-0.0186551 -3.98119e-09
-0.0185652 -3.93815e-09
-0.0184753 -3.8959e-09
-0.0183854 -3.85631e-09
-0.0182955 -3.81937e-09
-0.0182056 -3.7749e-09
-0.0181157 -3.73739e-09
-0.0180258 -3.69344e-09
-0.0179358 -3.65949e-09
-0.0178459 -3.62378e-09
-0.017756 -3.58365e-09
-0.0176661 -3.54133e-09
-0.0175762 -3.50708e-09
-0.0174863 -3.46782e-09
-0.0173964 -3.43119e-09
-0.0173065 -3.39647e-09
-0.0172166 -3.35907e-09
-0.0171267 -3.32072e-09
-0.0170368 -3.28085e-09
-0.0169469 -3.24287e-09
-0.016857 -3.21109e-09
-0.0167671 -3.18227e-09
-0.0166772 -3.14815e-09
-0.0165873 -3.11342e-09
-0.0164974 -3.07698e-09
-0.0164075 -3.04478e-09
-0.0163176 -3.01385e-09
-0.0162277 -2.9732e-09
-0.0161378 -2.94225e-09
-0.0160479 -2.90784e-09
-0.015958 -2.87384e-09
-0.0158681 -2.83925e-09
-0.0157781 -2.80826e-09
-0.0156882 -2.77583e-09
-0.0155983 -2.74613e-09
-0.0155084 -2.71606e-09
-0.0154185 -2.68218e-09
-0.0153286 -2.65816e-09
-0.0152387 -2.62587e-09
-0.0151488 -2.59231e-09
-0.0150589 -2.56715e-09
-0.014969 -2.53543e-09
-0.0148791 -2.50396e-09
-0.0147892 -2.47475e-09
-0.0146993 -2.44163e-09
-0.0146094 -2.41021e-09
-0.0145195 -2.38252e-09
-0.0144296 -2.35577e-09
-0.0143397 -2.32882e-09
-0.0142498 -2.30167e-09
-0.0141599 -2.27882e-09
-0.01407 -2.25136e-09
-0.0139801 -2.2222e-09
-0.0138902 -2.19388e-09
-0.0138003 -2.16677e-09
-0.0137104 -2.13645e-09
-0.0136204 -2.10993e-09
-0.0135305 -2.08134e-09
-0.0134406 -2.05487e-09
-0.0133507 -2.02953e-09
-0.0132608 -2.00304e-09
-0.0131709 -1.97712e-09
-0.013081 -1.95669e-09
-0.0129911 -1.9263e-09
-0.0129012 -1.89922e-09
-0.0128113 -1.87907e-09
-0.0127214 -1.85195e-09
-0.0126315 -1.82415e-09
-0.0125416 -1.80456e-09
-0.0124517 -1.77436e-09
-0.0123618 -1.75049e-09
-0.0122719 -1.7268e-09
-0.012182 -1.70596e-09
-0.0120921 -1.68119e-09
-0.0120022 -1.65775e-09
-0.0119123 -1.63185e-09
-0.0118224 -1.60764e-09
-0.0117325 -1.58825e-09
-0.0116426 -1.5699e-09
-0.0115527 -1.54489e-09
-0.0114627 -1.52689e-09
-0.0113728 -1.50187e-09
-0.0112829 -1.47823e-09
-0.011193 -1.4589e-09
-0.0111031 -1.43993e-09
-0.0110132 -1.41311e-09
-0.0109233 -1.39204e-09
-0.0108334 -1.37109e-09
-0.0107435 -1.34959e-09
-0.0106536 -1.33324e-09
-0.0105637 -1.31756e-09
-0.0104738 -1.29237e-09
-0.0103839 -1.27641e-09
-0.010294 -1.2541e-09
-0.0102041 -1.24074e-09
-0.0101142 -1.2214e-09
-0.0100243 -1.19828e-09
-0.00993438 -1.17636e-09
-0.00984447 -1.15629e-09
-0.00975457 -1.14276e-09
-0.00966466 -1.12091e-09
-0.00957476 -1.10577e-09
-0.00948486 -1.08536e-09
-0.00939495 -1.06456e-09
-0.00930505 -1.04816e-09
-0.00921514 -1.02938e-09
-0.00912524 -1.01702e-09
-0.00903534 -9.92665e-10
-0.00894543 -9.7589e-10
-0.00885553 -9.59951e-10
-0.00876562 -9.43553e-10
-0.00867572 -9.35162e-10
-0.00858582 -9.15864e-10
-0.00849591 -8.98206e-10
-0.00840601 -8.81842e-10
-0.0083161 -8.69041e-10
-0.0082262 -8.54482e-10
-0.00813629 -8.39518e-10
-0.00804639 -8.27558e-10
-0.00795649 -8.07878e-10
-0.00786658 -7.9436e-10
-0.00777668 -7.81005e-10
-0.00768677 -7.66711e-10
-0.00759687 -7.54376e-10
-0.00750697 -7.3772e-10
-0.00741706 -7.24842e-10
-0.00732716 -7.15446e-10
-0.00723725 -7.06369e-10
-0.00714735 -6.9573e-10
-0.00705744 -6.80167e-10
-0.00696754 -6.7052e-10
-0.00687764 -6.53697e-10
-0.00678773 -6.38878e-10
-0.00669783 -6.2628e-10
-0.00660792 -6.15564e-10
-0.00651802 -6.0924e-10
-0.00642812 -6.00141e-10
-0.00633821 -5.92497e-10
-0.00624831 -5.84554e-10
-0.0061584 -5.74916e-10
-0.0060685 -5.67118e-10
-0.00597859 -5.59813e-10
-0.00588869 -5.46481e-10
-0.00579879 -5.33755e-10
-0.00570888 -5.20705e-10
-0.00561898 -5.11468e-10
-0.00552907 -5.05511e-10
-0.00543917 -4.97486e-10
-0.00534927 -4.89627e-10
-0.00525936 -4.80394e-10
-0.00516946 -4.73455e-10
-0.00507955 -4.62464e-10
-0.00498965 -4.55782e-10
-0.00489975 -4.45142e-10
-0.00480984 -4.37382e-10
-0.00471994 -4.26069e-10
-0.00463003 -4.17754e-10
-0.00454013 -4.10184e-10
-0.00445022 -4.09978e-10
-0.00436032 -4.03519e-10
-0.00427042 -3.91756e-10
-0.00418051 -3.8413e-10
-0.00409061 -3.76253e-10
-0.0040007 -3.68642e-10
-0.0039108 -3.60435e-10
-0.0038209 -3.50934e-10
-0.00373099 -3.50004e-10
-0.00364109 -3.37913e-10
-0.00355118 -3.31595e-10
-0.00346128 -3.25496e-10
-0.00337137 -3.24698e-10
-0.00328147 -3.14715e-10
-0.00319157 -3.06817e-10
-0.00310166 -2.99538e-10
-0.00301176 -2.91769e-10
-0.00292185 -2.83313e-10
-0.00283195 -2.70315e-10
-0.00274205 -2.62528e-10
-0.00265214 -2.63085e-10
-0.00256224 -2.52095e-10
-0.00247233 -2.47313e-10
-0.00238243 -2.4086e-10
-0.00229252 -2.35179e-10
-0.00220262 -2.27667e-10
-0.00211272 -2.23145e-10
-0.00202281 -2.11797e-10
-0.00193291 -2.02535e-10
-0.001843 -1.93805e-10
-0.0017531 -1.86219e-10
-0.0016632 -1.76303e-10
-0.00157329 -1.75701e-10
-0.00148339 -1.66234e-10
-0.00139348 -1.57651e-10
-0.00130358 -1.43628e-10
-0.00121368 -1.34232e-10
-0.00112377 -1.29123e-10
-0.00103387 -1.18592e-10
-0.000943963 -1.05031e-10
-0.000854059 -9.81781e-11
-0.000764154 -9.14779e-11
-0.00067425 -8.48612e-11
-0.000584346 -7.71028e-11
-0.000494442 -7.51062e-11
-0.000404538 -6.00989e-11
-0.000314634 -4.69154e-11
-0.00022473 -3.18223e-11
-0.000134825 -2.13272e-11
-4.49212e-05 -1.1024e-11
4.49829e-05 0
0.000134887 1.01965e-11
0.000224791 1.61014e-11
0.000314695 2.02212e-11
0.0004046 2.57148e-11
0.000494504 3.05223e-11
0.000584408 4.27742e-11
0.000674312 5.74273e-11
0.000764216 7.15165e-11
0.00085412 8.83925e-11
0.000944024 9.95559e-11
0.00103393 1.07555e-10
0.00112383 1.14585e-10
0.00121374 1.27499e-10
0.00130364 1.34141e-10
0.00139355 1.39053e-10
0.00148345 1.43564e-10
0.00157335 1.52925e-10
0.00166326 1.68279e-10
0.00175316 1.76375e-10
0.00184307 1.87378e-10
0.00193297 1.97543e-10
0.00202287 2.04683e-10
0.00211278 2.10003e-10
0.00220268 2.20749e-10
0.00229259 2.33467e-10
0.00238249 2.3804e-10
0.00247239 2.45052e-10
0.0025623 2.54074e-10
0.0026522 2.62606e-10
0.00274211 2.78157e-10
0.00283201 2.84325e-10
0.00292192 2.90966e-10
0.00301182 2.98593e-10
0.00310172 3.05492e-10
0.00319163 3.13587e-10
0.00328153 3.24232e-10
0.00337144 3.32624e-10
0.00346134 3.46039e-10
0.00355124 3.55978e-10
0.00364115 3.65128e-10
0.00373105 3.70482e-10
0.00382096 3.86275e-10
0.00391086 3.9074e-10
0.00400077 3.93764e-10
0.00409067 4.02525e-10
0.00418057 4.095e-10
0.00427048 4.18277e-10
0.00436038 4.22905e-10
0.00445029 4.31616e-10
0.00454019 4.45736e-10
0.00463009 4.54656e-10
0.00472 4.63186e-10
0.0048099 4.69082e-10
0.00489981 4.81023e-10
0.00498971 4.86146e-10
0.00507962 4.95947e-10
0.00516952 5.01283e-10
0.00525942 5.10446e-10
0.00534933 5.16993e-10
0.00543923 5.22866e-10
0.00552914 5.35042e-10
0.00561904 5.49351e-10
0.00570894 5.58261e-10
0.00579885 5.64154e-10
0.00588875 5.71207e-10
0.00597866 5.77057e-10
0.00606856 5.85175e-10
0.00615846 5.96037e-10
0.00624837 6.03667e-10
0.00633827 6.14836e-10
0.00642818 6.24512e-10
0.00651808 6.36593e-10
0.00660799 6.48358e-10
0.00669789 6.59753e-10
0.00678779 6.67944e-10
0.0068777 6.73033e-10
0.0069676 6.78092e-10
0.00705751 6.89296e-10
0.00714741 7.00251e-10
0.00723731 7.12229e-10
0.00732722 7.2421e-10
0.00741712 7.38067e-10
0.00750703 7.49432e-10
0.00759693 7.59745e-10
0.00768684 7.73455e-10
0.00777674 7.81253e-10
0.00786664 7.92781e-10
0.00795655 8.00235e-10
0.00804645 8.09302e-10
0.00813636 8.21905e-10
0.00822626 8.29162e-10
0.00831616 8.42607e-10
0.00840607 8.57192e-10
0.00849597 8.70204e-10
0.00858588 8.79086e-10
0.00867578 8.8531e-10
0.00876569 8.99977e-10
0.00885559 9.10284e-10
0.00894549 9.23992e-10
0.0090354 9.35603e-10
0.0091253 9.41837e-10
0.00921521 9.593e-10
0.00930511 9.71015e-10
0.00939501 9.83548e-10
0.00948492 9.95059e-10
0.00957482 1.00377e-09
0.00966473 1.01401e-09
0.00975463 1.02529e-09
0.00984453 1.04468e-09
0.00993444 1.05146e-09
0.0100243 1.06312e-09
0.0101142 1.06809e-09
0.0102042 1.07639e-09
0.0102941 1.09077e-09
0.010384 1.09948e-09
0.0104739 1.1114e-09
0.0105638 1.11611e-09
0.0106537 1.12877e-09
0.0107436 1.14023e-09
0.0108335 1.14634e-09
0.0109234 1.15984e-09
0.0110133 1.1655e-09
0.0111032 1.17134e-09
0.0111931 1.17772e-09
0.011283 1.19089e-09
0.0113729 1.20049e-09
0.0114628 1.20675e-09
0.0115527 1.21778e-09
0.0116426 1.22034e-09
0.0117325 1.23607e-09
0.0118224 1.24662e-09
0.0119123 1.25411e-09
0.0120022 1.2611e-09
0.0120921 1.26711e-09
0.012182 1.2714e-09
0.0122719 1.28324e-09
0.0123619 1.28971e-09
0.0124518 1.29404e-09
0.0125417 1.2969e-09
0.0126316 1.30711e-09
0.0127215 1.30981e-09
0.0128114 1.31822e-09
0.0129013 1.32691e-09
0.0129912 1.33093e-09
0.0130811 1.33373e-09
0.013171 1.34125e-09
0.0132609 1.34654e-09
0.0133508 1.35268e-09
0.0134407 1.35887e-09
0.0135306 1.3634e-09
0.0136205 1.36568e-09
0.0137104 1.37525e-09
0.0138003 1.3755e-09
0.0138902 1.38233e-09
0.0139801 1.3906e-09
0.01407 1.39092e-09
0.0141599 1.39534e-09
0.0142498 1.40817e-09
0.0143397 1.41221e-09
0.0144296 1.41858e-09
0.0145196 1.4251e-09
0.0146095 1.42881e-09
0.0146994 1.43219e-09
0.0147893 1.43433e-09
0.0148792 1.43791e-09
0.0149691 1.4423e-09
0.015059 1.44494e-09
0.0151489 1.45066e-09
0.0152388 1.45475e-09
0.0153287 1.46218e-09
0.0154186 1.46945e-09
0.0155085 1.47335e-09
0.0155984 1.47694e-09
0.0156883 1.48127e-09
0.0157782 1.47985e-09
0.0158681 1.48068e-09
0.015958 1.48066e-09
0.0160479 1.47853e-09
0.0161378 1.47873e-09
0.0162277 1.48342e-09
0.0163176 1.47736e-09
0.0164075 1.48098e-09
0.0164974 1.48562e-09
0.0165873 1.48272e-09
0.0166773 1.48634e-09
0.0167672 1.48795e-09
0.0168571 1.49105e-09
0.016947 1.49059e-09
0.0170369 1.48703e-09
0.0171268 1.48197e-09
0.0172167 1.47846e-09
0.0173066 1.47489e-09
0.0173965 1.46828e-09
0.0174864 1.46902e-09
0.0175763 1.46368e-09
0.0176662 1.46207e-09
0.0177561 1.45516e-09
0.017846 1.45302e-09
0.0179359 1.4558e-09
0.0180258 1.45421e-09
0.0181157 1.44371e-09
0.0182056 1.43604e-09
0.0182955 1.42827e-09
0.0183854 1.42537e-09
0.0184753 1.4227e-09
0.0185652 1.41545e-09
0.0186551 1.41008e-09
0.018745 1.40324e-09
0.0188349 1.39393e-09
0.0189249 1.38459e-09
0.0190148 1.38029e-09
0.0191047 1.37672e-09
0.0191946 1.36836e-09
0.0192845 1.36228e-09
0.0193744 1.34838e-09
0.0194643 1.34427e-09
0.0195542 1.33481e-09
0.0196441 1.32921e-09
0.019734 1.31731e-09
0.0198239 1.30513e-09
0.0199138 1.29593e-09
0.0200037 1.28181e-09
0.0200936 1.27183e-09
0.0201835 1.26579e-09
0.0202734 1.25598e-09
0.0203633 1.24324e-09
0.0204532 1.23284e-09
0.0205431 1.21887e-09
0.020633 1.20223e-09
0.0207229 1.19242e-09
0.0208128 1.18025e-09
0.0209027 1.16653e-09
0.0209926 1.14557e-09
0.0210826 1.13117e-09
0.0211725 1.11616e-09
0.0212624 1.10351e-09
0.0213523 1.0887e-09
0.0214422 1.07123e-09
0.0215321 1.06205e-09
0.021622 1.04058e-09
0.0217119 1.01497e-09
0.0218018 9.96985e-10
0.0218917 9.80167e-10
0.0219816 9.62917e-10
0.0220715 9.39884e-10
0.0221614 9.2621e-10
0.0222513 9.07676e-10
0.0223412 8.87436e-10
0.0224311 8.6471e-10
0.022521 8.46012e-10
0.0226109 8.28278e-10
0.0227008 8.03092e-10
0.0227907 7.74987e-10
0.0228806 7.55576e-10
0.0229705 7.34797e-10
0.0230604 7.16808e-10
0.0231503 6.95582e-10
0.0232403 6.74049e-10
0.0233302 6.51311e-10
0.0234201 6.26322e-10
0.02351 5.99698e-10
0.0235999 5.78561e-10
0.0236898 5.59163e-10
0.0237797 5.3092e-10
0.0238696 5.08429e-10
0.0239595 4.80767e-10
0.0240494 4.55381e-10
0.0241393 4.30531e-10
0.0242292 4.03554e-10
0.0243191 3.72264e-10
0.024409 3.46555e-10
0.0244989 3.19465e-10
0.0245888 2.84666e-10
0.0246787 2.60708e-10
0.0247686 2.34673e-10
0.0248585 2.02182e-10
0.0249484 1.75715e-10
0.0250383 1.37466e-10
0.0251282 1.13922e-10
0.0252181 8.39983e-11
0.025308 5.50045e-11
0.025398 1.96161e-11
0.0254879 -8.65387e-12
0.0255778 -4.62199e-11
0.0256677 -8.23795e-11
0.0257576 -1.11251e-10
0.0258475 -1.48285e-10
0.0259374 -1.86032e-10
0.0260273 -2.19342e-10
0.0261172 -2.54802e-10
0.0262071 -2.91899e-10
0.026297 -3.24242e-10
0.0263869 -3.61112e-10
0.0264768 -4.00228e-10
0.0265667 -4.34039e-10
0.0266566 -4.76277e-10
0.0267465 -5.11246e-10
0.0268364 -5.53242e-10
0.0269263 -5.9531e-10
0.0270162 -6.35311e-10
0.0271061 -6.77964e-10
0.027196 -7.23856e-10
0.0272859 -7.68039e-10
0.0273758 -8.07662e-10
0.0274657 -8.53818e-10
0.0275557 -8.97881e-10
0.0276456 -9.44921e-10
0.0277355 -9.88283e-10
0.0278254 -1.03547e-09
0.0279153 -1.08508e-09
0.0280052 -1.13762e-09
0.0280951 -1.18336e-09
0.028185 -1.2338e-09
0.0282749 -1.27761e-09
0.0283648 -1.31994e-09
0.0284547 -1.37053e-09
0.0285446 -1.42122e-09
0.0286345 -1.47351e-09
0.0287244 -1.52098e-09
0.0288143 -1.57185e-09
0.0289042 -1.62353e-09
0.0289941 -1.68076e-09
0.029084 -1.74006e-09
0.0291739 -1.79111e-09
0.0292638 -1.84782e-09
0.0293537 -1.89892e-09
0.0294436 -1.95182e-09
0.0295335 -2.01046e-09
0.0296234 -2.06557e-09
0.0297134 -2.11659e-09
0.0298033 -2.16882e-09
0.0298932 -2.22275e-09
0.0299831 -2.27919e-09
0.030073 -2.34043e-09
0.0301629 -2.39683e-09
0.0302528 -2.45207e-09
0.0303427 -2.51286e-09
0.0304326 -2.56785e-09
0.0305225 -2.62555e-09
0.0306124 -2.69056e-09
0.0307023 -2.7511e-09
0.0307922 -2.81067e-09
0.0308821 -2.86968e-09
0.030972 -2.92782e-09
0.0310619 -2.98964e-09
0.0311518 -3.04977e-09
0.0312417 -3.11116e-09
0.0313316 -3.17078e-09
0.0314215 -3.23542e-09
0.0315114 -3.29174e-09
0.0316013 -3.35987e-09
0.0316912 -3.43177e-09
0.0317811 -3.49513e-09
0.0318711 -3.55871e-09
0.031961 -3.6224e-09
0.0320509 -3.69639e-09
0.0321408 -3.76015e-09
0.0322307 -3.82919e-09
0.0323206 -3.90247e-09
0.0324105 -3.97296e-09
0.0325004 -4.04109e-09
0.0325903 -4.10958e-09
0.0326802 -4.19432e-09
0.0327701 -4.26708e-09
0.03286 -4.34086e-09
0.0329499 -4.41348e-09
0.0330398 -4.49371e-09
0.0331297 -4.57101e-09
0.0332196 -4.63688e-09
0.0333095 -4.71255e-09
0.0333994 -4.78845e-09
0.0334893 -4.86479e-09
0.0335792 -4.94427e-09
0.0336691 -5.02291e-09
0.033759 -5.0976e-09
0.0338489 -5.17645e-09
0.0339388 -5.26238e-09
0.0340288 -5.33939e-09
0.0341187 -5.41517e-09
0.0342086 -5.48881e-09
0.0342985 -5.56017e-09
0.0343884 -5.63283e-09
0.0344783 -5.71272e-09
0.0345682 -5.79654e-09
0.0346581 -5.88556e-09
0.034748 -5.96636e-09
0.0348379 -6.04495e-09
0.0349278 -6.12147e-09
0.0350177 -6.19837e-09
0.0351076 -6.27313e-09
0.0351975 -6.35079e-09
0.0352874 -6.42802e-09
0.0353773 -6.50511e-09
0.0354672 -6.58446e-09
0.0355571 -6.66909e-09
0.035647 -6.74793e-09
0.0357369 -6.83241e-09
0.0358268 -6.91654e-09
0.0359167 -6.99855e-09
0.0360066 -7.07593e-09
0.0360965 -7.16235e-09
0.0361865 -7.24147e-09
0.0362764 -7.31852e-09
0.0363663 -7.4055e-09
0.0364562 -7.49476e-09
0.0365461 -7.57956e-09
0.036636 -7.66613e-09
0.0367259 -7.74528e-09
0.0368158 -7.8284e-09
0.0369057 -7.9134e-09
0.0369956 -7.99852e-09
0.0370855 -8.09108e-09
0.0371754 -8.17822e-09
0.0372653 -8.26282e-09
0.0373552 -8.3468e-09
0.0374451 -8.43562e-09
0.037535 -8.5257e-09
0.0376249 -8.61718e-09
0.0377148 -8.70889e-09
0.0378047 -8.79469e-09
0.0378946 -8.88751e-09
0.0379845 -8.9809e-09
0.0380744 -9.07545e-09
0.0381643 -9.16599e-09
0.0382542 -9.25471e-09
0.0383441 -9.35467e-09
0.0384341 -9.43984e-09
0.038524 -9.53611e-09
0.0386139 -9.62975e-09
0.0387038 -9.72541e-09
0.0387937 -9.81799e-09
0.0388836 -9.91395e-09
0.0389735 -1.0008e-08
0.0390634 -1.01047e-08
0.0391533 -1.01987e-08
0.0392432 -1.02917e-08
0.0393331 -1.0385e-08
0.039423 -1.04847e-08
0.0395129 -1.0586e-08
0.0396028 -1.06946e-08
0.0396927 -1.07882e-08
0.0397826 -1.08809e-08
0.0398725 -1.09756e-08
0.0399624 -1.10712e-08
0.0400523 -1.11696e-08
0.0401422 -1.12679e-08
0.0402321 -1.13691e-08
0.040322 -1.14716e-08
0.0404119 -1.15726e-08
0.0405018 -1.16722e-08
0.0405918 -1.17733e-08
0.0406817 -1.18744e-08
0.0407716 -1.19678e-08
0.0408615 -1.20655e-08
0.0409514 -1.21628e-08
0.0410413 -1.22638e-08
0.0411312 -1.23667e-08
0.0412211 -1.247e-08
0.041311 -1.25633e-08
0.0414009 -1.26643e-08
0.0414908 -1.27608e-08
0.0415807 -1.28646e-08
0.0416706 -1.2969e-08
0.0417605 -1.30734e-08
0.0418504 -1.31682e-08
0.0419403 -1.32613e-08
0.0420302 -1.33617e-08
0.0421201 -1.34653e-08
0.04221 -1.35661e-08
0.0422999 -1.36663e-08
0.0423898 -1.37682e-08
0.0424797 -1.38718e-08
0.0425696 -1.39776e-08
0.0426595 -1.40883e-08
0.0427495 -1.41908e-08
0.0428394 -1.42921e-08
0.0429293 -1.43867e-08
0.0430192 -1.44867e-08
0.0431091 -1.45955e-08
0.043199 -1.47003e-08
0.0432889 -1.48131e-08
0.0433788 -1.49117e-08
0.0434687 -1.50202e-08
0.0435586 -1.51258e-08
0.0436485 -1.52347e-08
0.0437384 -1.53365e-08
0.0438283 -1.54322e-08
0.0439182 -1.55368e-08
0.0440081 -1.56392e-08
0.044098 -1.57468e-08
0.0441879 -1.58498e-08
0.0442778 -1.59646e-08
0.0443677 -1.60715e-08
0.0444576 -1.61685e-08
0.0445475 -1.62764e-08
0.0446374 -1.63667e-08
0.0447273 -1.64692e-08
0.0448172 -1.65712e-08
0.0449072 -1.66763e-08
0.0449971 -1.67805e-08
0.045087 -1.68803e-08
0.0451769 -1.69905e-08
0.0452668 -1.71054e-08
0.0453567 -1.72128e-08
0.0454466 -1.73105e-08
0.0455365 -1.74211e-08
0.0456264 -1.75293e-08
0.0457163 -1.76385e-08
0.0458062 -1.77522e-08
0.0458961 -1.7849e-08
0.045986 -1.79607e-08
0.0460759 -1.80676e-08
0.0461658 -1.81712e-08
0.0462557 -1.82721e-08
0.0463456 -1.83659e-08
0.0464355 -1.84745e-08
0.0465254 -1.85789e-08
0.0466153 -1.86847e-08
0.0467052 -1.87913e-08
0.0467951 -1.88984e-08
0.046885 -1.90142e-08
0.0469749 -1.91203e-08
0.0470649 -1.92208e-08
0.0471548 -1.93338e-08
0.0472447 -1.9438e-08
0.0473346 -1.95464e-08
0.0474245 -1.9659e-08
0.0475144 -1.97586e-08
0.0476043 -1.98591e-08
0.0476942 -1.99602e-08
0.0477841 -2.00732e-08
0.047874 -2.01781e-08
0.0479639 -2.02962e-08
0.0480538 -2.04069e-08
0.0481437 -2.05222e-08
0.0482336 -2.06365e-08
0.0483235 -2.07651e-08
0.0484134 -2.08855e-08
0.0485033 -2.09999e-08
0.0485932 -2.11053e-08
0.0486831 -2.12225e-08
0.048773 -2.13369e-08
0.0488629 -2.14545e-08
0.0489528 -2.15703e-08
0.0490427 -2.16854e-08
0.0491326 -2.18006e-08
0.0492226 -2.19185e-08
0.0493125 -2.20314e-08
0.0494024 -2.21519e-08
0.0494923 -2.22614e-08
0.0495822 -2.23751e-08
0.0496721 -2.2487e-08
0.049762 -2.25995e-08
0.0498519 -2.27065e-08
0.0499418 -2.28153e-08
0.0500317 -2.29251e-08
0.0501216 -2.30422e-08
0.0502115 -2.31573e-08
0.0503014 -2.32697e-08
0.0503913 -2.33736e-08
0.0504812 -2.34787e-08
0.0505711 -2.35822e-08
0.050661 -2.36873e-08
0.0507509 -2.37918e-08
0.0508408 -2.38978e-08
0.0509307 -2.40099e-08
0.0510206 -2.41141e-08
0.0511105 -2.42288e-08
0.0512004 -2.43413e-08
0.0512903 -2.44489e-08
0.0513803 -2.4554e-08
0.0514702 -2.4665e-08
0.0515601 -2.4783e-08
0.05165 -2.48875e-08
0.0517399 -2.4997e-08
0.0518298 -2.51085e-08
0.0519197 -2.5225e-08
0.0520096 -2.53347e-08
0.0520995 -2.54447e-08
0.0521894 -2.55561e-08
0.0522793 -2.5668e-08
0.0523692 -2.57827e-08
0.0524591 -2.58934e-08
0.052549 -2.6002e-08
0.0526389 -2.61101e-08
0.0527288 -2.6221e-08
0.0528187 -2.63249e-08
0.0529086 -2.64453e-08
0.0529985 -2.65473e-08
0.0530884 -2.6657e-08
0.0531783 -2.67523e-08
0.0532682 -2.68534e-08
0.0533581 -2.69673e-08
0.053448 -2.70647e-08
0.053538 -2.71694e-08
0.0536279 -2.72737e-08
0.0537178 -2.73848e-08
0.0538077 -2.74918e-08
0.0538976 -2.76046e-08
0.0539875 -2.77184e-08
0.0540774 -2.78269e-08
0.0541673 -2.79364e-08
0.0542572 -2.8038e-08
0.0543471 -2.81453e-08
0.054437 -2.82495e-08
0.0545269 -2.83587e-08
0.0546168 -2.84718e-08
0.0547067 -2.85961e-08
0.0547966 -2.87003e-08
0.0548865 -2.88136e-08
0.0549764 -2.89246e-08
0.0550663 -2.90437e-08
0.0551562 -2.91782e-08
0.0552461 -2.92885e-08
0.055336 -2.93954e-08
0.0554259 -2.95003e-08
0.0555158 -2.96131e-08
0.0556057 -2.97394e-08
0.0556956 -2.98716e-08
0.0557856 -2.99835e-08
0.0558755 -3.00902e-08
0.0559654 -3.01967e-08
0.0560553 -3.03076e-08
0.0561452 -3.04093e-08
0.0562351 -3.05139e-08
0.056325 -3.06303e-08
0.0564149 -3.07455e-08
0.0565048 -3.08578e-08
0.0565947 -3.09762e-08
0.0566846 -3.10913e-08
0.0567745 -3.12008e-08
0.0568644 -3.13246e-08
0.0569543 -3.14591e-08
0.0570442 -3.15743e-08
0.0571341 -3.16875e-08
0.057224 -3.18019e-08
0.0573139 -3.19052e-08
0.0574038 -3.20258e-08
0.0574937 -3.21381e-08
0.0575836 -3.22411e-08
0.0576735 -3.23679e-08
0.0577634 -3.24825e-08
0.0578533 -3.25991e-08
0.0579433 -3.27207e-08
0.0580332 -3.28395e-08
0.0581231 -3.29447e-08
0.058213 -3.30465e-08
0.0583029 -3.31826e-08
0.0583928 -3.33129e-08
0.0584827 -3.34136e-08
0.0585726 -3.35135e-08
0.0586625 -3.3622e-08
0.0587524 -3.37473e-08
0.0588423 -3.38414e-08
0.0589322 -3.39409e-08
0.0590221 -3.406e-08
0.059112 -3.41637e-08
0.0592019 -3.42759e-08
0.0592918 -3.43721e-08
0.0593817 -3.44834e-08
0.0594716 -3.45886e-08
0.0595615 -3.46923e-08
0.0596514 -3.48076e-08
0.0597413 -3.49318e-08
0.0598312 -3.50349e-08
0.0599211 -3.51616e-08
0.060011 -3.52629e-08
0.060101 -3.53712e-08
0.0601909 -3.54789e-08
0.0602808 -3.55916e-08
0.0603707 -3.56988e-08
0.0604606 -3.58119e-08
0.0605505 -3.59257e-08
0.0606404 -3.60288e-08
0.0607303 -3.6123e-08
0.0608202 -3.62313e-08
0.0609101 -3.63414e-08
0.061 -3.6457e-08
0.0610899 -3.65761e-08
0.0611798 -3.66786e-08
0.0612697 -3.68052e-08
0.0613596 -3.69218e-08
0.0614495 -3.70376e-08
0.0615394 -3.71532e-08
0.0616293 -3.72666e-08
0.0617192 -3.73796e-08
0.0618091 -3.74776e-08
0.061899 -3.75868e-08
0.0619889 -3.76922e-08
0.0620788 -3.78004e-08
0.0621687 -3.7915e-08
0.0622587 -3.80189e-08
0.0623486 -3.81369e-08
0.0624385 -3.82565e-08
0.0625284 -3.83549e-08
0.0626183 -3.84591e-08
0.0627082 -3.85912e-08
0.0627981 -3.87076e-08
0.062888 -3.88266e-08
0.0629779 -3.89478e-08
0.0630678 -3.90771e-08
0.0631577 -3.92075e-08
0.0632476 -3.93171e-08
0.0633375 -3.9426e-08
0.0634274 -3.95326e-08
0.0635173 -3.965e-08
0.0636072 -3.97763e-08
0.0636971 -3.99014e-08
0.063787 -4.00362e-08
0.0638769 -4.01429e-08
0.0639668 -4.02479e-08
0.0640567 -4.0362e-08
0.0641466 -4.04546e-08
0.0642365 -4.0582e-08
0.0643264 -4.06978e-08
0.0644164 -4.08173e-08
0.0645063 -4.09136e-08
0.0645962 -4.10164e-08
0.0646861 -4.11166e-08
0.064776 -4.12416e-08
0.0648659 -4.13501e-08
0.0649558 -4.14468e-08
0.0650457 -4.15492e-08
0.0651356 -4.16535e-08
0.0652255 -4.1774e-08
0.0653154 -4.18915e-08
0.0654053 -4.1992e-08
0.0654952 -4.20854e-08
0.0655851 -4.21812e-08
0.065675 -4.22962e-08
0.0657649 -4.24115e-08
0.0658548 -4.25062e-08
0.0659447 -4.26237e-08
0.0660346 -4.27311e-08
0.0661245 -4.28338e-08
0.0662144 -4.29477e-08
0.0663043 -4.30541e-08
0.0663942 -4.31592e-08
0.0664841 -4.32611e-08
0.0665741 -4.3351e-08
0.066664 -4.34535e-08
0.0667539 -4.35524e-08
0.0668438 -4.36657e-08
0.0669337 -4.37623e-08
0.0670236 -4.38671e-08
0.0671135 -4.39633e-08
0.0672034 -4.40503e-08
0.0672933 -4.41532e-08
0.0673832 -4.42312e-08
0.0674731 -4.43378e-08
0.067563 -4.44557e-08
0.0676529 -4.45717e-08
0.0677428 -4.4678e-08
0.0678327 -4.47876e-08
0.0679226 -4.49275e-08
0.0680125 -4.50278e-08
0.0681024 -4.51486e-08
0.0681923 -4.52644e-08
0.0682822 -4.53679e-08
0.0683721 -4.54647e-08
0.068462 -4.55837e-08
0.0685519 -4.56789e-08
0.0686418 -4.57919e-08
0.0687318 -4.59142e-08
0.0688217 -4.60415e-08
0.0689116 -4.61685e-08
0.0690015 -4.62842e-08
0.0690914 -4.63932e-08
0.0691813 -4.64937e-08
0.0692712 -4.65941e-08
0.0693611 -4.67025e-08
0.069451 -4.6793e-08
0.0695409 -4.69142e-08
0.0696308 -4.7032e-08
0.0697207 -4.7125e-08
0.0698106 -4.72277e-08
0.0699005 -4.73358e-08
0.0699904 -4.74349e-08
0.0700803 -4.75336e-08
0.0701702 -4.76149e-08
0.0702601 -4.76941e-08
0.07035 -4.78122e-08
0.0704399 -4.79121e-08
0.0705298 -4.79865e-08
0.0706197 -4.80841e-08
0.0707096 -4.81801e-08
0.0707995 -4.82674e-08
0.0708895 -4.8346e-08
0.0709794 -4.84197e-08
0.0710693 -4.85206e-08
0.0711592 -4.86228e-08
0.0712491 -4.87247e-08
0.071339 -4.88398e-08
0.0714289 -4.89293e-08
0.0715188 -4.9016e-08
0.0716087 -4.91224e-08
0.0716986 -4.92311e-08
0.0717885 -4.9305e-08
0.0718784 -4.93763e-08
0.0719683 -4.94997e-08
0.0720582 -4.95995e-08
0.0721481 -4.97058e-08
0.072238 -4.98121e-08
0.0723279 -4.99127e-08
0.0724178 -5.00083e-08
0.0725077 -5.00891e-08
0.0725976 -5.01684e-08
0.0726875 -5.02602e-08
0.0727774 -5.03527e-08
0.0728673 -5.04717e-08
0.0729572 -5.05537e-08
0.0730472 -5.06412e-08
0.0731371 -5.0712e-08
0.073227 -5.08011e-08
0.0733169 -5.0906e-08
0.0734068 -5.10227e-08
0.0734967 -5.11463e-08
0.0735866 -5.12644e-08
0.0736765 -5.13887e-08
0.0737664 -5.15006e-08
0.0738563 -5.16109e-08
0.0739462 -5.17424e-08
0.0740361 -5.18392e-08
0.074126 -5.19718e-08
0.0742159 -5.20797e-08
0.0743058 -5.22006e-08
0.0743957 -5.23075e-08
0.0744856 -5.24145e-08
0.0745755 -5.24863e-08
0.0746654 -5.25842e-08
0.0747553 -5.26737e-08
0.0748452 -5.2757e-08
0.0749351 -5.28359e-08
0.075025 -5.29522e-08
0.0751149 -5.30207e-08
0.0752048 -5.3091e-08
0.0752948 -5.31565e-08
0.0753847 -5.32343e-08
0.0754746 -5.32918e-08
0.0755645 -5.33863e-08
0.0756544 -5.35048e-08
0.0757443 -5.35942e-08
0.0758342 -5.37116e-08
0.0759241 -5.38091e-08
0.076014 -5.39209e-08
0.0761039 -5.39901e-08
0.0761938 -5.40887e-08
0.0762837 -5.41881e-08
0.0763736 -5.42709e-08
0.0764635 -5.43797e-08
0.0765534 -5.44713e-08
0.0766433 -5.45413e-08
0.0767332 -5.46067e-08
0.0768231 -5.46834e-08
0.076913 -5.47501e-08
0.0770029 -5.48283e-08
0.0770928 -5.48788e-08
0.0771827 -5.49864e-08
0.0772726 -5.50727e-08
0.0773625 -5.51544e-08
0.0774525 -5.52457e-08
0.0775424 -5.53389e-08
0.0776323 -5.5396e-08
0.0777222 -5.54933e-08
0.0778121 -5.56016e-08
0.077902 -5.57065e-08
0.0779919 -5.58318e-08
0.0780818 -5.59459e-08
0.0781717 -5.6032e-08
0.0782616 -5.6139e-08
0.0783515 -5.62314e-08
0.0784414 -5.63439e-08
0.0785313 -5.64613e-08
0.0786212 -5.65707e-08
0.0787111 -5.66487e-08
0.078801 -5.67499e-08
0.0788909 -5.68476e-08
0.0789808 -5.69777e-08
0.0790707 -5.70846e-08
0.0791606 -5.71803e-08
0.0792505 -5.73097e-08
0.0793404 -5.73848e-08
0.0794303 -5.74413e-08
0.0795202 -5.75076e-08
0.0796102 -5.75784e-08
0.0797001 -5.76601e-08
0.07979 -5.77426e-08
0.0798799 -5.77989e-08
0.0799698 -5.79254e-08
0.0800597 -5.80276e-08
0.0801496 -5.80776e-08
0.0802395 -5.81545e-08
0.0803294 -5.82252e-08
0.0804193 -5.83118e-08
0.0805092 -5.83984e-08
0.0805991 -5.84571e-08
0.080689 -5.85332e-08
0.0807789 -5.85778e-08
0.0808688 -5.86652e-08
0.0809587 -5.87045e-08
0.0810486 -5.87583e-08
0.0811385 -5.8782e-08
0.0812284 -5.8862e-08
0.0813183 -5.89128e-08
0.0814082 -5.89839e-08
0.0814981 -5.9045e-08
0.081588 -5.91598e-08
0.0816779 -5.92321e-08
0.0817679 -5.93251e-08
0.0818578 -5.94163e-08
0.0819477 -5.9484e-08
0.0820376 -5.96094e-08
0.0821275 -5.9711e-08
0.0822174 -5.97635e-08
0.0823073 -5.98163e-08
0.0823972 -5.98778e-08
0.0824871 -5.99249e-08
0.082577 -6.00203e-08
0.0826669 -6.01224e-08
0.0827568 -6.02248e-08
0.0828467 -6.03088e-08
0.0829366 -6.03747e-08
0.0830265 -6.04435e-08
0.0831164 -6.04564e-08
0.0832063 -6.05316e-08
0.0832962 -6.06218e-08
0.0833861 -6.06905e-08
0.083476 -6.07666e-08
0.0835659 -6.0796e-08
0.0836558 -6.08469e-08
0.0837457 -6.09272e-08
0.0838356 -6.10016e-08
0.0839256 -6.1106e-08
0.0840155 -6.11587e-08
0.0841054 -6.12577e-08
0.0841953 -6.13127e-08
0.0842852 -6.14179e-08
0.0843751 -6.15129e-08
0.084465 -6.16236e-08
0.0845549 -6.16873e-08
0.0846448 -6.17913e-08
0.0847347 -6.18554e-08
0.0848246 -6.19372e-08
0.0849145 -6.1992e-08
0.0850044 -6.20812e-08
0.0850943 -6.21649e-08
0.0851842 -6.22247e-08
0.0852741 -6.22964e-08
0.085364 -6.23687e-08
0.0854539 -6.24488e-08
0.0855438 -6.25312e-08
0.0856337 -6.26315e-08
0.0857236 -6.26735e-08
0.0858135 -6.27062e-08
0.0859034 -6.27839e-08
0.0859933 -6.28094e-08
0.0860833 -6.28538e-08
0.0861732 -6.29035e-08
0.0862631 -6.30042e-08
0.086353 -6.29876e-08
0.0864429 -6.30581e-08
0.0865328 -6.311e-08
0.0866227 -6.31619e-08
0.0867126 -6.32177e-08
0.0868025 -6.3299e-08
0.0868924 -6.33979e-08
0.0869823 -6.34401e-08
0.0870722 -6.35013e-08
0.0871621 -6.35708e-08
0.087252 -6.36143e-08
0.0873419 -6.37147e-08
0.0874318 -6.38044e-08
0.0875217 -6.38414e-08
0.0876116 -6.38739e-08
0.0877015 -6.39829e-08
0.0877914 -6.40417e-08
0.0878813 -6.41162e-08
0.0879712 -6.41756e-08
0.0880611 -6.42389e-08
0.088151 -6.43041e-08
0.088241 -6.43169e-08
0.0883309 -6.4325e-08
0.0884208 -6.44067e-08
0.0885107 -6.44847e-08
0.0886006 -6.45433e-08
0.0886905 -6.4624e-08
0.0887804 -6.46612e-08
0.0888703 -6.47347e-08
0.0889602 -6.4752e-08
0.0890501 -6.47761e-08
0.08914 -6.48677e-08
0.0892299 -6.49368e-08
0.0893198 -6.50372e-08
0.0894097 -6.50628e-08
0.0894996 -6.50911e-08
0.0895895 -6.51458e-08
0.0896794 -6.51951e-08
0.0897693 -6.52467e-08
0.0898592 -6.52616e-08
0.0899491 -6.53183e-08
0.090039 -6.54304e-08
0.0901289 -6.54965e-08
0.0902188 -6.55607e-08
0.0903087 -6.56349e-08
0.0903987 -6.56762e-08
0.0904886 -6.57439e-08
0.0905785 -6.58304e-08
0.0906684 -6.59174e-08
0.0907583 -6.60149e-08
0.0908482 -6.60205e-08
0.0909381 -6.60551e-08
0.091028 -6.60776e-08
0.0911179 -6.61394e-08
0.0912078 -6.62051e-08
0.0912977 -6.62078e-08
0.0913876 -6.6266e-08
0.0914775 -6.63049e-08
0.0915674 -6.63695e-08
0.0916573 -6.64112e-08
0.0917472 -6.64793e-08
0.0918371 -6.6483e-08
0.091927 -6.65526e-08
0.0920169 -6.65994e-08
0.0921068 -6.66237e-08
0.0921967 -6.66624e-08
0.0922866 -6.66686e-08
0.0923765 -6.67018e-08
0.0924664 -6.6804e-08
0.0925564 -6.69154e-08
0.0926463 -6.69416e-08
0.0927362 -6.69749e-08
0.0928261 -6.70188e-08
0.092916 -6.7113e-08
0.0930059 -6.71278e-08
0.0930958 -6.72176e-08
0.0931857 -6.72969e-08
0.0932756 -6.73177e-08
0.0933655 -6.73873e-08
0.0934554 -6.7437e-08
0.0935453 -6.74397e-08
0.0936352 -6.74755e-08
0.0937251 -6.74937e-08
0.093815 -6.75325e-08
0.0939049 -6.75679e-08
0.0939948 -6.76831e-08
0.0940847 -6.7782e-08
0.0941746 -6.78137e-08
0.0942645 -6.78484e-08
0.0943544 -6.78764e-08
0.0944443 -6.79315e-08
0.0945342 -6.80112e-08
0.0946241 -6.80307e-08
0.094714 -6.80721e-08
0.094804 -6.81219e-08
0.0948939 -6.81161e-08
0.0949838 -6.81256e-08
0.0950737 -6.81153e-08
0.0951636 -6.81762e-08
0.0952535 -6.82191e-08
0.0953434 -6.82824e-08
0.0954333 -6.83845e-08
0.0955232 -6.84292e-08
0.0956131 -6.84724e-08
0.095703 -6.85364e-08
0.0957929 -6.85938e-08
0.0958828 -6.86351e-08
0.0959727 -6.86909e-08
0.0960626 -6.87791e-08
0.0961525 -6.88736e-08
0.0962424 -6.8844e-08
0.0963323 -6.88568e-08
0.0964222 -6.88937e-08
0.0965121 -6.89794e-08
0.096602 -6.90277e-08
0.0966919 -6.90518e-08
0.0967818 -6.91619e-08
0.0968717 -6.91787e-08
0.0969617 -6.92028e-08
0.0970516 -6.92699e-08
0.0971415 -6.92668e-08
0.0972314 -6.92913e-08
0.0973213 -6.94261e-08
0.0974112 -6.95079e-08
0.0975011 -6.95408e-08
0.097591 -6.95697e-08
0.0976809 -6.96138e-08
0.0977708 -6.95411e-08
0.0978607 -6.95735e-08
0.0979506 -6.95678e-08
0.0980405 -6.96892e-08
0.0981304 -6.97812e-08
0.0982203 -6.98164e-08
0.0983102 -6.98826e-08
0.0984001 -6.99202e-08
0.09849 -6.99569e-08
0.0985799 -6.99756e-08
0.0986698 -6.99998e-08
0.0987597 -7.00548e-08
0.0988496 -7.02003e-08
0.0989395 -7.03135e-08
0.0990294 -7.04371e-08
0.0991194 -7.04042e-08
0.0992093 -7.04414e-08
0.0992992 -7.04428e-08
0.0993891 -7.05648e-08
0.099479 -7.05393e-08
0.0995689 -7.05729e-08
0.0996588 -7.05259e-08
0.0997487 -7.05393e-08
0.0998386 -7.05882e-08
0.0999285 -7.0522e-08
0.100018 -7.05089e-08
0.100108 -7.05317e-08
0.100198 -7.05456e-08
0.100288 -7.06751e-08
0.100378 -7.06696e-08
0.100468 -7.06065e-08
0.100558 -7.07096e-08
0.100648 -7.07669e-08
0.100738 -7.08203e-08
0.100828 -7.09165e-08
0.100917 -7.09343e-08
0.101007 -7.10254e-08
0.101097 -7.10558e-08
0.101187 -7.11538e-08
0.101277 -7.10854e-08
0.101367 -7.10823e-08
0.101457 -7.11743e-08
0.101547 -7.12751e-08
0.101637 -7.13626e-08
0.101727 -7.14196e-08
0.101816 -7.14637e-08
0.101906 -7.15607e-08
0.101996 -7.1661e-08
0.102086 -7.16432e-08
0.102176 -7.17287e-08
0.102266 -7.17325e-08
0.102356 -7.17612e-08
0.102446 -7.17753e-08
0.102536 -7.18086e-08
0.102626 -7.17355e-08
0.102716 -7.17026e-08
0.102805 -7.17593e-08
0.102895 -7.17669e-08
0.102985 -7.1718e-08
0.103075 -7.17367e-08
0.103165 -7.1716e-08
0.103255 -7.17686e-08
0.103345 -7.18203e-08
0.103435 -7.18425e-08
0.103525 -7.18589e-08
0.103615 -7.1997e-08
0.103704 -7.20508e-08
0.103794 -7.20785e-08
0.103884 -7.21232e-08
0.103974 -7.22579e-08
0.104064 -7.22654e-08
0.104154 -7.23133e-08
0.104244 -7.23488e-08
0.104334 -7.23015e-08
0.104424 -7.23703e-08
0.104514 -7.2493e-08
0.104604 -7.2602e-08
0.104693 -7.25318e-08
0.104783 -7.26402e-08
0.104873 -7.26671e-08
0.104963 -7.27964e-08
0.105053 -7.28194e-08
0.105143 -7.28919e-08
0.105233 -7.29261e-08
0.105323 -7.29924e-08
0.105413 -7.30628e-08
0.105503 -7.31765e-08
0.105592 -7.31537e-08
0.105682 -7.31575e-08
0.105772 -7.32531e-08
0.105862 -7.33747e-08
0.105952 -7.33469e-08
0.106042 -7.33733e-08
0.106132 -7.33518e-08
0.106222 -7.3385e-08
0.106312 -7.34748e-08
0.106402 -7.3488e-08
0.106491 -7.35558e-08
0.106581 -7.36067e-08
0.106671 -7.3699e-08
0.106761 -7.37655e-08
0.106851 -7.37583e-08
0.106941 -7.37585e-08
0.107031 -7.38445e-08
0.107121 -7.37674e-08
0.107211 -7.39401e-08
0.107301 -7.40053e-08
0.107391 -7.39525e-08
0.10748 -7.39542e-08
0.10757 -7.39324e-08
0.10766 -7.38888e-08
0.10775 -7.3873e-08
0.10784 -7.38962e-08
0.10793 -7.37863e-08
0.10802 -7.37643e-08
0.10811 -7.37658e-08
0.1082 -7.38641e-08
0.10829 -7.38485e-08
0.108379 -7.39513e-08
0.108469 -7.40735e-08
0.108559 -7.41673e-08
0.108649 -7.41997e-08
0.108739 -7.42232e-08
0.108829 -7.42094e-08
0.108919 -7.4305e-08
0.109009 -7.44462e-08
0.109099 -7.45643e-08
0.109189 -7.45336e-08
0.109279 -7.44979e-08
0.109368 -7.44127e-08
0.109458 -7.43232e-08
0.109548 -7.436e-08
0.109638 -7.42923e-08
0.109728 -7.4388e-08
0.109818 -7.44102e-08
0.109908 -7.44403e-08
0.109998 -7.4326e-08
0.110088 -7.43916e-08
0.110178 -7.4183e-08
0.110267 -7.42795e-08
0.110357 -7.43352e-08
0.110447 -7.43357e-08
0.110537 -7.42974e-08
0.110627 -7.42706e-08
0.110717 -7.42261e-08
0.110807 -7.4366e-08
0.110897 -7.43481e-08
0.110987 -7.43472e-08
0.111077 -7.44206e-08
0.111167 -7.44391e-08
0.111256 -7.45454e-08
0.111346 -7.45813e-08
0.111436 -7.46494e-08
0.111526 -7.4649e-08
0.111616 -7.48072e-08
0.111706 -7.48661e-08
0.111796 -7.47011e-08
0.111886 -7.46819e-08
0.111976 -7.46719e-08
0.112066 -7.46527e-08
0.112155 -7.45893e-08
0.112245 -7.45636e-08
0.112335 -7.45865e-08
0.112425 -7.44275e-08
0.112515 -7.45297e-08
0.112605 -7.45857e-08
0.112695 -7.4372e-08
0.112785 -7.44057e-08
0.112875 -7.44212e-08
0.112965 -7.44992e-08
0.113054 -7.4775e-08
0.113144 -7.49089e-08
0.113234 -7.49916e-08
0.113324 -7.50516e-08
0.113414 -7.49624e-08
0.113504 -7.5113e-08
0.113594 -7.5024e-08
0.113684 -7.51186e-08
0.113774 -7.52325e-08
0.113864 -7.51942e-08
0.113954 -7.52812e-08
0.114043 -7.50558e-08
0.114133 -7.48759e-08
0.114223 -7.48641e-08
0.114313 -7.46974e-08
0.114403 -7.47562e-08
0.114493 -7.48633e-08
0.114583 -7.47935e-08
0.114673 -7.48177e-08
0.114763 -7.47038e-08
0.114853 -7.48177e-08
0.114942 -7.47341e-08
0.115032 -7.4738e-08
0.115122 -7.49025e-08
0.115212 -7.48778e-08
0.115302 -7.48254e-08
0.115392 -7.50812e-08
0.115482 -7.51531e-08
0.115572 -7.53072e-08
0.115662 -7.54396e-08
0.115752 -7.55284e-08
0.115842 -7.54694e-08
0.115931 -7.55409e-08
0.116021 -7.55437e-08
0.116111 -7.55705e-08
0.116201 -7.55631e-08
0.116291 -7.56593e-08
0.116381 -7.5688e-08
0.116471 -7.56579e-08
0.116561 -7.56472e-08
0.116651 -7.54163e-08
0.116741 -7.53043e-08
0.11683 -7.53561e-08
0.11692 -7.53457e-08
0.11701 -7.52271e-08
0.1171 -7.53726e-08
0.11719 -7.52918e-08
0.11728 -7.53762e-08
0.11737 -7.53872e-08
0.11746 -7.54302e-08
0.11755 -7.55036e-08
0.11764 -7.56232e-08
0.11773 -7.55679e-08
0.117819 -7.55328e-08
0.117909 -7.5367e-08
0.117999 -7.54185e-08
0.118089 -7.54911e-08
0.118179 -7.54506e-08
0.118269 -7.5413e-08
0.118359 -7.53615e-08
0.118449 -7.52163e-08
0.118539 -7.52949e-08
0.118629 -7.52046e-08
0.118718 -7.53598e-08
0.118808 -7.55329e-08
0.118898 -7.56378e-08
0.118988 -7.57005e-08
0.119078 -7.57185e-08
0.119168 -7.57616e-08
0.119258 -7.57364e-08
0.119348 -7.57405e-08
0.119438 -7.56809e-08
0.119528 -7.58099e-08
0.119617 -7.56481e-08
0.119707 -7.55456e-08
0.119797 -7.53566e-08
0.119887 -7.53126e-08
0.119977 -7.54437e-08
0.120067 -7.56762e-08
0.120157 -7.55157e-08
0.120247 -7.56057e-08
0.120337 -7.57137e-08
0.120427 -7.58263e-08
0.120517 -7.577e-08
0.120606 -7.56549e-08
0.120696 -7.57638e-08
0.120786 -7.60147e-08
0.120876 -7.60683e-08
0.120966 -7.61237e-08
0.121056 -7.58202e-08
0.121146 -7.56906e-08
0.121236 -7.5774e-08
0.121326 -7.56699e-08
0.121416 -7.55697e-08
0.121505 -7.53237e-08
0.121595 -7.53236e-08
0.121685 -7.54348e-08
0.121775 -7.53387e-08
0.121865 -7.50387e-08
0.121955 -7.48793e-08
0.122045 -7.47541e-08
0.122135 -7.44811e-08
0.122225 -7.47747e-08
0.122315 -7.51829e-08
0.122405 -7.50469e-08
0.122494 -7.48479e-08
0.122584 -7.48983e-08
0.122674 -7.49083e-08
0.122764 -7.47131e-08
0.122854 -7.44987e-08
0.122944 -7.46612e-08
0.123034 -7.44487e-08
0.123124 -7.46717e-08
0.123214 -7.4885e-08
0.123304 -7.45879e-08
0.123393 -7.43763e-08
0.123483 -7.44378e-08
0.123573 -7.46929e-08
0.123663 -7.45814e-08
0.123753 -7.43644e-08
0.123843 -7.40733e-08
0.123933 -7.4108e-08
0.124023 -7.45677e-08
0.124113 -7.44324e-08
0.124203 -7.40671e-08
0.124293 -7.38269e-08
0.124382 -7.38501e-08
0.124472 -7.37016e-08
0.124562 -7.38377e-08
0.124652 -7.37431e-08
0.124742 -7.39385e-08
0.124832 -7.37884e-08
0.124922 -7.39796e-08
0.125012 -7.31239e-08
0.125102 -7.26246e-08
0.125192 -7.24624e-08
0.125281 -7.25037e-08
0.125371 -7.2339e-08
0.125461 -7.24245e-08
0.125551 -7.23175e-08
0.125641 -7.21698e-08
0.125731 -7.12801e-08
0.125821 -7.10453e-08
0.125911 -7.05326e-08
0.126001 -7.03551e-08
0.126091 -7.04534e-08
0.126181 -7.07679e-08
0.12627 -7.08505e-08
0.12636 -7.09609e-08
0.12645 -7.06524e-08
0.12654 -7.05282e-08
0.12663 -6.99626e-08
0.12672 -7.01405e-08
0.12681 -7.0591e-08
0.1269 -7.08363e-08
0.12699 -7.08802e-08
0.12708 -7.09203e-08
0.127169 -7.09494e-08
0.127259 -7.05983e-08
0.127349 -7.05903e-08
0.127439 -7.03543e-08
0.127529 -7.0375e-08
0.127619 -7.01047e-08
0.127709 -7.03842e-08
0.127799 -7.02197e-08
0.127889 -7.01319e-08
0.127979 -6.95962e-08
0.128068 -6.92486e-08
0.128158 -6.87324e-08
0.128248 -6.88865e-08
0.128338 -6.79967e-08
0.128428 -6.76049e-08
0.128518 -6.70764e-08
0.128608 -6.68825e-08
0.128698 -6.71193e-08
0.128788 -6.6852e-08
0.128878 -6.61866e-08
0.128968 -6.60832e-08
0.129057 -6.5978e-08
0.129147 -6.59421e-08
0.129237 -6.57925e-08
0.129327 -6.55532e-08
0.129417 -6.61791e-08
0.129507 -6.63187e-08
0.129597 -6.64838e-08
0.129687 -6.59737e-08
0.129777 -6.60283e-08
0.129867 -6.62674e-08
0.129956 -6.6249e-08
0.130046 -6.62403e-08
0.130136 -6.62198e-08
0.130226 -6.62113e-08
0.130316 -6.60959e-08
0.130406 -6.61079e-08
0.130496 -6.58079e-08
0.130586 -6.55541e-08
0.130676 -6.52566e-08
0.130766 -6.53266e-08
0.130856 -6.47213e-08
0.130945 -6.46726e-08
0.131035 -6.47131e-08
0.131125 -6.43712e-08
0.131215 -6.38132e-08
0.131305 -6.37153e-08
0.131395 -6.39245e-08
0.131485 -6.35433e-08
0.131575 -6.29617e-08
0.131665 -6.28356e-08
0.131755 -6.27539e-08
0.131844 -6.25166e-08
0.131934 -6.22588e-08
0.132024 -6.18124e-08
0.132114 -6.1485e-08
0.132204 -6.17818e-08
0.132294 -6.19313e-08
0.132384 -6.17283e-08
0.132474 -6.13243e-08
0.132564 -6.18276e-08
0.132654 -6.21245e-08
0.132744 -6.21816e-08
0.132833 -6.14674e-08
0.132923 -6.20775e-08
0.133013 -6.22057e-08
0.133103 -6.25941e-08
0.133193 -6.25036e-08
0.133283 -6.24037e-08
0.133373 -6.1889e-08
0.133463 -6.1747e-08
0.133553 -6.16025e-08
0.133643 -6.15748e-08
0.133732 -6.14801e-08
0.133822 -6.11272e-08
0.133912 -6.13605e-08
0.134002 -6.07156e-08
0.134092 -6.0499e-08
0.134182 -6.02276e-08
0.134272 -5.98863e-08
0.134362 -5.96145e-08
0.134452 -5.98393e-08
0.134542 -5.97667e-08
0.134631 -5.95724e-08
0.134721 -5.89747e-08
0.134811 -5.914e-08
