-0.134811 -4.37273e-08
-0.134721 -4.50596e-08
-0.134631 -4.72761e-08
-0.134542 -4.90876e-08
-0.134452 -5.0655e-08
-0.134362 -5.10865e-08
-0.134272 -5.12378e-08
-0.134182 -5.21876e-08
-0.134092 -5.27782e-08
-0.134002 -5.31365e-08
-0.133912 -5.27452e-08
-0.133822 -5.17987e-08
-0.133732 -5.16967e-08
-0.133642 -5.05842e-08
-0.133553 -4.96518e-08
-0.133463 -4.88113e-08
-0.133373 -4.87746e-08
-0.133283 -4.9119e-08
-0.133193 -4.88707e-08
-0.133103 -4.90803e-08
-0.133013 -4.88574e-08
-0.132923 -4.8891e-08
-0.132833 -4.88073e-08
-0.132743 -4.96925e-08
-0.132654 -5.02198e-08
-0.132564 -5.04692e-08
-0.132474 -5.10618e-08
-0.132384 -5.2208e-08
-0.132294 -5.23807e-08
-0.132204 -5.3374e-08
-0.132114 -5.36108e-08
-0.132024 -5.39236e-08
-0.131934 -5.4604e-08
-0.131844 -5.51703e-08
-0.131754 -5.58853e-08
-0.131665 -5.66698e-08
-0.131575 -5.75084e-08
-0.131485 -5.8323e-08
-0.131395 -5.84358e-08
-0.131305 -5.8104e-08
-0.131215 -5.80855e-08
-0.131125 -5.85613e-08
-0.131035 -5.91699e-08
-0.130945 -5.92465e-08
-0.130855 -5.92724e-08
-0.130766 -5.9494e-08
-0.130676 -5.94733e-08
-0.130586 -5.98822e-08
-0.130496 -5.9891e-08
-0.130406 -6.01247e-08
-0.130316 -6.0054e-08
-0.130226 -6.02276e-08
-0.130136 -6.06135e-08
-0.130046 -6.10046e-08
-0.129956 -6.0941e-08
-0.129867 -6.13114e-08
-0.129777 -6.17643e-08
-0.129687 -6.20472e-08
-0.129597 -6.29e-08
-0.129507 -6.33515e-08
-0.129417 -6.36974e-08
-0.129327 -6.39412e-08
-0.129237 -6.51291e-08
-0.129147 -6.62149e-08
-0.129057 -6.70409e-08
-0.128967 -6.76537e-08
-0.128878 -6.82735e-08
-0.128788 -6.90551e-08
-0.128698 -6.93698e-08
-0.128608 -6.93487e-08
-0.128518 -6.91783e-08
-0.128428 -6.9364e-08
-0.128338 -6.97809e-08
-0.128248 -7.02919e-08
-0.128158 -6.96918e-08
-0.128068 -6.97253e-08
-0.127979 -7.02116e-08
-0.127889 -7.06771e-08
-0.127799 -7.0832e-08
-0.127709 -7.0934e-08
-0.127619 -7.10586e-08
-0.127529 -7.13982e-08
-0.127439 -7.16747e-08
-0.127349 -7.19071e-08
-0.127259 -7.18713e-08
-0.127169 -7.22707e-08
-0.127079 -7.22866e-08
-0.12699 -7.23985e-08
-0.1269 -7.2658e-08
-0.12681 -7.2541e-08
-0.12672 -7.22871e-08
-0.12663 -7.21388e-08
-0.12654 -7.22112e-08
-0.12645 -7.19068e-08
-0.12636 -7.17523e-08
-0.12627 -7.16518e-08
-0.12618 -7.15059e-08
-0.126091 -7.15671e-08
-0.126001 -7.17699e-08
-0.125911 -7.20935e-08
-0.125821 -7.24775e-08
-0.125731 -7.27837e-08
-0.125641 -7.37543e-08
-0.125551 -7.44456e-08
-0.125461 -7.52796e-08
-0.125371 -7.58592e-08
-0.125281 -7.6625e-08
-0.125191 -7.74649e-08
-0.125102 -7.82063e-08
-0.125012 -7.88635e-08
-0.124922 -7.96461e-08
-0.124832 -7.99408e-08
-0.124742 -8.03407e-08
-0.124652 -8.03587e-08
-0.124562 -8.02448e-08
-0.124472 -8.00757e-08
-0.124382 -7.99832e-08
-0.124292 -7.9522e-08
-0.124203 -7.93541e-08
-0.124113 -7.9456e-08
-0.124023 -7.95083e-08
-0.123933 -7.94729e-08
-0.123843 -7.97066e-08
-0.123753 -8.01378e-08
-0.123663 -8.03696e-08
-0.123573 -8.08774e-08
-0.123483 -8.11198e-08
-0.123393 -8.14784e-08
-0.123304 -8.18396e-08
-0.123214 -8.22383e-08
-0.123124 -8.24177e-08
-0.123034 -8.22616e-08
-0.122944 -8.23168e-08
-0.122854 -8.22581e-08
-0.122764 -8.21031e-08
-0.122674 -8.19692e-08
-0.122584 -8.18448e-08
-0.122494 -8.18277e-08
-0.122404 -8.19526e-08
-0.122315 -8.20202e-08
-0.122225 -8.17777e-08
-0.122135 -8.15974e-08
-0.122045 -8.18972e-08
-0.121955 -8.23496e-08
-0.121865 -8.26702e-08
-0.121775 -8.31295e-08
-0.121685 -8.35551e-08
-0.121595 -8.3916e-08
-0.121505 -8.43331e-08
-0.121416 -8.46224e-08
-0.121326 -8.48555e-08
-0.121236 -8.5135e-08
-0.121146 -8.53021e-08
-0.121056 -8.57658e-08
-0.120966 -8.62055e-08
-0.120876 -8.64466e-08
-0.120786 -8.67798e-08
-0.120696 -8.6835e-08
-0.120606 -8.69606e-08
-0.120516 -8.73069e-08
-0.120427 -8.76896e-08
-0.120337 -8.79836e-08
-0.120247 -8.83395e-08
-0.120157 -8.85627e-08
-0.120067 -8.88593e-08
-0.119977 -8.8832e-08
-0.119887 -8.8952e-08
-0.119797 -8.91281e-08
-0.119707 -8.94503e-08
-0.119617 -8.94869e-08
-0.119528 -8.94497e-08
-0.119438 -8.95206e-08
-0.119348 -8.96006e-08
-0.119258 -8.9872e-08
-0.119168 -9.0026e-08
-0.119078 -9.0296e-08
-0.118988 -9.05902e-08
-0.118898 -9.09274e-08
-0.118808 -9.1072e-08
-0.118718 -9.10438e-08
-0.118628 -9.10035e-08
-0.118539 -9.09762e-08
-0.118449 -9.10159e-08
-0.118359 -9.11923e-08
-0.118269 -9.13881e-08
-0.118179 -9.14994e-08
-0.118089 -9.1625e-08
-0.117999 -9.20152e-08
-0.117909 -9.22344e-08
-0.117819 -9.24101e-08
-0.117729 -9.26701e-08
-0.11764 -9.29374e-08
-0.11755 -9.3206e-08
-0.11746 -9.3293e-08
-0.11737 -9.35232e-08
-0.11728 -9.38549e-08
-0.11719 -9.38801e-08
-0.1171 -9.40096e-08
-0.11701 -9.41873e-08
-0.11692 -9.44589e-08
-0.11683 -9.44068e-08
-0.116741 -9.43421e-08
-0.116651 -9.44814e-08
-0.116561 -9.46231e-08
-0.116471 -9.47755e-08
-0.116381 -9.49497e-08
-0.116291 -9.50283e-08
-0.116201 -9.50118e-08
-0.116111 -9.53524e-08
-0.116021 -9.56826e-08
-0.115931 -9.62143e-08
-0.115841 -9.69433e-08
-0.115752 -9.76884e-08
-0.115662 -9.81987e-08
-0.115572 -9.85325e-08
-0.115482 -9.89008e-08
-0.115392 -9.92762e-08
-0.115302 -9.9609e-08
-0.115212 -9.97962e-08
-0.115122 -9.9862e-08
-0.115032 -9.98122e-08
-0.114942 -9.94823e-08
-0.114853 -9.92282e-08
-0.114763 -9.86213e-08
-0.114673 -9.82444e-08
-0.114583 -9.795e-08
-0.114493 -9.78646e-08
-0.114403 -9.77249e-08
-0.114313 -9.77967e-08
-0.114223 -9.77987e-08
-0.114133 -9.78665e-08
-0.114043 -9.80527e-08
-0.113953 -9.81774e-08
-0.113864 -9.84606e-08
-0.113774 -9.88398e-08
-0.113684 -9.90757e-08
-0.113594 -9.91717e-08
-0.113504 -9.95701e-08
-0.113414 -9.95077e-08
-0.113324 -9.96359e-08
-0.113234 -9.98699e-08
-0.113144 -9.98667e-08
-0.113054 -9.98883e-08
-0.112965 -9.98967e-08
-0.112875 -1.00018e-07
-0.112785 -9.99902e-08
-0.112695 -1.00111e-07
-0.112605 -1.00589e-07
-0.112515 -1.01058e-07
-0.112425 -1.013e-07
-0.112335 -1.01796e-07
-0.112245 -1.02233e-07
-0.112155 -1.02712e-07
-0.112065 -1.02971e-07
-0.111976 -1.0326e-07
-0.111886 -1.03407e-07
-0.111796 -1.03624e-07
-0.111706 -1.03518e-07
-0.111616 -1.0333e-07
-0.111526 -1.03185e-07
-0.111436 -1.03112e-07
-0.111346 -1.0301e-07
-0.111256 -1.02932e-07
-0.111166 -1.02829e-07
-0.111077 -1.02688e-07
-0.110987 -1.02815e-07
-0.110897 -1.02729e-07
-0.110807 -1.02698e-07
-0.110717 -1.02805e-07
-0.110627 -1.0287e-07
-0.110537 -1.03094e-07
-0.110447 -1.03382e-07
-0.110357 -1.03588e-07
-0.110267 -1.03979e-07
-0.110178 -1.04197e-07
-0.110088 -1.04534e-07
-0.109998 -1.0486e-07
-0.109908 -1.05009e-07
-0.109818 -1.05342e-07
-0.109728 -1.05561e-07
-0.109638 -1.05536e-07
-0.109548 -1.0556e-07
-0.109458 -1.0563e-07
-0.109368 -1.05829e-07
-0.109278 -1.05776e-07
-0.109189 -1.05743e-07
-0.109099 -1.05796e-07
-0.109009 -1.0585e-07
-0.108919 -1.05951e-07
-0.108829 -1.06304e-07
-0.108739 -1.06457e-07
-0.108649 -1.06724e-07
-0.108559 -1.06884e-07
-0.108469 -1.07213e-07
-0.108379 -1.0737e-07
-0.10829 -1.07448e-07
-0.1082 -1.07903e-07
-0.10811 -1.08169e-07
-0.10802 -1.08316e-07
-0.10793 -1.0847e-07
-0.10784 -1.08498e-07
-0.10775 -1.08399e-07
-0.10766 -1.08419e-07
-0.10757 -1.08541e-07
-0.10748 -1.08863e-07
-0.10739 -1.09011e-07
-0.107301 -1.09291e-07
-0.107211 -1.09604e-07
-0.107121 -1.09731e-07
-0.107031 -1.09809e-07
-0.106941 -1.09454e-07
-0.106851 -1.09474e-07
-0.106761 -1.0949e-07
-0.106671 -1.09627e-07
-0.106581 -1.09611e-07
-0.106491 -1.09557e-07
-0.106402 -1.09466e-07
-0.106312 -1.0924e-07
-0.106222 -1.08983e-07
-0.106132 -1.08771e-07
-0.106042 -1.08482e-07
-0.105952 -1.08585e-07
-0.105862 -1.08713e-07
-0.105772 -1.08984e-07
-0.105682 -1.09173e-07
-0.105592 -1.09248e-07
-0.105502 -1.09419e-07
-0.105413 -1.09813e-07
-0.105323 -1.10187e-07
-0.105233 -1.10348e-07
-0.105143 -1.10567e-07
-0.105053 -1.10706e-07
-0.104963 -1.10973e-07
-0.104873 -1.11192e-07
-0.104783 -1.11284e-07
-0.104693 -1.11167e-07
-0.104603 -1.11205e-07
-0.104514 -1.11289e-07
-0.104424 -1.11236e-07
-0.104334 -1.11347e-07
-0.104244 -1.11418e-07
-0.104154 -1.11503e-07
-0.104064 -1.11722e-07
-0.103974 -1.11861e-07
-0.103884 -1.11963e-07
-0.103794 -1.12268e-07
-0.103704 -1.1249e-07
-0.103614 -1.1266e-07
-0.103525 -1.1284e-07
-0.103435 -1.12905e-07
-0.103345 -1.12913e-07
-0.103255 -1.12889e-07
-0.103165 -1.12907e-07
-0.103075 -1.12616e-07
-0.102985 -1.12351e-07
-0.102895 -1.1211e-07
-0.102805 -1.11965e-07
-0.102715 -1.11935e-07
-0.102626 -1.1174e-07
-0.102536 -1.1153e-07
-0.102446 -1.11272e-07
-0.102356 -1.11029e-07
-0.102266 -1.10768e-07
-0.102176 -1.10515e-07
-0.102086 -1.10586e-07
-0.101996 -1.10729e-07
-0.101906 -1.10961e-07
-0.101816 -1.11192e-07
-0.101727 -1.1134e-07
-0.101637 -1.11384e-07
-0.101547 -1.11547e-07
-0.101457 -1.11661e-07
-0.101367 -1.1186e-07
-0.101277 -1.12199e-07
-0.101187 -1.1213e-07
-0.101097 -1.12214e-07
-0.101007 -1.12232e-07
-0.100917 -1.12118e-07
-0.100827 -1.1201e-07
-0.100738 -1.1192e-07
-0.100648 -1.11694e-07
-0.100558 -1.11596e-07
-0.100468 -1.11329e-07
-0.100378 -1.11134e-07
-0.100288 -1.10682e-07
-0.100198 -1.1036e-07
-0.100108 -1.09991e-07
-0.100018 -1.0969e-07
-0.0999284 -1.09474e-07
-0.0998385 -1.0926e-07
-0.0997486 -1.09121e-07
-0.0996587 -1.08827e-07
-0.0995688 -1.08567e-07
-0.0994789 -1.08356e-07
-0.099389 -1.08263e-07
-0.0992991 -1.0817e-07
-0.0992092 -1.08176e-07
-0.0991193 -1.08172e-07
-0.0990294 -1.08277e-07
-0.0989395 -1.08391e-07
-0.0988496 -1.08491e-07
-0.0987597 -1.08492e-07
-0.0986698 -1.08499e-07
-0.0985799 -1.08314e-07
-0.09849 -1.0812e-07
-0.0984001 -1.08011e-07
-0.0983102 -1.07971e-07
-0.0982202 -1.07865e-07
-0.0981303 -1.07584e-07
-0.0980404 -1.07456e-07
-0.0979505 -1.07317e-07
-0.0978606 -1.07051e-07
-0.0977707 -1.06986e-07
-0.0976808 -1.06754e-07
-0.0975909 -1.06628e-07
-0.097501 -1.06589e-07
-0.0974111 -1.06579e-07
-0.0973212 -1.0655e-07
-0.0972313 -1.06309e-07
-0.0971414 -1.06226e-07
-0.0970515 -1.0627e-07
-0.0969616 -1.06269e-07
-0.0968717 -1.06139e-07
-0.0967818 -1.06003e-07
-0.0966919 -1.05808e-07
-0.096602 -1.05682e-07
-0.0965121 -1.05523e-07
-0.0964222 -1.05467e-07
-0.0963323 -1.05356e-07
-0.0962424 -1.05257e-07
-0.0961525 -1.05365e-07
-0.0960626 -1.05326e-07
-0.0959726 -1.05336e-07
-0.0958827 -1.05278e-07
-0.0957928 -1.0527e-07
-0.0957029 -1.05268e-07
-0.095613 -1.05351e-07
-0.0955231 -1.05385e-07
-0.0954332 -1.054e-07
-0.0953433 -1.05434e-07
-0.0952534 -1.05453e-07
-0.0951635 -1.05376e-07
-0.0950736 -1.05287e-07
-0.0949837 -1.05303e-07
-0.0948938 -1.05202e-07
-0.0948039 -1.05121e-07
-0.094714 -1.04934e-07
-0.0946241 -1.04819e-07
-0.0945342 -1.04651e-07
-0.0944443 -1.04629e-07
-0.0943544 -1.04696e-07
-0.0942645 -1.04696e-07
-0.0941746 -1.04645e-07
-0.0940847 -1.04797e-07
-0.0939948 -1.048e-07
-0.0939049 -1.04845e-07
-0.0938149 -1.04857e-07
-0.093725 -1.04927e-07
-0.0936351 -1.04927e-07
-0.0935452 -1.04946e-07
-0.0934553 -1.04983e-07
-0.0933654 -1.04836e-07
-0.0932755 -1.04719e-07
-0.0931856 -1.04555e-07
-0.0930957 -1.04369e-07
-0.0930058 -1.03989e-07
-0.0929159 -1.03722e-07
-0.092826 -1.03405e-07
-0.0927361 -1.03006e-07
-0.0926462 -1.02715e-07
-0.0925563 -1.02397e-07
-0.0924664 -1.02039e-07
-0.0923765 -1.01766e-07
-0.0922866 -1.01288e-07
-0.0921967 -1.00878e-07
-0.0921068 -1.00563e-07
-0.0920169 -1.00271e-07
-0.091927 -1.00067e-07
-0.0918371 -9.97516e-08
-0.0917472 -9.94252e-08
-0.0916572 -9.91756e-08
-0.0915673 -9.89948e-08
-0.0914774 -9.88203e-08
-0.0913875 -9.85347e-08
-0.0912976 -9.83416e-08
-0.0912077 -9.81548e-08
-0.0911178 -9.7994e-08
-0.0910279 -9.78915e-08
-0.090938 -9.77081e-08
-0.0908481 -9.74721e-08
-0.0907582 -9.73393e-08
-0.0906683 -9.73251e-08
-0.0905784 -9.72323e-08
-0.0904885 -9.7138e-08
-0.0903986 -9.69028e-08
-0.0903087 -9.68295e-08
-0.0902188 -9.67318e-08
-0.0901289 -9.66516e-08
-0.090039 -9.64536e-08
-0.0899491 -9.63018e-08
-0.0898592 -9.61872e-08
-0.0897693 -9.60973e-08
-0.0896794 -9.59294e-08
-0.0895895 -9.58472e-08
-0.0894995 -9.56762e-08
-0.0894096 -9.55777e-08
-0.0893197 -9.55033e-08
-0.0892298 -9.52891e-08
-0.0891399 -9.52089e-08
-0.08905 -9.51208e-08
-0.0889601 -9.51143e-08
-0.0888702 -9.5059e-08
-0.0887803 -9.50182e-08
-0.0886904 -9.49968e-08
-0.0886005 -9.49438e-08
-0.0885106 -9.48103e-08
-0.0884207 -9.46849e-08
-0.0883308 -9.45316e-08
-0.0882409 -9.43557e-08
-0.088151 -9.40955e-08
-0.0880611 -9.38967e-08
-0.0879712 -9.36823e-08
-0.0878813 -9.34e-08
-0.0877914 -9.30473e-08
-0.0877015 -9.25962e-08
-0.0876116 -9.21815e-08
-0.0875217 -9.16956e-08
-0.0874318 -9.13718e-08
-0.0873418 -9.08783e-08
-0.0872519 -9.04641e-08
-0.087162 -9.0086e-08
-0.0870721 -8.96632e-08
-0.0869822 -8.92775e-08
-0.0868923 -8.88705e-08
-0.0868024 -8.84486e-08
-0.0867125 -8.80774e-08
-0.0866226 -8.77694e-08
-0.0865327 -8.74679e-08
-0.0864428 -8.71048e-08
-0.0863529 -8.68253e-08
-0.086263 -8.65797e-08
-0.0861731 -8.6203e-08
-0.0860832 -8.59875e-08
-0.0859933 -8.56922e-08
-0.0859034 -8.54876e-08
-0.0858135 -8.51517e-08
-0.0857236 -8.48678e-08
-0.0856337 -8.46039e-08
-0.0855438 -8.42922e-08
-0.0854539 -8.39758e-08
-0.085364 -8.35859e-08
-0.0852741 -8.3273e-08
-0.0851841 -8.29288e-08
-0.0850942 -8.24831e-08
-0.0850043 -8.20352e-08
-0.0849144 -8.15782e-08
-0.0848245 -8.11523e-08
-0.0847346 -8.08343e-08
-0.0846447 -8.04671e-08
-0.0845548 -7.99714e-08
-0.0844649 -7.94325e-08
-0.084375 -7.88516e-08
-0.0842851 -7.8268e-08
-0.0841952 -7.77131e-08
-0.0841053 -7.73342e-08
-0.0840154 -7.6922e-08
-0.0839255 -7.65306e-08
-0.0838356 -7.59167e-08
-0.0837457 -7.53352e-08
-0.0836558 -7.47721e-08
-0.0835659 -7.42705e-08
-0.083476 -7.37642e-08
-0.0833861 -7.32297e-08
-0.0832962 -7.2762e-08
-0.0832063 -7.22692e-08
-0.0831164 -7.17599e-08
-0.0830264 -7.13114e-08
-0.0829365 -7.08622e-08
-0.0828466 -7.0398e-08
-0.0827567 -6.99784e-08
-0.0826668 -6.95971e-08
-0.0825769 -6.91963e-08
-0.082487 -6.885e-08
-0.0823971 -6.865e-08
-0.0823072 -6.84505e-08
-0.0822173 -6.82868e-08
-0.0821274 -6.80466e-08
-0.0820375 -6.78325e-08
-0.0819476 -6.75174e-08
-0.0818577 -6.72055e-08
-0.0817678 -6.69497e-08
-0.0816779 -6.67446e-08
-0.081588 -6.65179e-08
-0.0814981 -6.62067e-08
-0.0814082 -6.59686e-08
-0.0813183 -6.56668e-08
-0.0812284 -6.54607e-08
-0.0811385 -6.51943e-08
-0.0810486 -6.50308e-08
-0.0809587 -6.4771e-08
-0.0808687 -6.45753e-08
-0.0807788 -6.4305e-08
-0.0806889 -6.40609e-08
-0.080599 -6.37933e-08
-0.0805091 -6.35366e-08
-0.0804192 -6.33045e-08
-0.0803293 -6.30381e-08
-0.0802394 -6.28056e-08
-0.0801495 -6.25098e-08
-0.0800596 -6.22946e-08
-0.0799697 -6.19965e-08
-0.0798798 -6.17062e-08
-0.0797899 -6.14742e-08
-0.0797 -6.12747e-08
-0.0796101 -6.10194e-08
-0.0795202 -6.08079e-08
-0.0794303 -6.05453e-08
-0.0793404 -6.03118e-08
-0.0792505 -6.00435e-08
-0.0791606 -5.97402e-08
-0.0790707 -5.94308e-08
-0.0789808 -5.9166e-08
-0.0788909 -5.89038e-08
-0.078801 -5.87086e-08
-0.078711 -5.84533e-08
-0.0786211 -5.82627e-08
-0.0785312 -5.80297e-08
-0.0784413 -5.78071e-08
-0.0783514 -5.7615e-08
-0.0782615 -5.74696e-08
-0.0781716 -5.73092e-08
-0.0780817 -5.72026e-08
-0.0779918 -5.70485e-08
-0.0779019 -5.68796e-08
-0.077812 -5.67344e-08
-0.0777221 -5.65511e-08
-0.0776322 -5.64124e-08
-0.0775423 -5.62166e-08
-0.0774524 -5.59989e-08
-0.0773625 -5.58202e-08
-0.0772726 -5.56412e-08
-0.0771827 -5.5465e-08
-0.0770928 -5.52513e-08
-0.0770029 -5.50299e-08
-0.076913 -5.47618e-08
-0.0768231 -5.44796e-08
-0.0767332 -5.41555e-08
-0.0766433 -5.38272e-08
-0.0765534 -5.34633e-08
-0.0764634 -5.31523e-08
-0.0763735 -5.27843e-08
-0.0762836 -5.24571e-08
-0.0761937 -5.20761e-08
-0.0761038 -5.17153e-08
-0.0760139 -5.13452e-08
-0.075924 -5.09739e-08
-0.0758341 -5.06251e-08
-0.0757442 -5.0247e-08
-0.0756543 -4.9881e-08
-0.0755644 -4.95623e-08
-0.0754745 -4.92691e-08
-0.0753846 -4.90249e-08
-0.0752947 -4.87492e-08
-0.0752048 -4.849e-08
-0.0751149 -4.82438e-08
-0.075025 -4.80158e-08
-0.0749351 -4.77882e-08
-0.0748452 -4.7628e-08
-0.0747553 -4.74775e-08
-0.0746654 -4.73421e-08
-0.0745755 -4.72021e-08
-0.0744856 -4.7058e-08
-0.0743957 -4.68769e-08
-0.0743057 -4.67089e-08
-0.0742158 -4.6528e-08
-0.0741259 -4.63738e-08
-0.074036 -4.61985e-08
-0.0739461 -4.60487e-08
-0.0738562 -4.58453e-08
-0.0737663 -4.56518e-08
-0.0736764 -4.54579e-08
-0.0735865 -4.52696e-08
-0.0734966 -4.50767e-08
-0.0734067 -4.48869e-08
-0.0733168 -4.46882e-08
-0.0732269 -4.4498e-08
-0.073137 -4.43119e-08
-0.0730471 -4.41468e-08
-0.0729572 -4.3947e-08
-0.0728673 -4.37392e-08
-0.0727774 -4.35485e-08
-0.0726875 -4.33331e-08
-0.0725976 -4.31251e-08
-0.0725077 -4.29499e-08
-0.0724178 -4.27878e-08
-0.0723279 -4.26252e-08
-0.072238 -4.24206e-08
-0.072148 -4.22204e-08
-0.0720581 -4.20049e-08
-0.0719682 -4.17925e-08
-0.0718783 -4.15853e-08
-0.0717884 -4.14135e-08
-0.0716985 -4.12597e-08
-0.0716086 -4.10961e-08
-0.0715187 -4.0936e-08
-0.0714288 -4.07743e-08
-0.0713389 -4.05973e-08
-0.071249 -4.04301e-08
-0.0711591 -4.02822e-08
-0.0710692 -4.01654e-08
-0.0709793 -4.00462e-08
-0.0708894 -3.99576e-08
-0.0707995 -3.98503e-08
-0.0707096 -3.97486e-08
-0.0706197 -3.96441e-08
-0.0705298 -3.95195e-08
-0.0704399 -3.94161e-08
-0.07035 -3.92871e-08
-0.0702601 -3.91612e-08
-0.0701702 -3.90447e-08
-0.0700803 -3.89102e-08
-0.0699903 -3.87643e-08
-0.0699004 -3.86043e-08
-0.0698105 -3.84334e-08
-0.0697206 -3.82907e-08
-0.0696307 -3.81318e-08
-0.0695408 -3.79933e-08
-0.0694509 -3.78403e-08
-0.069361 -3.77059e-08
-0.0692711 -3.7563e-08
-0.0691812 -3.74293e-08
-0.0690913 -3.72969e-08
-0.0690014 -3.71761e-08
-0.0689115 -3.70316e-08
-0.0688216 -3.68872e-08
-0.0687317 -3.67479e-08
-0.0686418 -3.65851e-08
-0.0685519 -3.63996e-08
-0.068462 -3.62562e-08
-0.0683721 -3.61035e-08
-0.0682822 -3.59524e-08
-0.0681923 -3.5814e-08
-0.0681024 -3.56852e-08
-0.0680125 -3.55453e-08
-0.0679226 -3.54062e-08
-0.0678326 -3.52544e-08
-0.0677427 -3.51254e-08
-0.0676528 -3.4999e-08
-0.0675629 -3.49044e-08
-0.067473 -3.47945e-08
-0.0673831 -3.46838e-08
-0.0672932 -3.45845e-08
-0.0672033 -3.44904e-08
-0.0671134 -3.44107e-08
-0.0670235 -3.43236e-08
-0.0669336 -3.42305e-08
-0.0668437 -3.41577e-08
-0.0667538 -3.40886e-08
-0.0666639 -3.40305e-08
-0.066574 -3.39929e-08
-0.0664841 -3.39861e-08
-0.0663942 -3.39859e-08
-0.0663043 -3.39628e-08
-0.0662144 -3.39229e-08
-0.0661245 -3.38941e-08
-0.0660346 -3.38519e-08
-0.0659447 -3.38335e-08
-0.0658548 -3.38093e-08
-0.0657649 -3.37753e-08
-0.0656749 -3.37595e-08
-0.065585 -3.37325e-08
-0.0654951 -3.37103e-08
-0.0654052 -3.36666e-08
-0.0653153 -3.36166e-08
-0.0652254 -3.35647e-08
-0.0651355 -3.35428e-08
-0.0650456 -3.35221e-08
-0.0649557 -3.34961e-08
-0.0648658 -3.35074e-08
-0.0647759 -3.3478e-08
-0.064686 -3.34583e-08
-0.0645961 -3.34482e-08
-0.0645062 -3.34462e-08
-0.0644163 -3.34378e-08
-0.0643264 -3.34236e-08
-0.0642365 -3.34311e-08
-0.0641466 -3.34318e-08
-0.0640567 -3.34433e-08
-0.0639668 -3.34535e-08
-0.0638769 -3.34607e-08
-0.063787 -3.34725e-08
-0.0636971 -3.34781e-08
-0.0636072 -3.34842e-08
-0.0635172 -3.35039e-08
-0.0634273 -3.35208e-08
-0.0633374 -3.35488e-08
-0.0632475 -3.35896e-08
-0.0631576 -3.36319e-08
-0.0630677 -3.3668e-08
-0.0629778 -3.36945e-08
-0.0628879 -3.3724e-08
-0.062798 -3.376e-08
-0.0627081 -3.38111e-08
-0.0626182 -3.38453e-08
-0.0625283 -3.3868e-08
-0.0624384 -3.38886e-08
-0.0623485 -3.39109e-08
-0.0622586 -3.39347e-08
-0.0621687 -3.39621e-08
-0.0620788 -3.39889e-08
-0.0619889 -3.40236e-08
-0.061899 -3.40725e-08
-0.0618091 -3.4109e-08
-0.0617192 -3.41611e-08
-0.0616293 -3.41955e-08
-0.0615394 -3.42374e-08
-0.0614495 -3.42578e-08
-0.0613595 -3.42869e-08
-0.0612696 -3.43108e-08
-0.0611797 -3.43343e-08
-0.0610898 -3.4358e-08
-0.0609999 -3.43882e-08
-0.06091 -3.44128e-08
-0.0608201 -3.44472e-08
-0.0607302 -3.44702e-08
-0.0606403 -3.44949e-08
-0.0605504 -3.45347e-08
-0.0604605 -3.45552e-08
-0.0603706 -3.45761e-08
-0.0602807 -3.46057e-08
-0.0601908 -3.46118e-08
-0.0601009 -3.46241e-08
-0.060011 -3.46271e-08
-0.0599211 -3.4628e-08
-0.0598312 -3.46109e-08
-0.0597413 -3.46029e-08
-0.0596514 -3.45897e-08
-0.0595615 -3.45892e-08
-0.0594716 -3.46153e-08
-0.0593817 -3.46375e-08
-0.0592918 -3.46342e-08
-0.0592018 -3.46505e-08
-0.0591119 -3.46794e-08
-0.059022 -3.46868e-08
-0.0589321 -3.4689e-08
-0.0588422 -3.46965e-08
-0.0587523 -3.47126e-08
-0.0586624 -3.47067e-08
-0.0585725 -3.47401e-08
-0.0584826 -3.47703e-08
-0.0583927 -3.47941e-08
-0.0583028 -3.4791e-08
-0.0582129 -3.47814e-08
-0.058123 -3.47861e-08
-0.0580331 -3.48041e-08
-0.0579432 -3.48013e-08
-0.0578533 -3.4805e-08
-0.0577634 -3.4804e-08
-0.0576735 -3.48224e-08
-0.0575836 -3.48276e-08
-0.0574937 -3.48424e-08
-0.0574038 -3.48555e-08
-0.0573139 -3.48711e-08
-0.057224 -3.49072e-08
-0.0571341 -3.49431e-08
-0.0570442 -3.49521e-08
-0.0569542 -3.49692e-08
-0.0568643 -3.49785e-08
-0.0567744 -3.49908e-08
-0.0566845 -3.50067e-08
-0.0565946 -3.49992e-08
-0.0565047 -3.49936e-08
-0.0564148 -3.50011e-08
-0.0563249 -3.50104e-08
-0.056235 -3.50226e-08
-0.0561451 -3.50322e-08
-0.0560552 -3.50428e-08
-0.0559653 -3.50592e-08
-0.0558754 -3.50714e-08
-0.0557855 -3.50779e-08
-0.0556956 -3.50507e-08
-0.0556057 -3.50031e-08
-0.0555158 -3.49675e-08
-0.0554259 -3.49364e-08
-0.055336 -3.49092e-08
-0.0552461 -3.48662e-08
-0.0551562 -3.48302e-08
-0.0550663 -3.4769e-08
-0.0549764 -3.47072e-08
-0.0548865 -3.46586e-08
-0.0547965 -3.45945e-08
-0.0547066 -3.45476e-08
-0.0546167 -3.4483e-08
-0.0545268 -3.44148e-08
-0.0544369 -3.43605e-08
-0.054347 -3.43111e-08
-0.0542571 -3.42376e-08
-0.0541672 -3.41741e-08
-0.0540773 -3.40928e-08
-0.0539874 -3.40254e-08
-0.0538975 -3.39418e-08
-0.0538076 -3.38654e-08
-0.0537177 -3.38022e-08
-0.0536278 -3.37257e-08
-0.0535379 -3.36602e-08
-0.053448 -3.35821e-08
-0.0533581 -3.35152e-08
-0.0532682 -3.34265e-08
-0.0531783 -3.33659e-08
-0.0530884 -3.33154e-08
-0.0529985 -3.32417e-08
-0.0529086 -3.31785e-08
-0.0528187 -3.31219e-08
-0.0527288 -3.30869e-08
-0.0526388 -3.30489e-08
-0.0525489 -3.30172e-08
-0.052459 -3.29808e-08
-0.0523691 -3.29582e-08
-0.0522792 -3.29172e-08
-0.0521893 -3.28848e-08
-0.0520994 -3.28493e-08
-0.0520095 -3.28297e-08
-0.0519196 -3.28038e-08
-0.0518297 -3.27682e-08
-0.0517398 -3.27492e-08
-0.0516499 -3.27294e-08
-0.05156 -3.27061e-08
-0.0514701 -3.26873e-08
-0.0513802 -3.26881e-08
-0.0512903 -3.26856e-08
-0.0512004 -3.26827e-08
-0.0511105 -3.26712e-08
-0.0510206 -3.26569e-08
-0.0509307 -3.26538e-08
-0.0508408 -3.26621e-08
-0.0507509 -3.26563e-08
-0.050661 -3.2658e-08
-0.0505711 -3.26568e-08
-0.0504811 -3.2652e-08
-0.0503912 -3.26447e-08
-0.0503013 -3.2648e-08
-0.0502114 -3.26446e-08
-0.0501215 -3.26381e-08
-0.0500316 -3.2624e-08
-0.0499417 -3.26095e-08
-0.0498518 -3.26036e-08
-0.0497619 -3.26093e-08
-0.049672 -3.25894e-08
-0.0495821 -3.25811e-08
-0.0494922 -3.25767e-08
-0.0494023 -3.25744e-08
-0.0493124 -3.25554e-08
-0.0492225 -3.25477e-08
-0.0491326 -3.25257e-08
-0.0490427 -3.25155e-08
-0.0489528 -3.2501e-08
-0.0488629 -3.24916e-08
-0.048773 -3.24949e-08
-0.0486831 -3.25025e-08
-0.0485932 -3.25141e-08
-0.0485033 -3.25245e-08
-0.0484134 -3.2529e-08
-0.0483234 -3.25287e-08
-0.0482335 -3.25258e-08
-0.0481436 -3.25425e-08
-0.0480537 -3.25656e-08
-0.0479638 -3.2591e-08
-0.0478739 -3.26051e-08
-0.047784 -3.263e-08
-0.0476941 -3.2651e-08
-0.0476042 -3.2685e-08
-0.0475143 -3.27218e-08
-0.0474244 -3.27506e-08
-0.0473345 -3.27742e-08
-0.0472446 -3.27984e-08
-0.0471547 -3.28212e-08
-0.0470648 -3.28277e-08
-0.0469749 -3.2834e-08
-0.046885 -3.28376e-08
-0.0467951 -3.28386e-08
-0.0467052 -3.28457e-08
-0.0466153 -3.28582e-08
-0.0465254 -3.28714e-08
-0.0464355 -3.28829e-08
-0.0463456 -3.28915e-08
-0.0462557 -3.2889e-08
-0.0461657 -3.28742e-08
-0.0460758 -3.28552e-08
-0.0459859 -3.28083e-08
-0.045896 -3.27549e-08
-0.0458061 -3.27112e-08
-0.0457162 -3.26559e-08
-0.0456263 -3.26067e-08
-0.0455364 -3.25481e-08
-0.0454465 -3.24981e-08
-0.0453566 -3.24555e-08
-0.0452667 -3.24087e-08
-0.0451768 -3.2357e-08
-0.0450869 -3.22999e-08
-0.044997 -3.22445e-08
-0.0449071 -3.21808e-08
-0.0448172 -3.21143e-08
-0.0447273 -3.20471e-08
-0.0446374 -3.1973e-08
-0.0445475 -3.1899e-08
-0.0444576 -3.18033e-08
-0.0443677 -3.17188e-08
-0.0442778 -3.16229e-08
-0.0441879 -3.15259e-08
-0.044098 -3.14376e-08
-0.044008 -3.13578e-08
-0.0439181 -3.12762e-08
-0.0438282 -3.11973e-08
-0.0437383 -3.11073e-08
-0.0436484 -3.10106e-08
-0.0435585 -3.09066e-08
-0.0434686 -3.08067e-08
-0.0433787 -3.06847e-08
-0.0432888 -3.0574e-08
-0.0431989 -3.04571e-08
-0.043109 -3.03541e-08
-0.0430191 -3.02505e-08
-0.0429292 -3.01632e-08
-0.0428393 -3.00844e-08
-0.0427494 -2.99951e-08
-0.0426595 -2.99262e-08
-0.0425696 -2.9847e-08
-0.0424797 -2.97726e-08
-0.0423898 -2.9701e-08
-0.0422999 -2.96428e-08
-0.04221 -2.95811e-08
-0.0421201 -2.95173e-08
-0.0420302 -2.9448e-08
-0.0419403 -2.93847e-08
-0.0418503 -2.93399e-08
-0.0417604 -2.93056e-08
-0.0416705 -2.92624e-08
-0.0415806 -2.92166e-08
-0.0414907 -2.91838e-08
-0.0414008 -2.91555e-08
-0.0413109 -2.91245e-08
-0.041221 -2.90989e-08
-0.0411311 -2.90551e-08
-0.0410412 -2.90107e-08
-0.0409513 -2.89716e-08
-0.0408614 -2.89349e-08
-0.0407715 -2.88956e-08
-0.0406816 -2.88631e-08
-0.0405917 -2.88153e-08
-0.0405018 -2.87625e-08
-0.0404119 -2.87026e-08
-0.040322 -2.86504e-08
-0.0402321 -2.85894e-08
-0.0401422 -2.85257e-08
-0.0400523 -2.84472e-08
-0.0399624 -2.83651e-08
-0.0398725 -2.82782e-08
-0.0397826 -2.81938e-08
-0.0396927 -2.81007e-08
-0.0396027 -2.79994e-08
-0.0395128 -2.78889e-08
-0.0394229 -2.77721e-08
-0.039333 -2.7658e-08
-0.0392431 -2.75502e-08
-0.0391532 -2.74444e-08
-0.0390633 -2.73317e-08
-0.0389734 -2.72171e-08
-0.0388835 -2.70958e-08
-0.0387936 -2.69774e-08
-0.0387037 -2.68553e-08
-0.0386138 -2.67409e-08
-0.0385239 -2.66117e-08
-0.038434 -2.6486e-08
-0.0383441 -2.63654e-08
-0.0382542 -2.62375e-08
-0.0381643 -2.6113e-08
-0.0380744 -2.59733e-08
-0.0379845 -2.58322e-08
-0.0378946 -2.56947e-08
-0.0378047 -2.55635e-08
-0.0377148 -2.5431e-08
-0.0376249 -2.52841e-08
-0.037535 -2.51438e-08
-0.037445 -2.50029e-08
-0.0373551 -2.48773e-08
-0.0372652 -2.47462e-08
-0.0371753 -2.46077e-08
-0.0370854 -2.44546e-08
-0.0369955 -2.42874e-08
-0.0369056 -2.4145e-08
-0.0368157 -2.39958e-08
-0.0367258 -2.38606e-08
-0.0366359 -2.37301e-08
-0.036546 -2.35891e-08
-0.0364561 -2.34456e-08
-0.0363662 -2.33014e-08
-0.0362763 -2.31525e-08
-0.0361864 -2.30136e-08
-0.0360965 -2.28685e-08
-0.0360066 -2.2717e-08
-0.0359167 -2.25762e-08
-0.0358268 -2.24317e-08
-0.0357369 -2.22854e-08
-0.035647 -2.21476e-08
-0.0355571 -2.20195e-08
-0.0354672 -2.19051e-08
-0.0353773 -2.1791e-08
-0.0352873 -2.16728e-08
-0.0351974 -2.1561e-08
-0.0351075 -2.14497e-08
-0.0350176 -2.13354e-08
-0.0349277 -2.12175e-08
-0.0348378 -2.11034e-08
-0.0347479 -2.09925e-08
-0.034658 -2.08841e-08
-0.0345681 -2.07759e-08
-0.0344782 -2.06784e-08
-0.0343883 -2.05889e-08
-0.0342984 -2.05111e-08
-0.0342085 -2.0434e-08
-0.0341186 -2.03589e-08
-0.0340287 -2.02761e-08
-0.0339388 -2.02029e-08
-0.0338489 -2.01198e-08
-0.033759 -2.00444e-08
-0.0336691 -1.99748e-08
-0.0335792 -1.98999e-08
-0.0334893 -1.98293e-08
-0.0333994 -1.97535e-08
-0.0333095 -1.96782e-08
-0.0332196 -1.96036e-08
-0.0331296 -1.95256e-08
-0.0330397 -1.94439e-08
-0.0329498 -1.93582e-08
-0.0328599 -1.92867e-08
-0.03277 -1.92065e-08
-0.0326801 -1.91229e-08
-0.0325902 -1.90391e-08
-0.0325003 -1.89682e-08
-0.0324104 -1.88944e-08
-0.0323205 -1.88225e-08
-0.0322306 -1.87428e-08
-0.0321407 -1.86539e-08
-0.0320508 -1.85752e-08
-0.0319609 -1.84755e-08
-0.031871 -1.83939e-08
-0.0317811 -1.83059e-08
-0.0316912 -1.82255e-08
-0.0316013 -1.8134e-08
-0.0315114 -1.8046e-08
-0.0314215 -1.79762e-08
-0.0313316 -1.78936e-08
-0.0312417 -1.78059e-08
-0.0311518 -1.7725e-08
-0.0310619 -1.76442e-08
-0.0309719 -1.75615e-08
-0.030882 -1.74877e-08
-0.0307921 -1.74187e-08
-0.0307022 -1.7345e-08
-0.0306123 -1.72719e-08
-0.0305224 -1.71905e-08
-0.0304325 -1.71163e-08
-0.0303426 -1.70406e-08
-0.0302527 -1.69557e-08
-0.0301628 -1.68746e-08
-0.0300729 -1.67929e-08
-0.029983 -1.67018e-08
-0.0298931 -1.66245e-08
-0.0298032 -1.65516e-08
-0.0297133 -1.64742e-08
-0.0296234 -1.63955e-08
-0.0295335 -1.63099e-08
-0.0294436 -1.62248e-08
-0.0293537 -1.61475e-08
-0.0292638 -1.60713e-08
-0.0291739 -1.5988e-08
-0.029084 -1.5911e-08
-0.0289941 -1.58167e-08
-0.0289042 -1.57273e-08
-0.0288142 -1.56372e-08
-0.0287243 -1.55539e-08
-0.0286344 -1.54509e-08
-0.0285445 -1.53496e-08
-0.0284546 -1.52472e-08
-0.0283647 -1.51434e-08
-0.0282748 -1.50465e-08
-0.0281849 -1.49411e-08
-0.028095 -1.48297e-08
-0.0280051 -1.4723e-08
-0.0279152 -1.46143e-08
-0.0278253 -1.45022e-08
-0.0277354 -1.43952e-08
-0.0276455 -1.42832e-08
-0.0275556 -1.41704e-08
-0.0274657 -1.40511e-08
-0.0273758 -1.39276e-08
-0.0272859 -1.38088e-08
-0.027196 -1.36848e-08
-0.0271061 -1.35607e-08
-0.0270162 -1.34455e-08
-0.0269263 -1.33214e-08
-0.0268364 -1.31971e-08
-0.0267465 -1.3069e-08
-0.0266565 -1.29459e-08
-0.0265666 -1.28157e-08
-0.0264767 -1.26963e-08
-0.0263868 -1.25739e-08
-0.0262969 -1.2453e-08
-0.026207 -1.23393e-08
-0.0261171 -1.22246e-08
-0.0260272 -1.21055e-08
-0.0259373 -1.1991e-08
-0.0258474 -1.18807e-08
-0.0257575 -1.17742e-08
-0.0256676 -1.16746e-08
-0.0255777 -1.157e-08
-0.0254878 -1.14686e-08
-0.0253979 -1.13742e-08
-0.025308 -1.12724e-08
-0.0252181 -1.11757e-08
-0.0251282 -1.10889e-08
-0.0250383 -1.10039e-08
-0.0249484 -1.09064e-08
-0.0248585 -1.08207e-08
-0.0247686 -1.07363e-08
-0.0246787 -1.06669e-08
-0.0245888 -1.0604e-08
-0.0244988 -1.05303e-08
-0.0244089 -1.04706e-08
-0.024319 -1.04015e-08
-0.0242291 -1.03341e-08
-0.0241392 -1.02692e-08
-0.0240493 -1.0209e-08
-0.0239594 -1.01433e-08
-0.0238695 -1.00817e-08
-0.0237796 -1.00151e-08
-0.0236897 -9.94788e-09
-0.0235998 -9.88767e-09
-0.0235099 -9.8316e-09
-0.02342 -9.76774e-09
-0.0233301 -9.70233e-09
-0.0232402 -9.64205e-09
-0.0231503 -9.57536e-09
-0.0230604 -9.50925e-09
-0.0229705 -9.43945e-09
-0.0228806 -9.36721e-09
-0.0227907 -9.28992e-09
-0.0227008 -9.21465e-09
-0.0226109 -9.13349e-09
-0.022521 -9.06933e-09
-0.0224311 -9.00162e-09
-0.0223411 -8.93498e-09
-0.0222512 -8.87438e-09
-0.0221613 -8.80342e-09
-0.0220714 -8.72877e-09
-0.0219815 -8.65061e-09
-0.0218916 -8.57898e-09
-0.0218017 -8.49884e-09
-0.0217118 -8.41937e-09
-0.0216219 -8.32721e-09
-0.021532 -8.24653e-09
-0.0214421 -8.17778e-09
-0.0213522 -8.09771e-09
-0.0212623 -8.01984e-09
-0.0211724 -7.94677e-09
-0.0210825 -7.86992e-09
-0.0209926 -7.78867e-09
-0.0209027 -7.70619e-09
-0.0208128 -7.62785e-09
-0.0207229 -7.53399e-09
-0.020633 -7.45299e-09
-0.0205431 -7.36094e-09
-0.0204532 -7.28344e-09
-0.0203633 -7.20177e-09
-0.0202734 -7.11244e-09
-0.0201835 -7.02593e-09
-0.0200935 -6.94055e-09
-0.0200036 -6.85122e-09
-0.0199137 -6.7611e-09
-0.0198238 -6.67068e-09
-0.0197339 -6.57799e-09
-0.019644 -6.48457e-09
-0.0195541 -6.39466e-09
-0.0194642 -6.29625e-09
-0.0193743 -6.20614e-09
-0.0192844 -6.10711e-09
-0.0191945 -6.01024e-09
-0.0191046 -5.91029e-09
-0.0190147 -5.8163e-09
-0.0189248 -5.72829e-09
-0.0188349 -5.64071e-09
-0.018745 -5.5516e-09
-0.0186551 -5.46324e-09
-0.0185652 -5.37471e-09
-0.0184753 -5.27709e-09
-0.0183854 -5.18336e-09
-0.0182955 -5.09296e-09
-0.0182056 -5.00284e-09
-0.0181157 -4.90225e-09
-0.0180258 -4.80477e-09
-0.0179358 -4.72154e-09
-0.0178459 -4.64397e-09
-0.017756 -4.55611e-09
-0.0176661 -4.47604e-09
-0.0175762 -4.38796e-09
-0.0174863 -4.3023e-09
-0.0173964 -4.21897e-09
-0.0173065 -4.13141e-09
-0.0172166 -4.05132e-09
-0.0171267 -3.96737e-09
-0.0170368 -3.88273e-09
-0.0169469 -3.79295e-09
-0.016857 -3.70663e-09
-0.0167671 -3.62171e-09
-0.0166772 -3.5313e-09
-0.0165873 -3.44866e-09
-0.0164974 -3.3676e-09
-0.0164075 -3.28223e-09
-0.0163176 -3.20953e-09
-0.0162277 -3.12618e-09
-0.0161378 -3.04832e-09
-0.0160479 -2.96402e-09
-0.015958 -2.87738e-09
-0.0158681 -2.79144e-09
-0.0157781 -2.70579e-09
-0.0156882 -2.62397e-09
-0.0155983 -2.54837e-09
-0.0155084 -2.47099e-09
-0.0154185 -2.39096e-09
-0.0153286 -2.3251e-09
-0.0152387 -2.26857e-09
-0.0151488 -2.2116e-09
-0.0150589 -2.1488e-09
-0.014969 -2.09834e-09
-0.0148791 -2.04228e-09
-0.0147892 -1.98041e-09
-0.0146993 -1.92957e-09
-0.0146094 -1.87875e-09
-0.0145195 -1.83155e-09
-0.0144296 -1.79089e-09
-0.0143397 -1.74859e-09
-0.0142498 -1.70685e-09
-0.0141599 -1.67438e-09
-0.01407 -1.64053e-09
-0.0139801 -1.60368e-09
-0.0138902 -1.57184e-09
-0.0138003 -1.54166e-09
-0.0137104 -1.50915e-09
-0.0136204 -1.4872e-09
-0.0135305 -1.46594e-09
-0.0134406 -1.44484e-09
-0.0133507 -1.42604e-09
-0.0132608 -1.41078e-09
-0.0131709 -1.39252e-09
-0.013081 -1.37314e-09
-0.0129911 -1.36121e-09
-0.0129012 -1.34384e-09
-0.0128113 -1.32838e-09
-0.0127214 -1.31229e-09
-0.0126315 -1.2913e-09
-0.0125416 -1.27832e-09
-0.0124517 -1.26919e-09
-0.0123618 -1.2594e-09
-0.0122719 -1.25072e-09
-0.012182 -1.25066e-09
-0.0120921 -1.23604e-09
-0.0120022 -1.22594e-09
-0.0119123 -1.22656e-09
-0.0118224 -1.22215e-09
-0.0117325 -1.21323e-09
-0.0116426 -1.20635e-09
-0.0115527 -1.18946e-09
-0.0114627 -1.17747e-09
-0.0113728 -1.16511e-09
-0.0112829 -1.1597e-09
-0.011193 -1.15608e-09
-0.0111031 -1.14537e-09
-0.0110132 -1.13668e-09
-0.0109233 -1.12966e-09
-0.0108334 -1.12961e-09
-0.0107435 -1.12119e-09
-0.0106536 -1.11489e-09
-0.0105637 -1.10968e-09
-0.0104738 -1.09605e-09
-0.0103839 -1.08208e-09
-0.010294 -1.06526e-09
-0.0102041 -1.05758e-09
-0.0101142 -1.0386e-09
-0.0100243 -1.01616e-09
-0.00993438 -1.00458e-09
-0.00984447 -9.86371e-10
-0.00975457 -9.74283e-10
-0.00966466 -9.67126e-10
-0.00957476 -9.49094e-10
-0.00948486 -9.32253e-10
-0.00939495 -9.19259e-10
-0.00930505 -8.98045e-10
-0.00921514 -8.81216e-10
-0.00912524 -8.64688e-10
-0.00903534 -8.28705e-10
-0.00894543 -7.95552e-10
-0.00885553 -7.61621e-10
-0.00876562 -7.2955e-10
-0.00867572 -7.03918e-10
-0.00858582 -6.78948e-10
-0.00849591 -6.49776e-10
-0.00840601 -6.23403e-10
-0.0083161 -6.01395e-10
-0.0082262 -5.78237e-10
-0.00813629 -5.49469e-10
-0.00804639 -5.14435e-10
-0.00795649 -4.79418e-10
-0.00786658 -4.35459e-10
-0.00777668 -3.95888e-10
-0.00768677 -3.58878e-10
-0.00759687 -3.30266e-10
-0.00750697 -2.98542e-10
-0.00741706 -2.69781e-10
-0.00732716 -2.39026e-10
-0.00723725 -2.12762e-10
-0.00714735 -1.86585e-10
-0.00705744 -1.61333e-10
-0.00696754 -1.30599e-10
-0.00687764 -9.39481e-11
-0.00678773 -5.47885e-11
-0.00669783 -2.158e-11
-0.00660792 5.94676e-12
-0.00651802 3.85022e-11
-0.00642812 6.22319e-11
-0.00633821 8.50247e-11
-0.00624831 1.11159e-10
-0.0061584 1.30073e-10
-0.0060685 1.46891e-10
-0.00597859 1.67507e-10
-0.00588869 1.87485e-10
-0.00579879 2.13426e-10
-0.00570888 2.36766e-10
-0.00561898 2.59237e-10
-0.00552907 2.65297e-10
-0.00543917 2.7833e-10
-0.00534927 2.97296e-10
-0.00525936 3.15561e-10
-0.00516946 3.32142e-10
-0.00507955 3.46574e-10
-0.00498965 3.53584e-10
-0.00489975 3.61605e-10
-0.00480984 3.75583e-10
-0.00471994 3.903e-10
-0.00463003 4.06494e-10
-0.00454013 4.13729e-10
-0.00445022 4.20467e-10
-0.00436032 4.34227e-10
-0.00427042 4.48533e-10
-0.00418051 4.5991e-10
-0.00409061 4.7231e-10
-0.0040007 4.85674e-10
-0.0039108 5.02828e-10
-0.0038209 5.1291e-10
-0.00373099 5.21512e-10
-0.00364109 5.33104e-10
-0.00355118 5.36898e-10
-0.00346128 5.39669e-10
-0.00337137 5.31452e-10
-0.00328147 5.35032e-10
-0.00319157 5.32331e-10
-0.00310166 5.29357e-10
-0.00301176 5.30679e-10
-0.00292185 5.31091e-10
-0.00283195 5.24826e-10
-0.00274205 5.3011e-10
-0.00265214 5.26665e-10
-0.00256224 5.277e-10
-0.00247233 5.27983e-10
-0.00238243 5.26325e-10
-0.00229252 5.25909e-10
-0.00220262 5.17303e-10
-0.00211272 5.02352e-10
-0.00202281 4.88385e-10
-0.00193291 4.78068e-10
-0.001843 4.65128e-10
-0.0017531 4.58129e-10
-0.0016632 4.51759e-10
-0.00157329 4.32335e-10
-0.00148339 4.27763e-10
-0.00139348 4.21399e-10
-0.00130358 4.04172e-10
-0.00121368 3.92141e-10
-0.00112377 3.76481e-10
-0.00103387 3.56523e-10
-0.000943963 3.33899e-10
-0.000854059 3.0861e-10
-0.000764154 2.74256e-10
-0.00067425 2.49688e-10
-0.000584346 2.18737e-10
-0.000494442 1.85258e-10
-0.000404538 1.63502e-10
-0.000314634 1.31064e-10
-0.00022473 1.03185e-10
-0.000134825 7.22108e-11
-4.49212e-05 3.7235e-11
4.49829e-05 0
0.000134887 -4.68055e-11
0.000224791 -9.56912e-11
0.000314695 -1.36773e-10
0.0004046 -1.85026e-10
0.000494504 -2.39969e-10
0.000584408 -2.86274e-10
0.000674312 -3.3259e-10
0.000764216 -3.87996e-10
0.00085412 -4.45991e-10
0.000944024 -5.00671e-10
0.00103393 -5.58307e-10
0.00112383 -6.16968e-10
0.00121374 -6.8151e-10
0.00130364 -7.47179e-10
0.00139355 -8.16916e-10
0.00148345 -8.82429e-10
0.00157335 -9.51162e-10
0.00166326 -1.00916e-09
0.00175316 -1.07577e-09
0.00184307 -1.13786e-09
0.00193297 -1.20346e-09
0.00202287 -1.27374e-09
0.00211278 -1.34217e-09
0.00220268 -1.40861e-09
0.00229259 -1.48421e-09
0.00238249 -1.5573e-09
0.00247239 -1.63764e-09
0.0025623 -1.7197e-09
0.0026522 -1.80003e-09
0.00274211 -1.87818e-09
0.00283201 -1.95677e-09
0.00292192 -2.0433e-09
0.00301182 -2.12704e-09
0.00310172 -2.20494e-09
0.00319163 -2.28054e-09
0.00328153 -2.35928e-09
0.00337144 -2.44456e-09
0.00346134 -2.53353e-09
0.00355124 -2.62073e-09
0.00364115 -2.70752e-09
0.00373105 -2.8005e-09
0.00382096 -2.88941e-09
0.00391086 -2.98104e-09
0.00400077 -3.07035e-09
0.00409067 -3.16267e-09
0.00418057 -3.25258e-09
0.00427048 -3.34601e-09
0.00436038 -3.44098e-09
0.00445029 -3.5348e-09
0.00454019 -3.6193e-09
0.00463009 -3.71019e-09
0.00472 -3.80418e-09
0.0048099 -3.90704e-09
0.00489981 -4.00261e-09
0.00498971 -4.10493e-09
0.00507962 -4.20545e-09
0.00516952 -4.3012e-09
0.00525942 -4.39712e-09
0.00534933 -4.49373e-09
0.00543923 -4.58727e-09
0.00552914 -4.68697e-09
0.00561904 -4.77928e-09
0.00570894 -4.87123e-09
0.00579885 -4.96941e-09
0.00588875 -5.06821e-09
0.00597866 -5.16867e-09
0.00606856 -5.25837e-09
0.00615846 -5.35112e-09
0.00624837 -5.4423e-09
0.00633827 -5.53112e-09
0.00642818 -5.61562e-09
0.00651808 -5.70416e-09
0.00660799 -5.79343e-09
0.00669789 -5.88473e-09
0.00678779 -5.97919e-09
0.0068777 -6.07436e-09
0.0069676 -6.1774e-09
0.00705751 -6.27567e-09
0.00714741 -6.3765e-09
0.00723731 -6.47354e-09
0.00732722 -6.56823e-09
0.00741712 -6.66179e-09
0.00750703 -6.75722e-09
0.00759693 -6.85616e-09
0.00768684 -6.96219e-09
0.00777674 -7.06311e-09
0.00786664 -7.16775e-09
0.00795655 -7.27668e-09
0.00804645 -7.39234e-09
0.00813636 -7.49958e-09
0.00822626 -7.60793e-09
0.00831616 -7.72012e-09
0.00840607 -7.82854e-09
0.00849597 -7.94067e-09
0.00858588 -8.05697e-09
0.00867578 -8.17009e-09
0.00876569 -8.28147e-09
0.00885559 -8.39681e-09
0.00894549 -8.51462e-09
0.0090354 -8.63488e-09
0.0091253 -8.75757e-09
0.00921521 -8.8714e-09
0.00930511 -8.99103e-09
0.00939501 -9.10814e-09
0.00948492 -9.23266e-09
0.00957482 -9.35651e-09
0.00966473 -9.47529e-09
0.00975463 -9.59984e-09
0.00984453 -9.72111e-09
0.00993444 -9.8449e-09
0.0100243 -9.97011e-09
0.0101142 -1.00951e-08
0.0102042 -1.02156e-08
0.0102941 -1.03322e-08
0.010384 -1.04567e-08
0.0104739 -1.05776e-08
0.0105638 -1.07113e-08
0.0106537 -1.08324e-08
0.0107436 -1.09551e-08
0.0108335 -1.10849e-08
0.0109234 -1.12111e-08
0.0110133 -1.13375e-08
0.0111032 -1.14685e-08
0.0111931 -1.15905e-08
0.011283 -1.17112e-08
0.0113729 -1.1832e-08
0.0114628 -1.19545e-08
0.0115527 -1.20769e-08
0.0116426 -1.22012e-08
0.0117325 -1.23213e-08
0.0118224 -1.24388e-08
0.0119123 -1.25619e-08
0.0120022 -1.26919e-08
0.0120921 -1.28235e-08
0.012182 -1.29566e-08
0.0122719 -1.30834e-08
0.0123619 -1.32178e-08
0.0124518 -1.33494e-08
0.0125417 -1.34843e-08
0.0126316 -1.36135e-08
0.0127215 -1.37425e-08
0.0128114 -1.38734e-08
0.0129013 -1.4002e-08
0.0129912 -1.41402e-08
0.0130811 -1.42809e-08
0.013171 -1.44221e-08
0.0132609 -1.45661e-08
0.0133508 -1.47131e-08
0.0134407 -1.48557e-08
0.0135306 -1.50057e-08
0.0136205 -1.51588e-08
0.0137104 -1.53084e-08
0.0138003 -1.5456e-08
0.0138902 -1.56072e-08
0.0139801 -1.57498e-08
0.01407 -1.58996e-08
0.0141599 -1.60468e-08
0.0142498 -1.61948e-08
0.0143397 -1.63459e-08
0.0144296 -1.65051e-08
0.0145196 -1.66679e-08
0.0146095 -1.6822e-08
0.0146994 -1.69841e-08
0.0147893 -1.71486e-08
0.0148792 -1.73107e-08
0.0149691 -1.74769e-08
0.015059 -1.76418e-08
0.0151489 -1.77947e-08
0.0152388 -1.79537e-08
0.0153287 -1.81125e-08
0.0154186 -1.82692e-08
0.0155085 -1.84267e-08
0.0155984 -1.85811e-08
0.0156883 -1.87379e-08
0.0157782 -1.88999e-08
0.0158681 -1.90652e-08
0.015958 -1.92361e-08
0.0160479 -1.93953e-08
0.0161378 -1.95545e-08
0.0162277 -1.97115e-08
0.0163176 -1.98682e-08
0.0164075 -2.00235e-08
0.0164974 -2.01704e-08
0.0165873 -2.03225e-08
0.0166773 -2.04704e-08
0.0167672 -2.06161e-08
0.0168571 -2.07627e-08
0.016947 -2.09097e-08
0.0170369 -2.10575e-08
0.0171268 -2.11998e-08
0.0172167 -2.1338e-08
0.0173066 -2.14759e-08
0.0173965 -2.16057e-08
0.0174864 -2.17357e-08
0.0175763 -2.18619e-08
0.0176662 -2.19869e-08
0.0177561 -2.21129e-08
0.017846 -2.22397e-08
0.0179359 -2.23634e-08
0.0180258 -2.24832e-08
0.0181157 -2.26054e-08
0.0182056 -2.2722e-08
0.0182955 -2.28486e-08
0.0183854 -2.29709e-08
0.0184753 -2.30928e-08
0.0185652 -2.32123e-08
0.0186551 -2.3334e-08
0.018745 -2.34553e-08
0.0188349 -2.35779e-08
0.0189249 -2.37074e-08
0.0190148 -2.38285e-08
0.0191047 -2.39437e-08
0.0191946 -2.40556e-08
0.0192845 -2.41799e-08
0.0193744 -2.43025e-08
0.0194643 -2.44184e-08
0.0195542 -2.45435e-08
0.0196441 -2.46635e-08
0.019734 -2.47877e-08
0.0198239 -2.49098e-08
0.0199138 -2.50417e-08
0.0200037 -2.51717e-08
0.0200936 -2.5294e-08
0.0201835 -2.54146e-08
0.0202734 -2.55436e-08
0.0203633 -2.56765e-08
0.0204532 -2.57902e-08
0.0205431 -2.59133e-08
0.020633 -2.60457e-08
0.0207229 -2.61712e-08
0.0208128 -2.62901e-08
0.0209027 -2.64194e-08
0.0209926 -2.65554e-08
0.0210826 -2.66891e-08
0.0211725 -2.68228e-08
0.0212624 -2.69593e-08
0.0213523 -2.70959e-08
0.0214422 -2.72396e-08
0.0215321 -2.73637e-08
0.021622 -2.74998e-08
0.0217119 -2.76359e-08
0.0218018 -2.77774e-08
0.0218917 -2.79304e-08
0.0219816 -2.80865e-08
0.0220715 -2.82333e-08
0.0221614 -2.83982e-08
0.0222513 -2.85593e-08
0.0223412 -2.87311e-08
0.0224311 -2.89095e-08
0.022521 -2.90674e-08
0.0226109 -2.92149e-08
0.0227008 -2.93674e-08
0.0227907 -2.95175e-08
0.0228806 -2.96717e-08
0.0229705 -2.98419e-08
0.0230604 -3.00071e-08
0.0231503 -3.01678e-08
0.0232403 -3.03419e-08
0.0233302 -3.05157e-08
0.0234201 -3.06887e-08
0.02351 -3.08673e-08
0.0235999 -3.1038e-08
0.0236898 -3.11951e-08
0.0237797 -3.13642e-08
0.0238696 -3.15168e-08
0.0239595 -3.16751e-08
0.0240494 -3.18238e-08
0.0241393 -3.19619e-08
0.0242292 -3.21041e-08
0.0243191 -3.22514e-08
0.024409 -3.23907e-08
0.0244989 -3.2531e-08
0.0245888 -3.26808e-08
0.0246787 -3.28251e-08
0.0247686 -3.29682e-08
0.0248585 -3.3106e-08
0.0249484 -3.32347e-08
0.0250383 -3.33517e-08
0.0251282 -3.34661e-08
0.0252181 -3.3567e-08
0.025308 -3.36702e-08
0.025398 -3.37728e-08
0.0254879 -3.38739e-08
0.0255778 -3.39783e-08
0.0256677 -3.40781e-08
0.0257576 -3.41781e-08
0.0258475 -3.42774e-08
0.0259374 -3.43702e-08
0.0260273 -3.4454e-08
0.0261172 -3.4533e-08
0.0262071 -3.46162e-08
0.026297 -3.4689e-08
0.0263869 -3.47678e-08
0.0264768 -3.48481e-08
0.0265667 -3.49179e-08
0.0266566 -3.49899e-08
0.0267465 -3.50773e-08
0.0268364 -3.51538e-08
0.0269263 -3.52354e-08
0.0270162 -3.53104e-08
0.0271061 -3.53999e-08
0.027196 -3.54786e-08
0.0272859 -3.55484e-08
0.0273758 -3.56227e-08
0.0274657 -3.57e-08
0.0275557 -3.57688e-08
0.0276456 -3.58413e-08
0.0277355 -3.59181e-08
0.0278254 -3.59989e-08
0.0279153 -3.60798e-08
0.0280052 -3.61651e-08
0.0280951 -3.62467e-08
0.028185 -3.63337e-08
0.0282749 -3.64225e-08
0.0283648 -3.65047e-08
0.0284547 -3.65811e-08
0.0285446 -3.66617e-08
0.0286345 -3.67252e-08
0.0287244 -3.67973e-08
0.0288143 -3.68797e-08
0.0289042 -3.69688e-08
0.0289941 -3.70634e-08
0.029084 -3.71531e-08
0.0291739 -3.72445e-08
0.0292638 -3.73484e-08
0.0293537 -3.74578e-08
0.0294436 -3.75573e-08
0.0295335 -3.76611e-08
0.0296234 -3.77702e-08
0.0297134 -3.78648e-08
0.0298033 -3.79648e-08
0.0298932 -3.80698e-08
0.0299831 -3.81912e-08
0.030073 -3.83067e-08
0.0301629 -3.84198e-08
0.0302528 -3.85437e-08
0.0303427 -3.86707e-08
0.0304326 -3.87914e-08
0.0305225 -3.89129e-08
0.0306124 -3.9047e-08
0.0307023 -3.91726e-08
0.0307922 -3.93113e-08
0.0308821 -3.9435e-08
0.030972 -3.95691e-08
0.0310619 -3.97035e-08
0.0311518 -3.98285e-08
0.0312417 -3.99548e-08
0.0313316 -4.00719e-08
0.0314215 -4.01982e-08
0.0315114 -4.03195e-08
0.0316013 -4.04547e-08
0.0316912 -4.05795e-08
0.0317811 -4.0713e-08
0.0318711 -4.08455e-08
0.031961 -4.09801e-08
0.0320509 -4.11134e-08
0.0321408 -4.12438e-08
0.0322307 -4.1372e-08
0.0323206 -4.14928e-08
0.0324105 -4.16122e-08
0.0325004 -4.1728e-08
0.0325903 -4.18451e-08
0.0326802 -4.1955e-08
0.0327701 -4.20601e-08
0.03286 -4.21766e-08
0.0329499 -4.22837e-08
0.0330398 -4.23887e-08
0.0331297 -4.24903e-08
0.0332196 -4.25939e-08
0.0333095 -4.26846e-08
0.0333994 -4.27766e-08
0.0334893 -4.287e-08
0.0335792 -4.29585e-08
0.0336691 -4.3043e-08
0.033759 -4.31253e-08
0.0338489 -4.31979e-08
0.0339388 -4.32741e-08
0.0340288 -4.33471e-08
0.0341187 -4.34237e-08
0.0342086 -4.35034e-08
0.0342985 -4.35888e-08
0.0343884 -4.36699e-08
0.0344783 -4.37418e-08
0.0345682 -4.38224e-08
0.0346581 -4.38922e-08
0.034748 -4.39742e-08
0.0348379 -4.40548e-08
0.0349278 -4.4127e-08
0.0350177 -4.41926e-08
0.0351076 -4.42716e-08
0.0351975 -4.43417e-08
0.0352874 -4.44187e-08
0.0353773 -4.45024e-08
0.0354672 -4.45863e-08
0.0355571 -4.46735e-08
0.035647 -4.47495e-08
0.0357369 -4.48112e-08
0.0358268 -4.4885e-08
0.0359167 -4.49472e-08
0.0360066 -4.50175e-08
0.0360965 -4.50829e-08
0.0361865 -4.51468e-08
0.0362764 -4.52083e-08
0.0363663 -4.5252e-08
0.0364562 -4.53103e-08
0.0365461 -4.53655e-08
0.036636 -4.54299e-08
0.0367259 -4.54908e-08
0.0368158 -4.55465e-08
0.0369057 -4.56047e-08
0.0369956 -4.56632e-08
0.0370855 -4.57252e-08
0.0371754 -4.57821e-08
0.0372653 -4.58448e-08
0.0373552 -4.58899e-08
0.0374451 -4.59328e-08
0.037535 -4.59857e-08
0.0376249 -4.60308e-08
0.0377148 -4.60885e-08
0.0378047 -4.61549e-08
0.0378946 -4.62121e-08
0.0379845 -4.62626e-08
0.0380744 -4.63116e-08
0.0381643 -4.6361e-08
0.0382542 -4.64149e-08
0.0383441 -4.64675e-08
0.0384341 -4.65284e-08
0.038524 -4.65913e-08
0.0386139 -4.66473e-08
0.0387038 -4.67062e-08
0.0387937 -4.67581e-08
0.0388836 -4.68136e-08
0.0389735 -4.68635e-08
0.0390634 -4.69071e-08
0.0391533 -4.69597e-08
0.0392432 -4.70273e-08
0.0393331 -4.708e-08
0.039423 -4.71352e-08
0.0395129 -4.71876e-08
0.0396028 -4.72395e-08
0.0396927 -4.72826e-08
0.0397826 -4.73254e-08
0.0398725 -4.73676e-08
0.0399624 -4.74076e-08
0.0400523 -4.74492e-08
0.0401422 -4.74881e-08
0.0402321 -4.75207e-08
0.040322 -4.75531e-08
0.0404119 -4.75813e-08
0.0405018 -4.76056e-08
0.0405918 -4.76374e-08
0.0406817 -4.76739e-08
0.0407716 -4.76993e-08
0.0408615 -4.77225e-08
0.0409514 -4.77521e-08
0.0410413 -4.77883e-08
0.0411312 -4.78265e-08
0.0412211 -4.78515e-08
0.041311 -4.78581e-08
0.0414009 -4.78708e-08
0.0414908 -4.78893e-08
0.0415807 -4.79003e-08
0.0416706 -4.79179e-08
0.0417605 -4.79347e-08
0.0418504 -4.79537e-08
0.0419403 -4.79595e-08
0.0420302 -4.79844e-08
0.0421201 -4.79998e-08
0.04221 -4.80259e-08
0.0422999 -4.80358e-08
0.0423898 -4.80561e-08
0.0424797 -4.80706e-08
0.0425696 -4.80772e-08
0.0426595 -4.80832e-08
0.0427495 -4.80944e-08
0.0428394 -4.80948e-08
0.0429293 -4.80965e-08
0.0430192 -4.81077e-08
0.0431091 -4.81201e-08
0.043199 -4.81441e-08
0.0432889 -4.81794e-08
0.0433788 -4.81937e-08
0.0434687 -4.82215e-08
0.0435586 -4.82412e-08
0.0436485 -4.82527e-08
0.0437384 -4.82763e-08
0.0438283 -4.83042e-08
0.0439182 -4.8324e-08
0.0440081 -4.83442e-08
0.044098 -4.83811e-08
0.0441879 -4.84388e-08
0.0442778 -4.85042e-08
0.0443677 -4.8566e-08
0.0444576 -4.8626e-08
0.0445475 -4.86952e-08
0.0446374 -4.87606e-08
0.0447273 -4.88242e-08
0.0448172 -4.88855e-08
0.0449072 -4.89509e-08
0.0449971 -4.9025e-08
0.045087 -4.90818e-08
0.0451769 -4.91488e-08
0.0452668 -4.92045e-08
0.0453567 -4.9269e-08
0.0454466 -4.93354e-08
0.0455365 -4.9408e-08
0.0456264 -4.94739e-08
0.0457163 -4.95341e-08
0.0458062 -4.959e-08
0.0458961 -4.96404e-08
0.045986 -4.96725e-08
0.0460759 -4.97047e-08
0.0461658 -4.97415e-08
0.0462557 -4.97723e-08
0.0463456 -4.98047e-08
0.0464355 -4.98325e-08
0.0465254 -4.98538e-08
0.0466153 -4.98722e-08
0.0467052 -4.98982e-08
0.0467951 -4.99095e-08
0.046885 -4.99308e-08
0.0469749 -4.99447e-08
0.0470649 -4.99419e-08
0.0471548 -4.99358e-08
0.0472447 -4.99468e-08
0.0473346 -4.99595e-08
0.0474245 -4.997e-08
0.0475144 -4.99795e-08
0.0476043 -4.99748e-08
0.0476942 -4.99866e-08
0.0477841 -4.99978e-08
0.047874 -5.00215e-08
0.0479639 -5.00426e-08
0.0480538 -5.00522e-08
0.0481437 -5.00813e-08
0.0482336 -5.00947e-08
0.0483235 -5.01211e-08
0.0484134 -5.01474e-08
0.0485033 -5.01756e-08
0.0485932 -5.02038e-08
0.0486831 -5.02356e-08
0.048773 -5.02567e-08
0.0488629 -5.0276e-08
0.0489528 -5.0309e-08
0.0490427 -5.03288e-08
0.0491326 -5.03535e-08
0.0492226 -5.03929e-08
0.0493125 -5.0424e-08
0.0494024 -5.04553e-08
0.0494923 -5.0486e-08
0.0495822 -5.05042e-08
0.0496721 -5.0522e-08
0.049762 -5.05353e-08
0.0498519 -5.05516e-08
0.0499418 -5.0573e-08
0.0500317 -5.0607e-08
0.0501216 -5.0633e-08
0.0502115 -5.06489e-08
0.0503014 -5.06577e-08
0.0503913 -5.06798e-08
0.0504812 -5.07083e-08
0.0505711 -5.07341e-08
0.050661 -5.07545e-08
0.0507509 -5.07789e-08
0.0508408 -5.07993e-08
0.0509307 -5.08233e-08
0.0510206 -5.08493e-08
0.0511105 -5.09059e-08
0.0512004 -5.09406e-08
0.0512903 -5.09919e-08
0.0513803 -5.10333e-08
0.0514702 -5.10798e-08
0.0515601 -5.11262e-08
0.05165 -5.11644e-08
0.0517399 -5.11929e-08
0.0518298 -5.12442e-08
0.0519197 -5.12821e-08
0.0520096 -5.13202e-08
0.0520995 -5.13553e-08
0.0521894 -5.13845e-08
0.0522793 -5.1428e-08
0.0523692 -5.14582e-08
0.0524591 -5.14904e-08
0.052549 -5.15219e-08
0.0526389 -5.15499e-08
0.0527288 -5.1578e-08
0.0528187 -5.15996e-08
0.0529086 -5.16418e-08
0.0529985 -5.16446e-08
0.0530884 -5.16675e-08
0.0531783 -5.16709e-08
0.0532682 -5.16801e-08
0.0533581 -5.16783e-08
0.053448 -5.16678e-08
0.053538 -5.16583e-08
0.0536279 -5.16423e-08
0.0537178 -5.16129e-08
0.0538077 -5.15774e-08
0.0538976 -5.15305e-08
0.0539875 -5.14687e-08
0.0540774 -5.14227e-08
0.0541673 -5.13712e-08
0.0542572 -5.13298e-08
0.0543471 -5.12872e-08
0.054437 -5.12511e-08
0.0545269 -5.1206e-08
0.0546168 -5.11701e-08
0.0547067 -5.11253e-08
0.0547966 -5.10436e-08
0.0548865 -5.09669e-08
0.0549764 -5.08931e-08
0.0550663 -5.08218e-08
0.0551562 -5.0756e-08
0.0552461 -5.06986e-08
0.055336 -5.06461e-08
0.0554259 -5.06133e-08
0.0555158 -5.05745e-08
0.0556057 -5.05309e-08
0.0556956 -5.0484e-08
0.0557856 -5.04399e-08
0.0558755 -5.04052e-08
0.0559654 -5.03738e-08
0.0560553 -5.03841e-08
0.0561452 -5.03651e-08
0.0562351 -5.03332e-08
0.056325 -5.03106e-08
0.0564149 -5.0309e-08
0.0565048 -5.02903e-08
0.0565947 -5.02583e-08
0.0566846 -5.02358e-08
0.0567745 -5.02211e-08
0.0568644 -5.02129e-08
0.0569543 -5.02204e-08
0.0570442 -5.02063e-08
0.0571341 -5.01881e-08
0.057224 -5.01786e-08
0.0573139 -5.01426e-08
0.0574038 -5.01089e-08
0.0574937 -5.00668e-08
0.0575836 -5.00176e-08
0.0576735 -4.9983e-08
0.0577634 -4.9939e-08
0.0578533 -4.98955e-08
0.0579433 -4.98637e-08
0.0580332 -4.98076e-08
0.0581231 -4.97399e-08
0.058213 -4.96628e-08
0.0583029 -4.96117e-08
0.0583928 -4.95477e-08
0.0584827 -4.94549e-08
0.0585726 -4.93696e-08
0.0586625 -4.93053e-08
0.0587524 -4.92293e-08
0.0588423 -4.91366e-08
0.0589322 -4.90387e-08
0.0590221 -4.89604e-08
0.059112 -4.8865e-08
0.0592019 -4.87721e-08
0.0592918 -4.8666e-08
0.0593817 -4.85541e-08
0.0594716 -4.84294e-08
0.0595615 -4.83062e-08
0.0596514 -4.81957e-08
0.0597413 -4.80865e-08
0.0598312 -4.79464e-08
0.0599211 -4.78212e-08
0.060011 -4.76787e-08
0.060101 -4.75462e-08
0.0601909 -4.74041e-08
0.0602808 -4.7263e-08
0.0603707 -4.71438e-08
0.0604606 -4.70368e-08
0.0605505 -4.69098e-08
0.0606404 -4.67656e-08
0.0607303 -4.66305e-08
0.0608202 -4.65116e-08
0.0609101 -4.63994e-08
0.061 -4.62763e-08
0.0610899 -4.61626e-08
0.0611798 -4.60531e-08
0.0612697 -4.59407e-08
0.0613596 -4.58291e-08
0.0614495 -4.57419e-08
0.0615394 -4.56519e-08
0.0616293 -4.55517e-08
0.0617192 -4.54326e-08
0.0618091 -4.53433e-08
0.061899 -4.52335e-08
0.0619889 -4.51383e-08
0.0620788 -4.50517e-08
0.0621687 -4.49483e-08
0.0622587 -4.48326e-08
0.0623486 -4.47342e-08
0.0624385 -4.46309e-08
0.0625284 -4.45287e-08
0.0626183 -4.4435e-08
0.0627082 -4.43359e-08
0.0627981 -4.42301e-08
0.062888 -4.41297e-08
0.0629779 -4.4019e-08
0.0630678 -4.39008e-08
0.0631577 -4.37754e-08
0.0632476 -4.36351e-08
0.0633375 -4.35e-08
0.0634274 -4.33694e-08
0.0635173 -4.3231e-08
0.0636072 -4.30932e-08
0.0636971 -4.29528e-08
0.063787 -4.28305e-08
0.0638769 -4.27011e-08
0.0639668 -4.25724e-08
0.0640567 -4.24457e-08
0.0641466 -4.23002e-08
0.0642365 -4.21667e-08
0.0643264 -4.20248e-08
0.0644164 -4.18953e-08
0.0645063 -4.17678e-08
0.0645962 -4.16524e-08
0.0646861 -4.15308e-08
0.064776 -4.14315e-08
0.0648659 -4.13073e-08
0.0649558 -4.11755e-08
0.0650457 -4.10776e-08
0.0651356 -4.09695e-08
0.0652255 -4.08639e-08
0.0653154 -4.07927e-08
0.0654053 -4.07126e-08
0.0654952 -4.06373e-08
0.0655851 -4.05658e-08
0.065675 -4.05252e-08
0.0657649 -4.04691e-08
0.0658548 -4.04144e-08
0.0659447 -4.03669e-08
0.0660346 -4.03252e-08
0.0661245 -4.02892e-08
0.0662144 -4.02447e-08
0.0663043 -4.01971e-08
0.0663942 -4.01387e-08
0.0664841 -4.00749e-08
0.0665741 -4.00075e-08
0.066664 -3.99154e-08
0.0667539 -3.98578e-08
0.0668438 -3.97867e-08
0.0669337 -3.97354e-08
0.0670236 -3.96474e-08
0.0671135 -3.95507e-08
0.0672034 -3.94744e-08
0.0672933 -3.93912e-08
0.0673832 -3.93165e-08
0.0674731 -3.92445e-08
0.067563 -3.91842e-08
0.0676529 -3.90954e-08
0.0677428 -3.89802e-08
0.0678327 -3.8868e-08
0.0679226 -3.87667e-08
0.0680125 -3.86682e-08
0.0681024 -3.85426e-08
0.0681923 -3.84362e-08
0.0682822 -3.83265e-08
0.0683721 -3.82487e-08
0.068462 -3.81824e-08
0.0685519 -3.80906e-08
0.0686418 -3.79922e-08
0.0687318 -3.79035e-08
0.0688217 -3.78287e-08
0.0689116 -3.77443e-08
0.0690015 -3.76518e-08
0.0690914 -3.75554e-08
0.0691813 -3.74667e-08
0.0692712 -3.7349e-08
0.0693611 -3.72497e-08
0.069451 -3.71638e-08
0.0695409 -3.7072e-08
0.0696308 -3.69854e-08
0.0697207 -3.68902e-08
0.0698106 -3.68171e-08
0.0699005 -3.67644e-08
0.0699904 -3.66904e-08
0.0700803 -3.66103e-08
0.0701702 -3.65216e-08
0.0702601 -3.64272e-08
0.07035 -3.63223e-08
0.0704399 -3.62391e-08
0.0705298 -3.61372e-08
0.0706197 -3.60304e-08
0.0707096 -3.59329e-08
0.0707995 -3.58574e-08
0.0708895 -3.57191e-08
0.0709794 -3.56009e-08
0.0710693 -3.55189e-08
0.0711592 -3.54265e-08
0.0712491 -3.53255e-08
0.071339 -3.52313e-08
0.0714289 -3.51343e-08
0.0715188 -3.5049e-08
0.0716087 -3.49731e-08
0.0716986 -3.48931e-08
0.0717885 -3.48049e-08
0.0718784 -3.47248e-08
0.0719683 -3.46375e-08
0.0720582 -3.45738e-08
0.0721481 -3.45014e-08
0.072238 -3.44383e-08
0.0723279 -3.43708e-08
0.0724178 -3.43097e-08
0.0725077 -3.42512e-08
0.0725976 -3.42045e-08
0.0726875 -3.4164e-08
0.0727774 -3.41334e-08
0.0728673 -3.40676e-08
0.0729572 -3.40367e-08
0.0730472 -3.39978e-08
0.0731371 -3.39673e-08
0.073227 -3.39239e-08
0.0733169 -3.38874e-08
0.0734068 -3.38458e-08
0.0734967 -3.38422e-08
0.0735866 -3.38155e-08
0.0736765 -3.37858e-08
0.0737664 -3.37758e-08
0.0738563 -3.37725e-08
0.0739462 -3.37334e-08
0.0740361 -3.37189e-08
0.074126 -3.37108e-08
0.0742159 -3.36992e-08
0.0743058 -3.36726e-08
0.0743957 -3.36548e-08
0.0744856 -3.36349e-08
0.0745755 -3.35922e-08
0.0746654 -3.3549e-08
0.0747553 -3.34918e-08
0.0748452 -3.34524e-08
0.0749351 -3.34029e-08
0.075025 -3.33444e-08
0.0751149 -3.32982e-08
0.0752048 -3.32037e-08
0.0752948 -3.31295e-08
0.0753847 -3.30448e-08
0.0754746 -3.29606e-08
0.0755645 -3.28688e-08
0.0756544 -3.27815e-08
0.0757443 -3.26803e-08
0.0758342 -3.25832e-08
0.0759241 -3.24777e-08
0.076014 -3.23739e-08
0.0761039 -3.22551e-08
0.0761938 -3.2133e-08
0.0762837 -3.20287e-08
0.0763736 -3.19343e-08
0.0764635 -3.18502e-08
0.0765534 -3.17532e-08
0.0766433 -3.16761e-08
0.0767332 -3.15754e-08
0.0768231 -3.14802e-08
0.076913 -3.13906e-08
0.0770029 -3.12964e-08
0.0770928 -3.12209e-08
0.0771827 -3.11347e-08
0.0772726 -3.10338e-08
0.0773625 -3.09275e-08
0.0774525 -3.0805e-08
0.0775424 -3.06748e-08
0.0776323 -3.05707e-08
0.0777222 -3.0446e-08
0.0778121 -3.03441e-08
0.077902 -3.0261e-08
0.0779919 -3.01473e-08
0.0780818 -3.00486e-08
0.0781717 -2.99645e-08
0.0782616 -2.98955e-08
0.0783515 -2.98378e-08
0.0784414 -2.97483e-08
0.0785313 -2.96945e-08
0.0786212 -2.96295e-08
0.0787111 -2.95607e-08
0.078801 -2.95083e-08
0.0788909 -2.94246e-08
0.0789808 -2.9335e-08
0.0790707 -2.92517e-08
0.0791606 -2.91568e-08
0.0792505 -2.9031e-08
0.0793404 -2.89273e-08
0.0794303 -2.88432e-08
0.0795202 -2.87811e-08
0.0796102 -2.86759e-08
0.0797001 -2.86014e-08
0.07979 -2.84859e-08
0.0798799 -2.84059e-08
0.0799698 -2.83166e-08
0.0800597 -2.82412e-08
0.0801496 -2.8142e-08
0.0802395 -2.80832e-08
0.0803294 -2.79943e-08
0.0804193 -2.79289e-08
0.0805092 -2.78523e-08
0.0805991 -2.77913e-08
0.080689 -2.77551e-08
0.0807789 -2.76867e-08
0.0808688 -2.765e-08
0.0809587 -2.75691e-08
0.0810486 -2.74826e-08
0.0811385 -2.74211e-08
0.0812284 -2.73469e-08
0.0813183 -2.72591e-08
0.0814082 -2.71774e-08
0.0814981 -2.70798e-08
0.081588 -2.69976e-08
0.0816779 -2.69369e-08
0.0817679 -2.68276e-08
0.0818578 -2.67059e-08
0.0819477 -2.66571e-08
0.0820376 -2.6642e-08
0.0821275 -2.66325e-08
0.0822174 -2.66454e-08
0.0823073 -2.66264e-08
0.0823972 -2.66211e-08
0.0824871 -2.66128e-08
0.082577 -2.6577e-08
0.0826669 -2.65435e-08
0.0827568 -2.65327e-08
0.0828467 -2.65176e-08
0.0829366 -2.65108e-08
0.0830265 -2.64892e-08
0.0831164 -2.64882e-08
0.0832063 -2.65152e-08
0.0832962 -2.65014e-08
0.0833861 -2.64693e-08
0.083476 -2.64907e-08
0.0835659 -2.64663e-08
0.0836558 -2.64389e-08
0.0837457 -2.64233e-08
0.0838356 -2.64504e-08
0.0839256 -2.6488e-08
0.0840155 -2.65076e-08
0.0841054 -2.65517e-08
0.0841953 -2.66061e-08
0.0842852 -2.65631e-08
0.0843751 -2.65972e-08
0.084465 -2.66112e-08
0.0845549 -2.66612e-08
0.0846448 -2.67527e-08
0.0847347 -2.68949e-08
0.0848246 -2.70279e-08
0.0849145 -2.71609e-08
0.0850044 -2.72867e-08
0.0850943 -2.73264e-08
0.0851842 -2.74461e-08
0.0852741 -2.76614e-08
0.085364 -2.7851e-08
0.0854539 -2.80585e-08
0.0855438 -2.8284e-08
0.0856337 -2.85085e-08
0.0857236 -2.87603e-08
0.0858135 -2.90114e-08
0.0859034 -2.91839e-08
0.0859933 -2.93545e-08
0.0860833 -2.9481e-08
0.0861732 -2.96582e-08
0.0862631 -2.97369e-08
0.086353 -2.98498e-08
0.0864429 -2.98767e-08
0.0865328 -2.99813e-08
0.0866227 -3.00432e-08
0.0867126 -3.00817e-08
0.0868025 -3.01099e-08
0.0868924 -3.01409e-08
0.0869823 -3.02378e-08
0.0870722 -3.03559e-08
0.0871621 -3.04751e-08
0.087252 -3.05309e-08
0.0873419 -3.06018e-08
0.0874318 -3.06703e-08
0.0875217 -3.08418e-08
0.0876116 -3.09656e-08
0.0877015 -3.11074e-08
0.0877914 -3.12023e-08
0.0878813 -3.13745e-08
0.0879712 -3.15524e-08
0.0880611 -3.16271e-08
0.088151 -3.16647e-08
0.088241 -3.18157e-08
0.0883309 -3.19419e-08
0.0884208 -3.20327e-08
0.0885107 -3.22107e-08
0.0886006 -3.23056e-08
0.0886905 -3.24212e-08
0.0887804 -3.25238e-08
0.0888703 -3.26338e-08
0.0889602 -3.27207e-08
0.0890501 -3.28418e-08
0.08914 -3.28959e-08
0.0892299 -3.30144e-08
0.0893198 -3.30841e-08
0.0894097 -3.32556e-08
0.0894996 -3.34052e-08
0.0895895 -3.35496e-08
0.0896794 -3.36417e-08
0.0897693 -3.36883e-08
0.0898592 -3.38376e-08
0.0899491 -3.39199e-08
0.090039 -3.39844e-08
0.0901289 -3.40452e-08
0.0902188 -3.41988e-08
0.0903087 -3.42727e-08
0.0903987 -3.43989e-08
0.0904886 -3.4425e-08
0.0905785 -3.44182e-08
0.0906684 -3.44347e-08
0.0907583 -3.44847e-08
0.0908482 -3.46007e-08
0.0909381 -3.4642e-08
0.091028 -3.4729e-08
0.0911179 -3.47961e-08
0.0912078 -3.48599e-08
0.0912977 -3.49564e-08
0.0913876 -3.4941e-08
0.0914775 -3.48709e-08
0.0915674 -3.48472e-08
0.0916573 -3.47494e-08
0.0917472 -3.47234e-08
0.0918371 -3.47212e-08
0.091927 -3.47271e-08
0.0920169 -3.48252e-08
0.0921068 -3.49655e-08
0.0921967 -3.50071e-08
0.0922866 -3.50978e-08
0.0923765 -3.52214e-08
0.0924664 -3.53891e-08
0.0925564 -3.54918e-08
0.0926463 -3.57264e-08
0.0927362 -3.58857e-08
0.0928261 -3.60393e-08
0.092916 -3.61423e-08
0.0930059 -3.6195e-08
0.0930958 -3.61161e-08
0.0931857 -3.6083e-08
0.0932756 -3.6151e-08
0.0933655 -3.61343e-08
0.0934554 -3.61733e-08
0.0935453 -3.62851e-08
0.0936352 -3.63809e-08
0.0937251 -3.65027e-08
0.093815 -3.66963e-08
0.0939049 -3.69831e-08
0.0939948 -3.71799e-08
0.0940847 -3.74423e-08
0.0941746 -3.78018e-08
0.0942645 -3.80609e-08
0.0943544 -3.82797e-08
0.0944443 -3.83726e-08
0.0945342 -3.86089e-08
0.0946241 -3.87455e-08
0.094714 -3.88967e-08
0.094804 -3.89367e-08
0.0948939 -3.89444e-08
0.0949838 -3.88741e-08
0.0950737 -3.88495e-08
0.0951636 -3.87075e-08
0.0952535 -3.86013e-08
0.0953434 -3.85453e-08
0.0954333 -3.84674e-08
0.0955232 -3.84809e-08
0.0956131 -3.84725e-08
0.095703 -3.85266e-08
0.0957929 -3.84817e-08
0.0958828 -3.84697e-08
0.0959727 -3.84627e-08
0.0960626 -3.84514e-08
0.0961525 -3.84463e-08
0.0962424 -3.85629e-08
0.0963323 -3.86535e-08
0.0964222 -3.87291e-08
0.0965121 -3.87867e-08
0.096602 -3.87763e-08
0.0966919 -3.87068e-08
0.0967818 -3.86299e-08
0.0968717 -3.86459e-08
0.0969617 -3.86427e-08
0.0970516 -3.85768e-08
0.0971415 -3.87069e-08
0.0972314 -3.87862e-08
0.0973213 -3.87016e-08
0.0974112 -3.86006e-08
0.0975011 -3.84644e-08
0.097591 -3.84273e-08
0.0976809 -3.8414e-08
0.0977708 -3.84432e-08
0.0978607 -3.848e-08
0.0979506 -3.84764e-08
0.0980405 -3.83416e-08
0.0981304 -3.82486e-08
0.0982203 -3.8108e-08
0.0983102 -3.80656e-08
0.0984001 -3.80204e-08
0.09849 -3.79767e-08
0.0985799 -3.80959e-08
0.0986698 -3.81514e-08
0.0987597 -3.81514e-08
0.0988496 -3.82166e-08
0.0989395 -3.82676e-08
0.0990294 -3.83264e-08
0.0991194 -3.85266e-08
0.0992093 -3.86195e-08
0.0992992 -3.88075e-08
0.0993891 -3.88436e-08
0.099479 -3.89501e-08
0.0995689 -3.89365e-08
0.0996588 -3.89454e-08
0.0997487 -3.89883e-08
0.0998386 -3.88638e-08
0.0999285 -3.88252e-08
0.100018 -3.87538e-08
0.100108 -3.85752e-08
0.100198 -3.85247e-08
0.100288 -3.82625e-08
0.100378 -3.79465e-08
0.100468 -3.77523e-08
0.100558 -3.75519e-08
0.100648 -3.74343e-08
0.100738 -3.71836e-08
0.100828 -3.69944e-08
0.100917 -3.68442e-08
0.101007 -3.66429e-08
0.101097 -3.65492e-08
0.101187 -3.64907e-08
0.101277 -3.63868e-08
0.101367 -3.62485e-08
0.101457 -3.61379e-08
0.101547 -3.59559e-08
0.101637 -3.56859e-08
0.101727 -3.54236e-08
0.101816 -3.51713e-08
0.101906 -3.49336e-08
0.101996 -3.47288e-08
0.102086 -3.45734e-08
0.102176 -3.44868e-08
0.102266 -3.4439e-08
0.102356 -3.45254e-08
0.102446 -3.46201e-08
0.102536 -3.47675e-08
0.102626 -3.49045e-08
0.102716 -3.50787e-08
0.102805 -3.50011e-08
0.102895 -3.51248e-08
0.102985 -3.53122e-08
0.103075 -3.54159e-08
0.103165 -3.54715e-08
0.103255 -3.54635e-08
0.103345 -3.51968e-08
0.103435 -3.49314e-08
0.103525 -3.47483e-08
0.103615 -3.45218e-08
0.103704 -3.45052e-08
0.103794 -3.44277e-08
0.103884 -3.43395e-08
0.103974 -3.42678e-08
0.104064 -3.41594e-08
0.104154 -3.39832e-08
0.104244 -3.3857e-08
0.104334 -3.3721e-08
0.104424 -3.3519e-08
0.104514 -3.33717e-08
0.104604 -3.32836e-08
0.104693 -3.32178e-08
0.104783 -3.30768e-08
0.104873 -3.30887e-08
0.104963 -3.30749e-08
0.105053 -3.30042e-08
0.105143 -3.30135e-08
0.105233 -3.30516e-08
0.105323 -3.3193e-08
0.105413 -3.33107e-08
0.105503 -3.34352e-08
0.105592 -3.37082e-08
0.105682 -3.38403e-08
0.105772 -3.39312e-08
0.105862 -3.39273e-08
0.105952 -3.41516e-08
0.106042 -3.4333e-08
0.106132 -3.44146e-08
0.106222 -3.46386e-08
0.106312 -3.46045e-08
0.106402 -3.45694e-08
0.106491 -3.44964e-08
0.106581 -3.44906e-08
0.106671 -3.44644e-08
0.106761 -3.44744e-08
0.106851 -3.43709e-08
0.106941 -3.42866e-08
0.107031 -3.43538e-08
0.107121 -3.4508e-08
0.107211 -3.43121e-08
0.107301 -3.41978e-08
0.107391 -3.41902e-08
0.10748 -3.40674e-08
0.10757 -3.419e-08
0.10766 -3.41286e-08
0.10775 -3.41756e-08
0.10784 -3.42667e-08
0.10793 -3.4523e-08
0.10802 -3.46939e-08
0.10811 -3.47751e-08
0.1082 -3.4718e-08
0.10829 -3.4784e-08
0.108379 -3.47299e-08
0.108469 -3.46656e-08
0.108559 -3.46296e-08
0.108649 -3.46062e-08
0.108739 -3.457e-08
0.108829 -3.43784e-08
0.108919 -3.4153e-08
0.109009 -3.39877e-08
0.109099 -3.38057e-08
0.109189 -3.36476e-08
0.109279 -3.35586e-08
0.109368 -3.35198e-08
0.109458 -3.34734e-08
0.109548 -3.33931e-08
0.109638 -3.34019e-08
0.109728 -3.34957e-08
0.109818 -3.3368e-08
0.109908 -3.33754e-08
0.109998 -3.32652e-08
0.110088 -3.31573e-08
0.110178 -3.32069e-08
0.110267 -3.31796e-08
0.110357 -3.32745e-08
0.110447 -3.3346e-08
0.110537 -3.35006e-08
0.110627 -3.36634e-08
0.110717 -3.38099e-08
0.110807 -3.37594e-08
0.110897 -3.39117e-08
0.110987 -3.39268e-08
0.111077 -3.40475e-08
0.111167 -3.40355e-08
0.111256 -3.39549e-08
0.111346 -3.39588e-08
0.111436 -3.40722e-08
0.111526 -3.41178e-08
0.111616 -3.41789e-08
0.111706 -3.42931e-08
0.111796 -3.45171e-08
0.111886 -3.45181e-08
0.111976 -3.45299e-08
0.112066 -3.45218e-08
0.112155 -3.45942e-08
0.112245 -3.44983e-08
0.112335 -3.42169e-08
0.112425 -3.41824e-08
0.112515 -3.37673e-08
0.112605 -3.35368e-08
0.112695 -3.33441e-08
0.112785 -3.30098e-08
0.112875 -3.28885e-08
0.112965 -3.28864e-08
0.113054 -3.27682e-08
0.113144 -3.26667e-08
0.113234 -3.25872e-08
0.113324 -3.24031e-08
0.113414 -3.25005e-08
0.113504 -3.25195e-08
0.113594 -3.26344e-08
0.113684 -3.24855e-08
0.113774 -3.24478e-08
0.113864 -3.21459e-08
0.113954 -3.19675e-08
0.114043 -3.18042e-08
0.114133 -3.16989e-08
0.114223 -3.15796e-08
0.114313 -3.1491e-08
0.114403 -3.13984e-08
0.114493 -3.12505e-08
0.114583 -3.13209e-08
0.114673 -3.14318e-08
0.114763 -3.14492e-08
0.114853 -3.15094e-08
0.114942 -3.15906e-08
0.115032 -3.16575e-08
0.115122 -3.17784e-08
0.115212 -3.19586e-08
0.115302 -3.21725e-08
0.115392 -3.22435e-08
0.115482 -3.22995e-08
0.115572 -3.21779e-08
0.115662 -3.1995e-08
0.115752 -3.1803e-08
0.115842 -3.18392e-08
0.115931 -3.15833e-08
0.116021 -3.14347e-08
0.116111 -3.12702e-08
0.116201 -3.12102e-08
0.116291 -3.10458e-08
0.116381 -3.07463e-08
0.116471 -3.05098e-08
0.116561 -3.03162e-08
0.116651 -3.0139e-08
0.116741 -3.00741e-08
0.11683 -2.99016e-08
0.11692 -2.97421e-08
0.11701 -2.93742e-08
0.1171 -2.90819e-08
0.11719 -2.87913e-08
0.11728 -2.83608e-08
0.11737 -2.79612e-08
0.11746 -2.77684e-08
0.11755 -2.773e-08
0.11764 -2.75998e-08
0.11773 -2.74952e-08
0.117819 -2.71972e-08
0.117909 -2.68389e-08
0.117999 -2.66695e-08
0.118089 -2.65012e-08
0.118179 -2.63473e-08
0.118269 -2.63129e-08
0.118359 -2.62235e-08
0.118449 -2.621e-08
0.118539 -2.60027e-08
0.118629 -2.58941e-08
0.118718 -2.55926e-08
0.118808 -2.52713e-08
0.118898 -2.51381e-08
0.118988 -2.50924e-08
0.119078 -2.47006e-08
0.119168 -2.45015e-08
0.119258 -2.43621e-08
0.119348 -2.41803e-08
0.119438 -2.39772e-08
0.119528 -2.3667e-08
0.119617 -2.36188e-08
0.119707 -2.36166e-08
0.119797 -2.35216e-08
0.119887 -2.35124e-08
0.119977 -2.33936e-08
0.120067 -2.3191e-08
0.120157 -2.32584e-08
0.120247 -2.32175e-08
0.120337 -2.30857e-08
0.120427 -2.30542e-08
0.120517 -2.31402e-08
0.120606 -2.31609e-08
0.120696 -2.32796e-08
0.120786 -2.3102e-08
0.120876 -2.28348e-08
0.120966 -2.26685e-08
0.121056 -2.24842e-08
0.121146 -2.24677e-08
0.121236 -2.25583e-08
0.121326 -2.24099e-08
0.121416 -2.23055e-08
0.121505 -2.2314e-08
0.121595 -2.22867e-08
0.121685 -2.24802e-08
0.121775 -2.25907e-08
0.121865 -2.30125e-08
0.121955 -2.34977e-08
0.122045 -2.4177e-08
0.122135 -2.49413e-08
0.122225 -2.55434e-08
0.122315 -2.63266e-08
0.122405 -2.68527e-08
0.122494 -2.72001e-08
0.122584 -2.71914e-08
0.122674 -2.70963e-08
0.122764 -2.69056e-08
0.122854 -2.6957e-08
0.122944 -2.69014e-08
0.123034 -2.63654e-08
0.123124 -2.55974e-08
0.123214 -2.47106e-08
0.123304 -2.44357e-08
0.123393 -2.39195e-08
0.123483 -2.35792e-08
0.123573 -2.33405e-08
0.123663 -2.33509e-08
0.123753 -2.32283e-08
0.123843 -2.33296e-08
0.123933 -2.28808e-08
0.124023 -2.24028e-08
0.124113 -2.233e-08
0.124203 -2.22253e-08
0.124293 -2.24048e-08
0.124382 -2.31899e-08
0.124472 -2.38255e-08
0.124562 -2.42196e-08
0.124652 -2.43184e-08
0.124742 -2.46234e-08
0.124832 -2.50663e-08
0.124922 -2.49008e-08
0.125012 -2.56027e-08
0.125102 -2.57062e-08
0.125192 -2.58635e-08
0.125281 -2.57072e-08
0.125371 -2.54032e-08
0.125461 -2.51319e-08
0.125551 -2.44607e-08
0.125641 -2.40655e-08
0.125731 -2.40913e-08
0.125821 -2.38462e-08
0.125911 -2.37967e-08
0.126001 -2.35704e-08
0.126091 -2.41802e-08
0.126181 -2.4575e-08
0.12627 -2.55497e-08
0.12636 -2.61752e-08
0.12645 -2.76741e-08
0.12654 -2.87919e-08
0.12663 -2.99723e-08
0.12672 -3.15297e-08
0.12681 -3.28897e-08
0.1269 -3.38872e-08
0.12699 -3.46999e-08
0.12708 -3.5018e-08
0.127169 -3.47275e-08
0.127259 -3.47768e-08
0.127349 -3.492e-08
0.127439 -3.52659e-08
0.127529 -3.56671e-08
0.127619 -3.67005e-08
0.127709 -3.70134e-08
0.127799 -3.73431e-08
0.127889 -3.76731e-08
0.127979 -3.86166e-08
0.128068 -3.92064e-08
0.128158 -4.09645e-08
0.128248 -4.20886e-08
0.128338 -4.30377e-08
0.128428 -4.34224e-08
0.128518 -4.47373e-08
0.128608 -4.57837e-08
0.128698 -4.59926e-08
0.128788 -4.56918e-08
0.128878 -4.60777e-08
0.128968 -4.56668e-08
0.129057 -4.52928e-08
0.129147 -4.44885e-08
0.129237 -4.31756e-08
0.129327 -4.2135e-08
0.129417 -4.17423e-08
0.129507 -4.10889e-08
0.129597 -4.06789e-08
0.129687 -4.07529e-08
0.129777 -4.06134e-08
0.129867 -4.05072e-08
0.129956 -4.00343e-08
0.130046 -4.0102e-08
0.130136 -3.99207e-08
0.130226 -3.98881e-08
0.130316 -4.02865e-08
0.130406 -3.99692e-08
0.130496 -3.9865e-08
0.130586 -4.0061e-08
0.130676 -4.06967e-08
0.130766 -4.08261e-08
0.130856 -4.07749e-08
0.130945 -4.09269e-08
0.131035 -4.10187e-08
0.131125 -4.09042e-08
0.131215 -4.05037e-08
0.131305 -4.02525e-08
0.131395 -4.01949e-08
0.131485 -4.1589e-08
0.131575 -4.17167e-08
0.131665 -4.21659e-08
0.131755 -4.22129e-08
0.131844 -4.19156e-08
0.131934 -4.13249e-08
0.132024 -4.12973e-08
0.132114 -4.10523e-08
0.132204 -4.12902e-08
0.132294 -4.17038e-08
0.132384 -4.23933e-08
0.132474 -4.20315e-08
0.132564 -4.198e-08
0.132654 -4.18697e-08
0.132744 -4.30008e-08
0.132833 -4.4689e-08
0.132923 -4.5484e-08
0.133013 -4.65876e-08
0.133103 -4.74988e-08
0.133193 -4.81021e-08
0.133283 -4.76251e-08
0.133373 -4.62655e-08
0.133463 -4.5812e-08
0.133553 -4.46471e-08
0.133643 -4.41292e-08
0.133732 -4.28998e-08
0.133822 -4.13782e-08
0.133912 -3.99988e-08
0.134002 -3.89638e-08
0.134092 -3.77825e-08
0.134182 -3.69442e-08
0.134272 -3.65755e-08
0.134362 -3.71868e-08
0.134452 -3.80933e-08
0.134542 -3.85421e-08
0.134631 -3.91869e-08
0.134721 -4.03031e-08
0.134811 -4.15703e-08
