-0.134811 3.05306e-09
-0.134721 2.80295e-09
-0.134631 3.65541e-09
-0.134542 3.59968e-09
-0.134452 3.67396e-09
-0.134362 3.12941e-09
-0.134272 3.37263e-09
-0.134182 3.00741e-09
-0.134092 3.02206e-09
-0.134002 2.54851e-09
-0.133912 2.7141e-09
-0.133822 1.93537e-09
-0.133732 2.02763e-09
-0.133642 1.19226e-09
-0.133553 4.48541e-10
-0.133463 -1.88255e-10
-0.133373 -5.01429e-10
-0.133283 -1.02235e-09
-0.133193 -1.27776e-09
-0.133103 -1.23e-09
-0.133013 -1.53855e-09
-0.132923 -2.05708e-09
-0.132833 -2.91473e-09
-0.132743 -2.5764e-09
-0.132654 -3.23266e-09
-0.132564 -3.27204e-09
-0.132474 -3.46072e-09
-0.132384 -3.10992e-09
-0.132294 -2.94799e-09
-0.132204 -2.46936e-09
-0.132114 -3.01555e-09
-0.132024 -2.87055e-09
-0.131934 -2.64425e-09
-0.131844 -2.12388e-09
-0.131754 -2.12794e-09
-0.131665 -2.40405e-09
-0.131575 -1.87434e-09
-0.131485 -2.0646e-09
-0.131395 -1.89081e-09
-0.131305 -2.15278e-09
-0.131215 -2.31729e-09
-0.131125 -2.5506e-09
-0.131035 -2.51465e-09
-0.130945 -3.10415e-09
-0.130855 -3.75743e-09
-0.130766 -3.90573e-09
-0.130676 -3.95635e-09
-0.130586 -4.40885e-09
-0.130496 -4.94744e-09
-0.130406 -4.87908e-09
-0.130316 -5.55321e-09
-0.130226 -5.46633e-09
-0.130136 -6.1345e-09
-0.130046 -6.34471e-09
-0.129956 -6.58556e-09
-0.129867 -6.60419e-09
-0.129777 -6.82796e-09
-0.129687 -6.60744e-09
-0.129597 -7.01548e-09
-0.129507 -7.25853e-09
-0.129417 -7.69125e-09
-0.129327 -8.10382e-09
-0.129237 -8.21698e-09
-0.129147 -8.12425e-09
-0.129057 -7.85644e-09
-0.128967 -7.81555e-09
-0.128878 -7.96939e-09
-0.128788 -7.59554e-09
-0.128698 -7.77342e-09
-0.128608 -7.99076e-09
-0.128518 -8.07417e-09
-0.128428 -7.66552e-09
-0.128338 -7.55993e-09
-0.128248 -7.39727e-09
-0.128158 -7.53968e-09
-0.128068 -7.72008e-09
-0.127979 -8.51994e-09
-0.127889 -8.72515e-09
-0.127799 -9.02565e-09
-0.127709 -9.4466e-09
-0.127619 -9.95734e-09
-0.127529 -9.8719e-09
-0.127439 -1.02932e-08
-0.127349 -1.07238e-08
-0.127259 -1.06315e-08
-0.127169 -1.06055e-08
-0.127079 -1.09446e-08
-0.12699 -1.0967e-08
-0.1269 -1.0678e-08
-0.12681 -1.0618e-08
-0.12672 -1.08266e-08
-0.12663 -1.05719e-08
-0.12654 -1.0149e-08
-0.12645 -1.0641e-08
-0.12636 -1.05603e-08
-0.12627 -1.08855e-08
-0.12618 -1.11126e-08
-0.126091 -1.13643e-08
-0.126001 -1.14186e-08
-0.125911 -1.15769e-08
-0.125821 -1.16954e-08
-0.125731 -1.18273e-08
-0.125641 -1.14257e-08
-0.125551 -1.16997e-08
-0.125461 -1.15542e-08
-0.125371 -1.16698e-08
-0.125281 -1.15048e-08
-0.125191 -1.13198e-08
-0.125102 -1.14578e-08
-0.125012 -1.12005e-08
-0.124922 -1.10271e-08
-0.124832 -1.15675e-08
-0.124742 -1.18347e-08
-0.124652 -1.21494e-08
-0.124562 -1.22555e-08
-0.124472 -1.23489e-08
-0.124382 -1.24374e-08
-0.124292 -1.21543e-08
-0.124203 -1.2375e-08
-0.124113 -1.23695e-08
-0.124023 -1.24193e-08
-0.123933 -1.27242e-08
-0.123843 -1.28455e-08
-0.123753 -1.28237e-08
-0.123663 -1.25542e-08
-0.123573 -1.26518e-08
-0.123483 -1.28026e-08
-0.123393 -1.30205e-08
-0.123304 -1.3131e-08
-0.123214 -1.3253e-08
-0.123124 -1.36504e-08
-0.123034 -1.42649e-08
-0.122944 -1.44526e-08
-0.122854 -1.48424e-08
-0.122764 -1.483e-08
-0.122674 -1.50636e-08
-0.122584 -1.53597e-08
-0.122494 -1.55024e-08
-0.122404 -1.56485e-08
-0.122315 -1.56651e-08
-0.122225 -1.58784e-08
-0.122135 -1.59132e-08
-0.122045 -1.56789e-08
-0.121955 -1.55981e-08
-0.121865 -1.56047e-08
-0.121775 -1.57279e-08
-0.121685 -1.60071e-08
-0.121595 -1.62009e-08
-0.121505 -1.62957e-08
-0.121416 -1.64847e-08
-0.121326 -1.65187e-08
-0.121236 -1.66292e-08
-0.121146 -1.66867e-08
-0.121056 -1.6935e-08
-0.120966 -1.68673e-08
-0.120876 -1.69666e-08
-0.120786 -1.68835e-08
-0.120696 -1.68648e-08
-0.120606 -1.70665e-08
-0.120516 -1.70567e-08
-0.120427 -1.71349e-08
-0.120337 -1.72114e-08
-0.120247 -1.72541e-08
-0.120157 -1.72355e-08
-0.120067 -1.71858e-08
-0.119977 -1.71897e-08
-0.119887 -1.74452e-08
-0.119797 -1.74768e-08
-0.119707 -1.76481e-08
-0.119617 -1.76588e-08
-0.119528 -1.74798e-08
-0.119438 -1.75825e-08
-0.119348 -1.75824e-08
-0.119258 -1.75065e-08
-0.119168 -1.76201e-08
-0.119078 -1.75789e-08
-0.118988 -1.76342e-08
-0.118898 -1.75885e-08
-0.118808 -1.73811e-08
-0.118718 -1.74526e-08
-0.118628 -1.72767e-08
-0.118539 -1.72616e-08
-0.118449 -1.72704e-08
-0.118359 -1.69852e-08
-0.118269 -1.68889e-08
-0.118179 -1.6911e-08
-0.118089 -1.67657e-08
-0.117999 -1.67762e-08
-0.117909 -1.68181e-08
-0.117819 -1.69655e-08
-0.117729 -1.70475e-08
-0.11764 -1.71174e-08
-0.11755 -1.71476e-08
-0.11746 -1.71045e-08
-0.11737 -1.71892e-08
-0.11728 -1.74594e-08
-0.11719 -1.75985e-08
-0.1171 -1.76022e-08
-0.11701 -1.77285e-08
-0.11692 -1.77187e-08
-0.11683 -1.7723e-08
-0.116741 -1.77975e-08
-0.116651 -1.78482e-08
-0.116561 -1.79651e-08
-0.116471 -1.80813e-08
-0.116381 -1.81912e-08
-0.116291 -1.83194e-08
-0.116201 -1.84147e-08
-0.116111 -1.84916e-08
-0.116021 -1.8691e-08
-0.115931 -1.88325e-08
-0.115841 -1.89722e-08
-0.115752 -1.91021e-08
-0.115662 -1.92813e-08
-0.115572 -1.93472e-08
-0.115482 -1.92687e-08
-0.115392 -1.92936e-08
-0.115302 -1.93021e-08
-0.115212 -1.93042e-08
-0.115122 -1.9248e-08
-0.115032 -1.93849e-08
-0.114942 -1.93635e-08
-0.114853 -1.92783e-08
-0.114763 -1.92922e-08
-0.114673 -1.93162e-08
-0.114583 -1.92351e-08
-0.114493 -1.93347e-08
-0.114403 -1.96443e-08
-0.114313 -1.96787e-08
-0.114223 -1.9864e-08
-0.114133 -1.99253e-08
-0.114043 -1.99657e-08
-0.113953 -1.99082e-08
-0.113864 -2.01489e-08
-0.113774 -2.03373e-08
-0.113684 -2.04493e-08
-0.113594 -2.05283e-08
-0.113504 -2.06485e-08
-0.113414 -2.06597e-08
-0.113324 -2.06748e-08
-0.113234 -2.07e-08
-0.113144 -2.08052e-08
-0.113054 -2.10082e-08
-0.112965 -2.11337e-08
-0.112875 -2.11577e-08
-0.112785 -2.12225e-08
-0.112695 -2.13891e-08
-0.112605 -2.14477e-08
-0.112515 -2.15407e-08
-0.112425 -2.16015e-08
-0.112335 -2.16412e-08
-0.112245 -2.16833e-08
-0.112155 -2.18408e-08
-0.112065 -2.17949e-08
-0.111976 -2.18525e-08
-0.111886 -2.21214e-08
-0.111796 -2.21369e-08
-0.111706 -2.20961e-08
-0.111616 -2.2136e-08
-0.111526 -2.20706e-08
-0.111436 -2.22867e-08
-0.111346 -2.22521e-08
-0.111256 -2.22407e-08
-0.111166 -2.22924e-08
-0.111077 -2.22453e-08
-0.110987 -2.23153e-08
-0.110897 -2.23153e-08
-0.110807 -2.2156e-08
-0.110717 -2.23035e-08
-0.110627 -2.23424e-08
-0.110537 -2.24999e-08
-0.110447 -2.24686e-08
-0.110357 -2.25172e-08
-0.110267 -2.26669e-08
-0.110178 -2.27354e-08
-0.110088 -2.27318e-08
-0.109998 -2.27947e-08
-0.109908 -2.27907e-08
-0.109818 -2.28317e-08
-0.109728 -2.30083e-08
-0.109638 -2.30917e-08
-0.109548 -2.3209e-08
-0.109458 -2.31183e-08
-0.109368 -2.32363e-08
-0.109278 -2.30719e-08
-0.109189 -2.30677e-08
-0.109099 -2.31779e-08
-0.109009 -2.32612e-08
-0.108919 -2.34194e-08
-0.108829 -2.35211e-08
-0.108739 -2.35848e-08
-0.108649 -2.35703e-08
-0.108559 -2.36246e-08
-0.108469 -2.3696e-08
-0.108379 -2.38761e-08
-0.10829 -2.39109e-08
-0.1082 -2.40807e-08
-0.10811 -2.413e-08
-0.10802 -2.42969e-08
-0.10793 -2.43189e-08
-0.10784 -2.43524e-08
-0.10775 -2.43728e-08
-0.10766 -2.43977e-08
-0.10757 -2.44167e-08
-0.10748 -2.43704e-08
-0.10739 -2.44195e-08
-0.107301 -2.44124e-08
-0.107211 -2.44244e-08
-0.107121 -2.44998e-08
-0.107031 -2.45298e-08
-0.106941 -2.45169e-08
-0.106851 -2.45136e-08
-0.106761 -2.43725e-08
-0.106671 -2.45475e-08
-0.106581 -2.45882e-08
-0.106491 -2.46748e-08
-0.106402 -2.4749e-08
-0.106312 -2.48584e-08
-0.106222 -2.49107e-08
-0.106132 -2.50385e-08
-0.106042 -2.50919e-08
-0.105952 -2.51048e-08
-0.105862 -2.5227e-08
-0.105772 -2.5402e-08
-0.105682 -2.55846e-08
-0.105592 -2.55548e-08
-0.105502 -2.56676e-08
-0.105413 -2.57017e-08
-0.105323 -2.58063e-08
-0.105233 -2.59444e-08
-0.105143 -2.608e-08
-0.105053 -2.6148e-08
-0.104963 -2.63182e-08
-0.104873 -2.64441e-08
-0.104783 -2.65426e-08
-0.104693 -2.66966e-08
-0.104603 -2.67846e-08
-0.104514 -2.6854e-08
-0.104424 -2.69052e-08
-0.104334 -2.69876e-08
-0.104244 -2.69494e-08
-0.104154 -2.69934e-08
-0.104064 -2.70602e-08
-0.103974 -2.7139e-08
-0.103884 -2.71409e-08
-0.103794 -2.71399e-08
-0.103704 -2.71118e-08
-0.103614 -2.70836e-08
-0.103525 -2.70947e-08
-0.103435 -2.71818e-08
-0.103345 -2.72813e-08
-0.103255 -2.73428e-08
-0.103165 -2.73289e-08
-0.103075 -2.73646e-08
-0.102985 -2.7334e-08
-0.102895 -2.72108e-08
-0.102805 -2.71539e-08
-0.102715 -2.71303e-08
-0.102626 -2.71001e-08
-0.102536 -2.71119e-08
-0.102446 -2.71862e-08
-0.102356 -2.70799e-08
-0.102266 -2.71258e-08
-0.102176 -2.71649e-08
-0.102086 -2.71898e-08
-0.101996 -2.71542e-08
-0.101906 -2.72444e-08
-0.101816 -2.72158e-08
-0.101727 -2.72533e-08
-0.101637 -2.72872e-08
-0.101547 -2.72892e-08
-0.101457 -2.72213e-08
-0.101367 -2.72425e-08
-0.101277 -2.72841e-08
-0.101187 -2.72833e-08
-0.101097 -2.73025e-08
-0.101007 -2.73115e-08
-0.100917 -2.73961e-08
-0.100827 -2.74487e-08
-0.100738 -2.75971e-08
-0.100648 -2.77181e-08
-0.100558 -2.78181e-08
-0.100468 -2.7955e-08
-0.100378 -2.80202e-08
-0.100288 -2.80158e-08
-0.100198 -2.80583e-08
-0.100108 -2.8055e-08
-0.100018 -2.80981e-08
-0.0999284 -2.80509e-08
-0.0998385 -2.80412e-08
-0.0997486 -2.80095e-08
-0.0996587 -2.79913e-08
-0.0995688 -2.7984e-08
-0.0994789 -2.79899e-08
-0.099389 -2.78843e-08
-0.0992991 -2.78458e-08
-0.0992092 -2.78708e-08
-0.0991193 -2.79477e-08
-0.0990294 -2.78696e-08
-0.0989395 -2.79517e-08
-0.0988496 -2.79467e-08
-0.0987597 -2.79692e-08
-0.0986698 -2.80298e-08
-0.0985799 -2.79533e-08
-0.09849 -2.79067e-08
-0.0984001 -2.78498e-08
-0.0983102 -2.78647e-08
-0.0982202 -2.78802e-08
-0.0981303 -2.78084e-08
-0.0980404 -2.77309e-08
-0.0979505 -2.7743e-08
-0.0978606 -2.77478e-08
-0.0977707 -2.77559e-08
-0.0976808 -2.77288e-08
-0.0975909 -2.77434e-08
-0.097501 -2.7786e-08
-0.0974111 -2.77952e-08
-0.0973212 -2.7883e-08
-0.0972313 -2.79294e-08
-0.0971414 -2.79726e-08
-0.0970515 -2.80627e-08
-0.0969616 -2.81721e-08
-0.0968717 -2.82654e-08
-0.0967818 -2.82937e-08
-0.0966919 -2.83434e-08
-0.096602 -2.84195e-08
-0.0965121 -2.84818e-08
-0.0964222 -2.85306e-08
-0.0963323 -2.86137e-08
-0.0962424 -2.86611e-08
-0.0961525 -2.87327e-08
-0.0960626 -2.87464e-08
-0.0959726 -2.87658e-08
-0.0958827 -2.87962e-08
-0.0957928 -2.88684e-08
-0.0957029 -2.89587e-08
-0.095613 -2.90863e-08
-0.0955231 -2.91535e-08
-0.0954332 -2.92193e-08
-0.0953433 -2.93107e-08
-0.0952534 -2.94067e-08
-0.0951635 -2.94391e-08
-0.0950736 -2.94638e-08
-0.0949837 -2.95316e-08
-0.0948938 -2.96011e-08
-0.0948039 -2.97002e-08
-0.094714 -2.97709e-08
-0.0946241 -2.9789e-08
-0.0945342 -2.97381e-08
-0.0944443 -2.97756e-08
-0.0943544 -2.97637e-08
-0.0942645 -2.98097e-08
-0.0941746 -2.9822e-08
-0.0940847 -2.99043e-08
-0.0939948 -2.99361e-08
-0.0939049 -2.99256e-08
-0.0938149 -2.99101e-08
-0.093725 -2.98892e-08
-0.0936351 -2.99326e-08
-0.0935452 -2.99636e-08
-0.0934553 -2.99881e-08
-0.0933654 -3.00038e-08
-0.0932755 -3.00709e-08
-0.0931856 -3.00187e-08
-0.0930957 -3.00143e-08
-0.0930058 -2.99489e-08
-0.0929159 -3.0017e-08
-0.092826 -3.00634e-08
-0.0927361 -3.00513e-08
-0.0926462 -3.00007e-08
-0.0925563 -2.99534e-08
-0.0924664 -2.99077e-08
-0.0923765 -2.98748e-08
-0.0922866 -2.9868e-08
-0.0921967 -2.98856e-08
-0.0921068 -2.98705e-08
-0.0920169 -2.99068e-08
-0.091927 -2.99532e-08
-0.0918371 -2.99185e-08
-0.0917472 -2.99038e-08
-0.0916572 -2.98949e-08
-0.0915673 -2.98902e-08
-0.0914774 -2.98922e-08
-0.0913875 -2.99744e-08
-0.0912976 -2.99485e-08
-0.0912077 -2.99188e-08
-0.0911178 -2.98814e-08
-0.0910279 -2.98947e-08
-0.090938 -2.98108e-08
-0.0908481 -2.98531e-08
-0.0907582 -2.9892e-08
-0.0906683 -2.98983e-08
-0.0905784 -2.99205e-08
-0.0904885 -2.99381e-08
-0.0903986 -2.99544e-08
-0.0903087 -2.99808e-08
-0.0902188 -3.00276e-08
-0.0901289 -3.00537e-08
-0.090039 -3.01223e-08
-0.0899491 -3.01906e-08
-0.0898592 -3.0286e-08
-0.0897693 -3.02701e-08
-0.0896794 -3.02597e-08
-0.0895895 -3.03057e-08
-0.0894995 -3.03349e-08
-0.0894096 -3.03538e-08
-0.0893197 -3.03846e-08
-0.0892298 -3.04256e-08
-0.0891399 -3.04492e-08
-0.08905 -3.04608e-08
-0.0889601 -3.04972e-08
-0.0888702 -3.04802e-08
-0.0887803 -3.04536e-08
-0.0886904 -3.04429e-08
-0.0886005 -3.04894e-08
-0.0885106 -3.04771e-08
-0.0884207 -3.0508e-08
-0.0883308 -3.04706e-08
-0.0882409 -3.0471e-08
-0.088151 -3.04984e-08
-0.0880611 -3.0505e-08
-0.0879712 -3.05267e-08
-0.0878813 -3.04576e-08
-0.0877914 -3.04494e-08
-0.0877015 -3.04671e-08
-0.0876116 -3.04317e-08
-0.0875217 -3.0402e-08
-0.0874318 -3.03663e-08
-0.0873418 -3.03539e-08
-0.0872519 -3.03687e-08
-0.087162 -3.02693e-08
-0.0870721 -3.02186e-08
-0.0869822 -3.0186e-08
-0.0868923 -3.01787e-08
-0.0868024 -3.02e-08
-0.0867125 -3.02198e-08
-0.0866226 -3.01975e-08
-0.0865327 -3.02042e-08
-0.0864428 -3.0172e-08
-0.0863529 -3.01291e-08
-0.086263 -3.01187e-08
-0.0861731 -3.01079e-08
-0.0860832 -3.01303e-08
-0.0859933 -3.0103e-08
-0.0859034 -3.00785e-08
-0.0858135 -3.00472e-08
-0.0857236 -3.00524e-08
-0.0856337 -3.00522e-08
-0.0855438 -3.00878e-08
-0.0854539 -3.00514e-08
-0.085364 -3.00796e-08
-0.0852741 -3.00746e-08
-0.0851841 -3.01005e-08
-0.0850942 -3.01472e-08
-0.0850043 -3.01437e-08
-0.0849144 -3.01995e-08
-0.0848245 -3.02088e-08
-0.0847346 -3.02453e-08
-0.0846447 -3.02011e-08
-0.0845548 -3.02659e-08
-0.0844649 -3.02928e-08
-0.084375 -3.03629e-08
-0.0842851 -3.03884e-08
-0.0841952 -3.0447e-08
-0.0841053 -3.04538e-08
-0.0840154 -3.05198e-08
-0.0839255 -3.05547e-08
-0.0838356 -3.05517e-08
-0.0837457 -3.05431e-08
-0.0836558 -3.05413e-08
-0.0835659 -3.05441e-08
-0.083476 -3.05494e-08
-0.0833861 -3.05715e-08
-0.0832962 -3.05657e-08
-0.0832063 -3.06003e-08
-0.0831164 -3.06152e-08
-0.0830264 -3.05909e-08
-0.0829365 -3.05663e-08
-0.0828466 -3.05745e-08
-0.0827567 -3.05879e-08
-0.0826668 -3.06087e-08
-0.0825769 -3.06191e-08
-0.082487 -3.06212e-08
-0.0823971 -3.0632e-08
-0.0823072 -3.06313e-08
-0.0822173 -3.06585e-08
-0.0821274 -3.06623e-08
-0.0820375 -3.06268e-08
-0.0819476 -3.06194e-08
-0.0818577 -3.06329e-08
-0.0817678 -3.06045e-08
-0.0816779 -3.06073e-08
-0.081588 -3.05882e-08
-0.0814981 -3.06121e-08
-0.0814082 -3.05844e-08
-0.0813183 -3.05678e-08
-0.0812284 -3.05283e-08
-0.0811385 -3.05078e-08
-0.0810486 -3.0493e-08
-0.0809587 -3.04898e-08
-0.0808687 -3.0482e-08
-0.0807788 -3.05137e-08
-0.0806889 -3.05362e-08
-0.080599 -3.05509e-08
-0.0805091 -3.05577e-08
-0.0804192 -3.05919e-08
-0.0803293 -3.06316e-08
-0.0802394 -3.0621e-08
-0.0801495 -3.06378e-08
-0.0800596 -3.06597e-08
-0.0799697 -3.0623e-08
-0.0798798 -3.0658e-08
-0.0797899 -3.06528e-08
-0.0797 -3.0658e-08
-0.0796101 -3.06642e-08
-0.0795202 -3.06523e-08
-0.0794303 -3.06412e-08
-0.0793404 -3.0637e-08
-0.0792505 -3.06276e-08
-0.0791606 -3.06413e-08
-0.0790707 -3.06362e-08
-0.0789808 -3.06243e-08
-0.0788909 -3.06132e-08
-0.078801 -3.0575e-08
-0.078711 -3.05566e-08
-0.0786211 -3.0574e-08
-0.0785312 -3.05607e-08
-0.0784413 -3.05451e-08
-0.0783514 -3.05249e-08
-0.0782615 -3.05217e-08
-0.0781716 -3.04964e-08
-0.0780817 -3.05181e-08
-0.0779918 -3.04976e-08
-0.0779019 -3.05082e-08
-0.077812 -3.05147e-08
-0.0777221 -3.05501e-08
-0.0776322 -3.05251e-08
-0.0775423 -3.05382e-08
-0.0774524 -3.05227e-08
-0.0773625 -3.0542e-08
-0.0772726 -3.05543e-08
-0.0771827 -3.05448e-08
-0.0770928 -3.05631e-08
-0.0770029 -3.05533e-08
-0.076913 -3.05877e-08
-0.0768231 -3.05994e-08
-0.0767332 -3.05941e-08
-0.0766433 -3.06229e-08
-0.0765534 -3.06473e-08
-0.0764634 -3.06581e-08
-0.0763735 -3.0695e-08
-0.0762836 -3.07244e-08
-0.0761937 -3.07619e-08
-0.0761038 -3.08048e-08
-0.0760139 -3.08171e-08
-0.075924 -3.08074e-08
-0.0758341 -3.08292e-08
-0.0757442 -3.08465e-08
-0.0756543 -3.08728e-08
-0.0755644 -3.08869e-08
-0.0754745 -3.09011e-08
-0.0753846 -3.09205e-08
-0.0752947 -3.09184e-08
-0.0752048 -3.09319e-08
-0.0751149 -3.09378e-08
-0.075025 -3.09496e-08
-0.0749351 -3.09631e-08
-0.0748452 -3.09671e-08
-0.0747553 -3.09742e-08
-0.0746654 -3.09695e-08
-0.0745755 -3.09651e-08
-0.0744856 -3.09627e-08
-0.0743957 -3.09462e-08
-0.0743057 -3.09427e-08
-0.0742158 -3.09337e-08
-0.0741259 -3.09334e-08
-0.074036 -3.09292e-08
-0.0739461 -3.09059e-08
-0.0738562 -3.09031e-08
-0.0737663 -3.08851e-08
-0.0736764 -3.087e-08
-0.0735865 -3.08654e-08
-0.0734966 -3.08561e-08
-0.0734067 -3.08195e-08
-0.0733168 -3.07742e-08
-0.0732269 -3.07284e-08
-0.073137 -3.0682e-08
-0.0730471 -3.06471e-08
-0.0729572 -3.05968e-08
-0.0728673 -3.05873e-08
-0.0727774 -3.05643e-08
-0.0726875 -3.05171e-08
-0.0725976 -3.04677e-08
-0.0725077 -3.04543e-08
-0.0724178 -3.0414e-08
-0.0723279 -3.03708e-08
-0.072238 -3.03604e-08
-0.072148 -3.03353e-08
-0.0720581 -3.03057e-08
-0.0719682 -3.02904e-08
-0.0718783 -3.02749e-08
-0.0717884 -3.025e-08
-0.0716985 -3.02633e-08
-0.0716086 -3.02435e-08
-0.0715187 -3.02522e-08
-0.0714288 -3.02549e-08
-0.0713389 -3.02623e-08
-0.071249 -3.02545e-08
-0.0711591 -3.02562e-08
-0.0710692 -3.02519e-08
-0.0709793 -3.02271e-08
-0.0708894 -3.02086e-08
-0.0707995 -3.02112e-08
-0.0707096 -3.02029e-08
-0.0706197 -3.02012e-08
-0.0705298 -3.01931e-08
-0.0704399 -3.02051e-08
-0.07035 -3.02016e-08
-0.0702601 -3.01975e-08
-0.0701702 -3.02055e-08
-0.0700803 -3.02138e-08
-0.0699903 -3.02205e-08
-0.0699004 -3.02172e-08
-0.0698105 -3.02277e-08
-0.0697206 -3.023e-08
-0.0696307 -3.02192e-08
-0.0695408 -3.02264e-08
-0.0694509 -3.02359e-08
-0.069361 -3.02542e-08
-0.0692711 -3.02627e-08
-0.0691812 -3.02861e-08
-0.0690913 -3.02876e-08
-0.0690014 -3.02874e-08
-0.0689115 -3.02746e-08
-0.0688216 -3.02521e-08
-0.0687317 -3.02261e-08
-0.0686418 -3.0223e-08
-0.0685519 -3.02396e-08
-0.068462 -3.0234e-08
-0.0683721 -3.02198e-08
-0.0682822 -3.02078e-08
-0.0681923 -3.02263e-08
-0.0681024 -3.02233e-08
-0.0680125 -3.02072e-08
-0.0679226 -3.02071e-08
-0.0678326 -3.01869e-08
-0.0677427 -3.01842e-08
-0.0676528 -3.01871e-08
-0.0675629 -3.01681e-08
-0.067473 -3.01449e-08
-0.0673831 -3.01322e-08
-0.0672932 -3.01175e-08
-0.0672033 -3.00876e-08
-0.0671134 -3.00619e-08
-0.0670235 -3.00499e-08
-0.0669336 -3.00322e-08
-0.0668437 -3.00075e-08
-0.0667538 -2.99883e-08
-0.0666639 -2.99596e-08
-0.066574 -2.99349e-08
-0.0664841 -2.99092e-08
-0.0663942 -2.98651e-08
-0.0663043 -2.9817e-08
-0.0662144 -2.97769e-08
-0.0661245 -2.97414e-08
-0.0660346 -2.97068e-08
-0.0659447 -2.96822e-08
-0.0658548 -2.96483e-08
-0.0657649 -2.96127e-08
-0.0656749 -2.95837e-08
-0.065585 -2.95391e-08
-0.0654951 -2.95312e-08
-0.0654052 -2.95146e-08
-0.0653153 -2.95064e-08
-0.0652254 -2.94533e-08
-0.0651355 -2.94088e-08
-0.0650456 -2.9376e-08
-0.0649557 -2.93374e-08
-0.0648658 -2.93134e-08
-0.0647759 -2.92789e-08
-0.064686 -2.92382e-08
-0.0645961 -2.92235e-08
-0.0645062 -2.91939e-08
-0.0644163 -2.91615e-08
-0.0643264 -2.91256e-08
-0.0642365 -2.9106e-08
-0.0641466 -2.90801e-08
-0.0640567 -2.90722e-08
-0.0639668 -2.90444e-08
-0.0638769 -2.90218e-08
-0.063787 -2.90132e-08
-0.0636971 -2.89697e-08
-0.0636072 -2.89253e-08
-0.0635172 -2.89054e-08
-0.0634273 -2.88783e-08
-0.0633374 -2.88443e-08
-0.0632475 -2.88103e-08
-0.0631576 -2.87906e-08
-0.0630677 -2.87568e-08
-0.0629778 -2.87178e-08
-0.0628879 -2.86817e-08
-0.062798 -2.86534e-08
-0.0627081 -2.86111e-08
-0.0626182 -2.85756e-08
-0.0625283 -2.85451e-08
-0.0624384 -2.85072e-08
-0.0623485 -2.8471e-08
-0.0622586 -2.84348e-08
-0.0621687 -2.84161e-08
-0.0620788 -2.83885e-08
-0.0619889 -2.83518e-08
-0.061899 -2.83141e-08
-0.0618091 -2.8273e-08
-0.0617192 -2.8238e-08
-0.0616293 -2.82238e-08
-0.0615394 -2.81998e-08
-0.0614495 -2.81674e-08
-0.0613595 -2.81497e-08
-0.0612696 -2.81272e-08
-0.0611797 -2.80993e-08
-0.0610898 -2.80698e-08
-0.0609999 -2.80397e-08
-0.06091 -2.80084e-08
-0.0608201 -2.79892e-08
-0.0607302 -2.79609e-08
-0.0606403 -2.79407e-08
-0.0605504 -2.79296e-08
-0.0604605 -2.79037e-08
-0.0603706 -2.78689e-08
-0.0602807 -2.78359e-08
-0.0601908 -2.78216e-08
-0.0601009 -2.77891e-08
-0.060011 -2.77504e-08
-0.0599211 -2.77161e-08
-0.0598312 -2.76991e-08
-0.0597413 -2.76538e-08
-0.0596514 -2.76188e-08
-0.0595615 -2.75863e-08
-0.0594716 -2.75597e-08
-0.0593817 -2.75171e-08
-0.0592918 -2.74741e-08
-0.0592018 -2.74489e-08
-0.0591119 -2.74337e-08
-0.059022 -2.74048e-08
-0.0589321 -2.73708e-08
-0.0588422 -2.73348e-08
-0.0587523 -2.72995e-08
-0.0586624 -2.72647e-08
-0.0585725 -2.72231e-08
-0.0584826 -2.71978e-08
-0.0583927 -2.71677e-08
-0.0583028 -2.71485e-08
-0.0582129 -2.71182e-08
-0.058123 -2.70948e-08
-0.0580331 -2.70579e-08
-0.0579432 -2.7026e-08
-0.0578533 -2.69799e-08
-0.0577634 -2.69726e-08
-0.0576735 -2.69485e-08
-0.0575836 -2.69201e-08
-0.0574937 -2.69131e-08
-0.0574038 -2.69007e-08
-0.0573139 -2.68817e-08
-0.057224 -2.68591e-08
-0.0571341 -2.68293e-08
-0.0570442 -2.68117e-08
-0.0569542 -2.67945e-08
-0.0568643 -2.67813e-08
-0.0567744 -2.67606e-08
-0.0566845 -2.6735e-08
-0.0565946 -2.67257e-08
-0.0565047 -2.67115e-08
-0.0564148 -2.66975e-08
-0.0563249 -2.66804e-08
-0.056235 -2.66661e-08
-0.0561451 -2.66697e-08
-0.0560552 -2.66508e-08
-0.0559653 -2.66389e-08
-0.0558754 -2.66235e-08
-0.0557855 -2.66141e-08
-0.0556956 -2.66073e-08
-0.0556057 -2.65784e-08
-0.0555158 -2.65691e-08
-0.0554259 -2.65536e-08
-0.055336 -2.65309e-08
-0.0552461 -2.65179e-08
-0.0551562 -2.65064e-08
-0.0550663 -2.64868e-08
-0.0549764 -2.64699e-08
-0.0548865 -2.64351e-08
-0.0547965 -2.6424e-08
-0.0547066 -2.64009e-08
-0.0546167 -2.63798e-08
-0.0545268 -2.63504e-08
-0.0544369 -2.6325e-08
-0.054347 -2.62975e-08
-0.0542571 -2.62627e-08
-0.0541672 -2.62393e-08
-0.0540773 -2.61849e-08
-0.0539874 -2.61304e-08
-0.0538975 -2.60862e-08
-0.0538076 -2.60382e-08
-0.0537177 -2.59965e-08
-0.0536278 -2.59492e-08
-0.0535379 -2.5895e-08
-0.053448 -2.58558e-08
-0.0533581 -2.58101e-08
-0.0532682 -2.57637e-08
-0.0531783 -2.57191e-08
-0.0530884 -2.56822e-08
-0.0529985 -2.56444e-08
-0.0529086 -2.5598e-08
-0.0528187 -2.5542e-08
-0.0527288 -2.54943e-08
-0.0526388 -2.54323e-08
-0.0525489 -2.53802e-08
-0.052459 -2.53412e-08
-0.0523691 -2.52987e-08
-0.0522792 -2.52499e-08
-0.0521893 -2.51884e-08
-0.0520994 -2.51364e-08
-0.0520095 -2.50863e-08
-0.0519196 -2.50483e-08
-0.0518297 -2.5004e-08
-0.0517398 -2.49578e-08
-0.0516499 -2.49215e-08
-0.05156 -2.48804e-08
-0.0514701 -2.48346e-08
-0.0513802 -2.47781e-08
-0.0512903 -2.47284e-08
-0.0512004 -2.46829e-08
-0.0511105 -2.46353e-08
-0.0510206 -2.45829e-08
-0.0509307 -2.45351e-08
-0.0508408 -2.44789e-08
-0.0507509 -2.44339e-08
-0.050661 -2.43865e-08
-0.0505711 -2.43434e-08
-0.0504811 -2.43042e-08
-0.0503912 -2.42472e-08
-0.0503013 -2.42021e-08
-0.0502114 -2.41491e-08
-0.0501215 -2.4107e-08
-0.0500316 -2.40622e-08
-0.0499417 -2.40154e-08
-0.0498518 -2.3981e-08
-0.0497619 -2.39421e-08
-0.049672 -2.39059e-08
-0.0495821 -2.38653e-08
-0.0494922 -2.38266e-08
-0.0494023 -2.37846e-08
-0.0493124 -2.3742e-08
-0.0492225 -2.37055e-08
-0.0491326 -2.36695e-08
-0.0490427 -2.36311e-08
-0.0489528 -2.3596e-08
-0.0488629 -2.35566e-08
-0.048773 -2.35221e-08
-0.0486831 -2.34898e-08
-0.0485932 -2.3457e-08
-0.0485033 -2.34288e-08
-0.0484134 -2.33924e-08
-0.0483234 -2.33613e-08
-0.0482335 -2.33223e-08
-0.0481436 -2.32823e-08
-0.0480537 -2.32404e-08
-0.0479638 -2.32056e-08
-0.0478739 -2.31638e-08
-0.047784 -2.31156e-08
-0.0476941 -2.30722e-08
-0.0476042 -2.30277e-08
-0.0475143 -2.29908e-08
-0.0474244 -2.29558e-08
-0.0473345 -2.29147e-08
-0.0472446 -2.28696e-08
-0.0471547 -2.2829e-08
-0.0470648 -2.27969e-08
-0.0469749 -2.27655e-08
-0.046885 -2.27353e-08
-0.0467951 -2.26882e-08
-0.0467052 -2.26441e-08
-0.0466153 -2.25949e-08
-0.0465254 -2.25526e-08
-0.0464355 -2.25156e-08
-0.0463456 -2.2474e-08
-0.0462557 -2.24294e-08
-0.0461657 -2.23887e-08
-0.0460758 -2.23484e-08
-0.0459859 -2.23094e-08
-0.045896 -2.22664e-08
-0.0458061 -2.22314e-08
-0.0457162 -2.21848e-08
-0.0456263 -2.21461e-08
-0.0455364 -2.21043e-08
-0.0454465 -2.20667e-08
-0.0453566 -2.20248e-08
-0.0452667 -2.19788e-08
-0.0451768 -2.19398e-08
-0.0450869 -2.19038e-08
-0.044997 -2.18656e-08
-0.0449071 -2.18223e-08
-0.0448172 -2.17814e-08
-0.0447273 -2.1745e-08
-0.0446374 -2.16969e-08
-0.0445475 -2.1661e-08
-0.0444576 -2.16083e-08
-0.0443677 -2.15662e-08
-0.0442778 -2.15208e-08
-0.0441879 -2.14754e-08
-0.044098 -2.1435e-08
-0.044008 -2.13855e-08
-0.0439181 -2.13565e-08
-0.0438282 -2.13134e-08
-0.0437383 -2.12773e-08
-0.0436484 -2.12421e-08
-0.0435585 -2.12075e-08
-0.0434686 -2.11691e-08
-0.0433787 -2.11269e-08
-0.0432888 -2.10967e-08
-0.0431989 -2.10533e-08
-0.043109 -2.0998e-08
-0.0430191 -2.09466e-08
-0.0429292 -2.09029e-08
-0.0428393 -2.08706e-08
-0.0427494 -2.08365e-08
-0.0426595 -2.07871e-08
-0.0425696 -2.07469e-08
-0.0424797 -2.0717e-08
-0.0423898 -2.06757e-08
-0.0422999 -2.06418e-08
-0.04221 -2.05999e-08
-0.0421201 -2.05506e-08
-0.0420302 -2.05122e-08
-0.0419403 -2.0476e-08
-0.0418503 -2.04359e-08
-0.0417604 -2.03954e-08
-0.0416705 -2.03512e-08
-0.0415806 -2.03031e-08
-0.0414907 -2.02548e-08
-0.0414008 -2.02065e-08
-0.0413109 -2.01628e-08
-0.041221 -2.01195e-08
-0.0411311 -2.00676e-08
-0.0410412 -2.0024e-08
-0.0409513 -1.9976e-08
-0.0408614 -1.99284e-08
-0.0407715 -1.98865e-08
-0.0406816 -1.98356e-08
-0.0405917 -1.97803e-08
-0.0405018 -1.97281e-08
-0.0404119 -1.96815e-08
-0.040322 -1.96317e-08
-0.0402321 -1.95899e-08
-0.0401422 -1.95401e-08
-0.0400523 -1.95002e-08
-0.0399624 -1.94534e-08
-0.0398725 -1.94058e-08
-0.0397826 -1.936e-08
-0.0396927 -1.93154e-08
-0.0396027 -1.92678e-08
-0.0395128 -1.92131e-08
-0.0394229 -1.91692e-08
-0.039333 -1.91283e-08
-0.0392431 -1.90877e-08
-0.0391532 -1.90465e-08
-0.0390633 -1.90055e-08
-0.0389734 -1.89636e-08
-0.0388835 -1.89256e-08
-0.0387936 -1.88874e-08
-0.0387037 -1.88457e-08
-0.0386138 -1.88033e-08
-0.0385239 -1.87683e-08
-0.038434 -1.87333e-08
-0.0383441 -1.87009e-08
-0.0382542 -1.86608e-08
-0.0381643 -1.86243e-08
-0.0380744 -1.85843e-08
-0.0379845 -1.85529e-08
-0.0378946 -1.85217e-08
-0.0378047 -1.84896e-08
-0.0377148 -1.84572e-08
-0.0376249 -1.84238e-08
-0.037535 -1.83884e-08
-0.037445 -1.83554e-08
-0.0373551 -1.83196e-08
-0.0372652 -1.82857e-08
-0.0371753 -1.82518e-08
-0.0370854 -1.82205e-08
-0.0369955 -1.81858e-08
-0.0369056 -1.81551e-08
-0.0368157 -1.81167e-08
-0.0367258 -1.80783e-08
-0.0366359 -1.80382e-08
-0.036546 -1.79961e-08
-0.0364561 -1.79579e-08
-0.0363662 -1.79164e-08
-0.0362763 -1.78799e-08
-0.0361864 -1.78427e-08
-0.0360965 -1.78029e-08
-0.0360066 -1.77622e-08
-0.0359167 -1.77205e-08
-0.0358268 -1.7683e-08
-0.0357369 -1.76371e-08
-0.035647 -1.75994e-08
-0.0355571 -1.75537e-08
-0.0354672 -1.75038e-08
-0.0353773 -1.74589e-08
-0.0352873 -1.74157e-08
-0.0351974 -1.73737e-08
-0.0351075 -1.73299e-08
-0.0350176 -1.72857e-08
-0.0349277 -1.72394e-08
-0.0348378 -1.71973e-08
-0.0347479 -1.71584e-08
-0.034658 -1.71151e-08
-0.0345681 -1.70766e-08
-0.0344782 -1.70336e-08
-0.0343883 -1.69921e-08
-0.0342984 -1.69492e-08
-0.0342085 -1.69047e-08
-0.0341186 -1.68634e-08
-0.0340287 -1.6825e-08
-0.0339388 -1.67835e-08
-0.0338489 -1.67455e-08
-0.033759 -1.67039e-08
-0.0336691 -1.66641e-08
-0.0335792 -1.66191e-08
-0.0334893 -1.65753e-08
-0.0333994 -1.65382e-08
-0.0333095 -1.65018e-08
-0.0332196 -1.64629e-08
-0.0331296 -1.64303e-08
-0.0330397 -1.63878e-08
-0.0329498 -1.63461e-08
-0.0328599 -1.63111e-08
-0.03277 -1.62689e-08
-0.0326801 -1.62275e-08
-0.0325902 -1.61811e-08
-0.0325003 -1.61364e-08
-0.0324104 -1.60915e-08
-0.0323205 -1.60481e-08
-0.0322306 -1.60066e-08
-0.0321407 -1.59701e-08
-0.0320508 -1.59332e-08
-0.0319609 -1.58858e-08
-0.031871 -1.58453e-08
-0.0317811 -1.58027e-08
-0.0316912 -1.57541e-08
-0.0316013 -1.57104e-08
-0.0315114 -1.56623e-08
-0.0314215 -1.56237e-08
-0.0313316 -1.55743e-08
-0.0312417 -1.55301e-08
-0.0311518 -1.54811e-08
-0.0310619 -1.54345e-08
-0.0309719 -1.53852e-08
-0.030882 -1.53339e-08
-0.0307921 -1.52858e-08
-0.0307022 -1.52408e-08
-0.0306123 -1.51942e-08
-0.0305224 -1.51355e-08
-0.0304325 -1.50858e-08
-0.0303426 -1.50475e-08
-0.0302527 -1.49961e-08
-0.0301628 -1.49516e-08
-0.0300729 -1.48962e-08
-0.029983 -1.48429e-08
-0.0298931 -1.4784e-08
-0.0298032 -1.4737e-08
-0.0297133 -1.4691e-08
-0.0296234 -1.46506e-08
-0.0295335 -1.46019e-08
-0.0294436 -1.45451e-08
-0.0293537 -1.45021e-08
-0.0292638 -1.44534e-08
-0.0291739 -1.44014e-08
-0.029084 -1.43574e-08
-0.0289941 -1.43117e-08
-0.0289042 -1.42542e-08
-0.0288142 -1.42111e-08
-0.0287243 -1.41699e-08
-0.0286344 -1.41299e-08
-0.0285445 -1.40888e-08
-0.0284546 -1.40423e-08
-0.0283647 -1.40072e-08
-0.0282748 -1.39671e-08
-0.0281849 -1.39273e-08
-0.028095 -1.3889e-08
-0.0280051 -1.38576e-08
-0.0279152 -1.38141e-08
-0.0278253 -1.37717e-08
-0.0277354 -1.37373e-08
-0.0276455 -1.36931e-08
-0.0275556 -1.36557e-08
-0.0274657 -1.36172e-08
-0.0273758 -1.35824e-08
-0.0272859 -1.35494e-08
-0.027196 -1.35144e-08
-0.0271061 -1.34784e-08
-0.0270162 -1.34392e-08
-0.0269263 -1.34022e-08
-0.0268364 -1.33616e-08
-0.0267465 -1.33261e-08
-0.0266565 -1.32826e-08
-0.0265666 -1.32385e-08
-0.0264767 -1.31987e-08
-0.0263868 -1.31584e-08
-0.0262969 -1.3118e-08
-0.026207 -1.30824e-08
-0.0261171 -1.30486e-08
-0.0260272 -1.30069e-08
-0.0259373 -1.29621e-08
-0.0258474 -1.29164e-08
-0.0257575 -1.28727e-08
-0.0256676 -1.28312e-08
-0.0255777 -1.27795e-08
-0.0254878 -1.27323e-08
-0.0253979 -1.26849e-08
-0.025308 -1.26368e-08
-0.0252181 -1.25912e-08
-0.0251282 -1.25519e-08
-0.0250383 -1.25093e-08
-0.0249484 -1.24666e-08
-0.0248585 -1.24246e-08
-0.0247686 -1.23796e-08
-0.0246787 -1.23345e-08
-0.0245888 -1.22913e-08
-0.0244988 -1.22417e-08
-0.0244089 -1.21928e-08
-0.024319 -1.215e-08
-0.0242291 -1.21e-08
-0.0241392 -1.20567e-08
-0.0240493 -1.20117e-08
-0.0239594 -1.19649e-08
-0.0238695 -1.19223e-08
-0.0237796 -1.18799e-08
-0.0236897 -1.18331e-08
-0.0235998 -1.17927e-08
-0.0235099 -1.17554e-08
-0.02342 -1.17061e-08
-0.0233301 -1.16675e-08
-0.0232402 -1.16219e-08
-0.0231503 -1.15752e-08
-0.0230604 -1.153e-08
-0.0229705 -1.14933e-08
-0.0228806 -1.145e-08
-0.0227907 -1.14108e-08
-0.0227008 -1.13666e-08
-0.0226109 -1.13191e-08
-0.022521 -1.12861e-08
-0.0224311 -1.1247e-08
-0.0223411 -1.12044e-08
-0.0222512 -1.11645e-08
-0.0221613 -1.11203e-08
-0.0220714 -1.10758e-08
-0.0219815 -1.10303e-08
-0.0218916 -1.09923e-08
-0.0218017 -1.09469e-08
-0.0217118 -1.09122e-08
-0.0216219 -1.08725e-08
-0.021532 -1.08346e-08
-0.0214421 -1.08085e-08
-0.0213522 -1.07725e-08
-0.0212623 -1.07353e-08
-0.0211724 -1.06998e-08
-0.0210825 -1.06636e-08
-0.0209926 -1.06249e-08
-0.0209027 -1.05848e-08
-0.0208128 -1.05457e-08
-0.0207229 -1.05148e-08
-0.020633 -1.04834e-08
-0.0205431 -1.04503e-08
-0.0204532 -1.04208e-08
-0.0203633 -1.03981e-08
-0.0202734 -1.03668e-08
-0.0201835 -1.03369e-08
-0.0200935 -1.03068e-08
-0.0200036 -1.02829e-08
-0.0199137 -1.02538e-08
-0.0198238 -1.02226e-08
-0.0197339 -1.01965e-08
-0.019644 -1.01724e-08
-0.0195541 -1.01374e-08
-0.0194642 -1.01082e-08
-0.0193743 -1.00811e-08
-0.0192844 -1.00563e-08
-0.0191945 -1.00275e-08
-0.0191046 -1.00021e-08
-0.0190147 -9.97389e-09
-0.0189248 -9.95317e-09
-0.0188349 -9.9177e-09
-0.018745 -9.88942e-09
-0.0186551 -9.86139e-09
-0.0185652 -9.82961e-09
-0.0184753 -9.79832e-09
-0.0183854 -9.76468e-09
-0.0182955 -9.73367e-09
-0.0182056 -9.70159e-09
-0.0181157 -9.67415e-09
-0.0180258 -9.64347e-09
-0.0179358 -9.6075e-09
-0.0178459 -9.57183e-09
-0.017756 -9.5316e-09
-0.0176661 -9.49543e-09
-0.0175762 -9.45617e-09
-0.0174863 -9.42197e-09
-0.0173964 -9.38755e-09
-0.0173065 -9.34664e-09
-0.0172166 -9.30125e-09
-0.0171267 -9.26219e-09
-0.0170368 -9.22285e-09
-0.0169469 -9.1841e-09
-0.016857 -9.14146e-09
-0.0167671 -9.09756e-09
-0.0166772 -9.06066e-09
-0.0165873 -9.01908e-09
-0.0164974 -8.97114e-09
-0.0164075 -8.93182e-09
-0.0163176 -8.89058e-09
-0.0162277 -8.84899e-09
-0.0161378 -8.80208e-09
-0.0160479 -8.7603e-09
-0.015958 -8.71429e-09
-0.0158681 -8.66907e-09
-0.0157781 -8.62843e-09
-0.0156882 -8.5862e-09
-0.0155983 -8.54378e-09
-0.0155084 -8.50011e-09
-0.0154185 -8.45579e-09
-0.0153286 -8.41258e-09
-0.0152387 -8.36999e-09
-0.0151488 -8.33154e-09
-0.0150589 -8.28841e-09
-0.014969 -8.24092e-09
-0.0148791 -8.19361e-09
-0.0147892 -8.14743e-09
-0.0146993 -8.10663e-09
-0.0146094 -8.06469e-09
-0.0145195 -8.01637e-09
-0.0144296 -7.97226e-09
-0.0143397 -7.9284e-09
-0.0142498 -7.8871e-09
-0.0141599 -7.83973e-09
-0.01407 -7.79965e-09
-0.0139801 -7.75299e-09
-0.0138902 -7.70449e-09
-0.0138003 -7.66021e-09
-0.0137104 -7.61163e-09
-0.0136204 -7.56631e-09
-0.0135305 -7.51928e-09
-0.0134406 -7.47536e-09
-0.0133507 -7.42877e-09
-0.0132608 -7.38676e-09
-0.0131709 -7.34226e-09
-0.013081 -7.29164e-09
-0.0129911 -7.24981e-09
-0.0129012 -7.20303e-09
-0.0128113 -7.15688e-09
-0.0127214 -7.11295e-09
-0.0126315 -7.0632e-09
-0.0125416 -7.0099e-09
-0.0124517 -6.95916e-09
-0.0123618 -6.91534e-09
-0.0122719 -6.87263e-09
-0.012182 -6.82181e-09
-0.0120921 -6.77663e-09
-0.0120022 -6.72785e-09
-0.0119123 -6.67988e-09
-0.0118224 -6.63423e-09
-0.0117325 -6.59138e-09
-0.0116426 -6.54897e-09
-0.0115527 -6.49772e-09
-0.0114627 -6.44826e-09
-0.0113728 -6.39583e-09
-0.0112829 -6.35361e-09
-0.011193 -6.30759e-09
-0.0111031 -6.25329e-09
-0.0110132 -6.21284e-09
-0.0109233 -6.1602e-09
-0.0108334 -6.11257e-09
-0.0107435 -6.07411e-09
-0.0106536 -6.03594e-09
-0.0105637 -5.9887e-09
-0.0104738 -5.94646e-09
-0.0103839 -5.90124e-09
-0.010294 -5.85108e-09
-0.0102041 -5.80841e-09
-0.0101142 -5.76035e-09
-0.0100243 -5.71134e-09
-0.00993438 -5.66417e-09
-0.00984447 -5.61378e-09
-0.00975457 -5.57342e-09
-0.00966466 -5.53344e-09
-0.00957476 -5.49431e-09
-0.00948486 -5.4477e-09
-0.00939495 -5.40739e-09
-0.00930505 -5.36777e-09
-0.00921514 -5.32128e-09
-0.00912524 -5.27524e-09
-0.00903534 -5.23127e-09
-0.00894543 -5.18042e-09
-0.00885553 -5.13254e-09
-0.00876562 -5.091e-09
-0.00867572 -5.04929e-09
-0.00858582 -5.00386e-09
-0.00849591 -4.9645e-09
-0.00840601 -4.91693e-09
-0.0083161 -4.87831e-09
-0.0082262 -4.84354e-09
-0.00813629 -4.79827e-09
-0.00804639 -4.75916e-09
-0.00795649 -4.70983e-09
-0.00786658 -4.66069e-09
-0.00777668 -4.6141e-09
-0.00768677 -4.57541e-09
-0.00759687 -4.52801e-09
-0.00750697 -4.48085e-09
-0.00741706 -4.44059e-09
-0.00732716 -4.39383e-09
-0.00723725 -4.35497e-09
-0.00714735 -4.31644e-09
-0.00705744 -4.27868e-09
-0.00696754 -4.23706e-09
-0.00687764 -4.18491e-09
-0.00678773 -4.1429e-09
-0.00669783 -4.09518e-09
-0.00660792 -4.0577e-09
-0.00651802 -4.01318e-09
-0.00642812 -3.96454e-09
-0.00633821 -3.92045e-09
-0.00624831 -3.87694e-09
-0.0061584 -3.83126e-09
-0.0060685 -3.78877e-09
-0.00597859 -3.7493e-09
-0.00588869 -3.70232e-09
-0.00579879 -3.65347e-09
-0.00570888 -3.6111e-09
-0.00561898 -3.56298e-09
-0.00552907 -3.51976e-09
-0.00543917 -3.47252e-09
-0.00534927 -3.41946e-09
-0.00525936 -3.37281e-09
-0.00516946 -3.32917e-09
-0.00507955 -3.2773e-09
-0.00498965 -3.22448e-09
-0.00489975 -3.17378e-09
-0.00480984 -3.12715e-09
-0.00471994 -3.07047e-09
-0.00463003 -3.02173e-09
-0.00454013 -2.96464e-09
-0.00445022 -2.91557e-09
-0.00436032 -2.86483e-09
-0.00427042 -2.80628e-09
-0.00418051 -2.75622e-09
-0.00409061 -2.70208e-09
-0.0040007 -2.64301e-09
-0.0039108 -2.58485e-09
-0.0038209 -2.52454e-09
-0.00373099 -2.46836e-09
-0.00364109 -2.40496e-09
-0.00355118 -2.34528e-09
-0.00346128 -2.28287e-09
-0.00337137 -2.22444e-09
-0.00328147 -2.16551e-09
-0.00319157 -2.10347e-09
-0.00310166 -2.04612e-09
-0.00301176 -1.98368e-09
-0.00292185 -1.9254e-09
-0.00283195 -1.86153e-09
-0.00274205 -1.79481e-09
-0.00265214 -1.7385e-09
-0.00256224 -1.67518e-09
-0.00247233 -1.61368e-09
-0.00238243 -1.55522e-09
-0.00229252 -1.49544e-09
-0.00220262 -1.4349e-09
-0.00211272 -1.37182e-09
-0.00202281 -1.31078e-09
-0.00193291 -1.2529e-09
-0.001843 -1.19818e-09
-0.0017531 -1.13373e-09
-0.0016632 -1.07627e-09
-0.00157329 -1.02222e-09
-0.00148339 -9.60169e-10
-0.00139348 -9.02384e-10
-0.00130358 -8.44894e-10
-0.00121368 -7.82811e-10
-0.00112377 -7.26997e-10
-0.00103387 -6.66405e-10
-0.000943963 -6.0771e-10
-0.000854059 -5.55971e-10
-0.000764154 -4.97379e-10
-0.00067425 -4.39242e-10
-0.000584346 -3.90741e-10
-0.000494442 -3.35743e-10
-0.000404538 -2.77923e-10
-0.000314634 -2.22844e-10
-0.00022473 -1.64007e-10
-0.000134825 -1.07174e-10
-4.49212e-05 -5.8283e-11
4.49829e-05 0
0.000134887 5.52772e-11
0.000224791 1.11907e-10
0.000314695 1.65337e-10
0.0004046 2.17319e-10
0.000494504 2.67157e-10
0.000584408 3.2313e-10
0.000674312 3.75533e-10
0.000764216 4.31859e-10
0.00085412 4.90681e-10
0.000944024 5.37003e-10
0.00103393 5.86274e-10
0.00112383 6.42754e-10
0.00121374 7.02169e-10
0.00130364 7.58737e-10
0.00139355 8.082e-10
0.00148345 8.62316e-10
0.00157335 9.15658e-10
0.00166326 9.73982e-10
0.00175316 1.02999e-09
0.00184307 1.08843e-09
0.00193297 1.14066e-09
0.00202287 1.192e-09
0.00211278 1.24371e-09
0.00220268 1.30343e-09
0.00229259 1.36584e-09
0.00238249 1.41896e-09
0.00247239 1.47382e-09
0.0025623 1.53089e-09
0.0026522 1.58832e-09
0.00274211 1.65351e-09
0.00283201 1.71823e-09
0.00292192 1.77784e-09
0.00301182 1.83943e-09
0.00310172 1.9012e-09
0.00319163 1.95651e-09
0.00328153 2.02069e-09
0.00337144 2.0812e-09
0.00346134 2.14167e-09
0.00355124 2.20626e-09
0.00364115 2.26743e-09
0.00373105 2.33485e-09
0.00382096 2.40714e-09
0.00391086 2.47203e-09
0.00400077 2.53652e-09
0.00409067 2.6091e-09
0.00418057 2.67431e-09
0.00427048 2.73856e-09
0.00436038 2.80504e-09
0.00445029 2.86788e-09
0.00454019 2.93342e-09
0.00463009 3.00414e-09
0.00472 3.0672e-09
0.0048099 3.14288e-09
0.00489981 3.21061e-09
0.00498971 3.27418e-09
0.00507962 3.34881e-09
0.00516952 3.41925e-09
0.00525942 3.48737e-09
0.00534933 3.55677e-09
0.00543923 3.62409e-09
0.00552914 3.69427e-09
0.00561904 3.76229e-09
0.00570894 3.83035e-09
0.00579885 3.89125e-09
0.00588875 3.96026e-09
0.00597866 4.0248e-09
0.00606856 4.08653e-09
0.00615846 4.15427e-09
0.00624837 4.22153e-09
0.00633827 4.29291e-09
0.00642818 4.35911e-09
0.00651808 4.42566e-09
0.00660799 4.49696e-09
0.00669789 4.55957e-09
0.00678779 4.62776e-09
0.0068777 4.68762e-09
0.0069676 4.75432e-09
0.00705751 4.81947e-09
0.00714741 4.88233e-09
0.00723731 4.94584e-09
0.00732722 5.01249e-09
0.00741712 5.08373e-09
0.00750703 5.14652e-09
0.00759693 5.21175e-09
0.00768684 5.28476e-09
0.00777674 5.34905e-09
0.00786664 5.41812e-09
0.00795655 5.48249e-09
0.00804645 5.54715e-09
0.00813636 5.61308e-09
0.00822626 5.68123e-09
0.00831616 5.7438e-09
0.00840607 5.8113e-09
0.00849597 5.87951e-09
0.00858588 5.94159e-09
0.00867578 6.00676e-09
0.00876569 6.08026e-09
0.00885559 6.14591e-09
0.00894549 6.21353e-09
0.0090354 6.27689e-09
0.0091253 6.33787e-09
0.00921521 6.41094e-09
0.00930511 6.48117e-09
0.00939501 6.54902e-09
0.00948492 6.61506e-09
0.00957482 6.68144e-09
0.00966473 6.74177e-09
0.00975463 6.80566e-09
0.00984453 6.87479e-09
0.00993444 6.93832e-09
0.0100243 7.00172e-09
0.0101142 7.06023e-09
0.0102042 7.12611e-09
0.0102941 7.19356e-09
0.010384 7.26176e-09
0.0104739 7.33493e-09
0.0105638 7.39319e-09
0.0106537 7.45989e-09
0.0107436 7.51809e-09
0.0108335 7.57692e-09
0.0109234 7.64189e-09
0.0110133 7.70293e-09
0.0111032 7.75926e-09
0.0111931 7.81938e-09
0.011283 7.88508e-09
0.0113729 7.94658e-09
0.0114628 8.0116e-09
0.0115527 8.07872e-09
0.0116426 8.13423e-09
0.0117325 8.19719e-09
0.0118224 8.25557e-09
0.0119123 8.3185e-09
0.0120022 8.37672e-09
0.0120921 8.43072e-09
0.012182 8.48197e-09
0.0122719 8.53876e-09
0.0123619 8.59553e-09
0.0124518 8.65139e-09
0.0125417 8.71139e-09
0.0126316 8.77564e-09
0.0127215 8.83309e-09
0.0128114 8.89557e-09
0.0129013 8.95812e-09
0.0129912 9.01657e-09
0.0130811 9.06658e-09
0.013171 9.12195e-09
0.0132609 9.17424e-09
0.0133508 9.22402e-09
0.0134407 9.28625e-09
0.0135306 9.33806e-09
0.0136205 9.39405e-09
0.0137104 9.45411e-09
0.0138003 9.51343e-09
0.0138902 9.57876e-09
0.0139801 9.64197e-09
0.01407 9.69943e-09
0.0141599 9.75216e-09
0.0142498 9.81506e-09
0.0143397 9.86816e-09
0.0144296 9.92396e-09
0.0145196 9.98458e-09
0.0146095 1.00357e-08
0.0146994 1.00887e-08
0.0147893 1.0144e-08
0.0148792 1.02053e-08
0.0149691 1.0267e-08
0.015059 1.03287e-08
0.0151489 1.03897e-08
0.0152388 1.04514e-08
0.0153287 1.05143e-08
0.0154186 1.05762e-08
0.0155085 1.06369e-08
0.0155984 1.06978e-08
0.0156883 1.07573e-08
0.0157782 1.08131e-08
0.0158681 1.08689e-08
0.015958 1.09292e-08
0.0160479 1.09904e-08
0.0161378 1.1047e-08
0.0162277 1.11123e-08
0.0163176 1.11732e-08
0.0164075 1.12366e-08
0.0164974 1.13018e-08
0.0165873 1.13655e-08
0.0166773 1.14295e-08
0.0167672 1.1491e-08
0.0168571 1.15556e-08
0.016947 1.16135e-08
0.0170369 1.16727e-08
0.0171268 1.17301e-08
0.0172167 1.17895e-08
0.0173066 1.18604e-08
0.0173965 1.19222e-08
0.0174864 1.19854e-08
0.0175763 1.20484e-08
0.0176662 1.21107e-08
0.0177561 1.21719e-08
0.017846 1.22334e-08
0.0179359 1.22995e-08
0.0180258 1.23602e-08
0.0181157 1.2417e-08
0.0182056 1.24747e-08
0.0182955 1.25363e-08
0.0183854 1.26007e-08
0.0184753 1.26645e-08
0.0185652 1.27286e-08
0.0186551 1.27895e-08
0.018745 1.28492e-08
0.0188349 1.29137e-08
0.0189249 1.29769e-08
0.0190148 1.30394e-08
0.0191047 1.31001e-08
0.0191946 1.31574e-08
0.0192845 1.32202e-08
0.0193744 1.3276e-08
0.0194643 1.33311e-08
0.0195542 1.33958e-08
0.0196441 1.34612e-08
0.019734 1.35189e-08
0.0198239 1.35808e-08
0.0199138 1.36454e-08
0.0200037 1.37076e-08
0.0200936 1.37682e-08
0.0201835 1.38283e-08
0.0202734 1.38886e-08
0.0203633 1.39497e-08
0.0204532 1.40064e-08
0.0205431 1.40653e-08
0.020633 1.41265e-08
0.0207229 1.41887e-08
0.0208128 1.4248e-08
0.0209027 1.43132e-08
0.0209926 1.43694e-08
0.0210826 1.44345e-08
0.0211725 1.44984e-08
0.0212624 1.45633e-08
0.0213523 1.46301e-08
0.0214422 1.46907e-08
0.0215321 1.47525e-08
0.021622 1.48131e-08
0.0217119 1.48701e-08
0.0218018 1.49318e-08
0.0218917 1.49939e-08
0.0219816 1.50584e-08
0.0220715 1.51176e-08
0.0221614 1.51888e-08
0.0222513 1.5257e-08
0.0223412 1.53235e-08
0.0224311 1.53873e-08
0.022521 1.54559e-08
0.0226109 1.55225e-08
0.0227008 1.55849e-08
0.0227907 1.56453e-08
0.0228806 1.57124e-08
0.0229705 1.57792e-08
0.0230604 1.58395e-08
0.0231503 1.59074e-08
0.0232403 1.59786e-08
0.0233302 1.60491e-08
0.0234201 1.61168e-08
0.02351 1.61862e-08
0.0235999 1.62634e-08
0.0236898 1.63375e-08
0.0237797 1.64046e-08
0.0238696 1.64766e-08
0.0239595 1.65456e-08
0.0240494 1.66147e-08
0.0241393 1.66813e-08
0.0242292 1.67511e-08
0.0243191 1.68212e-08
0.024409 1.68909e-08
0.0244989 1.69607e-08
0.0245888 1.70308e-08
0.0246787 1.71085e-08
0.0247686 1.718e-08
0.0248585 1.72425e-08
0.0249484 1.7317e-08
0.0250383 1.73824e-08
0.0251282 1.74598e-08
0.0252181 1.7527e-08
0.025308 1.75918e-08
0.025398 1.76552e-08
0.0254879 1.77209e-08
0.0255778 1.77839e-08
0.0256677 1.78447e-08
0.0257576 1.79154e-08
0.0258475 1.79697e-08
0.0259374 1.80242e-08
0.0260273 1.80831e-08
0.0261172 1.814e-08
0.0262071 1.81986e-08
0.026297 1.82534e-08
0.0263869 1.8305e-08
0.0264768 1.83593e-08
0.0265667 1.84201e-08
0.0266566 1.84704e-08
0.0267465 1.85264e-08
0.0268364 1.85809e-08
0.0269263 1.86292e-08
0.0270162 1.86785e-08
0.0271061 1.87248e-08
0.027196 1.87707e-08
0.0272859 1.88197e-08
0.0273758 1.88678e-08
0.0274657 1.89114e-08
0.0275557 1.89601e-08
0.0276456 1.90062e-08
0.0277355 1.90482e-08
0.0278254 1.90986e-08
0.0279153 1.91492e-08
0.0280052 1.9198e-08
0.0280951 1.92453e-08
0.028185 1.9295e-08
0.0282749 1.93464e-08
0.0283648 1.94043e-08
0.0284547 1.94573e-08
0.0285446 1.9506e-08
0.0286345 1.95563e-08
0.0287244 1.9608e-08
0.0288143 1.96566e-08
0.0289042 1.97121e-08
0.0289941 1.97666e-08
0.029084 1.9821e-08
0.0291739 1.98731e-08
0.0292638 1.99261e-08
0.0293537 1.99855e-08
0.0294436 2.00443e-08
0.0295335 2.00994e-08
0.0296234 2.01542e-08
0.0297134 2.02112e-08
0.0298033 2.02669e-08
0.0298932 2.03232e-08
0.0299831 2.03834e-08
0.030073 2.04364e-08
0.0301629 2.04967e-08
0.0302528 2.05543e-08
0.0303427 2.0613e-08
0.0304326 2.06709e-08
0.0305225 2.07306e-08
0.0306124 2.07891e-08
0.0307023 2.084e-08
0.0307922 2.08961e-08
0.0308821 2.09507e-08
0.030972 2.10152e-08
0.0310619 2.10667e-08
0.0311518 2.11152e-08
0.0312417 2.11768e-08
0.0313316 2.12291e-08
0.0314215 2.12786e-08
0.0315114 2.13298e-08
0.0316013 2.13829e-08
0.0316912 2.143e-08
0.0317811 2.14881e-08
0.0318711 2.15437e-08
0.031961 2.16022e-08
0.0320509 2.16547e-08
0.0321408 2.17004e-08
0.0322307 2.17487e-08
0.0323206 2.18043e-08
0.0324105 2.18534e-08
0.0325004 2.19087e-08
0.0325903 2.19653e-08
0.0326802 2.20035e-08
0.0327701 2.2053e-08
0.03286 2.21137e-08
0.0329499 2.21674e-08
0.0330398 2.2221e-08
0.0331297 2.22692e-08
0.0332196 2.23234e-08
0.0333095 2.23761e-08
0.0333994 2.24417e-08
0.0334893 2.25027e-08
0.0335792 2.25732e-08
0.0336691 2.26353e-08
0.033759 2.26858e-08
0.0338489 2.27442e-08
0.0339388 2.28023e-08
0.0340288 2.28645e-08
0.0341187 2.29232e-08
0.0342086 2.2983e-08
0.0342985 2.30469e-08
0.0343884 2.31094e-08
0.0344783 2.31727e-08
0.0345682 2.3234e-08
0.0346581 2.33013e-08
0.034748 2.33608e-08
0.0348379 2.34213e-08
0.0349278 2.34811e-08
0.0350177 2.35473e-08
0.0351076 2.36181e-08
0.0351975 2.36756e-08
0.0352874 2.37488e-08
0.0353773 2.38218e-08
0.0354672 2.38883e-08
0.0355571 2.39505e-08
0.035647 2.40111e-08
0.0357369 2.40672e-08
0.0358268 2.41272e-08
0.0359167 2.41897e-08
0.0360066 2.42548e-08
0.0360965 2.43229e-08
0.0361865 2.43898e-08
0.0362764 2.44523e-08
0.0363663 2.45219e-08
0.0364562 2.45853e-08
0.0365461 2.46585e-08
0.036636 2.47273e-08
0.0367259 2.47904e-08
0.0368158 2.48513e-08
0.0369057 2.49171e-08
0.0369956 2.4982e-08
0.0370855 2.5049e-08
0.0371754 2.51124e-08
0.0372653 2.518e-08
0.0373552 2.5243e-08
0.0374451 2.53062e-08
0.037535 2.53712e-08
0.0376249 2.54362e-08
0.0377148 2.54984e-08
0.0378047 2.55663e-08
0.0378946 2.56263e-08
0.0379845 2.56882e-08
0.0380744 2.5749e-08
0.0381643 2.5805e-08
0.0382542 2.58621e-08
0.0383441 2.59247e-08
0.0384341 2.59882e-08
0.038524 2.60498e-08
0.0386139 2.61079e-08
0.0387038 2.61576e-08
0.0387937 2.62111e-08
0.0388836 2.62684e-08
0.0389735 2.63198e-08
0.0390634 2.63744e-08
0.0391533 2.64267e-08
0.0392432 2.64792e-08
0.0393331 2.65341e-08
0.039423 2.65901e-08
0.0395129 2.6642e-08
0.0396028 2.66888e-08
0.0396927 2.67358e-08
0.0397826 2.67871e-08
0.0398725 2.68369e-08
0.0399624 2.68852e-08
0.0400523 2.6933e-08
0.0401422 2.69887e-08
0.0402321 2.70323e-08
0.040322 2.70837e-08
0.0404119 2.71265e-08
0.0405018 2.71739e-08
0.0405918 2.72211e-08
0.0406817 2.72679e-08
0.0407716 2.73128e-08
0.0408615 2.73588e-08
0.0409514 2.74041e-08
0.0410413 2.74498e-08
0.0411312 2.74949e-08
0.0412211 2.7537e-08
0.041311 2.75815e-08
0.0414009 2.76297e-08
0.0414908 2.76727e-08
0.0415807 2.77199e-08
0.0416706 2.77624e-08
0.0417605 2.78021e-08
0.0418504 2.78441e-08
0.0419403 2.78839e-08
0.0420302 2.79335e-08
0.0421201 2.79766e-08
0.04221 2.80199e-08
0.0422999 2.8061e-08
0.0423898 2.81059e-08
0.0424797 2.81549e-08
0.0425696 2.82033e-08
0.0426595 2.82465e-08
0.0427495 2.82732e-08
0.0428394 2.83128e-08
0.0429293 2.83591e-08
0.0430192 2.84039e-08
0.0431091 2.84424e-08
0.043199 2.84814e-08
0.0432889 2.85315e-08
0.0433788 2.85761e-08
0.0434687 2.86255e-08
0.0435586 2.86672e-08
0.0436485 2.87085e-08
0.0437384 2.87497e-08
0.0438283 2.87924e-08
0.0439182 2.88374e-08
0.0440081 2.88948e-08
0.044098 2.8948e-08
0.0441879 2.90036e-08
0.0442778 2.9056e-08
0.0443677 2.91e-08
0.0444576 2.9155e-08
0.0445475 2.92087e-08
0.0446374 2.92634e-08
0.0447273 2.9315e-08
0.0448172 2.936e-08
0.0449072 2.9417e-08
0.0449971 2.94781e-08
0.045087 2.95342e-08
0.0451769 2.95885e-08
0.0452668 2.96326e-08
0.0453567 2.96734e-08
0.0454466 2.97229e-08
0.0455365 2.97762e-08
0.0456264 2.98249e-08
0.0457163 2.98766e-08
0.0458062 2.99222e-08
0.0458961 2.99656e-08
0.045986 3.001e-08
0.0460759 3.00593e-08
0.0461658 3.00982e-08
0.0462557 3.01253e-08
0.0463456 3.01559e-08
0.0464355 3.01836e-08
0.0465254 3.02244e-08
0.0466153 3.02473e-08
0.0467052 3.02766e-08
0.0467951 3.03009e-08
0.046885 3.03284e-08
0.0469749 3.03609e-08
0.0470649 3.03852e-08
0.0471548 3.04219e-08
0.0472447 3.04494e-08
0.0473346 3.04778e-08
0.0474245 3.05014e-08
0.0475144 3.05202e-08
0.0476043 3.05484e-08
0.0476942 3.05662e-08
0.0477841 3.05993e-08
0.047874 3.0617e-08
0.0479639 3.06476e-08
0.0480538 3.06766e-08
0.0481437 3.07028e-08
0.0482336 3.07353e-08
0.0483235 3.07797e-08
0.0484134 3.0818e-08
0.0485033 3.08463e-08
0.0485932 3.08778e-08
0.0486831 3.09113e-08
0.048773 3.09382e-08
0.0488629 3.09704e-08
0.0489528 3.09939e-08
0.0490427 3.10233e-08
0.0491326 3.10551e-08
0.0492226 3.1092e-08
0.0493125 3.1125e-08
0.0494024 3.11532e-08
0.0494923 3.11796e-08
0.0495822 3.12125e-08
0.0496721 3.12477e-08
0.049762 3.12785e-08
0.0498519 3.12986e-08
0.0499418 3.13228e-08
0.0500317 3.1339e-08
0.0501216 3.13668e-08
0.0502115 3.13954e-08
0.0503014 3.14214e-08
0.0503913 3.14441e-08
0.0504812 3.14671e-08
0.0505711 3.14927e-08
0.050661 3.15242e-08
0.0507509 3.15563e-08
0.0508408 3.15816e-08
0.0509307 3.1603e-08
0.0510206 3.16185e-08
0.0511105 3.16417e-08
0.0512004 3.16598e-08
0.0512903 3.16775e-08
0.0513803 3.16969e-08
0.0514702 3.17142e-08
0.0515601 3.17408e-08
0.05165 3.17657e-08
0.0517399 3.18001e-08
0.0518298 3.18334e-08
0.0519197 3.18704e-08
0.0520096 3.19085e-08
0.0520995 3.19388e-08
0.0521894 3.19682e-08
0.0522793 3.1998e-08
0.0523692 3.20299e-08
0.0524591 3.20657e-08
0.052549 3.20995e-08
0.0526389 3.213e-08
0.0527288 3.21661e-08
0.0528187 3.21941e-08
0.0529086 3.22309e-08
0.0529985 3.22583e-08
0.0530884 3.22971e-08
0.0531783 3.23306e-08
0.0532682 3.23642e-08
0.0533581 3.24088e-08
0.053448 3.24413e-08
0.053538 3.24752e-08
0.0536279 3.24984e-08
0.0537178 3.25429e-08
0.0538077 3.25861e-08
0.0538976 3.26287e-08
0.0539875 3.26708e-08
0.0540774 3.27056e-08
0.0541673 3.27421e-08
0.0542572 3.27768e-08
0.0543471 3.2811e-08
0.054437 3.28429e-08
0.0545269 3.28839e-08
0.0546168 3.29214e-08
0.0547067 3.29643e-08
0.0547966 3.29933e-08
0.0548865 3.30393e-08
0.0549764 3.30724e-08
0.0550663 3.3111e-08
0.0551562 3.31607e-08
0.0552461 3.31992e-08
0.055336 3.32304e-08
0.0554259 3.32545e-08
0.0555158 3.32791e-08
0.0556057 3.33143e-08
0.0556956 3.33469e-08
0.0557856 3.33741e-08
0.0558755 3.33965e-08
0.0559654 3.34217e-08
0.0560553 3.34483e-08
0.0561452 3.34673e-08
0.0562351 3.34944e-08
0.056325 3.35328e-08
0.0564149 3.35719e-08
0.0565048 3.36034e-08
0.0565947 3.36413e-08
0.0566846 3.36761e-08
0.0567745 3.37006e-08
0.0568644 3.3726e-08
0.0569543 3.37683e-08
0.0570442 3.3793e-08
0.0571341 3.38214e-08
0.057224 3.38394e-08
0.0573139 3.38554e-08
0.0574038 3.39002e-08
0.0574937 3.39323e-08
0.0575836 3.39657e-08
0.0576735 3.39986e-08
0.0577634 3.40154e-08
0.0578533 3.40479e-08
0.0579433 3.40766e-08
0.0580332 3.4111e-08
0.0581231 3.41358e-08
0.058213 3.41681e-08
0.0583029 3.42081e-08
0.0583928 3.42521e-08
0.0584827 3.42786e-08
0.0585726 3.43077e-08
0.0586625 3.43333e-08
0.0587524 3.43751e-08
0.0588423 3.43887e-08
0.0589322 3.44123e-08
0.0590221 3.44522e-08
0.059112 3.44803e-08
0.0592019 3.45195e-08
0.0592918 3.45406e-08
0.0593817 3.45744e-08
0.0594716 3.45964e-08
0.0595615 3.46244e-08
0.0596514 3.46693e-08
0.0597413 3.47095e-08
0.0598312 3.47265e-08
0.0599211 3.47743e-08
0.060011 3.47941e-08
0.060101 3.48143e-08
0.0601909 3.48363e-08
0.0602808 3.4871e-08
0.0603707 3.48946e-08
0.0604606 3.49207e-08
0.0605505 3.49523e-08
0.0606404 3.49841e-08
0.0607303 3.50128e-08
0.0608202 3.50242e-08
0.0609101 3.50434e-08
0.061 3.50732e-08
0.0610899 3.50864e-08
0.0611798 3.51015e-08
0.0612697 3.51255e-08
0.0613596 3.51504e-08
0.0614495 3.51694e-08
0.0615394 3.51843e-08
0.0616293 3.52061e-08
0.0617192 3.52301e-08
0.0618091 3.5234e-08
0.061899 3.52296e-08
0.0619889 3.52326e-08
0.0620788 3.52374e-08
0.0621687 3.52411e-08
0.0622587 3.52461e-08
0.0623486 3.52578e-08
0.0624385 3.5268e-08
0.0625284 3.5252e-08
0.0626183 3.5246e-08
0.0627082 3.52601e-08
0.0627981 3.52636e-08
0.062888 3.52693e-08
0.0629779 3.52699e-08
0.0630678 3.52835e-08
0.0631577 3.5284e-08
0.0632476 3.52818e-08
0.0633375 3.52785e-08
0.0634274 3.52864e-08
0.0635173 3.53012e-08
0.0636072 3.53128e-08
0.0636971 3.53182e-08
0.063787 3.5334e-08
0.0638769 3.53472e-08
0.0639668 3.53463e-08
0.0640567 3.53511e-08
0.0641466 3.53503e-08
0.0642365 3.5356e-08
0.0643264 3.53795e-08
0.0644164 3.53992e-08
0.0645063 3.54112e-08
0.0645962 3.54334e-08
0.0646861 3.5457e-08
0.064776 3.54892e-08
0.0648659 3.55178e-08
0.0649558 3.55414e-08
0.0650457 3.5568e-08
0.0651356 3.55944e-08
0.0652255 3.56156e-08
0.0653154 3.56494e-08
0.0654053 3.56918e-08
0.0654952 3.57136e-08
0.0655851 3.57398e-08
0.065675 3.57728e-08
0.0657649 3.5802e-08
0.0658548 3.58097e-08
0.0659447 3.58336e-08
0.0660346 3.58798e-08
0.0661245 3.59159e-08
0.0662144 3.59572e-08
0.0663043 3.59919e-08
0.0663942 3.60269e-08
0.0664841 3.60407e-08
0.0665741 3.60643e-08
0.066664 3.60966e-08
0.0667539 3.61405e-08
0.0668438 3.61617e-08
0.0669337 3.61721e-08
0.0670236 3.62238e-08
0.0671135 3.62623e-08
0.0672034 3.62859e-08
0.0672933 3.63253e-08
0.0673832 3.63382e-08
0.0674731 3.6378e-08
0.067563 3.64167e-08
0.0676529 3.64453e-08
0.0677428 3.64668e-08
0.0678327 3.64833e-08
0.0679226 3.65019e-08
0.0680125 3.65087e-08
0.0681024 3.65318e-08
0.0681923 3.65497e-08
0.0682822 3.65685e-08
0.0683721 3.65752e-08
0.068462 3.65665e-08
0.0685519 3.6569e-08
0.0686418 3.66061e-08
0.0687318 3.66362e-08
0.0688217 3.66329e-08
0.0689116 3.66385e-08
0.0690015 3.66489e-08
0.0690914 3.66494e-08
0.0691813 3.66587e-08
0.0692712 3.66692e-08
0.0693611 3.66713e-08
0.069451 3.6685e-08
0.0695409 3.67129e-08
0.0696308 3.67263e-08
0.0697207 3.674e-08
0.0698106 3.67679e-08
0.0699005 3.68079e-08
0.0699904 3.68228e-08
0.0700803 3.68534e-08
0.0701702 3.68782e-08
0.0702601 3.68959e-08
0.07035 3.69231e-08
0.0704399 3.69489e-08
0.0705298 3.69665e-08
0.0706197 3.69929e-08
0.0707096 3.70197e-08
0.0707995 3.7051e-08
0.0708895 3.70706e-08
0.0709794 3.70725e-08
0.0710693 3.70676e-08
0.0711592 3.70949e-08
0.0712491 3.71282e-08
0.071339 3.71794e-08
0.0714289 3.7244e-08
0.0715188 3.73008e-08
0.0716087 3.73573e-08
0.0716986 3.7404e-08
0.0717885 3.74626e-08
0.0718784 3.75068e-08
0.0719683 3.75526e-08
0.0720582 3.76029e-08
0.0721481 3.76554e-08
0.072238 3.77148e-08
0.0723279 3.77712e-08
0.0724178 3.78098e-08
0.0725077 3.78239e-08
0.0725976 3.78745e-08
0.0726875 3.79026e-08
0.0727774 3.79272e-08
0.0728673 3.79468e-08
0.0729572 3.79892e-08
0.0730472 3.80257e-08
0.0731371 3.80472e-08
0.073227 3.80769e-08
0.0733169 3.81138e-08
0.0734068 3.81388e-08
0.0734967 3.8188e-08
0.0735866 3.82293e-08
0.0736765 3.82776e-08
0.0737664 3.83002e-08
0.0738563 3.83282e-08
0.0739462 3.83625e-08
0.0740361 3.83661e-08
0.074126 3.83904e-08
0.0742159 3.83921e-08
0.0743058 3.83959e-08
0.0743957 3.83994e-08
0.0744856 3.83919e-08
0.0745755 3.83762e-08
0.0746654 3.83923e-08
0.0747553 3.83804e-08
0.0748452 3.83651e-08
0.0749351 3.83543e-08
0.075025 3.83591e-08
0.0751149 3.83422e-08
0.0752048 3.83329e-08
0.0752948 3.83351e-08
0.0753847 3.83122e-08
0.0754746 3.83224e-08
0.0755645 3.83208e-08
0.0756544 3.83316e-08
0.0757443 3.83483e-08
0.0758342 3.83527e-08
0.0759241 3.83522e-08
0.076014 3.83531e-08
0.0761039 3.83742e-08
0.0761938 3.83798e-08
0.0762837 3.84037e-08
0.0763736 3.84084e-08
0.0764635 3.84323e-08
0.0765534 3.84248e-08
0.0766433 3.84415e-08
0.0767332 3.84484e-08
0.0768231 3.84567e-08
0.076913 3.84665e-08
0.0770029 3.84946e-08
0.0770928 3.85089e-08
0.0771827 3.85215e-08
0.0772726 3.85266e-08
0.0773625 3.85447e-08
0.0774525 3.85387e-08
0.0775424 3.85221e-08
0.0776323 3.85217e-08
0.0777222 3.85064e-08
0.0778121 3.85201e-08
0.077902 3.85239e-08
0.0779919 3.85457e-08
0.0780818 3.85361e-08
0.0781717 3.85207e-08
0.0782616 3.8541e-08
0.0783515 3.85597e-08
0.0784414 3.85577e-08
0.0785313 3.85668e-08
0.0786212 3.85638e-08
0.0787111 3.85592e-08
0.078801 3.85628e-08
0.0788909 3.85402e-08
0.0789808 3.85099e-08
0.0790707 3.85141e-08
0.0791606 3.84997e-08
0.0792505 3.84884e-08
0.0793404 3.85006e-08
0.0794303 3.8492e-08
0.0795202 3.85336e-08
0.0796102 3.85102e-08
0.0797001 3.85326e-08
0.07979 3.85231e-08
0.0798799 3.85449e-08
0.0799698 3.85701e-08
0.0800597 3.85938e-08
0.0801496 3.86019e-08
0.0802395 3.8639e-08
0.0803294 3.86735e-08
0.0804193 3.86875e-08
0.0805092 3.87129e-08
0.0805991 3.87231e-08
0.080689 3.87598e-08
0.0807789 3.883e-08
0.0808688 3.88869e-08
0.0809587 3.88988e-08
0.0810486 3.89316e-08
0.0811385 3.89502e-08
0.0812284 3.89687e-08
0.0813183 3.90169e-08
0.0814082 3.90344e-08
0.0814981 3.90833e-08
0.081588 3.91219e-08
0.0816779 3.91494e-08
0.0817679 3.91764e-08
0.0818578 3.92186e-08
0.0819477 3.92401e-08
0.0820376 3.92657e-08
0.0821275 3.926e-08
0.0822174 3.92554e-08
0.0823073 3.93232e-08
0.0823972 3.93221e-08
0.0824871 3.9363e-08
0.082577 3.94018e-08
0.0826669 3.94238e-08
0.0827568 3.94375e-08
0.0828467 3.94476e-08
0.0829366 3.94665e-08
0.0830265 3.94818e-08
0.0831164 3.94578e-08
0.0832063 3.94395e-08
0.0832962 3.944e-08
0.0833861 3.94073e-08
0.083476 3.93861e-08
0.0835659 3.93518e-08
0.0836558 3.93478e-08
0.0837457 3.93447e-08
0.0838356 3.93211e-08
0.0839256 3.92801e-08
0.0840155 3.92726e-08
0.0841054 3.93038e-08
0.0841953 3.92722e-08
0.0842852 3.92903e-08
0.0843751 3.92924e-08
0.084465 3.92905e-08
0.0845549 3.93039e-08
0.0846448 3.93234e-08
0.0847347 3.92982e-08
0.0848246 3.93271e-08
0.0849145 3.93423e-08
0.0850044 3.93689e-08
0.0850943 3.93487e-08
0.0851842 3.93276e-08
0.0852741 3.93224e-08
0.085364 3.93456e-08
0.0854539 3.93366e-08
0.0855438 3.93381e-08
0.0856337 3.93507e-08
0.0857236 3.9336e-08
0.0858135 3.92986e-08
0.0859034 3.92481e-08
0.0859933 3.92373e-08
0.0860833 3.92255e-08
0.0861732 3.92523e-08
0.0862631 3.92535e-08
0.086353 3.92635e-08
0.0864429 3.92339e-08
0.0865328 3.92449e-08
0.0866227 3.92451e-08
0.0867126 3.9272e-08
0.0868025 3.92613e-08
0.0868924 3.92445e-08
0.0869823 3.92457e-08
0.0870722 3.92391e-08
0.0871621 3.92396e-08
0.087252 3.92028e-08
0.0873419 3.92535e-08
0.0874318 3.91892e-08
0.0875217 3.9213e-08
0.0876116 3.91738e-08
0.0877015 3.91638e-08
0.0877914 3.91462e-08
0.0878813 3.91529e-08
0.0879712 3.91184e-08
0.0880611 3.90982e-08
0.088151 3.90516e-08
0.088241 3.90502e-08
0.0883309 3.90155e-08
0.0884208 3.8997e-08
0.0885107 3.89804e-08
0.0886006 3.89177e-08
0.0886905 3.89287e-08
0.0887804 3.88831e-08
0.0888703 3.88544e-08
0.0889602 3.88697e-08
0.0890501 3.88756e-08
0.08914 3.88672e-08
0.0892299 3.88364e-08
0.0893198 3.88016e-08
0.0894097 3.87703e-08
0.0894996 3.88064e-08
0.0895895 3.87735e-08
0.0896794 3.87673e-08
0.0897693 3.87171e-08
0.0898592 3.87041e-08
0.0899491 3.87106e-08
0.090039 3.86419e-08
0.0901289 3.86102e-08
0.0902188 3.86335e-08
0.0903087 3.86204e-08
0.0903987 3.86674e-08
0.0904886 3.85848e-08
0.0905785 3.85556e-08
0.0906684 3.85422e-08
0.0907583 3.8523e-08
0.0908482 3.85079e-08
0.0909381 3.84477e-08
0.091028 3.83797e-08
0.0911179 3.84006e-08
0.0912078 3.83884e-08
0.0912977 3.83606e-08
0.0913876 3.83658e-08
0.0914775 3.83771e-08
0.0915674 3.83799e-08
0.0916573 3.83562e-08
0.0917472 3.83599e-08
0.0918371 3.82878e-08
0.091927 3.82224e-08
0.0920169 3.82096e-08
0.0921068 3.81973e-08
0.0921967 3.81579e-08
0.0922866 3.81148e-08
0.0923765 3.80389e-08
0.0924664 3.79711e-08
0.0925564 3.79216e-08
0.0926463 3.78807e-08
0.0927362 3.78023e-08
0.0928261 3.776e-08
0.092916 3.77589e-08
0.0930059 3.78559e-08
0.0930958 3.7799e-08
0.0931857 3.77539e-08
0.0932756 3.77077e-08
0.0933655 3.76984e-08
0.0934554 3.76673e-08
0.0935453 3.76993e-08
0.0936352 3.77304e-08
0.0937251 3.76897e-08
0.093815 3.76682e-08
0.0939049 3.76518e-08
0.0939948 3.76299e-08
0.0940847 3.7561e-08
0.0941746 3.76262e-08
0.0942645 3.75558e-08
0.0943544 3.75118e-08
0.0944443 3.7476e-08
0.0945342 3.74255e-08
0.0946241 3.72752e-08
0.094714 3.72208e-08
0.094804 3.71993e-08
0.0948939 3.7213e-08
0.0949838 3.72018e-08
0.0950737 3.7248e-08
0.0951636 3.72043e-08
0.0952535 3.71718e-08
0.0953434 3.72307e-08
0.0954333 3.72873e-08
0.0955232 3.73494e-08
0.0956131 3.74144e-08
0.095703 3.74703e-08
0.0957929 3.75286e-08
0.0958828 3.75654e-08
0.0959727 3.75128e-08
0.0960626 3.74483e-08
0.0961525 3.73672e-08
0.0962424 3.7409e-08
0.0963323 3.73525e-08
0.0964222 3.73332e-08
0.0965121 3.72106e-08
0.096602 3.70921e-08
0.0966919 3.69874e-08
0.0967818 3.68622e-08
0.0968717 3.67839e-08
0.0969617 3.67671e-08
0.0970516 3.67478e-08
0.0971415 3.6741e-08
0.0972314 3.66767e-08
0.0973213 3.65793e-08
0.0974112 3.65849e-08
0.0975011 3.65437e-08
0.097591 3.65401e-08
0.0976809 3.65054e-08
0.0977708 3.65558e-08
0.0978607 3.65766e-08
0.0979506 3.65254e-08
0.0980405 3.6471e-08
0.0981304 3.63881e-08
0.0982203 3.62643e-08
0.0983102 3.62109e-08
0.0984001 3.61755e-08
0.09849 3.60808e-08
0.0985799 3.60225e-08
0.0986698 3.59753e-08
0.0987597 3.59614e-08
0.0988496 3.58892e-08
0.0989395 3.58101e-08
0.0990294 3.58272e-08
0.0991194 3.58131e-08
0.0992093 3.58291e-08
0.0992992 3.58964e-08
0.0993891 3.58962e-08
0.099479 3.59339e-08
0.0995689 3.5922e-08
0.0996588 3.58975e-08
0.0997487 3.58629e-08
0.0998386 3.58221e-08
0.0999285 3.57855e-08
0.100018 3.5794e-08
0.100108 3.57295e-08
0.100198 3.56271e-08
0.100288 3.55593e-08
0.100378 3.54438e-08
0.100468 3.53594e-08
0.100558 3.51914e-08
0.100648 3.51615e-08
0.100738 3.50824e-08
0.100828 3.50362e-08
0.100917 3.50001e-08
0.101007 3.48844e-08
0.101097 3.47794e-08
0.101187 3.47256e-08
0.101277 3.47016e-08
0.101367 3.47499e-08
0.101457 3.46703e-08
0.101547 3.45846e-08
0.101637 3.46131e-08
0.101727 3.46429e-08
0.101816 3.47146e-08
0.101906 3.46336e-08
0.101996 3.46237e-08
0.102086 3.46169e-08
0.102176 3.44935e-08
0.102266 3.44782e-08
0.102356 3.43471e-08
0.102446 3.42257e-08
0.102536 3.41916e-08
0.102626 3.42045e-08
0.102716 3.41132e-08
0.102805 3.4024e-08
0.102895 3.39406e-08
0.102985 3.38557e-08
0.103075 3.38291e-08
0.103165 3.38876e-08
0.103255 3.3855e-08
0.103345 3.39239e-08
0.103435 3.39446e-08
0.103525 3.39258e-08
0.103615 3.39418e-08
0.103704 3.38253e-08
0.103794 3.378e-08
0.103884 3.3728e-08
0.103974 3.36073e-08
0.104064 3.35815e-08
0.104154 3.34779e-08
0.104244 3.33889e-08
0.104334 3.32944e-08
0.104424 3.32413e-08
0.104514 3.31988e-08
0.104604 3.30919e-08
0.104693 3.29985e-08
0.104783 3.28863e-08
0.104873 3.27215e-08
0.104963 3.25458e-08
0.105053 3.24968e-08
0.105143 3.23327e-08
0.105233 3.23281e-08
0.105323 3.22763e-08
0.105413 3.21836e-08
0.105503 3.20423e-08
0.105592 3.19974e-08
0.105682 3.1818e-08
0.105772 3.17844e-08
0.105862 3.18099e-08
0.105952 3.17786e-08
0.106042 3.17213e-08
0.106132 3.1667e-08
0.106222 3.16736e-08
0.106312 3.14993e-08
0.106402 3.14839e-08
0.106491 3.13489e-08
0.106581 3.12275e-08
0.106671 3.10966e-08
0.106761 3.11164e-08
0.106851 3.09968e-08
0.106941 3.09155e-08
0.107031 3.07971e-08
0.107121 3.07366e-08
0.107211 3.06648e-08
0.107301 3.05853e-08
0.107391 3.05808e-08
0.10748 3.05607e-08
0.10757 3.05471e-08
0.10766 3.04393e-08
0.10775 3.04398e-08
0.10784 3.0382e-08
0.10793 3.02323e-08
0.10802 3.02181e-08
0.10811 3.02229e-08
0.1082 3.01322e-08
0.10829 3.01478e-08
0.108379 2.9953e-08
0.108469 2.98565e-08
0.108559 2.97488e-08
0.108649 2.96202e-08
0.108739 2.96066e-08
0.108829 2.95036e-08
0.108919 2.94638e-08
0.109009 2.94693e-08
0.109099 2.92878e-08
0.109189 2.93295e-08
0.109279 2.91745e-08
0.109368 2.89992e-08
0.109458 2.90109e-08
0.109548 2.87646e-08
0.109638 2.86752e-08
0.109728 2.86199e-08
0.109818 2.84834e-08
0.109908 2.83666e-08
0.109998 2.82427e-08
0.110088 2.81785e-08
0.110178 2.80358e-08
0.110267 2.79178e-08
0.110357 2.77741e-08
0.110447 2.76147e-08
0.110537 2.76208e-08
0.110627 2.76707e-08
0.110717 2.76695e-08
0.110807 2.76266e-08
0.110897 2.75671e-08
0.110987 2.74812e-08
0.111077 2.74593e-08
0.111167 2.73729e-08
0.111256 2.74108e-08
0.111346 2.73391e-08
0.111436 2.75218e-08
0.111526 2.76102e-08
0.111616 2.73799e-08
0.111706 2.73821e-08
0.111796 2.72632e-08
0.111886 2.72138e-08
0.111976 2.7244e-08
0.112066 2.73321e-08
0.112155 2.71605e-08
0.112245 2.72741e-08
0.112335 2.72295e-08
0.112425 2.72154e-08
0.112515 2.70074e-08
0.112605 2.70944e-08
0.112695 2.70817e-08
0.112785 2.70407e-08
0.112875 2.69688e-08
0.112965 2.69618e-08
0.113054 2.69702e-08
0.113144 2.68897e-08
0.113234 2.69257e-08
0.113324 2.6854e-08
0.113414 2.67996e-08
0.113504 2.66832e-08
0.113594 2.66329e-08
0.113684 2.65116e-08
0.113774 2.65632e-08
0.113864 2.65843e-08
0.113954 2.66055e-08
0.114043 2.62946e-08
0.114133 2.60884e-08
0.114223 2.60463e-08
0.114313 2.59385e-08
0.114403 2.5609e-08
0.114493 2.55493e-08
0.114583 2.541e-08
0.114673 2.51525e-08
0.114763 2.49461e-08
0.114853 2.46838e-08
0.114942 2.44253e-08
0.115032 2.42773e-08
0.115122 2.40818e-08
0.115212 2.37543e-08
0.115302 2.34501e-08
0.115392 2.3363e-08
0.115482 2.33181e-08
0.115572 2.31792e-08
0.115662 2.29924e-08
0.115752 2.29984e-08
0.115842 2.28831e-08
0.115931 2.28487e-08
0.116021 2.26704e-08
0.116111 2.26487e-08
0.116201 2.27879e-08
0.116291 2.28664e-08
0.116381 2.28267e-08
0.116471 2.28096e-08
0.116561 2.26447e-08
0.116651 2.25008e-08
0.116741 2.26866e-08
0.11683 2.26935e-08
0.11692 2.26874e-08
0.11701 2.27227e-08
0.1171 2.29444e-08
0.11719 2.28551e-08
0.11728 2.29336e-08
0.11737 2.29769e-08
0.11746 2.29304e-08
0.11755 2.27646e-08
0.11764 2.2904e-08
0.11773 2.30034e-08
0.117819 2.28176e-08
0.117909 2.28077e-08
0.117999 2.28005e-08
0.118089 2.27582e-08
0.118179 2.2544e-08
0.118269 2.25085e-08
0.118359 2.2388e-08
0.118449 2.22897e-08
0.118539 2.22662e-08
0.118629 2.22885e-08
0.118718 2.21831e-08
0.118808 2.22148e-08
0.118898 2.21985e-08
0.118988 2.21564e-08
0.119078 2.23229e-08
0.119168 2.2197e-08
0.119258 2.2136e-08
0.119348 2.20038e-08
0.119438 2.1854e-08
0.119528 2.18221e-08
0.119617 2.178e-08
0.119707 2.18058e-08
0.119797 2.18207e-08
0.119887 2.18206e-08
0.119977 2.18367e-08
0.120067 2.16584e-08
0.120157 2.15218e-08
0.120247 2.16476e-08
0.120337 2.16484e-08
0.120427 2.17659e-08
0.120517 2.20561e-08
0.120606 2.20482e-08
0.120696 2.17016e-08
0.120786 2.14833e-08
0.120876 2.11647e-08
0.120966 2.08968e-08
0.121056 2.08032e-08
0.121146 2.05575e-08
0.121236 2.04092e-08
0.121326 2.01203e-08
0.121416 1.99459e-08
0.121505 1.97104e-08
0.121595 1.92401e-08
0.121685 1.92288e-08
0.121775 1.91887e-08
0.121865 1.88156e-08
0.121955 1.87376e-08
0.122045 1.8349e-08
0.122135 1.81472e-08
0.122225 1.81156e-08
0.122315 1.77671e-08
0.122405 1.77355e-08
0.122494 1.73296e-08
0.122584 1.71244e-08
0.122674 1.70938e-08
0.122764 1.67904e-08
0.122854 1.67057e-08
0.122944 1.7039e-08
0.123034 1.70229e-08
0.123124 1.75373e-08
0.123214 1.76853e-08
0.123304 1.74806e-08
0.123393 1.74179e-08
0.123483 1.75888e-08
0.123573 1.79966e-08
0.123663 1.81393e-08
0.123753 1.83122e-08
0.123843 1.84474e-08
0.123933 1.84493e-08
0.124023 1.83311e-08
0.124113 1.8454e-08
0.124203 1.80172e-08
0.124293 1.8153e-08
0.124382 1.79422e-08
0.124472 1.79275e-08
0.124562 1.76811e-08
0.124652 1.74704e-08
0.124742 1.74681e-08
0.124832 1.71954e-08
0.124922 1.74549e-08
0.125012 1.71766e-08
0.125102 1.67852e-08
0.125192 1.63926e-08
0.125281 1.59588e-08
0.125371 1.5544e-08
0.125461 1.55281e-08
0.125551 1.52823e-08
0.125641 1.48343e-08
0.125731 1.42018e-08
0.125821 1.37849e-08
0.125911 1.32414e-08
0.126001 1.25248e-08
0.126091 1.26653e-08
0.126181 1.25133e-08
0.12627 1.26684e-08
0.12636 1.28907e-08
0.12645 1.264e-08
0.12654 1.22017e-08
0.12663 1.19322e-08
0.12672 1.22395e-08
0.12681 1.24996e-08
0.1269 1.24371e-08
0.12699 1.26416e-08
0.12708 1.25606e-08
0.127169 1.23485e-08
0.127259 1.19775e-08
0.127349 1.15447e-08
0.127439 1.11559e-08
0.127529 1.0842e-08
0.127619 1.05842e-08
0.127709 1.07418e-08
0.127799 1.02797e-08
0.127889 1.01925e-08
0.127979 9.97566e-09
0.128068 1.01162e-08
0.128158 9.82196e-09
0.128248 1.03435e-08
0.128338 1.05808e-08
0.128428 1.06829e-08
0.128518 1.09635e-08
0.128608 1.14825e-08
0.128698 1.16179e-08
0.128788 1.14754e-08
0.128878 1.13551e-08
0.128968 1.12115e-08
0.129057 1.12676e-08
0.129147 1.13747e-08
0.129237 1.10385e-08
0.129327 1.04451e-08
0.129417 1.09345e-08
0.129507 1.09062e-08
0.129597 1.06562e-08
0.129687 9.72011e-09
0.129777 1.0018e-08
0.129867 1.00939e-08
0.129956 1.06449e-08
0.130046 1.05001e-08
0.130136 1.04597e-08
0.130226 1.00633e-08
0.130316 1.06416e-08
0.130406 9.84422e-09
0.130496 9.37633e-09
0.130586 8.70569e-09
0.130676 8.29348e-09
0.130766 8.25927e-09
0.130856 7.9755e-09
0.130945 7.41564e-09
0.131035 7.04135e-09
0.131125 6.85139e-09
0.131215 6.58107e-09
0.131305 6.34652e-09
0.131395 6.40319e-09
0.131485 6.58393e-09
0.131575 6.58632e-09
0.131665 6.92688e-09
0.131755 7.15237e-09
0.131844 7.23275e-09
0.131934 7.60056e-09
0.132024 7.18313e-09
0.132114 6.89097e-09
0.132204 6.60232e-09
0.132294 6.88448e-09
0.132384 6.4829e-09
0.132474 6.01922e-09
0.132564 5.92426e-09
0.132654 5.43405e-09
0.132744 5.2252e-09
0.132833 4.48981e-09
0.132923 4.22199e-09
0.133013 3.98294e-09
0.133103 4.71063e-09
0.133193 4.98793e-09
0.133283 5.42331e-09
0.133373 5.28215e-09
0.133463 5.90344e-09
0.133553 6.24159e-09
0.133643 6.43904e-09
0.133732 6.23063e-09
0.133822 6.38811e-09
0.133912 6.95836e-09
0.134002 6.79936e-09
0.134092 6.48952e-09
0.134182 5.97439e-09
0.134272 5.8013e-09
0.134362 5.55138e-09
0.134452 5.10696e-09
0.134542 4.43129e-09
0.134631 4.05435e-09
0.134721 3.80038e-09
0.134811 3.93412e-09
