-0.134811 -2.8756e-08
-0.134721 -2.9561e-08
-0.134631 -3.11034e-08
-0.134542 -3.21484e-08
-0.134452 -3.28963e-08
-0.134362 -3.37263e-08
-0.134272 -3.41661e-08
-0.134182 -3.44833e-08
-0.134092 -3.40565e-08
-0.134002 -3.3836e-08
-0.133912 -3.34817e-08
-0.133822 -3.31541e-08
-0.133732 -3.37962e-08
-0.133642 -3.19985e-08
-0.133553 -2.99107e-08
-0.133463 -3.06712e-08
-0.133373 -3.12955e-08
-0.133283 -3.16431e-08
-0.133193 -3.14765e-08
-0.133103 -3.13022e-08
-0.133013 -3.16566e-08
-0.132923 -3.07927e-08
-0.132833 -2.95026e-08
-0.132743 -3.03043e-08
-0.132654 -3.05251e-08
-0.132564 -3.00517e-08
-0.132474 -2.9266e-08
-0.132384 -2.80025e-08
-0.132294 -2.67213e-08
-0.132204 -2.37507e-08
-0.132114 -2.27024e-08
-0.132024 -2.27177e-08
-0.131934 -2.23756e-08
-0.131844 -2.36493e-08
-0.131754 -2.38826e-08
-0.131665 -2.48194e-08
-0.131575 -2.56984e-08
-0.131485 -2.91643e-08
-0.131395 -3.11308e-08
-0.131305 -3.21357e-08
-0.131215 -3.48238e-08
-0.131125 -3.70085e-08
-0.131035 -3.87833e-08
-0.130945 -3.95704e-08
-0.130855 -4.01219e-08
-0.130766 -4.0487e-08
-0.130676 -4.10197e-08
-0.130586 -4.11081e-08
-0.130496 -4.0837e-08
-0.130406 -4.07063e-08
-0.130316 -4.07934e-08
-0.130226 -4.11239e-08
-0.130136 -4.08126e-08
-0.130046 -4.07942e-08
-0.129956 -4.0426e-08
-0.129867 -4.08829e-08
-0.129777 -4.07346e-08
-0.129687 -4.07353e-08
-0.129597 -4.08558e-08
-0.129507 -4.16336e-08
-0.129417 -4.20105e-08
-0.129327 -4.2538e-08
-0.129237 -4.2574e-08
-0.129147 -4.31738e-08
-0.129057 -4.32673e-08
-0.128967 -4.33915e-08
-0.128878 -4.31544e-08
-0.128788 -4.34862e-08
-0.128698 -4.35461e-08
-0.128608 -4.28791e-08
-0.128518 -4.27521e-08
-0.128428 -4.22611e-08
-0.128338 -4.16163e-08
-0.128248 -4.1263e-08
-0.128158 -4.02644e-08
-0.128068 -3.9478e-08
-0.127979 -3.90513e-08
-0.127889 -3.87322e-08
-0.127799 -3.80429e-08
-0.127709 -3.72804e-08
-0.127619 -3.68702e-08
-0.127529 -3.66743e-08
-0.127439 -3.70342e-08
-0.127349 -3.74082e-08
-0.127259 -3.76805e-08
-0.127169 -3.7983e-08
-0.127079 -3.85883e-08
-0.12699 -3.90822e-08
-0.1269 -4.01145e-08
-0.12681 -4.06917e-08
-0.12672 -4.16557e-08
-0.12663 -4.23864e-08
-0.12654 -4.32213e-08
-0.12645 -4.3374e-08
-0.12636 -4.37032e-08
-0.12627 -4.37234e-08
-0.12618 -4.39986e-08
-0.126091 -4.38205e-08
-0.126001 -4.39693e-08
-0.125911 -4.39753e-08
-0.125821 -4.39496e-08
-0.125731 -4.40897e-08
-0.125641 -4.45194e-08
-0.125551 -4.46187e-08
-0.125461 -4.48591e-08
-0.125371 -4.55132e-08
-0.125281 -4.60217e-08
-0.125191 -4.69986e-08
-0.125102 -4.78332e-08
-0.125012 -4.91092e-08
-0.124922 -5.02092e-08
-0.124832 -5.11297e-08
-0.124742 -5.19028e-08
-0.124652 -5.20981e-08
-0.124562 -5.22273e-08
-0.124472 -5.23751e-08
-0.124382 -5.20782e-08
-0.124292 -5.17034e-08
-0.124203 -5.08214e-08
-0.124113 -4.94592e-08
-0.124023 -4.84567e-08
-0.123933 -4.66213e-08
-0.123843 -4.55733e-08
-0.123753 -4.54107e-08
-0.123663 -4.50252e-08
-0.123573 -4.50719e-08
-0.123483 -4.50123e-08
-0.123393 -4.50341e-08
-0.123304 -4.54699e-08
-0.123214 -4.61308e-08
-0.123124 -4.68554e-08
-0.123034 -4.76924e-08
-0.122944 -4.90197e-08
-0.122854 -5.04803e-08
-0.122764 -5.17485e-08
-0.122674 -5.25532e-08
-0.122584 -5.30255e-08
-0.122494 -5.3417e-08
-0.122404 -5.40509e-08
-0.122315 -5.50401e-08
-0.122225 -5.54791e-08
-0.122135 -5.60598e-08
-0.122045 -5.75066e-08
-0.121955 -5.81812e-08
-0.121865 -5.82368e-08
-0.121775 -5.78919e-08
-0.121685 -5.79071e-08
-0.121595 -5.82652e-08
-0.121505 -5.88888e-08
-0.121416 -5.92737e-08
-0.121326 -5.95171e-08
-0.121236 -5.93928e-08
-0.121146 -5.91691e-08
-0.121056 -5.87533e-08
-0.120966 -5.8522e-08
-0.120876 -5.84608e-08
-0.120786 -5.89066e-08
-0.120696 -5.90839e-08
-0.120606 -5.90471e-08
-0.120516 -5.88582e-08
-0.120427 -5.85723e-08
-0.120337 -5.83525e-08
-0.120247 -5.81984e-08
-0.120157 -5.78473e-08
-0.120067 -5.75001e-08
-0.119977 -5.73704e-08
-0.119887 -5.71096e-08
-0.119797 -5.67966e-08
-0.119707 -5.6337e-08
-0.119617 -5.6142e-08
-0.119528 -5.58005e-08
-0.119438 -5.52217e-08
-0.119348 -5.50383e-08
-0.119258 -5.42e-08
-0.119168 -5.34364e-08
-0.119078 -5.24969e-08
-0.118988 -5.14965e-08
-0.118898 -5.07635e-08
-0.118808 -4.97778e-08
-0.118718 -4.90961e-08
-0.118628 -4.81873e-08
-0.118539 -4.74166e-08
-0.118449 -4.63765e-08
-0.118359 -4.54221e-08
-0.118269 -4.41876e-08
-0.118179 -4.35395e-08
-0.118089 -4.29593e-08
-0.117999 -4.24752e-08
-0.117909 -4.2096e-08
-0.117819 -4.20195e-08
-0.117729 -4.18537e-08
-0.11764 -4.16368e-08
-0.11755 -4.12896e-08
-0.11746 -4.10765e-08
-0.11737 -4.09858e-08
-0.11728 -4.08984e-08
-0.11719 -4.11704e-08
-0.1171 -4.13217e-08
-0.11701 -4.09055e-08
-0.11692 -4.01453e-08
-0.11683 -3.99556e-08
-0.116741 -3.93272e-08
-0.116651 -3.88073e-08
-0.116561 -3.84951e-08
-0.116471 -3.81454e-08
-0.116381 -3.78643e-08
-0.116291 -3.78785e-08
-0.116201 -3.80968e-08
-0.116111 -3.80666e-08
-0.116021 -3.79554e-08
-0.115931 -3.82165e-08
-0.115841 -3.81384e-08
-0.115752 -3.81276e-08
-0.115662 -3.82469e-08
-0.115572 -3.83957e-08
-0.115482 -3.84028e-08
-0.115392 -3.85011e-08
-0.115302 -3.84222e-08
-0.115212 -3.83356e-08
-0.115122 -3.80588e-08
-0.115032 -3.79548e-08
-0.114942 -3.78058e-08
-0.114853 -3.75733e-08
-0.114763 -3.79045e-08
-0.114673 -3.83139e-08
-0.114583 -3.87316e-08
-0.114493 -3.89416e-08
-0.114403 -3.91879e-08
-0.114313 -3.90954e-08
-0.114223 -3.92971e-08
-0.114133 -3.93822e-08
-0.114043 -3.95047e-08
-0.113953 -3.96959e-08
-0.113864 -4.00516e-08
-0.113774 -4.00826e-08
-0.113684 -4.00704e-08
-0.113594 -4.00099e-08
-0.113504 -3.99953e-08
-0.113414 -4.01021e-08
-0.113324 -4.02888e-08
-0.113234 -4.03955e-08
-0.113144 -4.06716e-08
-0.113054 -4.08888e-08
-0.112965 -4.09132e-08
-0.112875 -4.10485e-08
-0.112785 -4.1264e-08
-0.112695 -4.14404e-08
-0.112605 -4.14e-08
-0.112515 -4.12021e-08
-0.112425 -4.09244e-08
-0.112335 -4.07405e-08
-0.112245 -4.00766e-08
-0.112155 -3.97419e-08
-0.112065 -3.94303e-08
-0.111976 -3.92075e-08
-0.111886 -3.92773e-08
-0.111796 -3.89196e-08
-0.111706 -3.88186e-08
-0.111616 -3.86062e-08
-0.111526 -3.8397e-08
-0.111436 -3.84441e-08
-0.111346 -3.83273e-08
-0.111256 -3.84747e-08
-0.111166 -3.87682e-08
-0.111077 -3.89684e-08
-0.110987 -3.92974e-08
-0.110897 -3.96759e-08
-0.110807 -3.99266e-08
-0.110717 -4.02668e-08
-0.110627 -4.05956e-08
-0.110537 -4.10228e-08
-0.110447 -4.13786e-08
-0.110357 -4.17552e-08
-0.110267 -4.20246e-08
-0.110178 -4.2064e-08
-0.110088 -4.20671e-08
-0.109998 -4.19277e-08
-0.109908 -4.17872e-08
-0.109818 -4.16041e-08
-0.109728 -4.15686e-08
-0.109638 -4.16393e-08
-0.109548 -4.17382e-08
-0.109458 -4.16665e-08
-0.109368 -4.173e-08
-0.109278 -4.18791e-08
-0.109189 -4.19979e-08
-0.109099 -4.21913e-08
-0.109009 -4.23333e-08
-0.108919 -4.26031e-08
-0.108829 -4.27421e-08
-0.108739 -4.30368e-08
-0.108649 -4.32254e-08
-0.108559 -4.34756e-08
-0.108469 -4.36609e-08
-0.108379 -4.38069e-08
-0.10829 -4.38303e-08
-0.1082 -4.37554e-08
-0.10811 -4.37955e-08
-0.10802 -4.40336e-08
-0.10793 -4.42301e-08
-0.10784 -4.44898e-08
-0.10775 -4.46827e-08
-0.10766 -4.46428e-08
-0.10757 -4.46233e-08
-0.10748 -4.46113e-08
-0.10739 -4.45762e-08
-0.107301 -4.46162e-08
-0.107211 -4.47781e-08
-0.107121 -4.48465e-08
-0.107031 -4.50525e-08
-0.106941 -4.51552e-08
-0.106851 -4.50081e-08
-0.106761 -4.47707e-08
-0.106671 -4.47345e-08
-0.106581 -4.48276e-08
-0.106491 -4.47372e-08
-0.106402 -4.46078e-08
-0.106312 -4.46217e-08
-0.106222 -4.4449e-08
-0.106132 -4.44648e-08
-0.106042 -4.44828e-08
-0.105952 -4.43803e-08
-0.105862 -4.45818e-08
-0.105772 -4.47132e-08
-0.105682 -4.49028e-08
-0.105592 -4.50327e-08
-0.105502 -4.50983e-08
-0.105413 -4.51824e-08
-0.105323 -4.52636e-08
-0.105233 -4.53324e-08
-0.105143 -4.53569e-08
-0.105053 -4.52953e-08
-0.104963 -4.53213e-08
-0.104873 -4.52542e-08
-0.104783 -4.51934e-08
-0.104693 -4.52764e-08
-0.104603 -4.53015e-08
-0.104514 -4.53034e-08
-0.104424 -4.53974e-08
-0.104334 -4.53307e-08
-0.104244 -4.53212e-08
-0.104154 -4.53217e-08
-0.104064 -4.53282e-08
-0.103974 -4.54176e-08
-0.103884 -4.54538e-08
-0.103794 -4.54171e-08
-0.103704 -4.54014e-08
-0.103614 -4.54158e-08
-0.103525 -4.53895e-08
-0.103435 -4.53898e-08
-0.103345 -4.53682e-08
-0.103255 -4.53494e-08
-0.103165 -4.54278e-08
-0.103075 -4.55751e-08
-0.102985 -4.56168e-08
-0.102895 -4.56249e-08
-0.102805 -4.55223e-08
-0.102715 -4.53492e-08
-0.102626 -4.52041e-08
-0.102536 -4.4959e-08
-0.102446 -4.47707e-08
-0.102356 -4.44349e-08
-0.102266 -4.43454e-08
-0.102176 -4.41755e-08
-0.102086 -4.39026e-08
-0.101996 -4.3644e-08
-0.101906 -4.3381e-08
-0.101816 -4.30812e-08
-0.101727 -4.28632e-08
-0.101637 -4.26417e-08
-0.101547 -4.25018e-08
-0.101457 -4.24707e-08
-0.101367 -4.24801e-08
-0.101277 -4.24795e-08
-0.101187 -4.25379e-08
-0.101097 -4.26069e-08
-0.101007 -4.27024e-08
-0.100917 -4.28692e-08
-0.100827 -4.30372e-08
-0.100738 -4.32664e-08
-0.100648 -4.35392e-08
-0.100558 -4.37255e-08
-0.100468 -4.38513e-08
-0.100378 -4.3918e-08
-0.100288 -4.39762e-08
-0.100198 -4.40046e-08
-0.100108 -4.41816e-08
-0.100018 -4.42741e-08
-0.0999284 -4.43622e-08
-0.0998385 -4.45301e-08
-0.0997486 -4.45803e-08
-0.0996587 -4.47396e-08
-0.0995688 -4.50239e-08
-0.0994789 -4.52341e-08
-0.099389 -4.53169e-08
-0.0992991 -4.52796e-08
-0.0992092 -4.53147e-08
-0.0991193 -4.52734e-08
-0.0990294 -4.51239e-08
-0.0989395 -4.49072e-08
-0.0988496 -4.45368e-08
-0.0987597 -4.41682e-08
-0.0986698 -4.38901e-08
-0.0985799 -4.3497e-08
-0.09849 -4.31273e-08
-0.0984001 -4.26444e-08
-0.0983102 -4.2307e-08
-0.0982202 -4.20335e-08
-0.0981303 -4.17033e-08
-0.0980404 -4.12975e-08
-0.0979505 -4.07771e-08
-0.0978606 -4.04841e-08
-0.0977707 -4.01704e-08
-0.0976808 -3.9876e-08
-0.0975909 -3.95e-08
-0.097501 -3.92626e-08
-0.0974111 -3.88659e-08
-0.0973212 -3.85663e-08
-0.0972313 -3.8198e-08
-0.0971414 -3.79434e-08
-0.0970515 -3.77579e-08
-0.0969616 -3.74373e-08
-0.0968717 -3.72445e-08
-0.0967818 -3.6975e-08
-0.0966919 -3.67024e-08
-0.096602 -3.649e-08
-0.0965121 -3.61869e-08
-0.0964222 -3.58395e-08
-0.0963323 -3.55926e-08
-0.0962424 -3.53909e-08
-0.0961525 -3.52107e-08
-0.0960626 -3.48791e-08
-0.0959726 -3.46343e-08
-0.0958827 -3.44973e-08
-0.0957928 -3.44328e-08
-0.0957029 -3.43734e-08
-0.095613 -3.44101e-08
-0.0955231 -3.44245e-08
-0.0954332 -3.44251e-08
-0.0953433 -3.43802e-08
-0.0952534 -3.43887e-08
-0.0951635 -3.43181e-08
-0.0950736 -3.42167e-08
-0.0949837 -3.41925e-08
-0.0948938 -3.41059e-08
-0.0948039 -3.40627e-08
-0.094714 -3.40371e-08
-0.0946241 -3.39092e-08
-0.0945342 -3.37547e-08
-0.0944443 -3.35954e-08
-0.0943544 -3.3375e-08
-0.0942645 -3.32755e-08
-0.0941746 -3.31838e-08
-0.0940847 -3.31364e-08
-0.0939948 -3.30185e-08
-0.0939049 -3.28598e-08
-0.0938149 -3.28613e-08
-0.093725 -3.28727e-08
-0.0936351 -3.30268e-08
-0.0935452 -3.3161e-08
-0.0934553 -3.32904e-08
-0.0933654 -3.34816e-08
-0.0932755 -3.35954e-08
-0.0931856 -3.36496e-08
-0.0930957 -3.36597e-08
-0.0930058 -3.36659e-08
-0.0929159 -3.37971e-08
-0.092826 -3.39161e-08
-0.0927361 -3.39437e-08
-0.0926462 -3.39236e-08
-0.0925563 -3.38037e-08
-0.0924664 -3.36634e-08
-0.0923765 -3.35848e-08
-0.0922866 -3.36319e-08
-0.0921967 -3.37802e-08
-0.0921068 -3.38209e-08
-0.0920169 -3.39828e-08
-0.091927 -3.41275e-08
-0.0918371 -3.4233e-08
-0.0917472 -3.43588e-08
-0.0916572 -3.44965e-08
-0.0915673 -3.45948e-08
-0.0914774 -3.47396e-08
-0.0913875 -3.48841e-08
-0.0912976 -3.49491e-08
-0.0912077 -3.50801e-08
-0.0911178 -3.51479e-08
-0.0910279 -3.52383e-08
-0.090938 -3.52967e-08
-0.0908481 -3.55033e-08
-0.0907582 -3.57266e-08
-0.0906683 -3.58987e-08
-0.0905784 -3.61147e-08
-0.0904885 -3.63618e-08
-0.0903986 -3.66316e-08
-0.0903087 -3.6915e-08
-0.0902188 -3.7142e-08
-0.0901289 -3.73496e-08
-0.090039 -3.76046e-08
-0.0899491 -3.78418e-08
-0.0898592 -3.80571e-08
-0.0897693 -3.82418e-08
-0.0896794 -3.83746e-08
-0.0895895 -3.84581e-08
-0.0894995 -3.85016e-08
-0.0894096 -3.84919e-08
-0.0893197 -3.85233e-08
-0.0892298 -3.85164e-08
-0.0891399 -3.85124e-08
-0.08905 -3.84185e-08
-0.0889601 -3.83978e-08
-0.0888702 -3.83197e-08
-0.0887803 -3.82424e-08
-0.0886904 -3.81442e-08
-0.0886005 -3.81407e-08
-0.0885106 -3.81105e-08
-0.0884207 -3.8112e-08
-0.0883308 -3.80124e-08
-0.0882409 -3.80064e-08
-0.088151 -3.79975e-08
-0.0880611 -3.7935e-08
-0.0879712 -3.78777e-08
-0.0878813 -3.77137e-08
-0.0877914 -3.75681e-08
-0.0877015 -3.74297e-08
-0.0876116 -3.72604e-08
-0.0875217 -3.71205e-08
-0.0874318 -3.69636e-08
-0.0873418 -3.68163e-08
-0.0872519 -3.66112e-08
-0.087162 -3.63099e-08
-0.0870721 -3.60278e-08
-0.0869822 -3.56655e-08
-0.0868923 -3.53989e-08
-0.0868024 -3.51762e-08
-0.0867125 -3.49522e-08
-0.0866226 -3.46338e-08
-0.0865327 -3.42814e-08
-0.0864428 -3.39168e-08
-0.0863529 -3.34724e-08
-0.086263 -3.31033e-08
-0.0861731 -3.27429e-08
-0.0860832 -3.24121e-08
-0.0859933 -3.21044e-08
-0.0859034 -3.18091e-08
-0.0858135 -3.1491e-08
-0.0857236 -3.11982e-08
-0.0856337 -3.08788e-08
-0.0855438 -3.05474e-08
-0.0854539 -3.01976e-08
-0.085364 -2.99486e-08
-0.0852741 -2.96382e-08
-0.0851841 -2.93382e-08
-0.0850942 -2.90836e-08
-0.0850043 -2.8759e-08
-0.0849144 -2.85373e-08
-0.0848245 -2.82889e-08
-0.0847346 -2.79812e-08
-0.0846447 -2.76504e-08
-0.0845548 -2.74375e-08
-0.0844649 -2.72665e-08
-0.084375 -2.71057e-08
-0.0842851 -2.6927e-08
-0.0841952 -2.6828e-08
-0.0841053 -2.66981e-08
-0.0840154 -2.66206e-08
-0.0839255 -2.65386e-08
-0.0838356 -2.64309e-08
-0.0837457 -2.63846e-08
-0.0836558 -2.63634e-08
-0.0835659 -2.63565e-08
-0.083476 -2.6355e-08
-0.0833861 -2.63953e-08
-0.0832962 -2.63931e-08
-0.0832063 -2.64245e-08
-0.0831164 -2.64603e-08
-0.0830264 -2.64884e-08
-0.0829365 -2.65025e-08
-0.0828466 -2.65237e-08
-0.0827567 -2.65594e-08
-0.0826668 -2.66075e-08
-0.0825769 -2.66527e-08
-0.082487 -2.66673e-08
-0.0823971 -2.66955e-08
-0.0823072 -2.66937e-08
-0.0822173 -2.66809e-08
-0.0821274 -2.66557e-08
-0.0820375 -2.65726e-08
-0.0819476 -2.65157e-08
-0.0818577 -2.65053e-08
-0.0817678 -2.64439e-08
-0.0816779 -2.63648e-08
-0.081588 -2.62781e-08
-0.0814981 -2.62052e-08
-0.0814082 -2.6137e-08
-0.0813183 -2.60599e-08
-0.0812284 -2.60121e-08
-0.0811385 -2.60189e-08
-0.0810486 -2.60391e-08
-0.0809587 -2.60924e-08
-0.0808687 -2.61517e-08
-0.0807788 -2.62212e-08
-0.0806889 -2.62716e-08
-0.080599 -2.63214e-08
-0.0805091 -2.63532e-08
-0.0804192 -2.63984e-08
-0.0803293 -2.646e-08
-0.0802394 -2.64968e-08
-0.0801495 -2.65514e-08
-0.0800596 -2.65783e-08
-0.0799697 -2.65627e-08
-0.0798798 -2.65952e-08
-0.0797899 -2.65952e-08
-0.0797 -2.66241e-08
-0.0796101 -2.66827e-08
-0.0795202 -2.66894e-08
-0.0794303 -2.66794e-08
-0.0793404 -2.66857e-08
-0.0792505 -2.66498e-08
-0.0791606 -2.65898e-08
-0.0790707 -2.65002e-08
-0.0789808 -2.63785e-08
-0.0788909 -2.62732e-08
-0.078801 -2.61501e-08
-0.078711 -2.60249e-08
-0.0786211 -2.59111e-08
-0.0785312 -2.57853e-08
-0.0784413 -2.56265e-08
-0.0783514 -2.54639e-08
-0.0782615 -2.52909e-08
-0.0781716 -2.51559e-08
-0.0780817 -2.50315e-08
-0.0779918 -2.48561e-08
-0.0779019 -2.47356e-08
-0.077812 -2.45932e-08
-0.0777221 -2.44766e-08
-0.0776322 -2.43372e-08
-0.0775423 -2.423e-08
-0.0774524 -2.40985e-08
-0.0773625 -2.4e-08
-0.0772726 -2.39041e-08
-0.0771827 -2.37923e-08
-0.0770928 -2.3691e-08
-0.0770029 -2.35617e-08
-0.076913 -2.35418e-08
-0.0768231 -2.34985e-08
-0.0767332 -2.34482e-08
-0.0766433 -2.34385e-08
-0.0765534 -2.34554e-08
-0.0764634 -2.34157e-08
-0.0763735 -2.34229e-08
-0.0762836 -2.34412e-08
-0.0761937 -2.34767e-08
-0.0761038 -2.35061e-08
-0.0760139 -2.3527e-08
-0.075924 -2.3557e-08
-0.0758341 -2.35812e-08
-0.0757442 -2.36021e-08
-0.0756543 -2.36212e-08
-0.0755644 -2.36194e-08
-0.0754745 -2.36271e-08
-0.0753846 -2.36535e-08
-0.0752947 -2.36695e-08
-0.0752048 -2.36775e-08
-0.0751149 -2.37196e-08
-0.075025 -2.37443e-08
-0.0749351 -2.3798e-08
-0.0748452 -2.3826e-08
-0.0747553 -2.38184e-08
-0.0746654 -2.38162e-08
-0.0745755 -2.38084e-08
-0.0744856 -2.37908e-08
-0.0743957 -2.37889e-08
-0.0743057 -2.37652e-08
-0.0742158 -2.36931e-08
-0.0741259 -2.36435e-08
-0.074036 -2.35629e-08
-0.0739461 -2.34863e-08
-0.0738562 -2.34409e-08
-0.0737663 -2.33761e-08
-0.0736764 -2.3291e-08
-0.0735865 -2.32126e-08
-0.0734966 -2.31758e-08
-0.0734067 -2.31124e-08
-0.0733168 -2.30228e-08
-0.0732269 -2.29303e-08
-0.073137 -2.28437e-08
-0.0730471 -2.27768e-08
-0.0729572 -2.27167e-08
-0.0728673 -2.26715e-08
-0.0727774 -2.25981e-08
-0.0726875 -2.25386e-08
-0.0725976 -2.24753e-08
-0.0725077 -2.24331e-08
-0.0724178 -2.23483e-08
-0.0723279 -2.22526e-08
-0.072238 -2.21742e-08
-0.072148 -2.21032e-08
-0.0720581 -2.20257e-08
-0.0719682 -2.196e-08
-0.0718783 -2.19077e-08
-0.0717884 -2.18796e-08
-0.0716985 -2.18944e-08
-0.0716086 -2.18601e-08
-0.0715187 -2.18565e-08
-0.0714288 -2.18376e-08
-0.0713389 -2.18174e-08
-0.071249 -2.17829e-08
-0.0711591 -2.17601e-08
-0.0710692 -2.1756e-08
-0.0709793 -2.17164e-08
-0.0708894 -2.16975e-08
-0.0707995 -2.16984e-08
-0.0707096 -2.16887e-08
-0.0706197 -2.1689e-08
-0.0705298 -2.16903e-08
-0.0704399 -2.1722e-08
-0.07035 -2.1746e-08
-0.0702601 -2.17869e-08
-0.0701702 -2.18584e-08
-0.0700803 -2.19084e-08
-0.0699903 -2.19393e-08
-0.0699004 -2.19662e-08
-0.0698105 -2.19971e-08
-0.0697206 -2.20271e-08
-0.0696307 -2.20495e-08
-0.0695408 -2.20627e-08
-0.0694509 -2.20908e-08
-0.069361 -2.21212e-08
-0.0692711 -2.21478e-08
-0.0691812 -2.21777e-08
-0.0690913 -2.21891e-08
-0.0690014 -2.21732e-08
-0.0689115 -2.2136e-08
-0.0688216 -2.20744e-08
-0.0687317 -2.20078e-08
-0.0686418 -2.19497e-08
-0.0685519 -2.18974e-08
-0.068462 -2.18417e-08
-0.0683721 -2.17491e-08
-0.0682822 -2.16576e-08
-0.0681923 -2.15873e-08
-0.0681024 -2.15091e-08
-0.0680125 -2.14075e-08
-0.0679226 -2.13493e-08
-0.0678326 -2.12883e-08
-0.0677427 -2.12396e-08
-0.0676528 -2.11998e-08
-0.0675629 -2.11436e-08
-0.067473 -2.10855e-08
-0.0673831 -2.10226e-08
-0.0672932 -2.09455e-08
-0.0672033 -2.0854e-08
-0.0671134 -2.07608e-08
-0.0670235 -2.0691e-08
-0.0669336 -2.06426e-08
-0.0668437 -2.05951e-08
-0.0667538 -2.05614e-08
-0.0666639 -2.05325e-08
-0.066574 -2.05134e-08
-0.0664841 -2.05223e-08
-0.0663942 -2.04909e-08
-0.0663043 -2.04502e-08
-0.0662144 -2.04219e-08
-0.0661245 -2.03897e-08
-0.0660346 -2.03551e-08
-0.0659447 -2.03512e-08
-0.0658548 -2.03243e-08
-0.0657649 -2.03016e-08
-0.0656749 -2.0295e-08
-0.065585 -2.02471e-08
-0.0654951 -2.02332e-08
-0.0654052 -2.02233e-08
-0.0653153 -2.02084e-08
-0.0652254 -2.0151e-08
-0.0651355 -2.01001e-08
-0.0650456 -2.00532e-08
-0.0649557 -2.00016e-08
-0.0648658 -1.99989e-08
-0.0647759 -1.99682e-08
-0.064686 -1.99212e-08
-0.0645961 -1.98918e-08
-0.0645062 -1.98644e-08
-0.0644163 -1.97956e-08
-0.0643264 -1.97366e-08
-0.0642365 -1.97085e-08
-0.0641466 -1.96832e-08
-0.0640567 -1.96481e-08
-0.0639668 -1.96123e-08
-0.0638769 -1.95719e-08
-0.063787 -1.95349e-08
-0.0636971 -1.94763e-08
-0.0636072 -1.94217e-08
-0.0635172 -1.93897e-08
-0.0634273 -1.93616e-08
-0.0633374 -1.93204e-08
-0.0632475 -1.92802e-08
-0.0631576 -1.92482e-08
-0.0630677 -1.92012e-08
-0.0629778 -1.91514e-08
-0.0628879 -1.91001e-08
-0.062798 -1.90546e-08
-0.0627081 -1.90005e-08
-0.0626182 -1.89538e-08
-0.0625283 -1.88872e-08
-0.0624384 -1.8815e-08
-0.0623485 -1.87641e-08
-0.0622586 -1.87487e-08
-0.0621687 -1.87148e-08
-0.0620788 -1.86569e-08
-0.0619889 -1.85891e-08
-0.061899 -1.85374e-08
-0.0618091 -1.85067e-08
-0.0617192 -1.84863e-08
-0.0616293 -1.84925e-08
-0.0615394 -1.85073e-08
-0.0614495 -1.85195e-08
-0.0613595 -1.85278e-08
-0.0612696 -1.85472e-08
-0.0611797 -1.85585e-08
-0.0610898 -1.85648e-08
-0.0609999 -1.85678e-08
-0.06091 -1.86032e-08
-0.0608201 -1.8623e-08
-0.0607302 -1.86271e-08
-0.0606403 -1.86472e-08
-0.0605504 -1.86708e-08
-0.0604605 -1.86956e-08
-0.0603706 -1.86991e-08
-0.0602807 -1.87188e-08
-0.0601908 -1.87394e-08
-0.0601009 -1.87399e-08
-0.060011 -1.87489e-08
-0.0599211 -1.87678e-08
-0.0598312 -1.87722e-08
-0.0597413 -1.87644e-08
-0.0596514 -1.8741e-08
-0.0595615 -1.87178e-08
-0.0594716 -1.869e-08
-0.0593817 -1.86688e-08
-0.0592918 -1.86414e-08
-0.0592018 -1.861e-08
-0.0591119 -1.86013e-08
-0.059022 -1.85737e-08
-0.0589321 -1.85401e-08
-0.0588422 -1.85279e-08
-0.0587523 -1.85275e-08
-0.0586624 -1.8526e-08
-0.0585725 -1.85359e-08
-0.0584826 -1.85579e-08
-0.0583927 -1.85685e-08
-0.0583028 -1.85898e-08
-0.0582129 -1.86059e-08
-0.058123 -1.86232e-08
-0.0580331 -1.86283e-08
-0.0579432 -1.86445e-08
-0.0578533 -1.86426e-08
-0.0577634 -1.86623e-08
-0.0576735 -1.86754e-08
-0.0575836 -1.87034e-08
-0.0574937 -1.87693e-08
-0.0574038 -1.88195e-08
-0.0573139 -1.88649e-08
-0.057224 -1.8901e-08
-0.0571341 -1.8928e-08
-0.0570442 -1.89551e-08
-0.0569542 -1.89768e-08
-0.0568643 -1.9014e-08
-0.0567744 -1.90583e-08
-0.0566845 -1.90837e-08
-0.0565946 -1.91187e-08
-0.0565047 -1.91402e-08
-0.0564148 -1.91677e-08
-0.0563249 -1.91833e-08
-0.056235 -1.92004e-08
-0.0561451 -1.92189e-08
-0.0560552 -1.92293e-08
-0.0559653 -1.9252e-08
-0.0558754 -1.92738e-08
-0.0557855 -1.92905e-08
-0.0556956 -1.93049e-08
-0.0556057 -1.92994e-08
-0.0555158 -1.92996e-08
-0.0554259 -1.9279e-08
-0.055336 -1.92425e-08
-0.0552461 -1.92244e-08
-0.0551562 -1.9192e-08
-0.0550663 -1.91393e-08
-0.0549764 -1.90983e-08
-0.0548865 -1.9056e-08
-0.0547965 -1.90138e-08
-0.0547066 -1.89491e-08
-0.0546167 -1.88873e-08
-0.0545268 -1.88087e-08
-0.0544369 -1.87386e-08
-0.054347 -1.86819e-08
-0.0542571 -1.86186e-08
-0.0541672 -1.85739e-08
-0.0540773 -1.85128e-08
-0.0539874 -1.84525e-08
-0.0538975 -1.83846e-08
-0.0538076 -1.83113e-08
-0.0537177 -1.82502e-08
-0.0536278 -1.81909e-08
-0.0535379 -1.81362e-08
-0.053448 -1.80931e-08
-0.0533581 -1.80445e-08
-0.0532682 -1.79965e-08
-0.0531783 -1.7935e-08
-0.0530884 -1.78825e-08
-0.0529985 -1.78248e-08
-0.0529086 -1.77614e-08
-0.0528187 -1.76751e-08
-0.0527288 -1.76229e-08
-0.0526388 -1.75663e-08
-0.0525489 -1.75211e-08
-0.052459 -1.74832e-08
-0.0523691 -1.74505e-08
-0.0522792 -1.74009e-08
-0.0521893 -1.73568e-08
-0.0520994 -1.73131e-08
-0.0520095 -1.72652e-08
-0.0519196 -1.72188e-08
-0.0518297 -1.71714e-08
-0.0517398 -1.71399e-08
-0.0516499 -1.71112e-08
-0.05156 -1.70845e-08
-0.0514701 -1.7047e-08
-0.0513802 -1.70109e-08
-0.0512903 -1.69829e-08
-0.0512004 -1.69708e-08
-0.0511105 -1.69685e-08
-0.0510206 -1.69555e-08
-0.0509307 -1.69527e-08
-0.0508408 -1.69466e-08
-0.0507509 -1.69493e-08
-0.050661 -1.69505e-08
-0.0505711 -1.69508e-08
-0.0504811 -1.69666e-08
-0.0503912 -1.6956e-08
-0.0503013 -1.69485e-08
-0.0502114 -1.69465e-08
-0.0501215 -1.69504e-08
-0.0500316 -1.69543e-08
-0.0499417 -1.69604e-08
-0.0498518 -1.69679e-08
-0.0497619 -1.69753e-08
-0.049672 -1.69745e-08
-0.0495821 -1.69707e-08
-0.0494922 -1.69781e-08
-0.0494023 -1.69722e-08
-0.0493124 -1.69647e-08
-0.0492225 -1.6946e-08
-0.0491326 -1.69041e-08
-0.0490427 -1.6858e-08
-0.0489528 -1.68065e-08
-0.0488629 -1.67555e-08
-0.048773 -1.67135e-08
-0.0486831 -1.6665e-08
-0.0485932 -1.66199e-08
-0.0485033 -1.65843e-08
-0.0484134 -1.65412e-08
-0.0483234 -1.65173e-08
-0.0482335 -1.64826e-08
-0.0481436 -1.64578e-08
-0.0480537 -1.64212e-08
-0.0479638 -1.63859e-08
-0.0478739 -1.63471e-08
-0.047784 -1.63021e-08
-0.0476941 -1.62498e-08
-0.0476042 -1.61978e-08
-0.0475143 -1.61641e-08
-0.0474244 -1.61282e-08
-0.0473345 -1.60832e-08
-0.0472446 -1.6038e-08
-0.0471547 -1.60022e-08
-0.0470648 -1.599e-08
-0.0469749 -1.59722e-08
-0.046885 -1.59407e-08
-0.0467951 -1.59034e-08
-0.0467052 -1.58719e-08
-0.0466153 -1.58296e-08
-0.0465254 -1.57772e-08
-0.0464355 -1.57328e-08
-0.0463456 -1.56976e-08
-0.0462557 -1.56685e-08
-0.0461657 -1.56442e-08
-0.0460758 -1.56197e-08
-0.0459859 -1.55887e-08
-0.045896 -1.55604e-08
-0.0458061 -1.55479e-08
-0.0457162 -1.55184e-08
-0.0456263 -1.54931e-08
-0.0455364 -1.54473e-08
-0.0454465 -1.54132e-08
-0.0453566 -1.5376e-08
-0.0452667 -1.53347e-08
-0.0451768 -1.53138e-08
-0.0450869 -1.5282e-08
-0.044997 -1.52573e-08
-0.0449071 -1.52223e-08
-0.0448172 -1.52128e-08
-0.0447273 -1.52088e-08
-0.0446374 -1.5194e-08
-0.0445475 -1.51845e-08
-0.0444576 -1.5165e-08
-0.0443677 -1.51633e-08
-0.0442778 -1.51548e-08
-0.0441879 -1.51373e-08
-0.044098 -1.5124e-08
-0.044008 -1.51097e-08
-0.0439181 -1.51127e-08
-0.0438282 -1.51169e-08
-0.0437383 -1.51217e-08
-0.0436484 -1.51333e-08
-0.0435585 -1.51542e-08
-0.0434686 -1.51859e-08
-0.0433787 -1.52045e-08
-0.0432888 -1.52238e-08
-0.0431989 -1.52195e-08
-0.043109 -1.52158e-08
-0.0430191 -1.52196e-08
-0.0429292 -1.52283e-08
-0.0428393 -1.52376e-08
-0.0427494 -1.52512e-08
-0.0426595 -1.52656e-08
-0.0425696 -1.52851e-08
-0.0424797 -1.53109e-08
-0.0423898 -1.53312e-08
-0.0422999 -1.53513e-08
-0.04221 -1.53534e-08
-0.0421201 -1.53483e-08
-0.0420302 -1.53461e-08
-0.0419403 -1.53461e-08
-0.0418503 -1.53436e-08
-0.0417604 -1.53382e-08
-0.0416705 -1.53281e-08
-0.0415806 -1.53125e-08
-0.0414907 -1.53e-08
-0.0414008 -1.52851e-08
-0.0413109 -1.52655e-08
-0.041221 -1.5241e-08
-0.0411311 -1.52008e-08
-0.0410412 -1.51707e-08
-0.0409513 -1.51336e-08
-0.0408614 -1.50935e-08
-0.0407715 -1.50492e-08
-0.0406816 -1.50075e-08
-0.0405917 -1.4945e-08
-0.0405018 -1.4896e-08
-0.0404119 -1.48434e-08
-0.040322 -1.47863e-08
-0.0402321 -1.47255e-08
-0.0401422 -1.46551e-08
-0.0400523 -1.45975e-08
-0.0399624 -1.4533e-08
-0.0398725 -1.4473e-08
-0.0397826 -1.4408e-08
-0.0396927 -1.43309e-08
-0.0396027 -1.42511e-08
-0.0395128 -1.41835e-08
-0.0394229 -1.41315e-08
-0.039333 -1.40762e-08
-0.0392431 -1.40201e-08
-0.0391532 -1.39601e-08
-0.0390633 -1.3904e-08
-0.0389734 -1.38569e-08
-0.0388835 -1.38069e-08
-0.0387936 -1.37522e-08
-0.0387037 -1.36857e-08
-0.0386138 -1.36234e-08
-0.0385239 -1.35606e-08
-0.038434 -1.35026e-08
-0.0383441 -1.34511e-08
-0.0382542 -1.34059e-08
-0.0381643 -1.33561e-08
-0.0380744 -1.33117e-08
-0.0379845 -1.32789e-08
-0.0378946 -1.32508e-08
-0.0378047 -1.32183e-08
-0.0377148 -1.31798e-08
-0.0376249 -1.31409e-08
-0.037535 -1.31057e-08
-0.037445 -1.30637e-08
-0.0373551 -1.3028e-08
-0.0372652 -1.29912e-08
-0.0371753 -1.29535e-08
-0.0370854 -1.29153e-08
-0.0369955 -1.28809e-08
-0.0369056 -1.28616e-08
-0.0368157 -1.2836e-08
-0.0367258 -1.28161e-08
-0.0366359 -1.27994e-08
-0.036546 -1.27716e-08
-0.0364561 -1.2751e-08
-0.0363662 -1.27432e-08
-0.0362763 -1.27312e-08
-0.0361864 -1.2729e-08
-0.0360965 -1.27179e-08
-0.0360066 -1.27093e-08
-0.0359167 -1.26964e-08
-0.0358268 -1.26928e-08
-0.0357369 -1.26884e-08
-0.035647 -1.26945e-08
-0.0355571 -1.26977e-08
-0.0354672 -1.27025e-08
-0.0353773 -1.27142e-08
-0.0352873 -1.27212e-08
-0.0351974 -1.27273e-08
-0.0351075 -1.27355e-08
-0.0350176 -1.27366e-08
-0.0349277 -1.27391e-08
-0.0348378 -1.27482e-08
-0.0347479 -1.27596e-08
-0.034658 -1.27694e-08
-0.0345681 -1.27879e-08
-0.0344782 -1.28038e-08
-0.0343883 -1.28272e-08
-0.0342984 -1.2849e-08
-0.0342085 -1.28764e-08
-0.0341186 -1.29023e-08
-0.0340287 -1.2931e-08
-0.0339388 -1.29661e-08
-0.0338489 -1.30045e-08
-0.033759 -1.30458e-08
-0.0336691 -1.30868e-08
-0.0335792 -1.31264e-08
-0.0334893 -1.31651e-08
-0.0333994 -1.3207e-08
-0.0333095 -1.32466e-08
-0.0332196 -1.32935e-08
-0.0331296 -1.33399e-08
-0.0330397 -1.33848e-08
-0.0329498 -1.34279e-08
-0.0328599 -1.34842e-08
-0.03277 -1.35331e-08
-0.0326801 -1.35802e-08
-0.0325902 -1.36287e-08
-0.0325003 -1.36693e-08
-0.0324104 -1.37058e-08
-0.0323205 -1.37514e-08
-0.0322306 -1.37964e-08
-0.0321407 -1.38343e-08
-0.0320508 -1.38709e-08
-0.0319609 -1.38953e-08
-0.031871 -1.39303e-08
-0.0317811 -1.39552e-08
-0.0316912 -1.39815e-08
-0.0316013 -1.40041e-08
-0.0315114 -1.40219e-08
-0.0314215 -1.40485e-08
-0.0313316 -1.40631e-08
-0.0312417 -1.40816e-08
-0.0311518 -1.40958e-08
-0.0310619 -1.41069e-08
-0.0309719 -1.41153e-08
-0.030882 -1.41224e-08
-0.0307921 -1.4137e-08
-0.0307022 -1.41487e-08
-0.0306123 -1.41526e-08
-0.0305224 -1.41424e-08
-0.0304325 -1.41418e-08
-0.0303426 -1.41517e-08
-0.0302527 -1.41419e-08
-0.0301628 -1.41336e-08
-0.0300729 -1.41138e-08
-0.029983 -1.40905e-08
-0.0298931 -1.40727e-08
-0.0298032 -1.40641e-08
-0.0297133 -1.40574e-08
-0.0296234 -1.40578e-08
-0.0295335 -1.40445e-08
-0.0294436 -1.40218e-08
-0.0293537 -1.40102e-08
-0.0292638 -1.39883e-08
-0.0291739 -1.39629e-08
-0.029084 -1.39403e-08
-0.0289941 -1.3914e-08
-0.0289042 -1.38788e-08
-0.0288142 -1.38532e-08
-0.0287243 -1.38334e-08
-0.0286344 -1.38058e-08
-0.0285445 -1.37905e-08
-0.0284546 -1.37659e-08
-0.0283647 -1.37509e-08
-0.0282748 -1.37321e-08
-0.0281849 -1.37069e-08
-0.028095 -1.36837e-08
-0.0280051 -1.36636e-08
-0.0279152 -1.36373e-08
-0.0278253 -1.36095e-08
-0.0277354 -1.35863e-08
-0.0276455 -1.35505e-08
-0.0275556 -1.35322e-08
-0.0274657 -1.35119e-08
-0.0273758 -1.35008e-08
-0.0272859 -1.34895e-08
-0.027196 -1.34799e-08
-0.0271061 -1.3471e-08
-0.0270162 -1.34669e-08
-0.0269263 -1.34599e-08
-0.0268364 -1.34476e-08
-0.0267465 -1.34472e-08
-0.0266565 -1.34298e-08
-0.0265666 -1.34068e-08
-0.0264767 -1.33881e-08
-0.0263868 -1.33771e-08
-0.0262969 -1.33678e-08
-0.026207 -1.33606e-08
-0.0261171 -1.33542e-08
-0.0260272 -1.33432e-08
-0.0259373 -1.33328e-08
-0.0258474 -1.33263e-08
-0.0257575 -1.33169e-08
-0.0256676 -1.33112e-08
-0.0255777 -1.32943e-08
-0.0254878 -1.32774e-08
-0.0253979 -1.32611e-08
-0.025308 -1.32436e-08
-0.0252181 -1.32208e-08
-0.0251282 -1.3214e-08
-0.0250383 -1.31982e-08
-0.0249484 -1.31781e-08
-0.0248585 -1.3152e-08
-0.0247686 -1.3128e-08
-0.0246787 -1.31016e-08
-0.0245888 -1.30803e-08
-0.0244988 -1.30515e-08
-0.0244089 -1.30218e-08
-0.024319 -1.29883e-08
-0.0242291 -1.29505e-08
-0.0241392 -1.29147e-08
-0.0240493 -1.2882e-08
-0.0239594 -1.28452e-08
-0.0238695 -1.28107e-08
-0.0237796 -1.27682e-08
-0.0236897 -1.27289e-08
-0.0235998 -1.27045e-08
-0.0235099 -1.26831e-08
-0.02342 -1.26413e-08
-0.0233301 -1.26098e-08
-0.0232402 -1.2572e-08
-0.0231503 -1.25328e-08
-0.0230604 -1.24927e-08
-0.0229705 -1.24509e-08
-0.0228806 -1.24107e-08
-0.0227907 -1.23759e-08
-0.0227008 -1.23515e-08
-0.0226109 -1.23239e-08
-0.022521 -1.23146e-08
-0.0224311 -1.22925e-08
-0.0223411 -1.2269e-08
-0.0222512 -1.22555e-08
-0.0221613 -1.22318e-08
-0.0220714 -1.22093e-08
-0.0219815 -1.21884e-08
-0.0218916 -1.21736e-08
-0.0218017 -1.21579e-08
-0.0217118 -1.21558e-08
-0.0216219 -1.21514e-08
-0.021532 -1.21502e-08
-0.0214421 -1.21541e-08
-0.0213522 -1.21446e-08
-0.0212623 -1.21253e-08
-0.0211724 -1.21059e-08
-0.0210825 -1.20952e-08
-0.0209926 -1.20801e-08
-0.0209027 -1.20662e-08
-0.0208128 -1.20614e-08
-0.0207229 -1.20554e-08
-0.020633 -1.20597e-08
-0.0205431 -1.20629e-08
-0.0204532 -1.20776e-08
-0.0203633 -1.20931e-08
-0.0202734 -1.20966e-08
-0.0201835 -1.20946e-08
-0.0200935 -1.20846e-08
-0.0200036 -1.20871e-08
-0.0199137 -1.20843e-08
-0.0198238 -1.20759e-08
-0.0197339 -1.20777e-08
-0.019644 -1.20843e-08
-0.0195541 -1.20834e-08
-0.0194642 -1.20868e-08
-0.0193743 -1.20926e-08
-0.0192844 -1.21026e-08
-0.0191945 -1.21067e-08
-0.0191046 -1.2109e-08
-0.0190147 -1.20994e-08
-0.0189248 -1.20949e-08
-0.0188349 -1.2082e-08
-0.018745 -1.20716e-08
-0.0186551 -1.20619e-08
-0.0185652 -1.20434e-08
-0.0184753 -1.20345e-08
-0.0183854 -1.20197e-08
-0.0182955 -1.20107e-08
-0.0182056 -1.20136e-08
-0.0181157 -1.20219e-08
-0.0180258 -1.2025e-08
-0.0179358 -1.20188e-08
-0.0178459 -1.20113e-08
-0.017756 -1.20027e-08
-0.0176661 -1.20021e-08
-0.0175762 -1.19834e-08
-0.0174863 -1.19703e-08
-0.0173964 -1.19553e-08
-0.0173065 -1.19375e-08
-0.0172166 -1.19202e-08
-0.0171267 -1.19141e-08
-0.0170368 -1.19201e-08
-0.0169469 -1.19142e-08
-0.016857 -1.19098e-08
-0.0167671 -1.19038e-08
-0.0166772 -1.19077e-08
-0.0165873 -1.19052e-08
-0.0164974 -1.19041e-08
-0.0164075 -1.19004e-08
-0.0163176 -1.18992e-08
-0.0162277 -1.18963e-08
-0.0161378 -1.1883e-08
-0.0160479 -1.18772e-08
-0.015958 -1.18712e-08
-0.0158681 -1.18614e-08
-0.0157781 -1.18595e-08
-0.0156882 -1.18609e-08
-0.0155983 -1.18645e-08
-0.0155084 -1.18651e-08
-0.0154185 -1.1863e-08
-0.0153286 -1.18688e-08
-0.0152387 -1.18693e-08
-0.0151488 -1.18717e-08
-0.0150589 -1.18662e-08
-0.014969 -1.18681e-08
-0.0148791 -1.18595e-08
-0.0147892 -1.18476e-08
-0.0146993 -1.18431e-08
-0.0146094 -1.1843e-08
-0.0145195 -1.18445e-08
-0.0144296 -1.18545e-08
-0.0143397 -1.1859e-08
-0.0142498 -1.1864e-08
-0.0141599 -1.1859e-08
-0.01407 -1.18619e-08
-0.0139801 -1.18581e-08
-0.0138902 -1.18394e-08
-0.0138003 -1.18264e-08
-0.0137104 -1.18156e-08
-0.0136204 -1.17984e-08
-0.0135305 -1.17892e-08
-0.0134406 -1.17806e-08
-0.0133507 -1.17735e-08
-0.0132608 -1.17654e-08
-0.0131709 -1.17535e-08
-0.013081 -1.1738e-08
-0.0129911 -1.17309e-08
-0.0129012 -1.17183e-08
-0.0128113 -1.17012e-08
-0.0127214 -1.16797e-08
-0.0126315 -1.16531e-08
-0.0125416 -1.16214e-08
-0.0124517 -1.159e-08
-0.0123618 -1.15686e-08
-0.0122719 -1.15442e-08
-0.012182 -1.1495e-08
-0.0120921 -1.14604e-08
-0.0120022 -1.14222e-08
-0.0119123 -1.139e-08
-0.0118224 -1.13561e-08
-0.0117325 -1.13218e-08
-0.0116426 -1.12809e-08
-0.0115527 -1.12371e-08
-0.0114627 -1.11927e-08
-0.0113728 -1.11391e-08
-0.0112829 -1.10892e-08
-0.011193 -1.10239e-08
-0.0111031 -1.09511e-08
-0.0110132 -1.08908e-08
-0.0109233 -1.08238e-08
-0.0108334 -1.07599e-08
-0.0107435 -1.07065e-08
-0.0106536 -1.06519e-08
-0.0105637 -1.05901e-08
-0.0104738 -1.05319e-08
-0.0103839 -1.04662e-08
-0.010294 -1.03867e-08
-0.0102041 -1.03054e-08
-0.0101142 -1.02175e-08
-0.0100243 -1.01277e-08
-0.00993438 -1.00353e-08
-0.00984447 -9.94475e-09
-0.00975457 -9.86247e-09
-0.00966466 -9.78475e-09
-0.00957476 -9.70776e-09
-0.00948486 -9.62961e-09
-0.00939495 -9.55016e-09
-0.00930505 -9.46753e-09
-0.00921514 -9.37331e-09
-0.00912524 -9.27721e-09
-0.00903534 -9.1758e-09
-0.00894543 -9.07337e-09
-0.00885553 -8.96585e-09
-0.00876562 -8.87089e-09
-0.00867572 -8.78113e-09
-0.00858582 -8.68732e-09
-0.00849591 -8.60216e-09
-0.00840601 -8.51405e-09
-0.0083161 -8.43345e-09
-0.0082262 -8.35342e-09
-0.00813629 -8.26214e-09
-0.00804639 -8.16634e-09
-0.00795649 -8.06065e-09
-0.00786658 -7.9569e-09
-0.00777668 -7.85421e-09
-0.00768677 -7.76218e-09
-0.00759687 -7.66739e-09
-0.00750697 -7.56779e-09
-0.00741706 -7.47663e-09
-0.00732716 -7.38691e-09
-0.00723725 -7.30879e-09
-0.00714735 -7.22634e-09
-0.00705744 -7.14251e-09
-0.00696754 -7.0494e-09
-0.00687764 -6.94363e-09
-0.00678773 -6.84448e-09
-0.00669783 -6.74687e-09
-0.00660792 -6.65526e-09
-0.00651802 -6.55362e-09
-0.00642812 -6.45093e-09
-0.00633821 -6.35875e-09
-0.00624831 -6.26501e-09
-0.0061584 -6.17443e-09
-0.0060685 -6.08273e-09
-0.00597859 -5.99004e-09
-0.00588869 -5.88769e-09
-0.00579879 -5.77762e-09
-0.00570888 -5.67657e-09
-0.00561898 -5.57624e-09
-0.00552907 -5.47763e-09
-0.00543917 -5.37756e-09
-0.00534927 -5.27482e-09
-0.00525936 -5.18235e-09
-0.00516946 -5.08969e-09
-0.00507955 -4.99067e-09
-0.00498965 -4.89445e-09
-0.00489975 -4.79799e-09
-0.00480984 -4.68987e-09
-0.00471994 -4.58083e-09
-0.00463003 -4.48137e-09
-0.00454013 -4.38248e-09
-0.00445022 -4.27705e-09
-0.00436032 -4.17909e-09
-0.00427042 -4.07495e-09
-0.00418051 -3.98422e-09
-0.00409061 -3.89069e-09
-0.0040007 -3.79572e-09
-0.0039108 -3.69598e-09
-0.0038209 -3.59467e-09
-0.00373099 -3.49584e-09
-0.00364109 -3.39695e-09
-0.00355118 -3.30447e-09
-0.00346128 -3.20563e-09
-0.00337137 -3.11403e-09
-0.00328147 -3.01324e-09
-0.00319157 -2.91088e-09
-0.00310166 -2.81809e-09
-0.00301176 -2.72003e-09
-0.00292185 -2.63013e-09
-0.00283195 -2.53564e-09
-0.00274205 -2.43548e-09
-0.00265214 -2.35136e-09
-0.00256224 -2.26062e-09
-0.00247233 -2.17747e-09
-0.00238243 -2.09228e-09
-0.00229252 -2.00033e-09
-0.00220262 -1.91155e-09
-0.00211272 -1.82271e-09
-0.00202281 -1.73158e-09
-0.00193291 -1.64597e-09
-0.001843 -1.56046e-09
-0.0017531 -1.46505e-09
-0.0016632 -1.38486e-09
-0.00157329 -1.30798e-09
-0.00148339 -1.22654e-09
-0.00139348 -1.15293e-09
-0.00130358 -1.08078e-09
-0.00121368 -1.00145e-09
-0.00112377 -9.28819e-10
-0.00103387 -8.47392e-10
-0.000943963 -7.69218e-10
-0.000854059 -7.0048e-10
-0.000764154 -6.27664e-10
-0.00067425 -5.55538e-10
-0.000584346 -4.9019e-10
-0.000494442 -4.24453e-10
-0.000404538 -3.52373e-10
-0.000314634 -2.853e-10
-0.00022473 -2.05553e-10
-0.000134825 -1.3734e-10
-4.49212e-05 -7.19707e-11
4.49829e-05 0
0.000134887 6.44767e-11
0.000224791 1.32549e-10
0.000314695 2.08222e-10
0.0004046 2.72954e-10
0.000494504 3.31148e-10
0.000584408 3.90899e-10
0.000674312 4.51808e-10
0.000764216 5.15511e-10
0.00085412 5.81509e-10
0.000944024 6.38999e-10
0.00103393 6.99401e-10
0.00112383 7.59648e-10
0.00121374 8.25684e-10
0.00130364 8.83831e-10
0.00139355 9.43234e-10
0.00148345 1.00571e-09
0.00157335 1.05757e-09
0.00166326 1.11819e-09
0.00175316 1.17097e-09
0.00184307 1.23893e-09
0.00193297 1.30511e-09
0.00202287 1.36457e-09
0.00211278 1.42308e-09
0.00220268 1.48858e-09
0.00229259 1.55235e-09
0.00238249 1.60674e-09
0.00247239 1.66852e-09
0.0025623 1.72542e-09
0.0026522 1.78385e-09
0.00274211 1.85007e-09
0.00283201 1.91527e-09
0.00292192 1.97613e-09
0.00301182 2.04609e-09
0.00310172 2.1171e-09
0.00319163 2.18345e-09
0.00328153 2.25307e-09
0.00337144 2.31472e-09
0.00346134 2.36993e-09
0.00355124 2.43771e-09
0.00364115 2.50393e-09
0.00373105 2.57457e-09
0.00382096 2.65424e-09
0.00391086 2.72368e-09
0.00400077 2.79432e-09
0.00409067 2.86615e-09
0.00418057 2.93745e-09
0.00427048 3.00386e-09
0.00436038 3.06513e-09
0.00445029 3.12564e-09
0.00454019 3.19364e-09
0.00463009 3.26264e-09
0.00472 3.32795e-09
0.0048099 3.40249e-09
0.00489981 3.47616e-09
0.00498971 3.53581e-09
0.00507962 3.60088e-09
0.00516952 3.66758e-09
0.00525942 3.73407e-09
0.00534933 3.79684e-09
0.00543923 3.86044e-09
0.00552914 3.92129e-09
0.00561904 3.98307e-09
0.00570894 4.04891e-09
0.00579885 4.11056e-09
0.00588875 4.17882e-09
0.00597866 4.24188e-09
0.00606856 4.30998e-09
0.00615846 4.37867e-09
0.00624837 4.44577e-09
0.00633827 4.51725e-09
0.00642818 4.58692e-09
0.00651808 4.65356e-09
0.00660799 4.72175e-09
0.00669789 4.78274e-09
0.00678779 4.85091e-09
0.0068777 4.9112e-09
0.0069676 4.9724e-09
0.00705751 5.03412e-09
0.00714741 5.09179e-09
0.00723731 5.15503e-09
0.00732722 5.21936e-09
0.00741712 5.29232e-09
0.00750703 5.35312e-09
0.00759693 5.41037e-09
0.00768684 5.46489e-09
0.00777674 5.52373e-09
0.00786664 5.58786e-09
0.00795655 5.64754e-09
0.00804645 5.70615e-09
0.00813636 5.76725e-09
0.00822626 5.83632e-09
0.00831616 5.89953e-09
0.00840607 5.96771e-09
0.00849597 6.03671e-09
0.00858588 6.09457e-09
0.00867578 6.15977e-09
0.00876569 6.22933e-09
0.00885559 6.2905e-09
0.00894549 6.36238e-09
0.0090354 6.43022e-09
0.0091253 6.50175e-09
0.00921521 6.57671e-09
0.00930511 6.65517e-09
0.00939501 6.73883e-09
0.00948492 6.81632e-09
0.00957482 6.89285e-09
0.00966473 6.96882e-09
0.00975463 7.04901e-09
0.00984453 7.13415e-09
0.00993444 7.2175e-09
0.0100243 7.30454e-09
0.0101142 7.38831e-09
0.0102042 7.48085e-09
0.0102941 7.58049e-09
0.010384 7.68568e-09
0.0104739 7.7961e-09
0.0105638 7.89094e-09
0.0106537 7.99486e-09
0.0107436 8.093e-09
0.0108335 8.19796e-09
0.0109234 8.30241e-09
0.0110133 8.40205e-09
0.0111032 8.49657e-09
0.0111931 8.59732e-09
0.011283 8.70492e-09
0.0113729 8.8159e-09
0.0114628 8.9341e-09
0.0115527 9.05175e-09
0.0116426 9.16139e-09
0.0117325 9.27688e-09
0.0118224 9.38943e-09
0.0119123 9.50225e-09
0.0120022 9.60685e-09
0.0120921 9.70051e-09
0.012182 9.79795e-09
0.0122719 9.90204e-09
0.0123619 1.00137e-08
0.0124518 1.01252e-08
0.0125417 1.02347e-08
0.0126316 1.03511e-08
0.0127215 1.04615e-08
0.0128114 1.05759e-08
0.0129013 1.07002e-08
0.0129912 1.08175e-08
0.0130811 1.09191e-08
0.013171 1.10285e-08
0.0132609 1.11337e-08
0.0133508 1.12447e-08
0.0134407 1.1373e-08
0.0135306 1.14964e-08
0.0136205 1.16279e-08
0.0137104 1.17623e-08
0.0138003 1.18971e-08
0.0138902 1.20427e-08
0.0139801 1.2195e-08
0.01407 1.23379e-08
0.0141599 1.24764e-08
0.0142498 1.26234e-08
0.0143397 1.27537e-08
0.0144296 1.28957e-08
0.0145196 1.30445e-08
0.0146095 1.31907e-08
0.0146994 1.334e-08
0.0147893 1.34841e-08
0.0148792 1.36369e-08
0.0149691 1.37967e-08
0.015059 1.39573e-08
0.0151489 1.41128e-08
0.0152388 1.42652e-08
0.0153287 1.44154e-08
0.0154186 1.4562e-08
0.0155085 1.47089e-08
0.0155984 1.48558e-08
0.0156883 1.50013e-08
0.0157782 1.51408e-08
0.0158681 1.52706e-08
0.015958 1.54068e-08
0.0160479 1.55493e-08
0.0161378 1.56846e-08
0.0162277 1.58206e-08
0.0163176 1.59485e-08
0.0164075 1.60808e-08
0.0164974 1.62083e-08
0.0165873 1.6331e-08
0.0166773 1.64521e-08
0.0167672 1.657e-08
0.0168571 1.66915e-08
0.016947 1.67996e-08
0.0170369 1.69115e-08
0.0171268 1.70184e-08
0.0172167 1.71333e-08
0.0173066 1.72525e-08
0.0173965 1.73644e-08
0.0174864 1.74796e-08
0.0175763 1.75898e-08
0.0176662 1.77097e-08
0.0177561 1.78114e-08
0.017846 1.79126e-08
0.0179359 1.80217e-08
0.0180258 1.81215e-08
0.0181157 1.82199e-08
0.0182056 1.83323e-08
0.0182955 1.84501e-08
0.0183854 1.85718e-08
0.0184753 1.8691e-08
0.0185652 1.88098e-08
0.0186551 1.89168e-08
0.018745 1.90203e-08
0.0188349 1.91205e-08
0.0189249 1.92189e-08
0.0190148 1.93114e-08
0.0191047 1.94032e-08
0.0191946 1.94864e-08
0.0192845 1.95786e-08
0.0193744 1.96764e-08
0.0194643 1.97713e-08
0.0195542 1.98748e-08
0.0196441 1.99696e-08
0.019734 2.00564e-08
0.0198239 2.01313e-08
0.0199138 2.0204e-08
0.0200037 2.0278e-08
0.0200936 2.03459e-08
0.0201835 2.04138e-08
0.0202734 2.04874e-08
0.0203633 2.05603e-08
0.0204532 2.06266e-08
0.0205431 2.06916e-08
0.020633 2.07527e-08
0.0207229 2.08134e-08
0.0208128 2.08576e-08
0.0209027 2.09135e-08
0.0209926 2.09625e-08
0.0210826 2.10209e-08
0.0211725 2.10777e-08
0.0212624 2.11356e-08
0.0213523 2.11909e-08
0.0214422 2.12477e-08
0.0215321 2.13052e-08
0.021622 2.13587e-08
0.0217119 2.1403e-08
0.0218018 2.14572e-08
0.0218917 2.15155e-08
0.0219816 2.15788e-08
0.0220715 2.16346e-08
0.0221614 2.16994e-08
0.0222513 2.17675e-08
0.0223412 2.18371e-08
0.0224311 2.19023e-08
0.022521 2.19691e-08
0.0226109 2.20377e-08
0.0227008 2.21006e-08
0.0227907 2.21627e-08
0.0228806 2.22358e-08
0.0229705 2.23166e-08
0.0230604 2.2397e-08
0.0231503 2.2479e-08
0.0232403 2.2568e-08
0.0233302 2.2662e-08
0.0234201 2.27535e-08
0.02351 2.28418e-08
0.0235999 2.29357e-08
0.0236898 2.30319e-08
0.0237797 2.31207e-08
0.0238696 2.32112e-08
0.0239595 2.32981e-08
0.0240494 2.33955e-08
0.0241393 2.34909e-08
0.0242292 2.35911e-08
0.0243191 2.36954e-08
0.024409 2.37965e-08
0.0244989 2.38956e-08
0.0245888 2.39918e-08
0.0246787 2.40992e-08
0.0247686 2.4203e-08
0.0248585 2.42995e-08
0.0249484 2.44047e-08
0.0250383 2.45044e-08
0.0251282 2.46062e-08
0.0252181 2.46984e-08
0.025308 2.47959e-08
0.025398 2.48903e-08
0.0254879 2.49898e-08
0.0255778 2.50861e-08
0.0256677 2.51711e-08
0.0257576 2.52718e-08
0.0258475 2.53534e-08
0.0259374 2.54439e-08
0.0260273 2.55321e-08
0.0261172 2.56167e-08
0.0262071 2.56977e-08
0.026297 2.57784e-08
0.0263869 2.58595e-08
0.0264768 2.59446e-08
0.0265667 2.60333e-08
0.0266566 2.61088e-08
0.0267465 2.61925e-08
0.0268364 2.62685e-08
0.0269263 2.63373e-08
0.0270162 2.64121e-08
0.0271061 2.64862e-08
0.027196 2.65523e-08
0.0272859 2.6621e-08
0.0273758 2.66918e-08
0.0274657 2.67569e-08
0.0275557 2.68315e-08
0.0276456 2.69133e-08
0.0277355 2.69915e-08
0.0278254 2.70761e-08
0.0279153 2.715e-08
0.0280052 2.72229e-08
0.0280951 2.72998e-08
0.028185 2.73737e-08
0.0282749 2.74518e-08
0.0283648 2.75368e-08
0.0284547 2.7612e-08
0.0285446 2.76832e-08
0.0286345 2.7761e-08
0.0287244 2.78422e-08
0.0288143 2.79261e-08
0.0289042 2.80086e-08
0.0289941 2.80888e-08
0.029084 2.81694e-08
0.0291739 2.82551e-08
0.0292638 2.83418e-08
0.0293537 2.84328e-08
0.0294436 2.85221e-08
0.0295335 2.85994e-08
0.0296234 2.86777e-08
0.0297134 2.87518e-08
0.0298033 2.88313e-08
0.0298932 2.89108e-08
0.0299831 2.89909e-08
0.030073 2.90667e-08
0.0301629 2.91438e-08
0.0302528 2.92287e-08
0.0303427 2.93127e-08
0.0304326 2.93941e-08
0.0305225 2.94692e-08
0.0306124 2.95413e-08
0.0307023 2.96057e-08
0.0307922 2.96777e-08
0.0308821 2.97499e-08
0.030972 2.98278e-08
0.0310619 2.99e-08
0.0311518 2.99646e-08
0.0312417 3.00328e-08
0.0313316 3.00936e-08
0.0314215 3.01553e-08
0.0315114 3.02117e-08
0.0316013 3.02686e-08
0.0316912 3.03212e-08
0.0317811 3.03783e-08
0.0318711 3.04265e-08
0.031961 3.0481e-08
0.0320509 3.05275e-08
0.0321408 3.05683e-08
0.0322307 3.0605e-08
0.0323206 3.0649e-08
0.0324105 3.06909e-08
0.0325004 3.07303e-08
0.0325903 3.07734e-08
0.0326802 3.08061e-08
0.0327701 3.08467e-08
0.03286 3.08939e-08
0.0329499 3.09264e-08
0.0330398 3.09534e-08
0.0331297 3.09747e-08
0.0332196 3.09944e-08
0.0333095 3.1009e-08
0.0333994 3.103e-08
0.0334893 3.10461e-08
0.0335792 3.107e-08
0.0336691 3.10894e-08
0.033759 3.10972e-08
0.0338489 3.1112e-08
0.0339388 3.11243e-08
0.0340288 3.11377e-08
0.0341187 3.1154e-08
0.0342086 3.11706e-08
0.0342985 3.11855e-08
0.0343884 3.11978e-08
0.0344783 3.12083e-08
0.0345682 3.12118e-08
0.0346581 3.12228e-08
0.034748 3.12246e-08
0.0348379 3.12229e-08
0.0349278 3.12205e-08
0.0350177 3.12167e-08
0.0351076 3.12221e-08
0.0351975 3.12219e-08
0.0352874 3.12387e-08
0.0353773 3.12499e-08
0.0354672 3.12589e-08
0.0355571 3.12683e-08
0.035647 3.12682e-08
0.0357369 3.12679e-08
0.0358268 3.127e-08
0.0359167 3.12729e-08
0.0360066 3.12755e-08
0.0360965 3.12818e-08
0.0361865 3.12757e-08
0.0362764 3.12761e-08
0.0363663 3.12841e-08
0.0364562 3.12865e-08
0.0365461 3.1287e-08
0.036636 3.12858e-08
0.0367259 3.12779e-08
0.0368158 3.12654e-08
0.0369057 3.12622e-08
0.0369956 3.12578e-08
0.0370855 3.12485e-08
0.0371754 3.12377e-08
0.0372653 3.12241e-08
0.0373552 3.12104e-08
0.0374451 3.11943e-08
0.037535 3.11824e-08
0.0376249 3.11716e-08
0.0377148 3.11588e-08
0.0378047 3.11461e-08
0.0378946 3.11252e-08
0.0379845 3.11008e-08
0.0380744 3.10672e-08
0.0381643 3.10249e-08
0.0382542 3.09711e-08
0.0383441 3.09143e-08
0.0384341 3.08537e-08
0.038524 3.07906e-08
0.0386139 3.07216e-08
0.0387038 3.06411e-08
0.0387937 3.05655e-08
0.0388836 3.04957e-08
0.0389735 3.04152e-08
0.0390634 3.03292e-08
0.0391533 3.02383e-08
0.0392432 3.01434e-08
0.0393331 3.00375e-08
0.039423 2.99356e-08
0.0395129 2.98187e-08
0.0396028 2.96978e-08
0.0396927 2.95611e-08
0.0397826 2.94227e-08
0.0398725 2.92912e-08
0.0399624 2.91615e-08
0.0400523 2.90215e-08
0.0401422 2.88835e-08
0.0402321 2.8725e-08
0.040322 2.85665e-08
0.0404119 2.84037e-08
0.0405018 2.82406e-08
0.0405918 2.80784e-08
0.0406817 2.7922e-08
0.0407716 2.77694e-08
0.0408615 2.76122e-08
0.0409514 2.74545e-08
0.0410413 2.72953e-08
0.0411312 2.7119e-08
0.0412211 2.69372e-08
0.041311 2.67537e-08
0.0414009 2.65776e-08
0.0414908 2.6403e-08
0.0415807 2.62208e-08
0.0416706 2.60416e-08
0.0417605 2.5862e-08
0.0418504 2.56837e-08
0.0419403 2.54974e-08
0.0420302 2.53143e-08
0.0421201 2.51218e-08
0.04221 2.49362e-08
0.0422999 2.47573e-08
0.0423898 2.45883e-08
0.0424797 2.44295e-08
0.0425696 2.42682e-08
0.0426595 2.41003e-08
0.0427495 2.39311e-08
0.0428394 2.37579e-08
0.0429293 2.35925e-08
0.0430192 2.34367e-08
0.0431091 2.32678e-08
0.043199 2.31038e-08
0.0432889 2.29487e-08
0.0433788 2.28014e-08
0.0434687 2.26562e-08
0.0435586 2.25164e-08
0.0436485 2.23663e-08
0.0437384 2.22312e-08
0.0438283 2.21008e-08
0.0439182 2.19648e-08
0.0440081 2.18405e-08
0.044098 2.17183e-08
0.0441879 2.15962e-08
0.0442778 2.14697e-08
0.0443677 2.13506e-08
0.0444576 2.12521e-08
0.0445475 2.11523e-08
0.0446374 2.10683e-08
0.0447273 2.09779e-08
0.0448172 2.08858e-08
0.0449072 2.07997e-08
0.0449971 2.07167e-08
0.045087 2.06178e-08
0.0451769 2.05079e-08
0.0452668 2.03925e-08
0.0453567 2.0275e-08
0.0454466 2.01746e-08
0.0455365 2.00798e-08
0.0456264 1.99691e-08
0.0457163 1.98702e-08
0.0458062 1.9767e-08
0.0458961 1.9666e-08
0.045986 1.95554e-08
0.0460759 1.94513e-08
0.0461658 1.93329e-08
0.0462557 1.9199e-08
0.0463456 1.90715e-08
0.0464355 1.89317e-08
0.0465254 1.87976e-08
0.0466153 1.86443e-08
0.0467052 1.85068e-08
0.0467951 1.83669e-08
0.046885 1.82319e-08
0.0469749 1.81001e-08
0.0470649 1.79652e-08
0.0471548 1.78316e-08
0.0472447 1.76995e-08
0.0473346 1.75671e-08
0.0474245 1.74376e-08
0.0475144 1.73155e-08
0.0476043 1.71991e-08
0.0476942 1.70818e-08
0.0477841 1.69701e-08
0.047874 1.68432e-08
0.0479639 1.67154e-08
0.0480538 1.65799e-08
0.0481437 1.64531e-08
0.0482336 1.6338e-08
0.0483235 1.62341e-08
0.0484134 1.61308e-08
0.0485033 1.6035e-08
0.0485932 1.59337e-08
0.0486831 1.58412e-08
0.048773 1.57325e-08
0.0488629 1.56191e-08
0.0489528 1.55049e-08
0.0490427 1.5386e-08
0.0491326 1.52744e-08
0.0492226 1.51647e-08
0.0493125 1.50692e-08
0.0494024 1.49603e-08
0.0494923 1.48624e-08
0.0495822 1.47753e-08
0.0496721 1.46755e-08
0.049762 1.45692e-08
0.0498519 1.44378e-08
0.0499418 1.43037e-08
0.0500317 1.41606e-08
0.0501216 1.4017e-08
0.0502115 1.3859e-08
0.0503014 1.369e-08
0.0503913 1.35198e-08
0.0504812 1.33501e-08
0.0505711 1.31822e-08
0.050661 1.30054e-08
0.0507509 1.28044e-08
0.0508408 1.25949e-08
0.0509307 1.2385e-08
0.0510206 1.21609e-08
0.0511105 1.1945e-08
0.0512004 1.17104e-08
0.0512903 1.1476e-08
0.0513803 1.12365e-08
0.0514702 1.10009e-08
0.0515601 1.07547e-08
0.05165 1.05055e-08
0.0517399 1.02298e-08
0.0518298 9.94738e-09
0.0519197 9.67823e-09
0.0520096 9.41614e-09
0.0520995 9.14421e-09
0.0521894 8.86814e-09
0.0522793 8.61143e-09
0.0523692 8.3387e-09
0.0524591 8.05789e-09
0.052549 7.77042e-09
0.0526389 7.48094e-09
0.0527288 7.19533e-09
0.0528187 6.90452e-09
0.0529086 6.63596e-09
0.0529985 6.35162e-09
0.0530884 6.0714e-09
0.0531783 5.79552e-09
0.0532682 5.51512e-09
0.0533581 5.22452e-09
0.053448 4.93853e-09
0.053538 4.64928e-09
0.0536279 4.3848e-09
0.0537178 4.109e-09
0.0538077 3.84468e-09
0.0538976 3.57339e-09
0.0539875 3.28356e-09
0.0540774 3.007e-09
0.0541673 2.71618e-09
0.0542572 2.43731e-09
0.0543471 2.1554e-09
0.054437 1.87626e-09
0.0545269 1.59328e-09
0.0546168 1.30784e-09
0.0547067 1.01357e-09
0.0547966 7.12218e-10
0.0548865 4.10158e-10
0.0549764 1.11202e-10
0.0550663 -1.97879e-10
0.0551562 -5.16672e-10
0.0552461 -8.12811e-10
0.055336 -1.09027e-09
0.0554259 -1.35292e-09
0.0555158 -1.59867e-09
0.0556057 -1.88366e-09
0.0556956 -2.17429e-09
0.0557856 -2.46105e-09
0.0558755 -2.72467e-09
0.0559654 -3.00587e-09
0.0560553 -3.25524e-09
0.0561452 -3.49521e-09
0.0562351 -3.75495e-09
0.056325 -3.99422e-09
0.0564149 -4.2201e-09
0.0565048 -4.43755e-09
0.0565947 -4.65685e-09
0.0566846 -4.88932e-09
0.0567745 -5.10506e-09
0.0568644 -5.32594e-09
0.0569543 -5.55236e-09
0.0570442 -5.77026e-09
0.0571341 -5.98173e-09
0.057224 -6.2066e-09
0.0573139 -6.42257e-09
0.0574038 -6.68641e-09
0.0574937 -6.9477e-09
0.0575836 -7.21622e-09
0.0576735 -7.46073e-09
0.0577634 -7.66853e-09
0.0578533 -7.89881e-09
0.0579433 -8.1213e-09
0.0580332 -8.34821e-09
0.0581231 -8.57034e-09
0.058213 -8.80475e-09
0.0583029 -9.03079e-09
0.0583928 -9.27642e-09
0.0584827 -9.52236e-09
0.0585726 -9.78119e-09
0.0586625 -1.00489e-08
0.0587524 -1.03707e-08
0.0588423 -1.06456e-08
0.0589322 -1.09598e-08
0.0590221 -1.13061e-08
0.059112 -1.1641e-08
0.0592019 -1.19925e-08
0.0592918 -1.23174e-08
0.0593817 -1.2676e-08
0.0594716 -1.30163e-08
0.0595615 -1.33608e-08
0.0596514 -1.37151e-08
0.0597413 -1.40689e-08
0.0598312 -1.44238e-08
0.0599211 -1.47954e-08
0.060011 -1.51635e-08
0.060101 -1.54987e-08
0.0601909 -1.58116e-08
0.0602808 -1.61316e-08
0.0603707 -1.64508e-08
0.0604606 -1.67729e-08
0.0605505 -1.70849e-08
0.0606404 -1.73754e-08
0.0607303 -1.76501e-08
0.0608202 -1.78915e-08
0.0609101 -1.81399e-08
0.061 -1.83911e-08
0.0610899 -1.86391e-08
0.0611798 -1.8893e-08
0.0612697 -1.91521e-08
0.0613596 -1.94129e-08
0.0614495 -1.96561e-08
0.0615394 -1.98726e-08
0.0616293 -2.01043e-08
0.0617192 -2.03242e-08
0.0618091 -2.05444e-08
0.061899 -2.07379e-08
0.0619889 -2.09351e-08
0.0620788 -2.11508e-08
0.0621687 -2.13579e-08
0.0622587 -2.15617e-08
0.0623486 -2.17772e-08
0.0624385 -2.19713e-08
0.0625284 -2.21423e-08
0.0626183 -2.23386e-08
0.0627082 -2.25653e-08
0.0627981 -2.27613e-08
0.062888 -2.29755e-08
0.0629779 -2.32457e-08
0.0630678 -2.35218e-08
0.0631577 -2.37924e-08
0.0632476 -2.40471e-08
0.0633375 -2.43103e-08
0.0634274 -2.45682e-08
0.0635173 -2.4855e-08
0.0636072 -2.5171e-08
0.0636971 -2.54629e-08
0.063787 -2.57841e-08
0.0638769 -2.60956e-08
0.0639668 -2.63825e-08
0.0640567 -2.66716e-08
0.0641466 -2.69463e-08
0.0642365 -2.72164e-08
0.0643264 -2.75039e-08
0.0644164 -2.77745e-08
0.0645063 -2.80105e-08
0.0645962 -2.82701e-08
0.0646861 -2.85333e-08
0.064776 -2.88159e-08
0.0648659 -2.90625e-08
0.0649558 -2.93196e-08
0.0650457 -2.95703e-08
0.0651356 -2.98256e-08
0.0652255 -3.00767e-08
0.0653154 -3.03627e-08
0.0654053 -3.06495e-08
0.0654952 -3.0913e-08
0.0655851 -3.12244e-08
0.065675 -3.15287e-08
0.0657649 -3.1823e-08
0.0658548 -3.20646e-08
0.0659447 -3.23307e-08
0.0660346 -3.26425e-08
0.0661245 -3.28966e-08
0.0662144 -3.31795e-08
0.0663043 -3.34404e-08
0.0663942 -3.37232e-08
0.0664841 -3.3976e-08
0.0665741 -3.42417e-08
0.066664 -3.44814e-08
0.0667539 -3.4728e-08
0.0668438 -3.49626e-08
0.0669337 -3.51867e-08
0.0670236 -3.53935e-08
0.0671135 -3.55829e-08
0.0672034 -3.57715e-08
0.0672933 -3.59153e-08
0.0673832 -3.60211e-08
0.0674731 -3.61537e-08
0.067563 -3.63271e-08
0.0676529 -3.64889e-08
0.0677428 -3.66058e-08
0.0678327 -3.67033e-08
0.0679226 -3.68253e-08
0.0680125 -3.69421e-08
0.0681024 -3.7023e-08
0.0681923 -3.71337e-08
0.0682822 -3.72691e-08
0.0683721 -3.73646e-08
0.068462 -3.74715e-08
0.0685519 -3.75584e-08
0.0686418 -3.76673e-08
0.0687318 -3.77784e-08
0.0688217 -3.79029e-08
0.0689116 -3.80156e-08
0.0690015 -3.81369e-08
0.0690914 -3.82307e-08
0.0691813 -3.83249e-08
0.0692712 -3.84666e-08
0.0693611 -3.85978e-08
0.069451 -3.87456e-08
0.0695409 -3.89368e-08
0.0696308 -3.91005e-08
0.0697207 -3.91916e-08
0.0698106 -3.93624e-08
0.0699005 -3.95849e-08
0.0699904 -3.97765e-08
0.0700803 -4.00145e-08
0.0701702 -4.02864e-08
0.0702601 -4.05682e-08
0.07035 -4.08709e-08
0.0704399 -4.11065e-08
0.0705298 -4.13318e-08
0.0706197 -4.1539e-08
0.0707096 -4.17423e-08
0.0707995 -4.19169e-08
0.0708895 -4.20339e-08
0.0709794 -4.21538e-08
0.0710693 -4.22929e-08
0.0711592 -4.2468e-08
0.0712491 -4.26775e-08
0.071339 -4.28668e-08
0.0714289 -4.29898e-08
0.0715188 -4.3147e-08
0.0716087 -4.33074e-08
0.0716986 -4.34513e-08
0.0717885 -4.36392e-08
0.0718784 -4.38291e-08
0.0719683 -4.40271e-08
0.0720582 -4.42277e-08
0.0721481 -4.44188e-08
0.072238 -4.46033e-08
0.0723279 -4.47398e-08
0.0724178 -4.48746e-08
0.0725077 -4.50111e-08
0.0725976 -4.51424e-08
0.0726875 -4.52709e-08
0.0727774 -4.53756e-08
0.0728673 -4.55091e-08
0.0729572 -4.56053e-08
0.0730472 -4.57003e-08
0.0731371 -4.57868e-08
0.073227 -4.58351e-08
0.0733169 -4.58714e-08
0.0734068 -4.58748e-08
0.0734967 -4.59623e-08
0.0735866 -4.60622e-08
0.0736765 -4.61644e-08
0.0737664 -4.62653e-08
0.0738563 -4.63841e-08
0.0739462 -4.6517e-08
0.0740361 -4.66275e-08
0.074126 -4.67568e-08
0.0742159 -4.69046e-08
0.0743058 -4.70337e-08
0.0743957 -4.72022e-08
0.0744856 -4.73784e-08
0.0745755 -4.75498e-08
0.0746654 -4.77595e-08
0.0747553 -4.79521e-08
0.0748452 -4.81744e-08
0.0749351 -4.83496e-08
0.075025 -4.85765e-08
0.0751149 -4.88562e-08
0.0752048 -4.91152e-08
0.0752948 -4.94013e-08
0.0753847 -4.97403e-08
0.0754746 -5.00869e-08
0.0755645 -5.0407e-08
0.0756544 -5.07436e-08
0.0757443 -5.10701e-08
0.0758342 -5.1422e-08
0.0759241 -5.17576e-08
0.076014 -5.20544e-08
0.0761039 -5.23044e-08
0.0761938 -5.25921e-08
0.0762837 -5.28533e-08
0.0763736 -5.31131e-08
0.0764635 -5.32903e-08
0.0765534 -5.34647e-08
0.0766433 -5.35697e-08
0.0767332 -5.367e-08
0.0768231 -5.37854e-08
0.076913 -5.394e-08
0.0770029 -5.40228e-08
0.0770928 -5.41176e-08
0.0771827 -5.41644e-08
0.0772726 -5.41744e-08
0.0773625 -5.41327e-08
0.0774525 -5.4148e-08
0.0775424 -5.41574e-08
0.0776323 -5.41532e-08
0.0777222 -5.41628e-08
0.0778121 -5.41914e-08
0.077902 -5.42512e-08
0.0779919 -5.43078e-08
0.0780818 -5.43756e-08
0.0781717 -5.44614e-08
0.0782616 -5.45272e-08
0.0783515 -5.46103e-08
0.0784414 -5.47493e-08
0.0785313 -5.48399e-08
0.0786212 -5.49062e-08
0.0787111 -5.49895e-08
0.078801 -5.51016e-08
0.0788909 -5.52403e-08
0.0789808 -5.53748e-08
0.0790707 -5.54982e-08
0.0791606 -5.56436e-08
0.0792505 -5.58953e-08
0.0793404 -5.6097e-08
0.0794303 -5.63432e-08
0.0795202 -5.65417e-08
0.0796102 -5.67953e-08
0.0797001 -5.70747e-08
0.07979 -5.73994e-08
0.0798799 -5.76376e-08
0.0799698 -5.78961e-08
0.0800597 -5.81041e-08
0.0801496 -5.82782e-08
0.0802395 -5.84209e-08
0.0803294 -5.85396e-08
0.0804193 -5.86719e-08
0.0805092 -5.88251e-08
0.0805991 -5.89395e-08
0.080689 -5.90926e-08
0.0807789 -5.92055e-08
0.0808688 -5.9306e-08
0.0809587 -5.93921e-08
0.0810486 -5.94373e-08
0.0811385 -5.9475e-08
0.0812284 -5.95745e-08
0.0813183 -5.95732e-08
0.0814082 -5.96451e-08
0.0814981 -5.96975e-08
0.081588 -5.98214e-08
0.0816779 -5.99317e-08
0.0817679 -6.00755e-08
0.0818578 -6.01427e-08
0.0819477 -6.01937e-08
0.0820376 -6.02237e-08
0.0821275 -6.02793e-08
0.0822174 -6.03994e-08
0.0823073 -6.05073e-08
0.0823972 -6.06325e-08
0.0824871 -6.06874e-08
0.082577 -6.07379e-08
0.0826669 -6.08076e-08
0.0827568 -6.08249e-08
0.0828467 -6.07685e-08
0.0829366 -6.07711e-08
0.0830265 -6.08082e-08
0.0831164 -6.08354e-08
0.0832063 -6.08484e-08
0.0832962 -6.08394e-08
0.0833861 -6.0907e-08
0.083476 -6.09953e-08
0.0835659 -6.1097e-08
0.0836558 -6.11033e-08
0.0837457 -6.11235e-08
0.0838356 -6.1149e-08
0.0839256 -6.11847e-08
0.0840155 -6.12048e-08
0.0841054 -6.12293e-08
0.0841953 -6.13066e-08
0.0842852 -6.13757e-08
0.0843751 -6.148e-08
0.084465 -6.15287e-08
0.0845549 -6.16493e-08
0.0846448 -6.17833e-08
0.0847347 -6.19224e-08
0.0848246 -6.20091e-08
0.0849145 -6.20923e-08
0.0850044 -6.21698e-08
0.0850943 -6.22499e-08
0.0851842 -6.2337e-08
0.0852741 -6.23985e-08
0.085364 -6.23972e-08
0.0854539 -6.23648e-08
0.0855438 -6.23821e-08
0.0856337 -6.24438e-08
0.0857236 -6.24828e-08
0.0858135 -6.25832e-08
0.0859034 -6.26734e-08
0.0859933 -6.27801e-08
0.0860833 -6.29536e-08
0.0861732 -6.30693e-08
0.0862631 -6.32497e-08
0.086353 -6.34073e-08
0.0864429 -6.35731e-08
0.0865328 -6.36851e-08
0.0866227 -6.37867e-08
0.0867126 -6.38274e-08
0.0868025 -6.39122e-08
0.0868924 -6.39835e-08
0.0869823 -6.40357e-08
0.0870722 -6.4096e-08
0.0871621 -6.40516e-08
0.087252 -6.40242e-08
0.0873419 -6.39299e-08
0.0874318 -6.39787e-08
0.0875217 -6.39584e-08
0.0876116 -6.40328e-08
0.0877015 -6.40231e-08
0.0877914 -6.40013e-08
0.0878813 -6.3974e-08
0.0879712 -6.39638e-08
0.0880611 -6.39765e-08
0.088151 -6.40072e-08
0.088241 -6.40391e-08
0.0883309 -6.40756e-08
0.0884208 -6.41526e-08
0.0885107 -6.42493e-08
0.0886006 -6.4431e-08
0.0886905 -6.46299e-08
0.0887804 -6.48377e-08
0.0888703 -6.51109e-08
0.0889602 -6.52964e-08
0.0890501 -6.55542e-08
0.08914 -6.57675e-08
0.0892299 -6.60397e-08
0.0893198 -6.63318e-08
0.0894097 -6.65795e-08
0.0894996 -6.67033e-08
0.0895895 -6.6833e-08
0.0896794 -6.68889e-08
0.0897693 -6.68952e-08
0.0898592 -6.6855e-08
0.0899491 -6.67738e-08
0.090039 -6.68108e-08
0.0901289 -6.68023e-08
0.0902188 -6.66889e-08
0.0903087 -6.66753e-08
0.0903987 -6.66709e-08
0.0904886 -6.6706e-08
0.0905785 -6.67043e-08
0.0906684 -6.66824e-08
0.0907583 -6.6687e-08
0.0908482 -6.67239e-08
0.0909381 -6.67869e-08
0.091028 -6.69184e-08
0.0911179 -6.69168e-08
0.0912078 -6.68978e-08
0.0912977 -6.69093e-08
0.0913876 -6.68969e-08
0.0914775 -6.68473e-08
0.0915674 -6.68446e-08
0.0916573 -6.68748e-08
0.0917472 -6.68388e-08
0.0918371 -6.68505e-08
0.091927 -6.69865e-08
0.0920169 -6.70037e-08
0.0921068 -6.70024e-08
0.0921967 -6.70823e-08
0.0922866 -6.72322e-08
0.0923765 -6.74052e-08
0.0924664 -6.7637e-08
0.0925564 -6.78974e-08
0.0926463 -6.80905e-08
0.0927362 -6.82934e-08
0.0928261 -6.84697e-08
0.092916 -6.85753e-08
0.0930059 -6.85856e-08
0.0930958 -6.87473e-08
0.0931857 -6.88001e-08
0.0932756 -6.88349e-08
0.0933655 -6.89242e-08
0.0934554 -6.89526e-08
0.0935453 -6.88817e-08
0.0936352 -6.88035e-08
0.0937251 -6.87544e-08
0.093815 -6.86573e-08
0.0939049 -6.86389e-08
0.0939948 -6.87279e-08
0.0940847 -6.88589e-08
0.0941746 -6.88187e-08
0.0942645 -6.89359e-08
0.0943544 -6.90203e-08
0.0944443 -6.91909e-08
0.0945342 -6.9279e-08
0.0946241 -6.94698e-08
0.094714 -6.96855e-08
0.094804 -6.98084e-08
0.0948939 -7.00004e-08
0.0949838 -7.0152e-08
0.0950737 -7.00856e-08
0.0951636 -7.01632e-08
0.0952535 -7.02564e-08
0.0953434 -7.03536e-08
0.0954333 -7.03618e-08
0.0955232 -7.03761e-08
0.0956131 -7.04139e-08
0.095703 -7.04718e-08
0.0957929 -7.05481e-08
0.0958828 -7.06342e-08
0.0959727 -7.08652e-08
0.0960626 -7.10676e-08
0.0961525 -7.12784e-08
0.0962424 -7.14174e-08
0.0963323 -7.15809e-08
0.0964222 -7.17274e-08
0.0965121 -7.19455e-08
0.096602 -7.22175e-08
0.0966919 -7.24479e-08
0.0967818 -7.26977e-08
0.0968717 -7.28766e-08
0.0969617 -7.29318e-08
0.0970516 -7.29853e-08
0.0971415 -7.2961e-08
0.0972314 -7.30055e-08
0.0973213 -7.30801e-08
0.0974112 -7.30325e-08
0.0975011 -7.29316e-08
0.097591 -7.27216e-08
0.0976809 -7.26641e-08
0.0977708 -7.25336e-08
0.0978607 -7.23669e-08
0.0979506 -7.23727e-08
0.0980405 -7.23322e-08
0.0981304 -7.23287e-08
0.0982203 -7.24441e-08
0.0983102 -7.25233e-08
0.0984001 -7.26817e-08
0.09849 -7.29459e-08
0.0985799 -7.31869e-08
0.0986698 -7.33828e-08
0.0987597 -7.35721e-08
0.0988496 -7.38126e-08
0.0989395 -7.40338e-08
0.0990294 -7.41719e-08
0.0991194 -7.42216e-08
0.0992093 -7.42668e-08
0.0992992 -7.4271e-08
0.0993891 -7.4218e-08
0.099479 -7.41831e-08
0.0995689 -7.41117e-08
0.0996588 -7.41512e-08
0.0997487 -7.41956e-08
0.0998386 -7.43005e-08
0.0999285 -7.43818e-08
0.100018 -7.45097e-08
0.100108 -7.47898e-08
0.100198 -7.49823e-08
0.100288 -7.51557e-08
0.100378 -7.55158e-08
0.100468 -7.5806e-08
0.100558 -7.61603e-08
0.100648 -7.64452e-08
0.100738 -7.67583e-08
0.100828 -7.68641e-08
0.100917 -7.69693e-08
0.101007 -7.70496e-08
0.101097 -7.71107e-08
0.101187 -7.70953e-08
0.101277 -7.70698e-08
0.101367 -7.69978e-08
0.101457 -7.69711e-08
0.101547 -7.69026e-08
0.101637 -7.67031e-08
0.101727 -7.65729e-08
0.101816 -7.65351e-08
0.101906 -7.64721e-08
0.101996 -7.63544e-08
0.102086 -7.6214e-08
0.102176 -7.60649e-08
0.102266 -7.5904e-08
0.102356 -7.59046e-08
0.102446 -7.58024e-08
0.102536 -7.56196e-08
0.102626 -7.53883e-08
0.102716 -7.52993e-08
0.102805 -7.52228e-08
0.102895 -7.51241e-08
0.102985 -7.49524e-08
0.103075 -7.47931e-08
0.103165 -7.46174e-08
0.103255 -7.45567e-08
0.103345 -7.46411e-08
0.103435 -7.46233e-08
0.103525 -7.45913e-08
0.103615 -7.45561e-08
0.103704 -7.46135e-08
0.103794 -7.45589e-08
0.103884 -7.44971e-08
0.103974 -7.46208e-08
0.104064 -7.45409e-08
0.104154 -7.46682e-08
0.104244 -7.47182e-08
0.104334 -7.46369e-08
0.104424 -7.46021e-08
0.104514 -7.46209e-08
0.104604 -7.46505e-08
0.104693 -7.46889e-08
0.104783 -7.48446e-08
0.104873 -7.48464e-08
0.104963 -7.47008e-08
0.105053 -7.45557e-08
0.105143 -7.46469e-08
0.105233 -7.45708e-08
0.105323 -7.44206e-08
0.105413 -7.43704e-08
0.105503 -7.43559e-08
0.105592 -7.41831e-08
0.105682 -7.42043e-08
0.105772 -7.40704e-08
0.105862 -7.37825e-08
0.105952 -7.35653e-08
0.106042 -7.33147e-08
0.106132 -7.30579e-08
0.106222 -7.27796e-08
0.106312 -7.26716e-08
0.106402 -7.26008e-08
0.106491 -7.25293e-08
0.106581 -7.23483e-08
0.106671 -7.22247e-08
0.106761 -7.19411e-08
0.106851 -7.1886e-08
0.106941 -7.17868e-08
0.107031 -7.19233e-08
0.107121 -7.20332e-08
0.107211 -7.26179e-08
0.107301 -7.30424e-08
0.107391 -7.34754e-08
0.10748 -7.36322e-08
0.10757 -7.36029e-08
0.10766 -7.37542e-08
0.10775 -7.41166e-08
0.10784 -7.43583e-08
0.10793 -7.4602e-08
0.10802 -7.46591e-08
0.10811 -7.45599e-08
0.1082 -7.45379e-08
0.10829 -7.39796e-08
0.108379 -7.35403e-08
0.108469 -7.32849e-08
0.108559 -7.31312e-08
0.108649 -7.32119e-08
0.108739 -7.32698e-08
0.108829 -7.31373e-08
0.108919 -7.3011e-08
0.109009 -7.29314e-08
0.109099 -7.28147e-08
0.109189 -7.25075e-08
0.109279 -7.22557e-08
0.109368 -7.20974e-08
0.109458 -7.16866e-08
0.109548 -7.15335e-08
0.109638 -7.08703e-08
0.109728 -7.03858e-08
0.109818 -6.98886e-08
0.109908 -6.93573e-08
0.109998 -6.90343e-08
0.110088 -6.89443e-08
0.110178 -6.91757e-08
0.110267 -6.96977e-08
0.110357 -7.0105e-08
0.110447 -7.07002e-08
0.110537 -7.10241e-08
0.110627 -7.13938e-08
0.110717 -7.18078e-08
0.110807 -7.22245e-08
0.110897 -7.27494e-08
0.110987 -7.3296e-08
0.111077 -7.3381e-08
0.111167 -7.34665e-08
0.111256 -7.34143e-08
0.111346 -7.2829e-08
0.111436 -7.22549e-08
0.111526 -7.18174e-08
0.111616 -7.16979e-08
0.111706 -7.1333e-08
0.111796 -7.11592e-08
0.111886 -7.08467e-08
0.111976 -7.06127e-08
0.112066 -7.0467e-08
0.112155 -7.02518e-08
0.112245 -6.99544e-08
0.112335 -6.97747e-08
0.112425 -6.95536e-08
0.112515 -6.93752e-08
0.112605 -6.90027e-08
0.112695 -6.85256e-08
0.112785 -6.84972e-08
0.112875 -6.83396e-08
0.112965 -6.79034e-08
0.113054 -6.74616e-08
0.113144 -6.68946e-08
0.113234 -6.66451e-08
0.113324 -6.65726e-08
0.113414 -6.65322e-08
0.113504 -6.69072e-08
0.113594 -6.69274e-08
0.113684 -6.71951e-08
0.113774 -6.75699e-08
0.113864 -6.78236e-08
0.113954 -6.81819e-08
0.114043 -6.87262e-08
0.114133 -6.90271e-08
0.114223 -6.94578e-08
0.114313 -6.94881e-08
0.114403 -6.95977e-08
0.114493 -6.93963e-08
0.114583 -6.89489e-08
0.114673 -6.88645e-08
0.114763 -6.8523e-08
0.114853 -6.81963e-08
0.114942 -6.78107e-08
0.115032 -6.71235e-08
0.115122 -6.66604e-08
0.115212 -6.62049e-08
0.115302 -6.5952e-08
0.115392 -6.58456e-08
0.115482 -6.56364e-08
0.115572 -6.55511e-08
0.115662 -6.53812e-08
0.115752 -6.49696e-08
0.115842 -6.44766e-08
0.115931 -6.43746e-08
0.116021 -6.42119e-08
0.116111 -6.37741e-08
0.116201 -6.34243e-08
0.116291 -6.31826e-08
0.116381 -6.27965e-08
0.116471 -6.21492e-08
0.116561 -6.15076e-08
0.116651 -6.08929e-08
0.116741 -6.04783e-08
0.11683 -6.02553e-08
0.11692 -5.99036e-08
0.11701 -5.94305e-08
0.1171 -5.95328e-08
0.11719 -5.95481e-08
0.11728 -5.97074e-08
0.11737 -5.96992e-08
0.11746 -6.00647e-08
0.11755 -6.03397e-08
0.11764 -6.10118e-08
0.11773 -6.14327e-08
0.117819 -6.15883e-08
0.117909 -6.17997e-08
0.117999 -6.21461e-08
0.118089 -6.20961e-08
0.118179 -6.19938e-08
0.118269 -6.18858e-08
0.118359 -6.16641e-08
0.118449 -6.14804e-08
0.118539 -6.10001e-08
0.118629 -6.03644e-08
0.118718 -5.97609e-08
0.118808 -5.9179e-08
0.118898 -5.84514e-08
0.118988 -5.76787e-08
0.119078 -5.67546e-08
0.119168 -5.60727e-08
0.119258 -5.55238e-08
0.119348 -5.4948e-08
0.119438 -5.4475e-08
0.119528 -5.41514e-08
0.119617 -5.38637e-08
0.119707 -5.36892e-08
0.119797 -5.36747e-08
0.119887 -5.37514e-08
0.119977 -5.39647e-08
0.120067 -5.43256e-08
0.120157 -5.41439e-08
0.120247 -5.4156e-08
0.120337 -5.44586e-08
0.120427 -5.47487e-08
0.120517 -5.49646e-08
0.120606 -5.51179e-08
0.120696 -5.54343e-08
0.120786 -5.56209e-08
0.120876 -5.55393e-08
0.120966 -5.5594e-08
0.121056 -5.53475e-08
0.121146 -5.49828e-08
0.121236 -5.48116e-08
0.121326 -5.45551e-08
0.121416 -5.42921e-08
0.121505 -5.38538e-08
0.121595 -5.33982e-08
0.121685 -5.29488e-08
0.121775 -5.25354e-08
0.121865 -5.19907e-08
0.121955 -5.15873e-08
0.122045 -5.11493e-08
0.122135 -5.08902e-08
0.122225 -5.08663e-08
0.122315 -5.06938e-08
0.122405 -5.05394e-08
0.122494 -4.99864e-08
0.122584 -4.99149e-08
0.122674 -4.97634e-08
0.122764 -4.95821e-08
0.122854 -4.93909e-08
0.122944 -4.93278e-08
0.123034 -4.89484e-08
0.123124 -4.87736e-08
0.123214 -4.82938e-08
0.123304 -4.75469e-08
0.123393 -4.69565e-08
0.123483 -4.65235e-08
0.123573 -4.62658e-08
0.123663 -4.58123e-08
0.123753 -4.53467e-08
0.123843 -4.51384e-08
0.123933 -4.48804e-08
0.124023 -4.46719e-08
0.124113 -4.4346e-08
0.124203 -4.40131e-08
0.124293 -4.39916e-08
0.124382 -4.39643e-08
0.124472 -4.3841e-08
0.124562 -4.38714e-08
0.124652 -4.37107e-08
0.124742 -4.36356e-08
0.124832 -4.34374e-08
0.124922 -4.34584e-08
0.125012 -4.28479e-08
0.125102 -4.23524e-08
0.125192 -4.18556e-08
0.125281 -4.13002e-08
0.125371 -4.08108e-08
0.125461 -4.06885e-08
0.125551 -4.02306e-08
0.125641 -3.96937e-08
0.125731 -3.9052e-08
0.125821 -3.86714e-08
0.125911 -3.82887e-08
0.126001 -3.79833e-08
0.126091 -3.77399e-08
0.126181 -3.76904e-08
0.12627 -3.78004e-08
0.12636 -3.76671e-08
0.12645 -3.74052e-08
0.12654 -3.71767e-08
0.12663 -3.69658e-08
0.12672 -3.71403e-08
0.12681 -3.71387e-08
0.1269 -3.70832e-08
0.12699 -3.71811e-08
0.12708 -3.73474e-08
0.127169 -3.72818e-08
0.127259 -3.70638e-08
0.127349 -3.68684e-08
0.127439 -3.69922e-08
0.127529 -3.7335e-08
0.127619 -3.75616e-08
0.127709 -3.75723e-08
0.127799 -3.75934e-08
0.127889 -3.77322e-08
0.127979 -3.78473e-08
0.128068 -3.78925e-08
0.128158 -3.80098e-08
0.128248 -3.83527e-08
0.128338 -3.8332e-08
0.128428 -3.81278e-08
0.128518 -3.78639e-08
0.128608 -3.7873e-08
0.128698 -3.75132e-08
0.128788 -3.71558e-08
0.128878 -3.64705e-08
0.128968 -3.58785e-08
0.129057 -3.54046e-08
0.129147 -3.48452e-08
0.129237 -3.41064e-08
0.129327 -3.34091e-08
0.129417 -3.3543e-08
0.129507 -3.36125e-08
0.129597 -3.37254e-08
0.129687 -3.37492e-08
0.129777 -3.39441e-08
0.129867 -3.41807e-08
0.129956 -3.4643e-08
0.130046 -3.51194e-08
0.130136 -3.55176e-08
0.130226 -3.61102e-08
0.130316 -3.69325e-08
0.130406 -3.72228e-08
0.130496 -3.72792e-08
0.130586 -3.70651e-08
0.130676 -3.72954e-08
0.130766 -3.74598e-08
0.130856 -3.71913e-08
0.130945 -3.72095e-08
0.131035 -3.68059e-08
0.131125 -3.63892e-08
0.131215 -3.5968e-08
0.131305 -3.56245e-08
0.131395 -3.53478e-08
0.131485 -3.4995e-08
0.131575 -3.44579e-08
0.131665 -3.42206e-08
0.131755 -3.4059e-08
0.131844 -3.3716e-08
0.131934 -3.31892e-08
0.132024 -3.26171e-08
0.132114 -3.2442e-08
0.132204 -3.25732e-08
0.132294 -3.22163e-08
0.132384 -3.21553e-08
0.132474 -3.10545e-08
0.132564 -3.06815e-08
0.132654 -2.96704e-08
0.132744 -2.90252e-08
0.132833 -2.81761e-08
0.132923 -2.74694e-08
0.133013 -2.66137e-08
0.133103 -2.60163e-08
0.133193 -2.56286e-08
0.133283 -2.46173e-08
0.133373 -2.34798e-08
0.133463 -2.31518e-08
0.133553 -2.33353e-08
0.133643 -2.31878e-08
0.133732 -2.31468e-08
0.133822 -2.34536e-08
0.133912 -2.36303e-08
0.134002 -2.38058e-08
0.134092 -2.3925e-08
0.134182 -2.38978e-08
0.134272 -2.37011e-08
0.134362 -2.36389e-08
0.134452 -2.43476e-08
0.134542 -2.50685e-08
0.134631 -2.54569e-08
0.134721 -2.68085e-08
0.134811 -2.78998e-08
